0.221510019930214,0.00627863873297351,0.0102015695749675,-0.0121521378830131,-0.0023621223813484,0.00808734255502826,0.0105461439261478,0.025718418475326,0.0111403167168948,0.000715073445723466,0.00240833687743361,-0.000942474473188082,-0.00194474640927764,0.000869963631325972
0.00627863873297351,0.0242554078716814,0.00794752500149187,0.00187746603092108,-0.000339725361355116,0.0012181980440194,0.00251915112760089,0.0174918871775564,0.000781460997336421,0.00256698585384991,0.00492298722511058,0.00158294863197505,0.000410101789395494,8.82836449608369e-05
0.0102015695749675,0.00794752500149187,0.031253243471831,0.000999795076648603,-0.00344186595942274,0.000136898378286623,0.00477653233247011,0.0106182542168563,0.0230565385709229,0.00362157289956799,0.002582014743323,0.00142329103574596,-0.00518190505824632,0.000167542448415011
-0.0121521378830131,0.00187746603092108,0.000999795076648603,0.0515220807890787,0.014513533642764,0.00351176840006856,0.00276952867812813,0.00745096549772184,0.0134758510101424,0.00234197865797678,0.00826641876204228,0.00266197209866983,-0.00340680332093326,-0.000115429324204456
-0.0023621223813484,-0.000339725361355116,-0.00344186595942274,0.014513533642764,0.0861436444941338,0.0320062301050299,0.0076521473116202,0.0389865074768146,0.0350041902085673,0.00285219256973,0.049285759023092,-0.001966183966134,0.00360471615521067,0.000591807024414836
0.00808734255502826,0.0012181980440194,0.000136898378286623,0.00351176840006856,0.0320062301050299,0.0624129252486734,0.010154617653614,0.0489007662886842,0.0212428572998087,0.00425833254652789,0.000847739629528632,-0.00244045440114871,0.000492724790240248,0.000439602820436449
0.0105461439261478,0.00251915112760089,0.00477653233247011,0.00276952867812813,0.0076521473116202,0.010154617653614,0.0144022972162645,0.0241143139010255,0.012296222012137,0.00270508351692599,0.00335413242195219,-0.00165391656723647,0.00051287163735851,0.000219433191532798
0.025718418475326,0.0174918871775564,0.0106182542168563,0.00745096549772184,0.0389865074768146,0.0489007662886842,0.0241143139010255,0.237919095396126,0.0830588175176546,0.0108123005469824,-0.00261236345861646,-0.00249143936317094,-0.000539780875131604,0.00179581725785589
0.0111403167168948,0.000781460997336421,0.0230565385709229,0.0134758510101424,0.0350041902085673,0.0212428572998087,0.012296222012137,0.0830588175176546,0.226288330944033,0.0169700511325588,0.0521256848279123,0.00887555965077011,0.0034401100148505,0.00113672602348354
0.000715073445723466,0.00256698585384991,0.00362157289956799,0.00234197865797678,0.00285219256973,0.00425833254652789,0.00270508351692599,0.0108123005469824,0.0169700511325588,0.00291514835957301,0.00194806756973956,0.000199820267731589,-0.000342844210449812,6.50801971466513e-05
0.00240833687743361,0.00492298722511058,0.002582014743323,0.00826641876204229,0.049285759023092,0.000847739629528632,0.00335413242195219,-0.00261236345861646,0.0521256848279123,0.00194806756973956,0.27035498880055,-0.00733982056305746,0.0246162848032809,0.000184749498484667
-0.000942474473188082,0.00158294863197505,0.00142329103574596,0.00266197209866983,-0.001966183966134,-0.00244045440114871,-0.00165391656723647,-0.00249143936317094,0.00887555965077011,0.000199820267731589,-0.00733982056305745,0.0233735771922484,-0.00350821523553371,0.000128880879828627
-0.00194474640927764,0.000410101789395494,-0.00518190505824632,-0.00340680332093326,0.00360471615521067,0.000492724790240248,0.00051287163735851,-0.000539780875131604,0.0034401100148505,-0.000342844210449812,0.0246162848032809,-0.00350821523553371,0.0117079070001086,-0.000173759769670064
0.000869963631325972,8.82836449608369e-05,0.000167542448415011,-0.000115429324204456,0.000591807024414836,0.000439602820436449,0.000219433191532798,0.00179581725785589,0.00113672602348354,6.50801971466512e-05,0.000184749498484667,0.000128880879828627,-0.000173759769670064,0.000151659862799269
