0.0466538855310798,0.0117242887477125,0.0163546228410139,0.00303898970414086,-0.00721430344196048,-0.00203798328593402,-0.000905307781338622,-0.00406109114407025,0.0068512277498642,0.00604447774198177,0.00940284337718165,0.0087415910159734,0.00487604709477209,0.0093776864072221,0.0102872840529538,-0.00571255163027733,-0.00630138358307387,-0.0270817399221305,-0.000648727009595828,0.00402621679312792,0.0144433184909719,-0.000381372842609484
0.0117242887477125,0.0202466297233698,0.00225801660026944,0.00531769539449941,-0.00189419564256334,0.00147293743762157,0.00111518151341226,-8.04889862166656e-05,-0.000883313387822078,0.000648655091421577,0.000659356014259783,-0.00013476807851679,1.50842387844527e-05,0.000602930898813539,0.0059159449341216,-0.000896585640300027,0.00976409590736779,-0.00649424177695304,-0.00101974973668315,-0.00603932191148772,-0.00566605775227214,-0.000471342724278847
0.0163546228410139,0.00225801660026944,0.0265277132156552,0.00243212330925663,-0.00380631714007742,-0.00472043585430714,-0.00506371696384089,-0.00551587551522234,-0.00979939273831461,-0.00621114184379917,-0.0110013889166204,-0.00751013235734387,-0.00892386661610522,-0.0110198870258015,0.0065478990379703,0.0137919513426134,-0.0258610679993023,-0.0148207198212813,-0.0134758433972794,-0.00403696175885154,0.00449194656471575,-0.0132731858830745
0.00303898970414086,0.00531769539449941,0.00243212330925663,0.026410310743236,0.0108662165952948,0.00893091284779139,0.0126559880557239,0.00939975722549349,0.0124087464255542,0.0141353388378946,0.0168445062763113,0.0131582576284259,0.00590531675792758,0.0167662869279155,0.0252089563262469,-0.0189877172916237,0.0183286680745864,-0.0108069154173595,0.0108090992086098,0.00306800477508273,0.00655199902464045,0.011777567169554
-0.00721430344196048,-0.00189419564256334,-0.00380631714007742,0.0108662165952948,0.00779324675088877,0.00518413589874575,0.00765798088657862,0.00701627299799951,0.00733800049768756,0.00711804391704656,0.00841683623142704,0.00693879774582795,0.00443574534885688,0.00841753463787754,0.00749664510870274,-0.00960773842884866,0.0107112922501812,0.00378103691706915,0.00906149796321292,-0.000339558520725217,0.00350390477559171,0.00958014983097988
-0.00203798328593402,0.00147293743762157,-0.00472043585430714,0.00893091284779139,0.00518413589874575,0.00465579422576951,0.006085737669503,0.0054556411461385,0.00754163047558031,0.00695873040494437,0.0092123112315023,0.00671774903433815,0.00525890373533378,0.00919731731993056,0.0070438160452675,-0.0100072109432389,0.011261462635344,-0.00152846018271539,0.00672997850262043,-7.44917214339307e-05,0.000600333606423764,0.00705406760224657
-0.000905307781338622,0.00111518151341226,-0.00506371696384089,0.0126559880557239,0.00765798088657862,0.006085737669503,0.0091388018415661,0.00763260231943945,0.0107514553327549,0.00999836592254892,0.0127968963764189,0.0105292722169382,0.0070289280517348,0.0127902579968369,0.00978208599527568,-0.0140131969570547,0.0160293451945588,0.00133659861529579,0.0122844720678893,0.00155233395134123,0.00607655612576193,0.0128992395917445
-0.00406109114407025,-8.04889862166656e-05,-0.00551587551522234,0.00939975722549349,0.00701627299799951,0.0054556411461385,0.00763260231943945,0.00796712290730323,0.0103635529303339,0.00892516348093208,0.0116257696452431,0.00919691323633398,0.00739941279701362,0.011641810448209,0.00600095018278624,-0.01097133933135,0.0132636628914379,0.00196685195895342,0.00890998291484841,-0.00308983867110127,0.0036458339268413,0.00948591734399679
0.0068512277498642,-0.000883313387822078,-0.0097993927383146,0.0124087464255542,0.00733800049768756,0.00754163047558031,0.0107514553327549,0.0103635529303339,0.0221125423190176,0.0180832140816082,0.0259305653287124,0.0202050680177754,0.0162398799201096,0.0259520105779813,0.0103039640684065,-0.0232313134626941,0.0265280249435635,-0.00527007284703466,0.0158494777639237,0.0042564583000161,0.012372665330866,0.016324724728243
0.00604447774198177,0.000648655091421577,-0.00621114184379917,0.0141353388378946,0.00711804391704656,0.00695873040494437,0.00999836592254892,0.00892516348093208,0.0180832140816082,0.0156668726536106,0.0217956660468991,0.0170869231866054,0.0124943901278703,0.0217928679700487,0.0126659008211207,-0.020307820155967,0.0230314858603061,-0.00597842416659945,0.0134446728165471,0.00439600135140171,0.0107444968266492,0.0139731096403425
0.00940284337718165,0.000659356014259783,-0.0110013889166204,0.0168445062763113,0.00841683623142704,0.0092123112315023,0.0127968963764189,0.0116257696452431,0.0259305653287124,0.0217956660468991,0.0312556572181692,0.0239406253248814,0.0186634765031377,0.031254974679914,0.0152598998506162,-0.0287339095539494,0.0332237613072226,-0.00944811633415218,0.0181671781574213,0.00732059141011494,0.0137116155843411,0.0186634097373249
0.0087415910159734,-0.00013476807851679,-0.00751013235734387,0.0131582576284259,0.00693879774582795,0.00671774903433815,0.0105292722169382,0.00919691323633398,0.0202050680177754,0.0170869231866054,0.0239406253248814,0.0197849804388624,0.0138112365709869,0.0239556062181143,0.0117375293965292,-0.0220441762109426,0.0259352080811154,-0.0030801738964167,0.0167049247801747,0.00604234626272678,0.0158854216421391,0.0173602146779569
0.00487604709477209,1.50842387844527e-05,-0.00892386661610522,0.00590531675792758,0.00443574534885688,0.00525890373533378,0.0070289280517348,0.00739941279701362,0.0162398799201096,0.0124943901278703,0.0186634765031377,0.0138112365709869,0.0132684645894866,0.0186916656663638,0.00374278223392922,-0.0161048081623183,0.0192957432575112,-0.00369450099201892,0.0109978083229313,0.00181800529900164,0.00617010823156135,0.011142909987382
0.00937768640722209,0.000602930898813539,-0.0110198870258015,0.0167662869279155,0.00841753463787754,0.00919731731993056,0.0127902579968369,0.011641810448209,0.0259520105779813,0.0217928679700487,0.031254974679914,0.0239556062181143,0.0186916656663638,0.0312552098492527,0.0151560556261983,-0.0287011305390359,0.033206810745855,-0.00933756316869663,0.0181971829531105,0.00727733249197675,0.0137773672185327,0.0186947519699516
0.0102872840529538,0.0059159449341216,0.0065478990379703,0.0252089563262469,0.00749664510870274,0.0070438160452675,0.00978208599527568,0.00600095018278624,0.0103039640684065,0.0126659008211207,0.0152598998506162,0.0117375293965292,0.00374278223392922,0.0151560556261983,0.0271816213317032,-0.0171576317152887,0.0127949080436432,-0.0185540699811636,0.00602616673307601,0.00559501580730957,0.00662964651816749,0.006790581718505
-0.00571255163027733,-0.000896585640300027,0.0137919513426134,-0.0189877172916237,-0.00960773842884866,-0.0100072109432389,-0.0140131969570547,-0.01097133933135,-0.0232313134626941,-0.020307820155967,-0.0287339095539494,-0.0220441762109426,-0.0161048081623183,-0.0287011305390359,-0.0171576317152887,0.0301521211266822,-0.0338277840369682,0.00638548261177469,-0.0209698590513508,-0.010926431973975,-0.0109381516258717,-0.0214227178881515
-0.00630138358307387,0.00976409590736779,-0.0258610679993023,0.0183286680745864,0.0107112922501812,0.011261462635344,0.0160293451945588,0.0132636628914379,0.0265280249435635,0.0230314858603061,0.0332237613072226,0.0259352080811154,0.0192957432575112,0.033206810745855,0.0127949080436432,-0.0338277840369682,0.0670922170979132,0.012814936910811,0.0306651409626246,0.0160360370424763,0.0147574203781194,0.0313078270721829
-0.0270817399221305,-0.00649424177695304,-0.0148207198212813,-0.0108069154173595,0.00378103691706915,-0.00152846018271539,0.00133659861529579,0.00196685195895342,-0.00527007284703466,-0.00597842416659945,-0.00944811633415218,-0.0030801738964167,-0.00369450099201892,-0.00933756316869663,-0.0185540699811636,0.00638548261177469,0.012814936910811,0.044836614084775,0.0149115335554173,0.000439125155371455,0.00803024640372841,0.0154055238568451
-0.000648727009595828,-0.00101974973668315,-0.0134758433972794,0.0108090992086098,0.00906149796321292,0.00672997850262043,0.0122844720678893,0.00890998291484841,0.0158494777639237,0.0134446728165471,0.0181671781574213,0.0167049247801747,0.0109978083229313,0.0181971829531105,0.00602616673307601,-0.0209698590513508,0.0306651409626246,0.0149115335554173,0.0258779960404702,0.0108399364477729,0.0168372384167625,0.0265494451074706
0.00402621679312792,-0.00603932191148772,-0.00403696175885155,0.00306800477508273,-0.000339558520725217,-7.44917214339307e-05,0.00155233395134123,-0.00308983867110127,0.0042564583000161,0.00439600135140171,0.00732059141011494,0.00604234626272678,0.00181800529900164,0.00727733249197675,0.00559501580730957,-0.010926431973975,0.0160360370424763,0.000439125155371455,0.0108399364477729,0.0256984568068367,0.0116713709334917,0.0100584000641945
0.0144433184909719,-0.00566605775227214,0.00449194656471576,0.00655199902464045,0.00350390477559171,0.000600333606423764,0.00607655612576193,0.00364583392684131,0.012372665330866,0.0107444968266492,0.0137116155843411,0.0158854216421391,0.00617010823156135,0.0137773672185327,0.00662964651816749,-0.0109381516258717,0.0147574203781194,0.00803024640372841,0.0168372384167625,0.0116713709334917,0.0318139630925199,0.0176706221538029
-0.000381372842609484,-0.000471342724278847,-0.0132731858830745,0.011777567169554,0.00958014983097988,0.00705406760224657,0.0128992395917445,0.00948591734399679,0.016324724728243,0.0139731096403425,0.0186634097373249,0.0173602146779569,0.011142909987382,0.0186947519699516,0.006790581718505,-0.0214227178881515,0.0313078270721829,0.0154055238568451,0.0265494451074706,0.0100584000641945,0.0176706221538029,0.0273495204486754
