0.0289401262801507,0,0,0,0,0,0,0,0,0,0,0,0,0,0,0,0,0,0,0,0,0,0,0,0,0,0,0,0,0,0,0,0,0,0,0,0,0,0,0,0,0,0,0,0,0,0,0,0,0,0,0,0,0,0,0,0,0,0,0
0,6022.56221497042,-323.085594375939,406.589406451683,-616.996920826466,717.295648170087,0,0,-1434.42871064509,0,0,324.04184651249,0,0,-718.421138842497,0,0,1395.07954461209,-306.322543181551,0,0,0,158.713788908854,0,2843.55538725361,467.700581673692,0,890.237788365148,-659.668617818281,448.411942952263,434.275968067048,-1578.3849221867,0,-1648.12926746729,-1301.99266595386,0,0,0,789.511165788166,268.694037527182,0,0,-137.201963790113,0,0,0,0,101.433824573254,0,51.4021175148009,-258.415057796261,-494.500430701728,-968.952284060884,0,0,0,-523.865039014946,0,-1593.57074953298,0
0,-323.085594375939,6179.1396547267,-249.824872491625,309.128968832724,1059.87602853029,0,0,1939.83714851218,0,0,-1144.64083841124,0,0,-34.4785206214426,0,0,1971.77497596997,-807.163108450614,0,0,0,112.541766507671,0,151.614883865765,-2510.66025656253,0,-1586.66829645987,1388.7675020089,-6.99050161535224,1123.93205375964,-212.132491907046,0,126.718853648464,101.267266009973,0,0,0,-1430.37573922226,622.056197426139,0,0,94.032299296969,0,0,0,0,-1015.3088853934,0,-338.009756543679,-1027.2100789857,-332.485683090298,-255.567216624336,0,0,0,-721.660021029802,0,389.437383913806,0
0,406.589406451683,-249.824872491625,6691.82385146464,-332.212094520492,-668.917745200343,0,0,35.3320080668942,0,0,130.606303141401,0,0,-981.678882863433,0,0,-1490.97735758121,-190.226094320191,0,0,0,-896.419018381924,0,-3230.89302636769,-696.600004554712,0,-703.751192799963,-542.981047347408,1276.44184631223,-1126.38036992614,2206.52896174363,0,-573.614983822727,233.92886480463,0,0,0,29.1888172134732,-1050.60340287834,0,0,28.9936447573075,0,0,0,0,699.709813045789,0,1451.86144912068,-454.59885423885,63.7195029015332,1259.30472355111,0,0,0,438.830940832862,0,611.403990860826,0
0,-616.996920826465,309.128968832723,-332.212094520492,5689.00500309183,-230.858596153271,0,0,189.528426565235,0,0,-677.175789086342,0,0,1124.02240800349,0,0,-282.838098397513,763.602301603957,0,0,0,820.314744080467,0,2009.28246521733,-1272.16363885411,0,1648.10481467074,643.528339917174,-642.360275093136,152.979250683903,-734.904519347653,0,531.01497723093,-201.630436058092,0,0,0,17.5688546001126,-901.219227825231,0,0,-1978.1636157575,0,0,0,0,-34.0179395089475,0,-17.6256415217965,800.078277527833,300.156687972283,82.8375615965687,0,0,0,904.670558065243,0,-596.670320293981,0
0,717.295648170087,1059.87602853029,-668.917745200343,-230.858596153271,7668.11374635694,0,0,-217.418211982887,0,0,-1696.32761335482,0,0,911.392198316815,0,0,902.913996128706,2581.99359622084,0,0,0,257.969069894755,0,1419.24469935028,-1867.87371175985,0,490.010417807594,753.380266478554,-982.927274973441,1353.64979664719,-771.494982097544,0,2126.52508319557,235.009495218377,0,0,0,931.833562110938,642.406360726837,0,0,1052.82460419631,0,0,0,0,39.5841446536839,0,343.563932292078,-929.415662847957,386.756823262815,-1296.30857626542,0,0,0,-194.778378388565,0,-166.190830761346,0
0,0,0,0,0,0,0.0406985131429525,0,0,0,0,0,0,0,0,0,0,0,0,0,0,0,0,0,0,0,0,0,0,0,0,0,0,0,0,0,0,0,0,0,0,0,0,0,0,0,0,0,0,0,0,0,0,0,0,0,0,0,0,0
0,0,0,0,0,0,0,0.0485213233393965,0,0,0,0,0,0,0,0,0,0,0,0,0,0,0,0,0,0,0,0,0,0,0,0,0,0,0,0,0,0,0,0,0,0,0,0,0,0,0,0,0,0,0,0,0,0,0,0,0,0,0,0
0,-1434.42871064509,1939.83714851218,35.3320080668942,189.528426565235,-217.418211982887,0,0,11834.7401248071,0,0,919.221118696444,0,0,1024.73384598633,0,0,-1157.01927606923,-2539.82609644678,0,0,0,-1313.09800960268,0,-8.92442318376033,-1445.51912966343,0,-924.501517688014,-77.5030494195012,1976.19258743468,1311.9364880442,-395.11414556339,0,580.625224335825,-1172.9823293821,0,0,0,-1251.48948673855,228.97399915554,0,0,-451.859650547012,0,0,0,0,1039.00189427857,0,760.606070531019,-595.419743162379,-499.243064788189,1460.55000217971,0,0,0,2848.782269992,0,-163.278476662659,0
0,0,0,0,0,0,0,0,0,0.0378899967458849,0,0,0,0,0,0,0,0,0,0,0,0,0,0,0,0,0,0,0,0,0,0,0,0,0,0,0,0,0,0,0,0,0,0,0,0,0,0,0,0,0,0,0,0,0,0,0,0,0,0
0,0,0,0,0,0,0,0,0,0,0.0327056256637425,0,0,0,0,0,0,0,0,0,0,0,0,0,0,0,0,0,0,0,0,0,0,0,0,0,0,0,0,0,0,0,0,0,0,0,0,0,0,0,0,0,0,0,0,0,0,0,0,0
0,324.04184651249,-1144.64083841124,130.606303141401,-677.175789086342,-1696.32761335482,0,0,919.221118696444,0,0,13044.9746703104,0,0,27.2901709794606,0,0,-253.430904192883,-2348.49753079132,0,0,0,606.569452899295,0,76.9755307800135,3068.25658133891,0,1816.53718739844,808.834592296615,915.878287144636,-1285.71697684002,1202.67529786601,0,680.39006264593,1995.33543492869,0,0,0,-404.196241785987,-184.938927825087,0,0,2457.74210905546,0,0,0,0,1706.80831981404,0,-850.331138360912,-492.57716835072,215.19666229868,429.376746445676,0,0,0,815.879116122762,0,-1789.36267837894,0
0,0,0,0,0,0,0,0,0,0,0,0,0.0474689273299811,0,0,0,0,0,0,0,0,0,0,0,0,0,0,0,0,0,0,0,0,0,0,0,0,0,0,0,0,0,0,0,0,0,0,0,0,0,0,0,0,0,0,0,0,0,0,0
0,0,0,0,0,0,0,0,0,0,0,0,0,0.0248469679069065,0,0,0,0,0,0,0,0,0,0,0,0,0,0,0,0,0,0,0,0,0,0,0,0,0,0,0,0,0,0,0,0,0,0,0,0,0,0,0,0,0,0,0,0,0,0
0,-718.421138842497,-34.4785206214426,-981.678882863433,1124.02240800349,911.392198316815,0,0,1024.73384598633,0,0,27.2901709794606,0,0,10335.330345,0,0,2780.92821541431,1581.74043854703,0,0,0,755.729719205021,0,1000.11631041199,-300.292829464963,0,-1641.45161024299,323.665559819458,-2047.5980975254,-890.492562455419,678.709278264302,0,847.374733800661,2625.84275008367,0,0,0,944.835859550786,-2413.68188781477,0,0,-1097.64330563053,0,0,0,0,-1084.75030004079,0,-619.080550693116,436.117611133859,601.307910293866,2071.79765087939,0,0,0,919.078835576331,0,151.068755608091,0
0,0,0,0,0,0,0,0,0,0,0,0,0,0,0,0.0563605902879699,0,0,0,0,0,0,0,0,0,0,0,0,0,0,0,0,0,0,0,0,0,0,0,0,0,0,0,0,0,0,0,0,0,0,0,0,0,0,0,0,0,0,0,0
0,0,0,0,0,0,0,0,0,0,0,0,0,0,0,0,0.0713327336068396,0,0,0,0,0,0,0,0,0,0,0,0,0,0,0,0,0,0,0,0,0,0,0,0,0,0,0,0,0,0,0,0,0,0,0,0,0,0,0,0,0,0,0
0,1395.07954461209,1971.77497596997,-1490.97735758121,-282.838098397513,902.913996128706,0,0,-1157.01927606923,0,0,-253.430904192883,0,0,2780.92821541431,0,0,17427.3894191341,3553.04483827813,0,0,0,4470.45299951636,0,932.904374370876,96.930755164893,0,607.468872519939,-620.08926856063,-2961.4731097725,1677.045680057,-284.58692456334,0,-2038.1538181883,3978.96552102615,0,0,0,2475.53314404494,-214.335613072151,0,0,276.842437146276,0,0,0,0,-1035.32343254457,0,23.1922465409419,389.85229728257,-128.967819259959,-1355.85848927053,0,0,0,287.477755810363,0,-70.1273752965003,0
0,-306.322543181551,-807.163108450614,-190.226094320191,763.602301603957,2581.99359622084,0,0,-2539.82609644678,0,0,-2348.49753079131,0,0,1581.74043854704,0,0,3553.04483827813,16121.3071490827,0,0,0,2355.10337218674,0,-231.827436762316,-1110.94181175895,0,1442.6793341094,-603.762286490592,315.944975218291,1374.42135065999,4203.42827559754,0,1946.22584428066,1247.31916027142,0,0,0,-625.747891808008,1250.50561924606,0,0,390.322666839413,0,0,0,0,-2027.10357219441,0,141.565020733665,-1022.3799523306,-396.711539063358,525.962349958737,0,0,0,3746.55221144543,0,902.707327063617,0
0,0,0,0,0,0,0,0,0,0,0,0,0,0,0,0,0,0,0,0.0732202090558121,0,0,0,0,0,0,0,0,0,0,0,0,0,0,0,0,0,0,0,0,0,0,0,0,0,0,0,0,0,0,0,0,0,0,0,0,0,0,0,0
0,0,0,0,0,0,0,0,0,0,0,0,0,0,0,0,0,0,0,0,0.0806187277012794,0,0,0,0,0,0,0,0,0,0,0,0,0,0,0,0,0,0,0,0,0,0,0,0,0,0,0,0,0,0,0,0,0,0,0,0,0,0,0
0,0,0,0,0,0,0,0,0,0,0,0,0,0,0,0,0,0,0,0,0,0.0782238972763094,0,0,0,0,0,0,0,0,0,0,0,0,0,0,0,0,0,0,0,0,0,0,0,0,0,0,0,0,0,0,0,0,0,0,0,0,0,0
0,158.713788908854,112.541766507671,-896.419018381924,820.314744080467,257.969069894755,0,0,-1313.09800960268,0,0,606.569452899295,0,0,755.729719205022,0,0,4470.45299951636,2355.10337218674,0,0,0,17077.5184361416,0,2287.64502057831,546.073461709711,0,482.606901066451,-903.214013178861,1022.88658527868,-1183.75828883077,1557.95278916441,0,-304.319555698233,50.3003727723296,0,0,0,1389.69286515639,-1501.90857847964,0,0,219.758751880055,0,0,0,0,-1624.85463497326,0,1089.60577447015,315.491178443107,-101.494993902317,562.302251351283,0,0,0,936.853879746467,0,-1291.74618223954,0
0,0,0,0,0,0,0,0,0,0,0,0,0,0,0,0,0,0,0,0,0,0,0,0.0659765351831056,0,0,0,0,0,0,0,0,0,0,0,0,0,0,0,0,0,0,0,0,0,0,0,0,0,0,0,0,0,0,0,0,0,0,0,0
0,2843.55538725361,151.614883865765,-3230.89302636769,2009.28246521733,1419.24469935028,0,0,-8.92442318376033,0,0,76.9755307800135,0,0,1000.11631041199,0,0,932.904374370876,-231.827436762316,0,0,0,2287.64502057831,0,15879.4645615488,-1301.98256706689,0,-1105.64910940741,-831.198492328477,-219.368464997089,3250.72403689017,-2256.64120849329,0,924.478454711539,-3466.27259113778,0,0,0,1495.15133096561,1832.44870933989,0,0,-1208.63558607164,0,0,0,0,-1870.72016162428,0,-211.295719835895,1095.63521602941,-1381.49602798879,1037.44150115844,0,0,0,-7.02154342191323,0,-1085.52488756755,0
0,467.700581673692,-2510.66025656253,-696.600004554712,-1272.16363885411,-1867.87371175985,0,0,-1445.51912966343,0,0,3068.25658133891,0,0,-300.292829464963,0,0,96.930755164893,-1110.94181175895,0,0,0,546.073461709711,0,-1301.98256706689,17069.1143041687,0,3205.68235843623,1400.23148257827,424.894996707563,-2014.13350623169,920.222163663195,0,-1106.02385115619,-1148.12586049589,0,0,0,827.004132870909,1898.06662136595,0,0,1232.10750846828,0,0,0,0,2148.12052195235,0,-223.540338128001,1131.53137979957,784.233729101246,-733.864105952884,0,0,0,631.803643644356,0,812.955567563062,0
0,0,0,0,0,0,0,0,0,0,0,0,0,0,0,0,0,0,0,0,0,0,0,0,0,0,0.0690544306156522,0,0,0,0,0,0,0,0,0,0,0,0,0,0,0,0,0,0,0,0,0,0,0,0,0,0,0,0,0,0,0,0,0
0,890.237788365148,-1586.66829645987,-703.751192799963,1648.10481467074,490.010417807594,0,0,-924.501517688013,0,0,1816.53718739844,0,0,-1641.45161024299,0,0,607.468872519939,1442.6793341094,0,0,0,482.606901066451,0,-1105.64910940741,3205.68235843623,0,11850.5698007015,2757.85720202131,-1670.45183737386,-390.600076377178,-122.550242291323,0,-1531.05541584647,-1687.47457807369,0,0,0,-453.304716168086,427.923769283901,0,0,817.476440061375,0,0,0,0,745.487443070526,0,72.5016134722397,-50.5645478057942,2181.93593876555,-2959.38122896316,0,0,0,-1382.61792642699,0,632.731334472656,0
0,-659.668617818281,1388.7675020089,-542.981047347408,643.528339917174,753.380266478554,0,0,-77.5030494195012,0,0,808.834592296615,0,0,323.665559819458,0,0,-620.08926856063,-603.762286490592,0,0,0,-903.214013178861,0,-831.198492328477,1400.23148257827,0,2757.85720202131,12637.9325984184,-285.591499765844,1978.66038565934,-2050.64335494554,0,-88.5855255344294,-805.370401757736,0,0,0,2304.89685965284,-437.399172300472,0,0,-628.14206967016,0,0,0,0,-1127.99707868906,0,-199.116785000465,-330.167802232991,734.516525421843,-1723.92326589171,0,0,0,-69.4882999537192,0,1478.32468835181,0
0,448.411942952263,-6.99050161535224,1276.44184631223,-642.360275093136,-982.927274973441,0,0,1976.19258743468,0,0,915.878287144636,0,0,-2047.5980975254,0,0,-2961.4731097725,315.944975218291,0,0,0,1022.88658527868,0,-219.368464997089,424.894996707563,0,-1670.45183737386,-285.591499765844,10470.3048209379,-1402.43164711107,-895.482418964703,0,-186.089886964453,-1626.9381966471,0,0,0,-1140.57382114578,273.577172762245,0,0,259.665966023948,0,0,0,0,948.599677438909,0,1167.56268497262,-355.847830693315,-695.233874846833,-1046.7393945879,0,0,0,1272.40971864035,0,813.210720788876,0
0,434.275968067048,1123.93205375964,-1126.38036992614,152.979250683903,1353.64979664719,0,0,1311.9364880442,0,0,-1285.71697684002,0,0,-890.492562455419,0,0,1677.045680057,1374.42135065999,0,0,0,-1183.75828883077,0,3250.72403689017,-2014.13350623169,0,-390.600076377178,1978.66038565934,-1402.43164711107,14372.5226482235,89.1101069432461,0,1505.97415154036,-302.665578087694,0,0,0,104.064330283484,2307.78882474096,0,0,1139.09567684929,0,0,0,0,-172.682699039431,0,-1096.74860088636,-247.104788342188,380.897314743394,-1774.38156230168,0,0,0,583.738667370049,0,152.294026876873,0
0,-1578.3849221867,-212.132491907046,2206.52896174363,-734.904519347653,-771.494982097544,0,0,-395.11414556339,0,0,1202.67529786601,0,0,678.709278264302,0,0,-284.58692456334,4203.42827559754,0,0,0,1557.95278916441,0,-2256.64120849329,920.222163663195,0,-122.550242291323,-2050.64335494554,-895.482418964703,89.1101069432461,15576.3554543863,0,79.8269693658989,1384.24469874535,0,0,0,945.658377517825,-200.144053267385,0,0,867.237031202066,0,0,0,0,-979.83532479986,0,-451.828479490092,-537.639784980128,238.331687646585,2816.67823302978,0,0,0,-355.312112936216,0,-68.694178801738,0
0,0,0,0,0,0,0,0,0,0,0,0,0,0,0,0,0,0,0,0,0,0,0,0,0,0,0,0,0,0,0,0,0.0586793200996911,0,0,0,0,0,0,0,0,0,0,0,0,0,0,0,0,0,0,0,0,0,0,0,0,0,0,0
0,-1648.12926746728,126.718853648464,-573.614983822727,531.01497723093,2126.52508319557,0,0,580.625224335825,0,0,680.39006264593,0,0,847.374733800661,0,0,-2038.1538181883,1946.22584428066,0,0,0,-304.319555698233,0,924.478454711539,-1106.02385115619,0,-1531.05541584647,-88.5855255344294,-186.089886964453,1505.97415154036,79.8269693658989,0,11504.3208166413,395.750310598074,0,0,0,94.3838391684427,563.12469584978,0,0,-2.29486678045452,0,0,0,0,-152.176227044532,0,224.703825491943,-989.444999049545,-569.802596477939,-107.267459333046,0,0,0,1577.61966703219,0,1727.66894726253,0
0,-1301.99266595386,101.267266009973,233.92886480463,-201.630436058092,235.009495218377,0,0,-1172.9823293821,0,0,1995.33543492869,0,0,2625.84275008367,0,0,3978.96552102615,1247.31916027142,0,0,0,50.3003727723296,0,-3466.27259113778,-1148.12586049589,0,-1687.47457807369,-805.370401757736,-1626.9381966471,-302.665578087694,1384.24469874535,0,395.750310598074,13550.8538635098,0,0,0,1236.9172579442,443.378810238226,0,0,197.727485206575,0,0,0,0,-2017.55690718409,0,16.847200107127,1198.72214706783,-92.0728502023763,1087.65373746346,0,0,0,-1053.62163224834,0,1996.46492746287,0
0,0,0,0,0,0,0,0,0,0,0,0,0,0,0,0,0,0,0,0,0,0,0,0,0,0,0,0,0,0,0,0,0,0,0,0.064335147041777,0,0,0,0,0,0,0,0,0,0,0,0,0,0,0,0,0,0,0,0,0,0,0,0
0,0,0,0,0,0,0,0,0,0,0,0,0,0,0,0,0,0,0,0,0,0,0,0,0,0,0,0,0,0,0,0,0,0,0,0,0.0634407057212666,0,0,0,0,0,0,0,0,0,0,0,0,0,0,0,0,0,0,0,0,0,0,0
0,0,0,0,0,0,0,0,0,0,0,0,0,0,0,0,0,0,0,0,0,0,0,0,0,0,0,0,0,0,0,0,0,0,0,0,0,0.0565693534767982,0,0,0,0,0,0,0,0,0,0,0,0,0,0,0,0,0,0,0,0,0,0
0,789.511165788166,-1430.37573922226,29.1888172134732,17.5688546001126,931.833562110937,0,0,-1251.48948673855,0,0,-404.196241785987,0,0,944.835859550786,0,0,2475.53314404494,-625.747891808008,0,0,0,1389.69286515639,0,1495.15133096561,827.004132870909,0,-453.304716168086,2304.89685965284,-1140.57382114578,104.064330283484,945.658377517825,0,94.3838391684427,1236.9172579442,0,0,0,10720.2941477621,-331.7584754069,0,0,-1081.42466536771,0,0,0,0,-967.865935872478,0,-554.809485859399,-693.966908227115,112.29840984695,-1878.69279425261,0,0,0,-19.4560906177762,0,-131.874131411476,0
0,268.694037527182,622.056197426139,-1050.60340287834,-901.219227825231,642.406360726837,0,0,228.97399915554,0,0,-184.938927825087,0,0,-2413.68188781477,0,0,-214.335613072151,1250.50561924606,0,0,0,-1501.90857847964,0,1832.44870933989,1898.06662136595,0,427.923769283901,-437.399172300472,273.577172762245,2307.78882474096,-200.144053267385,0,563.12469584978,443.378810238226,0,0,0,-331.7584754069,8733.14827662448,0,0,1106.74852386831,0,0,0,0,117.763879507755,0,373.580191320073,-66.3310748181455,-899.961126636584,-961.218833130244,0,0,0,-734.576420330476,0,418.662287475774,0
0,0,0,0,0,0,0,0,0,0,0,0,0,0,0,0,0,0,0,0,0,0,0,0,0,0,0,0,0,0,0,0,0,0,0,0,0,0,0,0,0.0352070119877342,0,0,0,0,0,0,0,0,0,0,0,0,0,0,0,0,0,0,0
0,0,0,0,0,0,0,0,0,0,0,0,0,0,0,0,0,0,0,0,0,0,0,0,0,0,0,0,0,0,0,0,0,0,0,0,0,0,0,0,0,0.0469639044243431,0,0,0,0,0,0,0,0,0,0,0,0,0,0,0,0,0,0
0,-137.201963790113,94.032299296969,28.9936447573075,-1978.1636157575,1052.82460419631,0,0,-451.859650547012,0,0,2457.74210905546,0,0,-1097.64330563053,0,0,276.842437146276,390.322666839413,0,0,0,219.758751880055,0,-1208.63558607164,1232.10750846828,0,817.476440061375,-628.14206967016,259.665966023948,1139.09567684929,867.237031202066,0,-2.29486678045452,197.727485206575,0,0,0,-1081.42466536771,1106.74852386831,0,0,8854.77643505988,0,0,0,0,1333.63988660786,0,-437.009597283318,179.081888441405,667.606387623278,-976.500632260983,0,0,0,-883.75405594726,0,824.784202197898,0
0,0,0,0,0,0,0,0,0,0,0,0,0,0,0,0,0,0,0,0,0,0,0,0,0,0,0,0,0,0,0,0,0,0,0,0,0,0,0,0,0,0,0,0.0420441096220566,0,0,0,0,0,0,0,0,0,0,0,0,0,0,0,0
0,0,0,0,0,0,0,0,0,0,0,0,0,0,0,0,0,0,0,0,0,0,0,0,0,0,0,0,0,0,0,0,0,0,0,0,0,0,0,0,0,0,0,0,0.0515630851554371,0,0,0,0,0,0,0,0,0,0,0,0,0,0,0
0,0,0,0,0,0,0,0,0,0,0,0,0,0,0,0,0,0,0,0,0,0,0,0,0,0,0,0,0,0,0,0,0,0,0,0,0,0,0,0,0,0,0,0,0,0.0401512942084475,0,0,0,0,0,0,0,0,0,0,0,0,0,0
0,0,0,0,0,0,0,0,0,0,0,0,0,0,0,0,0,0,0,0,0,0,0,0,0,0,0,0,0,0,0,0,0,0,0,0,0,0,0,0,0,0,0,0,0,0,0.0336815148042489,0,0,0,0,0,0,0,0,0,0,0,0,0
0,101.433824573254,-1015.3088853934,699.709813045789,-34.0179395089475,39.5841446536839,0,0,1039.00189427857,0,0,1706.80831981404,0,0,-1084.75030004079,0,0,-1035.32343254457,-2027.10357219441,0,0,0,-1624.85463497326,0,-1870.72016162428,2148.12052195235,0,745.487443070526,-1127.99707868906,948.599677438909,-172.682699039431,-979.83532479986,0,-152.176227044532,-2017.55690718409,0,0,0,-967.865935872478,117.763879507755,0,0,1333.63988660786,0,0,0,0,8101.40972994785,0,234.869831521721,809.327697688431,73.2740418032964,968.238082983579,0,0,0,1826.94115909005,0,222.308423517505,0
0,0,0,0,0,0,0,0,0,0,0,0,0,0,0,0,0,0,0,0,0,0,0,0,0,0,0,0,0,0,0,0,0,0,0,0,0,0,0,0,0,0,0,0,0,0,0,0,0.0338847644095251,0,0,0,0,0,0,0,0,0,0,0
0,51.4021175148009,-338.009756543679,1451.86144912068,-17.6256415217965,343.563932292078,0,0,760.606070531019,0,0,-850.331138360912,0,0,-619.080550693116,0,0,23.1922465409419,141.565020733665,0,0,0,1089.60577447015,0,-211.295719835895,-223.540338128001,0,72.5016134722397,-199.116785000465,1167.56268497262,-1096.74860088636,-451.828479490092,0,224.703825491943,16.847200107127,0,0,0,-554.809485859399,373.580191320073,0,0,-437.009597283318,0,0,0,0,234.869831521721,0,5568.85471670623,1144.54760033823,227.562115040305,459.464492232132,0,0,0,677.031994802154,0,-267.613423323626,0
0,-258.415057796261,-1027.2100789857,-454.59885423885,800.078277527833,-929.415662847957,0,0,-595.419743162379,0,0,-492.57716835072,0,0,436.117611133858,0,0,389.85229728257,-1022.3799523306,0,0,0,315.491178443107,0,1095.63521602941,1131.53137979957,0,-50.5645478057942,-330.167802232991,-355.847830693315,-247.104788342188,-537.639784980128,0,-989.444999049545,1198.72214706783,0,0,0,-693.966908227115,-66.3310748181455,0,0,179.081888441405,0,0,0,0,809.327697688431,0,1144.54760033823,4956.73580890781,376.204780172776,783.317525800897,0,0,0,-174.833003060916,0,767.583907678568,0
0,-494.500430701728,-332.485683090298,63.7195029015332,300.156687972283,386.756823262815,0,0,-499.243064788189,0,0,215.19666229868,0,0,601.307910293866,0,0,-128.967819259959,-396.711539063358,0,0,0,-101.494993902317,0,-1381.49602798879,784.233729101245,0,2181.93593876555,734.516525421843,-695.233874846833,380.897314743394,238.331687646585,0,-569.802596477939,-92.0728502023764,0,0,0,112.29840984695,-899.961126636584,0,0,667.606387623278,0,0,0,0,73.2740418032964,0,227.562115040305,376.204780172776,3203.54605512547,-318.352222380278,0,0,0,-162.702647889389,0,254.645164883913,0
0,-968.952284060884,-255.567216624336,1259.30472355111,82.8375615965687,-1296.30857626542,0,0,1460.55000217971,0,0,429.376746445676,0,0,2071.79765087939,0,0,-1355.85848927053,525.962349958737,0,0,0,562.302251351283,0,1037.44150115844,-733.864105952884,0,-2959.38122896316,-1723.92326589171,-1046.7393945879,-1774.38156230168,2816.67823302978,0,-107.267459333046,1087.65373746346,0,0,0,-1878.69279425261,-961.218833130244,0,0,-976.500632260984,0,0,0,0,968.238082983579,0,459.464492232132,783.317525800897,-318.352222380278,8976.75007416947,0,0,0,3151.68058702923,0,1298.64362775354,0
0,0,0,0,0,0,0,0,0,0,0,0,0,0,0,0,0,0,0,0,0,0,0,0,0,0,0,0,0,0,0,0,0,0,0,0,0,0,0,0,0,0,0,0,0,0,0,0,0,0,0,0,0,0.0379430915993787,0,0,0,0,0,0
0,0,0,0,0,0,0,0,0,0,0,0,0,0,0,0,0,0,0,0,0,0,0,0,0,0,0,0,0,0,0,0,0,0,0,0,0,0,0,0,0,0,0,0,0,0,0,0,0,0,0,0,0,0,0.0461566499503874,0,0,0,0,0
0,0,0,0,0,0,0,0,0,0,0,0,0,0,0,0,0,0,0,0,0,0,0,0,0,0,0,0,0,0,0,0,0,0,0,0,0,0,0,0,0,0,0,0,0,0,0,0,0,0,0,0,0,0,0,0.02609935920594,0,0,0,0
0,-523.865039014946,-721.660021029802,438.830940832862,904.670558065243,-194.778378388565,0,0,2848.782269992,0,0,815.879116122762,0,0,919.078835576331,0,0,287.477755810363,3746.55221144543,0,0,0,936.853879746467,0,-7.02154342191323,631.803643644356,0,-1382.61792642699,-69.4882999537192,1272.40971864035,583.738667370049,-355.312112936216,0,1577.61966703219,-1053.62163224834,0,0,0,-19.4560906177762,-734.576420330476,0,0,-883.75405594726,0,0,0,0,1826.94115909005,0,677.031994802154,-174.833003060916,-162.702647889389,3151.68058702923,0,0,0,9471.89136939252,0,352.750092891837,0
0,0,0,0,0,0,0,0,0,0,0,0,0,0,0,0,0,0,0,0,0,0,0,0,0,0,0,0,0,0,0,0,0,0,0,0,0,0,0,0,0,0,0,0,0,0,0,0,0,0,0,0,0,0,0,0,0,0.022366250770966,0,0
0,-1593.57074953298,389.437383913806,611.403990860826,-596.670320293981,-166.190830761346,0,0,-163.278476662659,0,0,-1789.36267837894,0,0,151.068755608091,0,0,-70.1273752965003,902.707327063617,0,0,0,-1291.74618223954,0,-1085.52488756755,812.955567563062,0,632.731334472656,1478.32468835181,813.210720788876,152.294026876873,-68.694178801738,0,1727.66894726253,1996.46492746287,0,0,0,-131.874131411476,418.662287475774,0,0,824.784202197898,0,0,0,0,222.308423517505,0,-267.613423323626,767.583907678568,254.645164883913,1298.64362775354,0,0,0,352.750092891837,0,10042.5667176785,0
0,0,0,0,0,0,0,0,0,0,0,0,0,0,0,0,0,0,0,0,0,0,0,0,0,0,0,0,0,0,0,0,0,0,0,0,0,0,0,0,0,0,0,0,0,0,0,0,0,0,0,0,0,0,0,0,0,0,0,0.00731902783197232
