0.068427937498383,-0.0141068817455495,0.0356778791353222,-0.0152907105402758,0.0154386827506467,-0.0162619309689488,0.00476578902986746,-0.0274516930820487,0.0310777676482925,-0.0288697299130663,0.0133832974248316,0.0121110441409835,-0.00258585481246044,-0.0269947884063862,-0.00726741252187022,0.00194414371152715,0.01871340858655
-0.0141068817455495,0.123426378922762,0.0246707002364228,0.0769250544592385,0.0278277211054017,0.0379947612413928,0.0239072866183444,0.0864807992122032,0.015742733878539,0.0349880276269306,0.0127800691839299,0.0277367995567971,0.0180712111284772,0.0509502809514001,0.011338825555018,0.0281068486825104,-0.00304295105085139
0.0356778791353222,0.0246707002364228,0.0849358673895948,0.0019766159827685,0.0566604008533605,-0.0070216392058836,0.000184322273617129,0.0163492387221275,0.0359076800751135,-0.0167401488918694,0.0210860113356574,0.0161758404317001,0.0116645910337142,-0.00518817258799248,0.0274914916035836,0.0227932207153522,0.014943387798368
-0.0152907105402758,0.0769250544592385,0.0019766159827685,0.0969301724078482,0.00358366193003129,0.0575124754454342,-0.00315308582500207,0.0522917068155418,0.0240056389869603,0.0246668469020915,0.0279294627368127,0.0277572160460477,0.0188631891843545,0.0265737172103792,-0.00209667598326223,0.0265897777212502,-0.0267684511849159
0.0154386827506467,0.0278277211054017,0.0566604008533605,0.00358366193003129,0.0686679511426447,0.00707764263517735,0.0448036004431576,0.0089909613197046,0.0241615087598531,0.0114821430542176,0.0277860085132458,-0.00850255111947349,0.00953281460068058,0.0110367879076735,0.0515428752564336,0.0180685540116803,0.0220742018231746
-0.0162619309689488,0.0379947612413928,-0.0070216392058836,0.0575124754454342,0.00707764263517735,0.101016240217365,-0.00728439217071534,0.0293315241261077,-0.000242696743797457,0.0548215317288253,0.0389312031151407,0.0417437669915873,0.00355322872926964,0.0611282096057593,0.0312968341613148,0.0387594266703999,0.0125513290818162
0.00476578902986746,0.0239072866183444,0.000184322273617129,-0.00315308582500207,0.0448036004431576,-0.00728439217071534,0.0879246047354372,-0.000813930957904091,0.00526669827608946,0.0168880186029415,0.0267404353021304,-0.0459575621059208,0.0082724013399309,0.0132637859429231,0.0456484068526591,-0.0115782258071623,0.0277815468566117
-0.0274516930820487,0.0864807992122032,0.0163492387221275,0.0522917068155418,0.0089909613197046,0.0293315241261077,-0.000813930957904091,0.0763252055999687,0.00270095276582346,0.0239528699479196,0.00946366498424445,0.0222726107337609,0.019291216880207,0.0440874588979984,0.0101183552829263,0.0169137990391346,-0.00103564167412039
0.0310777676482925,0.015742733878539,0.0359076800751135,0.0240056389869603,0.0241615087598531,-0.000242696743797457,0.00526669827608946,0.00270095276582346,0.0486944154391514,-0.00988409921777669,0.0181118575643424,0.0192242526961366,0.0347938776616944,-0.0339697776342613,0.00852948282920978,-0.000714866622637512,0.00565450184375155
-0.0288697299130663,0.0349880276269306,-0.0167401488918694,0.0246668469020915,0.0114821430542176,0.0548215317288253,0.0168880186029415,0.0239528699479196,-0.00988409921777669,0.0538801131596449,0.00439588600681375,0.0202476807288008,0.00514140146612984,0.0416460822918984,0.027888406953867,0.0186823088733074,0.0127112890781746
0.0133832974248316,0.0127800691839299,0.0210860113356574,0.0279294627368127,0.0277860085132458,0.0389312031151407,0.0267404353021304,0.00946366498424445,0.0181118575643424,0.00439588600681375,0.0622365936191612,-0.011098839965405,0.0140544600885909,0.0249345429402285,0.0421901744065093,0.00846661498214449,0.0225421156266824
0.0121110441409835,0.0277367995567971,0.0161758404317001,0.0277572160460477,-0.00850255111947349,0.0417437669915873,-0.0459575621059208,0.0222726107337609,0.0192242526961366,0.0202476807288008,-0.011098839965405,0.0711582424465582,0.0159752949315615,0.00257943067517505,-0.0129897878462459,0.0245576654412395,0.00418235070790378
-0.00258585481246044,0.0180712111284772,0.0116645910337142,0.0188631891843545,0.00953281460068058,0.00355322872926964,0.0082724013399309,0.019291216880207,0.0347938776616944,0.00514140146612984,0.0140544600885909,0.0159752949315615,0.0597337214129405,-0.0293505317904787,0.0213067372024777,-0.017980885117165,0.0197972905810663
-0.0269947884063862,0.0509502809514001,-0.00518817258799248,0.0265737172103792,0.0110367879076735,0.0611282096057593,0.0132637859429231,0.0440874588979984,-0.0339697776342613,0.0416460822918984,0.0249345429402285,0.00257943067517505,-0.0293505317904787,0.0896217085691967,0.0272862876452707,0.0338793423889439,0.0107330955791745
-0.00726741252187022,0.011338825555018,0.0274914916035836,-0.00209667598326223,0.0515428752564336,0.0312968341613148,0.0456484068526591,0.0101183552829263,0.00852948282920978,0.027888406953867,0.0421901744065093,-0.0129897878462459,0.0213067372024777,0.0272862876452707,0.0695677689579023,0.00720989692643709,0.0402958211277625
0.00194414371152715,0.0281068486825104,0.0227932207153522,0.0265897777212502,0.0180685540116803,0.0387594266703999,-0.0115782258071623,0.0169137990391346,-0.000714866622637512,0.0186823088733074,0.00846661498214449,0.0245576654412395,-0.017980885117165,0.0338793423889439,0.00720989692643709,0.0363556645353148,-0.00591478239899415
0.01871340858655,-0.00304295105085139,0.014943387798368,-0.0267684511849159,0.0220742018231746,0.0125513290818162,0.0277815468566117,-0.00103564167412039,0.00565450184375155,0.0127112890781746,0.0225421156266824,0.00418235070790378,0.0197972905810663,0.0107330955791745,0.0402958211277625,-0.00591478239899415,0.0523786638054181
