0.0696382729831555,0.00816768232408329,0.0286185561238836,0.00259729127876608,0.0256875182710005,-0.0200854288328702,0.00640457909083993,0.003149934225674,0.0275966107451731,-0.0172855761212635,0.0179510250365258,-0.00109220624688981,-0.00150935691046176,-0.0101530996750497,0.017465249824474,0.00227985579875858,0.00746748030953277
0.00816768232408329,0.096082760062975,-0.00214581336895444,0.0581525564930989,0.00055792948012339,0.053580321528485,-0.00382091417185929,0.0472905660861068,0.0255736490211915,0.0352446699046385,0.0031285222747633,0.0609604722439612,-0.00296336082256168,0.0290767611389695,0.0170685434492401,0.0465587062134083,-0.0172880139179383
0.0286185561238836,-0.00214581336895444,0.0681939946768382,0.010447450802376,0.0319474148575674,-0.0146835315412485,0.0394003764614569,-0.0274956699606676,0.0156263482456404,-0.0130657402075121,0.0151786231287485,-0.0267216369104852,0.0252993742432254,0.00927980341672167,0.0122652906196182,0.00723847567943974,-0.0114377720769503
0.00259729127876608,0.0581525564930989,0.010447450802376,0.0931189322396774,-0.00466252398147151,0.0436233871940631,0.003285299631133,0.0425181122351413,-0.000810883947530322,0.0163497454235528,0.00779428610879707,0.0439569584564479,-0.000527900044509934,0.0477766803245727,0.0136238844463433,0.0543199393814536,-0.000541325224430425
0.0256875182710005,0.00055792948012339,0.0319474148575674,-0.00466252398147151,0.0798202586700893,0.00306111709680575,0.033329809142992,-0.00826154017820209,0.025868325201191,0.00346674076081057,0.0356870893711562,-0.00858619701104766,0.0265653223936857,-0.0213345866960777,-0.0021434472294935,-0.00574748484200075,0.00608138757625116
-0.0200854288328702,0.053580321528485,-0.0146835315412485,0.0436233871940631,0.00306111709680575,0.0864295162547355,-0.0204331634611125,0.0453373136230307,0.016610026582099,0.0303322026678908,0.0151748082147364,0.0571805191852051,0.00212788611740645,0.0423200753052979,0.00470516380214098,0.0439437053578512,-0.00402591826853168
0.00640457909083993,-0.00382091417185929,0.0394003764614569,0.003285299631133,0.033329809142992,-0.0204331634611125,0.0907551193796531,-0.00867547877847137,0.0280442457770869,-0.0108391653358732,0.0220166062074833,-0.021525811114709,0.0348331686210668,-0.0236657038366546,-0.0141606530527711,-0.0193489342407026,-0.00598976973597539
0.003149934225674,0.0472905660861068,-0.0274956699606676,0.0425181122351413,-0.00826154017820209,0.0453373136230307,-0.00867547877847137,0.0904504791764895,-0.0120643430346281,0.0219613759889308,0.00275842344971974,0.0452951560494175,-0.0113101219362879,0.0269432456763133,0.00951571564774419,0.0297944098145857,0.00833913206646872
0.0275966107451731,0.0255736490211915,0.0156263482456404,-0.000810883947530322,0.025868325201191,0.016610026582099,0.0280442457770869,-0.0120643430346281,0.0877270656384877,0.00351133570294523,0.0355812626131967,0.00853453942817746,0.0287561334011381,-0.0119188179598539,0.0259993458399035,-0.0145450804067354,0.00724640291162134
-0.0172855761212635,0.0352446699046385,-0.0130657402075121,0.0163497454235528,0.00346674076081057,0.0303322026678908,-0.0108391653358732,0.0219613759889308,0.00351133570294523,0.066608846085902,0.00284302919119454,0.045017509277233,0.00674153319668586,0.0242287359323468,0.0147340678471548,0.0308431986443519,0.0127913975686008
0.0179510250365258,0.0031285222747633,0.0151786231287485,0.00779428610879707,0.0356870893711562,0.0151748082147364,0.0220166062074833,0.00275842344971974,0.0355812626131967,0.00284302919119454,0.0819396358516401,-0.0126728156891737,0.0315113781612192,-0.00177117762633067,0.0271412971686987,-0.0152613041370711,0.0287062276023471
-0.00109220624688981,0.0609604722439612,-0.0267216369104852,0.0439569584564479,-0.00858619701104766,0.0571805191852051,-0.021525811114709,0.0452951560494175,0.00853453942817746,0.045017509277233,-0.0126728156891737,0.111978540347504,-0.00503184527975171,0.0148448258162611,0.00278963322645233,0.0552291669437352,-0.00673118443718381
-0.00150935691046176,-0.00296336082256168,0.0252993742432254,-0.000527900044509934,0.0265653223936857,0.00212788611740645,0.0348331686210668,-0.0113101219362879,0.0287561334011381,0.00674153319668586,0.0315113781612192,-0.00503184527975171,0.0590655034228415,-0.0213759873374967,0.0234426670849856,-0.0181881838884445,0.0127089809058119
-0.0101530996750497,0.0290767611389695,0.00927980341672167,0.0477766803245727,-0.0213345866960777,0.0423200753052979,-0.0236657038366546,0.0269432456763133,-0.0119188179598539,0.0242287359323468,-0.00177117762633067,0.0148448258162611,-0.0213759873374967,0.0988731432329077,0.00613816721676937,0.06933962670535,0.00253079809453834
0.017465249824474,0.0170685434492401,0.0122652906196182,0.0136238844463433,-0.0021434472294935,0.00470516380214098,-0.0141606530527711,0.00951571564774419,0.0259993458399035,0.0147340678471548,0.0271412971686987,0.00278963322645233,0.0234426670849856,0.00613816721676937,0.0749080076836617,-0.00234263449814067,0.0342799529670312
0.00227985579875858,0.0465587062134083,0.00723847567943973,0.0543199393814536,-0.00574748484200075,0.0439437053578512,-0.0193489342407026,0.0297944098145857,-0.0145450804067354,0.0308431986443519,-0.0152613041370711,0.0552291669437352,-0.0181881838884445,0.06933962670535,-0.00234263449814067,0.0815374865166456,-0.0114838430881784
0.00746748030953277,-0.0172880139179383,-0.0114377720769503,-0.000541325224430425,0.00608138757625116,-0.00402591826853168,-0.00598976973597539,0.00833913206646872,0.00724640291162134,0.0127913975686008,0.0287062276023471,-0.00673118443718381,0.0127089809058119,0.00253079809453834,0.0342799529670312,-0.0114838430881784,0.0618373889967016
