0.182405903505867,-0.00647232659863758,0.0401984202518208,0.00119172050643326,-0.0191609274117295,0.0388419082132468,0.0278403504124486,-0.00386365021419683,0.0029125093259864,-0.00582588255372908,-0.0152733657235537,0.00343189401454996,-0.0517147490424673,-0.00421427875501134,0.00834807792333659,0.0120514489063637,0.00340182785424701,0.00978315700235664,-0.00947410016371153,7.57737230710883e-05,0.0084818420117193,-0.00160122502901171,-0.00820617202093915,-0.0181624493882473
-0.00647232659863758,0.0238255566811848,0.00573356267304519,0.0123715058495249,-0.00334287264601707,-0.00645795866008016,-0.00392868971491598,-0.00388914826925042,0.00696227287595155,-0.00103770703290247,3.38834910469939e-05,0.00369223045081297,-0.0012008264184196,-0.00394131603485292,-0.00509126312264412,-0.0146046920919186,0.0183537874717742,-0.000766489099870581,0.000690261282630022,-0.0151245067412238,0.0121850346670293,-0.000849561904691132,0.000208234979631711,0.00788505191700799
0.0401984202518208,0.00573356267304519,0.0714316789366685,0.00200917681861609,0.00542308597162579,0.00683286518531347,0.00769005348592625,0.0273220324387964,-0.00722578988409259,0.0124280352827622,0.0141410555088304,0.0328611819084805,-0.0149965133349304,0.00694935885247956,0.00388740482439311,-0.027340983750194,0.0179012540771025,-0.00261788338886059,0.00255842251249223,-0.00151096754808227,0.0017341090564284,0.0076723905713418,0.000292931051568058,-0.0153636081115468
0.00119172050643326,0.0123715058495249,0.00200917681861609,0.0284265643192034,-0.00715348371282204,-0.00988181889659013,-0.00919867794249392,3.02649925170534e-05,0.0186968238195065,-0.00298347877781926,-0.00573249255535256,0.000286511509260713,-0.00164264942882995,0.0157211491698963,-0.00251303339482426,-0.000160198805271042,0.0127762401203485,-0.0100547705570426,0.0098869269456339,-0.000342002141470136,-0.00926685287491929,-0.00175113384317671,0.000841724408974123,-0.0185272369060164
-0.0191609274117295,-0.00334287264601707,0.00542308597162579,-0.00715348371282204,0.149057229105684,0.0114194868712902,0.00882091233473987,0.0106238589004797,0.00793464137137992,-0.00533387946424262,0.0341554617602285,0.00659681731391191,-0.0153455694000353,0.00110700763717171,-0.012300302952154,-0.018694569570962,0.00653699233338402,0.0133392478698284,-0.0132891607094492,0.00622218914742427,-0.0121009292541109,-0.00164692067240422,-0.0106066350363754,0.00444128532011265
0.0388419082132468,-0.00645795866008016,0.00683286518531347,-0.00988181889659013,0.0114194868712902,0.0903648635925753,0.0170434369065962,0.0421510506103708,0.020438183078718,0.00810252504007062,-0.023547103572974,0.0130894619249807,0.0121830724009569,-0.00473288260985706,0.00277450392886343,0.0118869515018231,-0.0104434325787577,-0.00450585545176885,0.00464222373483151,0.00116650065536363,0.0110741218757124,-0.00739617318409588,0.0168681919370216,0.0133351102030268
0.0278403504124486,-0.00392868971491598,0.00769005348592625,-0.00919867794249392,0.00882091233473987,0.0170434369065962,0.0736053643071315,0.0204547391013566,-0.010085447339542,0.00532107868625631,-0.00776217109241476,0.0111877209461686,0.000177298362855374,-0.00406685934242325,0.0173359934345989,-0.00298554703530748,0.00830245352672267,0.00431283311998855,-0.00392529993271303,-0.0317559859570371,0.0379703800090755,-0.00453435850505192,-0.00601633269835359,0.0152302981131177
-0.00386365021419683,-0.00388914826925042,0.0273220324387964,3.02649925170534e-05,0.0106238589004797,0.0421510506103708,0.0204547391013566,0.148405922644892,0.0347262826272304,0.0156668378149285,-0.00819389994817379,-0.00121976239247357,0.0142673968792739,0.0128355717877794,0.0116252925974698,0.00240339454890858,0.00996962648570697,0.00275423961978086,-0.00265987884492239,0.0255153055174016,-0.0528923612964968,0.0115839050225415,0.016180924725831,0.013876155955684
0.0029125093259864,0.00696227287595155,-0.00722578988409259,0.0186968238195065,0.00793464137137992,0.0204381830787179,-0.010085447339542,0.0347262826272304,0.125446606008724,0.00399805463699745,0.0193336285583251,0.000981996103967704,0.0223453893243342,0.00607167421549607,-0.0095020908207538,0.0227782553349085,0.00698498740141815,0.014679678215076,-0.0143696509453148,-0.0154811539776837,-0.0318133839248678,-0.0150789164001022,-0.0143009222449525,0.00979372553477217
-0.00582588255372908,-0.00103770703290247,0.0124280352827623,-0.00298347877781926,-0.00533387946424262,0.00810252504007062,0.00532107868625631,0.0156668378149285,0.00399805463699745,0.0393891210679226,-0.0122297588630659,0.00958499202291319,0.0138636273585357,0.0257532974081817,0.00498624486458823,0.0241749829877069,0.0096370071488567,-0.00568812286524978,0.00566949071516469,-0.0153574508992639,-0.000888829194570738,0.000835786388802583,0.00831466464520493,-0.0219890716878625
-0.0152733657235537,3.38834910469939e-05,0.0141410555088304,-0.00573249255535256,0.0341554617602285,-0.023547103572974,-0.00776217109241476,-0.00819389994817379,0.0193336285583251,-0.0122297588630659,0.132787504754136,0.00389951362830729,-0.0193643651055975,-0.00827165128334612,0.00843373437654065,0.00604597529981305,0.00674508051921145,0.00447519209593754,-0.00436203098860724,0.00240497424177251,-0.00544085651928396,0.0050768291366749,-0.013161242458156,-0.00758896783881781
0.00343189401454996,0.00369223045081297,0.0328611819084805,0.000286511509260713,0.00659681731391191,0.0130894619249807,0.0111877209461686,-0.00121976239247357,0.000981996103967704,0.00958499202291319,0.00389951362830729,0.0386575717356663,0.00833528860650197,0.0101373183047848,-0.0016445999432363,-0.00288902059933755,0.0129630969559388,0.00438543256047602,-0.00420836229675,-0.00879220032145843,0.0186215443554269,-0.00759523990127397,-0.0139991854909886,-0.0132138828483742
-0.0517147490424673,-0.0012008264184196,-0.0149965133349304,-0.00164264942882995,-0.0153455694000353,0.0121830724009569,0.000177298362855374,0.0142673968792739,0.0223453893243342,0.0138636273585357,-0.0193643651055975,0.00833528860650198,0.104849550073297,0.00828095081286865,-0.014786646358656,0.00195468094858107,0.0110504770813343,0.00297383757634386,-0.00312858785019327,-0.00889276903054966,-0.00629865137363064,-0.0012573244795236,0.00363014939069766,-0.00700432429048102
-0.00421427875501134,-0.00394131603485292,0.00694935885247956,0.0157211491698963,0.00110700763717171,-0.00473288260985706,-0.00406685934242325,0.0128355717877794,0.00607167421549607,0.0257532974081817,-0.00827165128334612,0.0101373183047848,0.00828095081286865,0.234179702266473,-7.02533272746e-05,-0.00298971071208586,0.0441603782107014,0.00349655025100192,-0.00340222150754304,-0.039091934389444,-0.00637878648285344,-0.00546309180842533,-0.0324286401678098,-0.0254643301683678
0.00834807792333659,-0.00509126312264412,0.00388740482439311,-0.00251303339482426,-0.012300302952154,0.00277450392886343,0.0173359934345989,0.0116252925974698,-0.0095020908207538,0.00498624486458823,0.00843373437654065,-0.0016445999432363,-0.014786646358656,-7.02533272746e-05,0.0245343871110206,-0.00232581353280229,-0.00985621278128395,-0.00763506423172465,0.00779284718565099,-0.00158746895500712,0.00691078381247237,0.00626392672382085,0.00066920137052047,0.00406990968519831
0.0120514489063637,-0.0146046920919186,-0.027340983750194,-0.000160198805271042,-0.018694569570962,0.0118869515018231,-0.00298554703530749,0.00240339454890858,0.0227782553349085,0.0241749829877069,0.00604597529981305,-0.00288902059933755,0.00195468094858107,-0.00298971071208586,-0.00232581353280229,0.195684134772546,0.0125397396678763,0.0170620417285062,-0.0166760908455708,-0.0265104895448248,0.0147763221702794,-0.0125204274397426,-0.00752371801644481,-0.0162485384289279
0.00340182785424701,0.0183537874717742,0.0179012540771025,0.0127762401203485,0.00653699233338402,-0.0104434325787577,0.00830245352672267,0.00996962648570697,0.00698498740141815,0.0096370071488567,0.00674508051921146,0.0129630969559388,0.0110504770813343,0.0441603782107014,-0.00985621278128395,0.0125397396678763,0.118870785501399,0.00898834147251587,-0.00898263294684591,0.00265337518692079,-0.00706190805256107,-0.000824884644232508,0.0142976322568399,-0.0270616247112404
0.00978315700235664,-0.000766489099870581,-0.00261788338886058,-0.0100547705570426,0.0133392478698284,-0.00450585545176885,0.00431283311998855,0.00275423961978086,0.014679678215076,-0.00568812286524978,0.00447519209593754,0.00438543256047602,0.00297383757634386,0.00349655025100192,-0.00763506423172465,0.0170620417285062,0.00898834147251587,0.0673662027408923,-0.0664412725182645,0.00723569792678838,-0.0160633986985394,-0.00230404884202115,-0.00109096225063063,0.0115590527966601
-0.00947410016371153,0.000690261282630022,0.00255842251249223,0.0098869269456339,-0.0132891607094492,0.00464222373483151,-0.00392529993271303,-0.00265987884492239,-0.0143696509453148,0.00566949071516469,-0.00436203098860724,-0.00420836229675,-0.00312858785019327,-0.00340222150754304,0.00779284718565099,-0.0166760908455708,-0.00898263294684591,-0.0664412725182645,0.0655354496588234,-0.00720538839345757,0.0159241721653138,0.00211061233385656,0.000910099187683444,-0.0111962092151864
7.57737230710883e-05,-0.0151245067412238,-0.00151096754808227,-0.000342002141470136,0.00622218914742427,0.00116650065536363,-0.0317559859570371,0.0255153055174016,-0.0154811539776837,-0.0153574508992639,0.00240497424177251,-0.00879220032145843,-0.00889276903054966,-0.039091934389444,-0.00158746895500711,-0.0265104895448248,0.00265337518692079,0.00723569792678838,-0.00720538839345757,0.149454336148123,-0.137092739655552,0.00721803405596466,0.000262068699869056,0.0110049032407067
0.0084818420117193,0.0121850346670293,0.0017341090564284,-0.00926685287491929,-0.0121009292541109,0.0110741218757124,0.0379703800090755,-0.0528923612964969,-0.0318133839248678,-0.000888829194570738,-0.00544085651928396,0.0186215443554269,-0.00629865137363064,-0.00637878648285344,0.00691078381247237,0.0147763221702794,-0.00706190805256107,-0.0160633986985394,0.0159241721653138,-0.137092739655552,0.177031149954836,-0.00249406276495208,0.0151548067916287,-0.0287928934169898
-0.00160122502901171,-0.000849561904691132,0.0076723905713418,-0.00175113384317671,-0.00164692067240422,-0.00739617318409588,-0.00453435850505192,0.0115839050225415,-0.0150789164001022,0.000835786388802583,0.0050768291366749,-0.00759523990127397,-0.0012573244795236,-0.00546309180842533,0.00626392672382085,-0.0125204274397426,-0.000824884644232508,-0.00230404884202115,0.00211061233385656,0.00721803405596466,-0.00249406276495208,0.0168820671141386,0.0132743019564129,-0.00865311157135704
-0.00820617202093915,0.000208234979631711,0.000292931051568058,0.000841724408974123,-0.0106066350363754,0.0168681919370216,-0.00601633269835359,0.016180924725831,-0.0143009222449525,0.00831466464520493,-0.013161242458156,-0.0139991854909886,0.00363014939069766,-0.0324286401678098,0.00066920137052047,-0.00752371801644481,0.0142976322568399,-0.00109096225063063,0.000910099187683444,0.000262068699869056,0.0151548067916288,0.0132743019564129,0.130845212205612,-0.103381227842978
-0.0181624493882473,0.00788505191700799,-0.0153636081115468,-0.0185272369060164,0.00444128532011265,0.0133351102030268,0.0152302981131177,0.013876155955684,0.00979372553477217,-0.0219890716878625,-0.00758896783881781,-0.0132138828483742,-0.00700432429048102,-0.0254643301683678,0.00406990968519831,-0.0162485384289279,-0.0270616247112404,0.0115590527966601,-0.0111962092151864,0.0110049032407067,-0.0287928934169898,-0.00865311157135704,-0.103381227842978,0.231851652790646
