0.025709011097649,0,0,0,0,0,0,0,0,0,0,0,0,0,0,0,0,0,0,0,0,0,0,0,0,0,0,0,0,0,0,0,0,0,0,0,0,0,0,0,0,0,0,0,0,0,0,0,0,0,0,0,0,0,0,0,0,0,0,0
0,0.0100307859024016,0,0,0,0,0,0,0,0,0,0,0,0,0,0,0,0,0,0,0,0,0,0,0,0,0,0,0,0,0,0,0,0,0,0,0,0,0,0,0,0,0,0,0,0,0,0,0,0,0,0,0,0,0,0,0,0,0,0
0,0,1971.85998008702,0,191.632221005319,805.410173997143,0,-605.017485019269,172.021980526935,-186.167366936953,0,0,-260.65646785825,135.342909932845,117.890720640371,0,-264.585689270004,0,529.637811911821,0,0,-762.399759577251,-138.525722925993,0,-160.649415802369,77.077796626713,0,691.968286758586,0,0,0,0,-406.982783443306,574.105059461034,0,0,-464.279856435939,-158.494699830239,674.182767969403,531.941153898218,0,551.537948471995,0,271.278349654014,-491.008700724052,-331.358590768737,0,-233.175723934645,0,-451.24488304368,132.902440879911,258.034297417306,-61.7710698258022,0,0,0,0,0,73.2347290819833,0
0,0,0,0.00417559353283072,0,0,0,0,0,0,0,0,0,0,0,0,0,0,0,0,0,0,0,0,0,0,0,0,0,0,0,0,0,0,0,0,0,0,0,0,0,0,0,0,0,0,0,0,0,0,0,0,0,0,0,0,0,0,0,0
0,0,191.632221005319,0,1689.70303042593,303.261151157854,0,-282.515745157127,-125.934692602872,-105.956208555968,0,0,740.578825468876,518.206116800677,631.756406418642,0,-400.811759717409,0,48.5879415463913,0,0,894.793136078736,-279.432314130867,0,859.292897004762,-86.1658830377937,0,474.267404536828,0,0,0,0,809.285894740245,411.283718696187,0,0,-51.5454405993649,344.032541278013,501.990524406848,770.773543429359,0,123.574087102871,0,-296.769024356951,290.263680004413,157.991294260621,0,-331.27646278046,0,-934.794898260975,322.175528720039,-50.7180114040855,146.077877582218,0,0,0,0,0,-622.319237935454,0
0,0,805.410173997143,0,303.261151157854,6302.15775768614,0,-764.170310224858,-802.538275776162,-71.8631993748043,0,0,155.289303365556,-660.430296864563,566.496760915414,0,1070.38771767529,0,-780.562507729207,0,0,-260.891433624654,-1339.12818817859,0,-17.7816956966265,1586.54416653962,0,83.1976196391604,0,0,0,0,-825.105745877657,-270.116857063897,0,0,-373.424007718641,-371.793080379954,-963.130804654672,852.13906297494,0,-518.955542486671,0,-167.567183792161,264.99618222849,1985.59378945965,0,-491.273933518303,0,-1276.11259602278,1304.97500704963,-25.9152700211362,-392.515859734095,0,0,0,0,0,710.877713068822,0
0,0,0,0,0,0,0.0221838375033326,0,0,0,0,0,0,0,0,0,0,0,0,0,0,0,0,0,0,0,0,0,0,0,0,0,0,0,0,0,0,0,0,0,0,0,0,0,0,0,0,0,0,0,0,0,0,0,0,0,0,0,0,0
0,0,-605.017485019269,0,-282.515745157127,-764.170310224858,0,8927.03225507047,910.790793400608,-1001.12703054373,0,0,-774.094083689119,-76.5885845338811,-2505.07413933741,0,1487.69494328506,0,260.153283907957,0,0,-229.917872959274,-100.398200410131,0,82.2458981154756,-1978.00453237399,0,-1189.31700583992,0,0,0,0,-157.101338796776,-84.2743307596695,0,0,300.484673586725,-1065.58864594238,-363.62102879766,-461.172300473293,0,-166.627011009275,0,41.8786292034016,-141.534573123257,882.890209898593,0,548.411703101067,0,1903.95084539461,-525.37456932247,455.908450974226,-107.728089216049,0,0,0,0,0,-354.950180752933,0
0,0,172.021980526935,0,-125.934692602872,-802.538275776162,0,910.790793400608,7482.80973612415,489.435572274977,0,0,-1177.03153674554,256.217528443975,1635.9075234473,0,2445.41160758549,0,626.273823709644,0,0,-841.005039981226,1437.77090100377,0,-118.384609415537,261.807897393958,0,-1249.68861903246,0,0,0,0,1131.17199890261,-1031.80307686216,0,0,232.095172939389,628.369608431628,-417.018258961827,-539.477974175338,0,138.840278378901,0,597.322816631568,-1240.29704059659,1522.4489633266,0,-782.024670471992,0,29.0834487855982,345.374872446343,1025.80873314749,175.022812322188,0,0,0,0,0,-476.01523614242,0
0,0,-186.167366936953,0,-105.956208555968,-71.8631993748043,0,-1001.12703054373,489.435572274977,7411.15783719527,0,0,785.585501549584,-221.334209303313,-935.632674095363,0,1487.84613015429,0,664.460620229816,0,0,1869.74873383504,2141.9043084885,0,-1642.13278715056,2047.46859796531,0,437.287792639282,0,0,0,0,774.903408371168,-31.0160459477025,0,0,-1198.84144505728,-569.393700028721,-773.762160319176,-512.281830659543,0,258.301156764093,0,-619.939246846822,-1280.67032266066,332.399038802813,0,-287.81314119537,0,125.638754135072,365.96615254212,-333.161003850748,15.6237530439386,0,0,0,0,0,-908.46219261771,0
0,0,0,0,0,0,0,0,0,0,0.0383426470095691,0,0,0,0,0,0,0,0,0,0,0,0,0,0,0,0,0,0,0,0,0,0,0,0,0,0,0,0,0,0,0,0,0,0,0,0,0,0,0,0,0,0,0,0,0,0,0,0,0
0,0,0,0,0,0,0,0,0,0,0,0.0388204437884126,0,0,0,0,0,0,0,0,0,0,0,0,0,0,0,0,0,0,0,0,0,0,0,0,0,0,0,0,0,0,0,0,0,0,0,0,0,0,0,0,0,0,0,0,0,0,0,0
0,0,-260.65646785825,0,740.578825468876,155.289303365556,0,-774.094083689119,-1177.03153674554,785.585501549584,0,0,7548.79423873283,265.841870010943,681.107195303728,0,-516.683084843461,0,1606.00964251987,0,0,969.02611014312,-271.723527808851,0,2151.79815893097,-957.051509872478,0,242.28878863762,0,0,0,0,128.827675103254,-223.459364074708,0,0,736.951578190079,551.616716231975,1318.45949145484,1038.5675698154,0,-531.624997556996,0,-108.496511231984,937.065627375185,1840.91077195232,0,-1691.05279421504,0,-1305.30288936516,255.02601654125,-1099.99111222541,1332.38098205454,0,0,0,0,0,-248.472463312572,0
0,0,135.342909932845,0,518.206116800677,-660.430296864563,0,-76.5885845338811,256.217528443975,-221.334209303313,0,0,265.841870010943,5800.63066970481,-1823.66209285155,0,-1102.92476373056,0,649.158088453249,0,0,-124.089257455854,603.241990836072,0,1408.76769448107,-1763.53028135503,0,1336.82312368861,0,0,0,0,907.393546931174,2018.90442431957,0,0,355.219816236414,1214.63227616048,1086.46335751029,-792.398271488404,0,-337.1111952097,0,-595.202712236554,1151.09112976229,1712.94314277909,0,280.281006070605,0,-72.1401442275573,352.956784314176,-31.1826235881263,190.466045206089,0,0,0,0,0,-551.782579266888,0
0,0,117.890720640371,0,631.756406418642,566.496760915414,0,-2505.07413933741,1635.9075234473,-935.632674095363,0,0,681.107195303728,-1823.66209285155,10821.632036778,0,-1502.85991300299,0,512.576718448117,0,0,-632.056892750712,158.830192909388,0,2594.43730071929,-603.942940186117,0,-421.903882523218,0,0,0,0,1685.0477891587,-927.840179514797,0,0,1278.78344359062,-973.370551620041,1967.05931625811,1181.35053892617,0,-1527.04327620107,0,565.761040754908,-544.617861764936,-321.156730680941,0,-646.32771665232,0,-660.834765779349,284.519501301698,51.2413534185819,-987.960180920848,0,0,0,0,0,210.616718323313,0
0,0,0,0,0,0,0,0,0,0,0,0,0,0,0,0.0429500966889172,0,0,0,0,0,0,0,0,0,0,0,0,0,0,0,0,0,0,0,0,0,0,0,0,0,0,0,0,0,0,0,0,0,0,0,0,0,0,0,0,0,0,0,0
0,0,-264.585689270004,0,-400.811759717409,1070.38771767529,0,1487.69494328506,2445.41160758549,1487.84613015429,0,0,-516.683084843461,-1102.92476373056,-1502.85991300299,0,18038.313850678,0,-2237.08075267904,0,0,-2189.48924227221,-147.24962352593,0,113.069743888663,585.65232190983,0,-14.3363849332535,0,0,0,0,-216.732817659209,-126.219248728415,0,0,-402.059458065827,1105.05188443388,865.679698577558,-2588.80625617861,0,-1210.94464562804,0,55.0855896521372,-923.235803870347,1252.63511532704,0,-467.030334944016,0,2074.58401010488,1144.77449916111,646.891548774303,-1484.22711195007,0,0,0,0,0,684.895875822236,0
0,0,0,0,0,0,0,0,0,0,0,0,0,0,0,0,0,0.0711145482845523,0,0,0,0,0,0,0,0,0,0,0,0,0,0,0,0,0,0,0,0,0,0,0,0,0,0,0,0,0,0,0,0,0,0,0,0,0,0,0,0,0,0
0,0,529.637811911821,0,48.5879415463912,-780.562507729207,0,260.153283907957,626.273823709644,664.460620229816,0,0,1606.00964251987,649.158088453249,512.576718448117,0,-2237.08075267904,0,15933.4742450832,0,0,930.538133908026,-183.008925219578,0,1653.12307219779,-2095.47966753653,0,2898.9994506899,0,0,0,0,322.186440205564,1178.54768061347,0,0,-1039.89836281152,-975.805367051916,2782.37659497289,-302.373137064826,0,-132.851554622633,0,-85.9829593828743,-57.0167711600272,1555.36988672213,0,-2359.51924405839,0,-1166.20298227927,865.6530604395,75.0973955393534,440.703440280928,0,0,0,0,0,-2161.24898352484,0
0,0,0,0,0,0,0,0,0,0,0,0,0,0,0,0,0,0,0,0.0710206059247472,0,0,0,0,0,0,0,0,0,0,0,0,0,0,0,0,0,0,0,0,0,0,0,0,0,0,0,0,0,0,0,0,0,0,0,0,0,0,0,0
0,0,0,0,0,0,0,0,0,0,0,0,0,0,0,0,0,0,0,0,0.072273413582105,0,0,0,0,0,0,0,0,0,0,0,0,0,0,0,0,0,0,0,0,0,0,0,0,0,0,0,0,0,0,0,0,0,0,0,0,0,0,0
0,0,-762.399759577251,0,894.793136078736,-260.891433624654,0,-229.917872959274,-841.005039981226,1869.74873383504,0,0,969.02611014312,-124.089257455854,-632.056892750712,0,-2189.48924227221,0,930.538133908026,0,0,20403.6316344019,2744.59530107918,0,-36.7170960161016,-2592.00509354705,0,-411.07413542088,0,0,0,0,-1411.93065935147,-622.939397159713,0,0,-1152.2257047433,-2007.62303625921,1904.98629101908,1051.32025109221,0,865.397639374276,0,-2260.29245804469,1114.02554977829,-1640.31703376805,0,404.287822929557,0,1755.16580224556,-489.738387739451,553.792552523259,1269.39353107495,0,0,0,0,0,-34.7341978495081,0
0,0,-138.525722925993,0,-279.432314130867,-1339.12818817859,0,-100.398200410131,1437.77090100377,2141.9043084885,0,0,-271.723527808851,603.241990836072,158.830192909388,0,-147.24962352593,0,-183.008925219578,0,0,2744.59530107918,15770.1713388429,0,1024.08576687163,72.1697912129045,0,-513.846926831224,0,0,0,0,1375.50677533507,-1120.92504741774,0,0,-806.29211460389,-1795.03844098963,1727.33603652118,-1005.32689779528,0,903.840631528153,0,-679.135755646487,-2006.49367016311,-384.668158290939,0,-194.10177615836,0,2783.14696407101,-1436.22383193564,392.357033038394,56.5963543264503,0,0,0,0,0,-859.901047189836,0
0,0,0,0,0,0,0,0,0,0,0,0,0,0,0,0,0,0,0,0,0,0,0,0.0455550701257653,0,0,0,0,0,0,0,0,0,0,0,0,0,0,0,0,0,0,0,0,0,0,0,0,0,0,0,0,0,0,0,0,0,0,0,0
0,0,-160.649415802369,0,859.292897004762,-17.7816956966265,0,82.2458981154756,-118.384609415537,-1642.13278715056,0,0,2151.79815893097,1408.76769448107,2594.43730071929,0,113.069743888663,0,1653.12307219779,0,0,-36.7170960161016,1024.08576687163,0,11060.8207725481,-1391.35654651139,0,1402.05418193334,0,0,0,0,2413.22974346797,836.220811652278,0,0,1803.84981882987,34.477180577991,2208.15854140652,528.954087735139,0,-1422.32354172384,0,557.913290975089,-504.573802941972,515.644703009244,0,-125.986449752541,0,-1205.11000821614,906.666116048064,-716.254391958472,-392.958837834237,0,0,0,0,0,235.770996314003,0
0,0,77.077796626713,0,-86.1658830377937,1586.54416653962,0,-1978.00453237399,261.807897393958,2047.46859796531,0,0,-957.051509872478,-1763.53028135503,-603.942940186117,0,585.65232190983,0,-2095.47966753653,0,0,-2592.00509354705,72.1697912129045,0,-1391.35654651139,16168.5981565961,0,-754.429759181562,0,0,0,0,-74.9630931053139,-599.020365235383,0,0,-1687.07621499752,3061.54372472108,-1665.58098888129,662.726261068061,0,417.369618027266,0,-340.393278981737,-237.567341207176,647.652335579785,0,-912.863233327482,0,-1539.23221377657,1574.4497619941,292.182309893548,-1230.1997403237,0,0,0,0,0,-1673.17814217737,0
0,0,0,0,0,0,0,0,0,0,0,0,0,0,0,0,0,0,0,0,0,0,0,0,0,0,0.0745587508641583,0,0,0,0,0,0,0,0,0,0,0,0,0,0,0,0,0,0,0,0,0,0,0,0,0,0,0,0,0,0,0,0,0
0,0,691.968286758586,0,474.267404536828,83.1976196391604,0,-1189.31700583992,-1249.68861903246,437.287792639282,0,0,242.28878863762,1336.82312368861,-421.903882523218,0,-14.3363849332535,0,2898.9994506899,0,0,-411.07413542088,-513.846926831224,0,1402.05418193334,-754.429759181562,0,15409.8391259424,0,0,0,0,-1288.39128987216,2171.20232061226,0,0,213.281739411875,-3077.5331424561,3112.07679810452,-1750.21655101188,0,1054.63063418126,0,1126.54936353728,1105.60740763302,96.0462542771165,0,-171.629292686982,0,-776.860066973231,-1120.74715090195,-372.561368925086,644.425851006995,0,0,0,0,0,-1148.52215620092,0
0,0,0,0,0,0,0,0,0,0,0,0,0,0,0,0,0,0,0,0,0,0,0,0,0,0,0,0,0.0640658441419493,0,0,0,0,0,0,0,0,0,0,0,0,0,0,0,0,0,0,0,0,0,0,0,0,0,0,0,0,0,0,0
0,0,0,0,0,0,0,0,0,0,0,0,0,0,0,0,0,0,0,0,0,0,0,0,0,0,0,0,0,0.0567259344187498,0,0,0,0,0,0,0,0,0,0,0,0,0,0,0,0,0,0,0,0,0,0,0,0,0,0,0,0,0,0
0,0,0,0,0,0,0,0,0,0,0,0,0,0,0,0,0,0,0,0,0,0,0,0,0,0,0,0,0,0,0.0531314706819537,0,0,0,0,0,0,0,0,0,0,0,0,0,0,0,0,0,0,0,0,0,0,0,0,0,0,0,0,0
0,0,0,0,0,0,0,0,0,0,0,0,0,0,0,0,0,0,0,0,0,0,0,0,0,0,0,0,0,0,0,0.0573717927191173,0,0,0,0,0,0,0,0,0,0,0,0,0,0,0,0,0,0,0,0,0,0,0,0,0,0,0,0
0,0,-406.982783443306,0,809.285894740245,-825.105745877657,0,-157.101338796776,1131.17199890261,774.903408371168,0,0,128.827675103254,907.393546931174,1685.0477891587,0,-216.732817659209,0,322.186440205564,0,0,-1411.93065935147,1375.50677533507,0,2413.22974346797,-74.9630931053139,0,-1288.39128987216,0,0,0,0,11080.4727337632,2211.18107489952,0,0,589.095380434251,-579.960977683819,-280.212408248126,-477.594194282552,0,-817.575759830876,0,107.501568890238,-3051.68316050971,1545.42683819123,0,-754.034516386798,0,-2280.24364991654,-572.472808115449,-314.066477917188,-670.295171050412,0,0,0,0,0,-442.437111956906,0
0,0,574.105059461034,0,411.283718696186,-270.116857063897,0,-84.2743307596695,-1031.80307686216,-31.0160459477025,0,0,-223.459364074708,2018.90442431957,-927.840179514797,0,-126.219248728415,0,1178.54768061347,0,0,-622.939397159713,-1120.92504741774,0,836.220811652278,-599.020365235383,0,2171.20232061226,0,0,0,0,2211.18107489952,10574.4427213937,0,0,-654.80161706182,1551.21816420886,885.093397323086,175.070037841678,0,-7.14729043956754,0,-553.270811378744,18.559416421697,1143.16306186837,0,-636.681302493698,0,-159.998043789251,-443.353472011033,49.3370311994448,-633.926442544356,0,0,0,0,0,-246.462627090418,0
0,0,0,0,0,0,0,0,0,0,0,0,0,0,0,0,0,0,0,0,0,0,0,0,0,0,0,0,0,0,0,0,0,0,0.0619472507367547,0,0,0,0,0,0,0,0,0,0,0,0,0,0,0,0,0,0,0,0,0,0,0,0,0
0,0,0,0,0,0,0,0,0,0,0,0,0,0,0,0,0,0,0,0,0,0,0,0,0,0,0,0,0,0,0,0,0,0,0,0.0735198873723206,0,0,0,0,0,0,0,0,0,0,0,0,0,0,0,0,0,0,0,0,0,0,0,0
0,0,-464.279856435939,0,-51.5454405993649,-373.424007718641,0,300.484673586725,232.095172939389,-1198.84144505728,0,0,736.951578190079,355.219816236414,1278.78344359062,0,-402.059458065827,0,-1039.89836281152,0,0,-1152.2257047433,-806.292114603889,0,1803.84981882987,-1687.07621499752,0,213.281739411875,0,0,0,0,589.095380434252,-654.80161706182,0,0,16186.4667544804,1167.9227709759,934.710803553402,767.858180066536,0,-644.744437536593,0,1527.98233187691,4144.19995226511,-1034.76195806555,0,848.675530644819,0,1463.46555684859,-1909.14021683513,-599.697330949397,285.579176242515,0,0,0,0,0,3105.93961054998,0
0,0,-158.494699830239,0,344.032541278013,-371.793080379954,0,-1065.58864594238,628.369608431628,-569.393700028721,0,0,551.616716231975,1214.63227616048,-973.370551620041,0,1105.05188443388,0,-975.805367051916,0,0,-2007.62303625921,-1795.03844098962,0,34.477180577991,3061.54372472108,0,-3077.5331424561,0,0,0,0,-579.960977683819,1551.21816420886,0,0,1167.9227709759,9627.61004020764,-1286.43393363505,515.94859948336,0,-40.849377821503,0,460.468387891586,886.733409657538,1433.32740439319,0,-703.315648787989,0,-242.166118579652,518.403039604288,222.897064830604,32.5110410503332,0,0,0,0,0,25.6044496450175,0
0,0,674.182767969403,0,501.990524406848,-963.130804654672,0,-363.62102879766,-417.018258961827,-773.762160319176,0,0,1318.45949145484,1086.46335751029,1967.05931625811,0,865.679698577558,0,2782.37659497289,0,0,1904.98629101908,1727.33603652118,0,2208.15854140652,-1665.58098888129,0,3112.07679810452,0,0,0,0,-280.212408248126,885.093397323086,0,0,934.710803553402,-1286.43393363505,10849.6682289591,-1155.0871583203,0,-218.92272818372,0,-38.3974595867817,1884.66164042342,-639.732459711609,0,-1432.63850926374,0,1526.90880971995,-326.193501692559,412.583564441271,555.830981508414,0,0,0,0,0,346.985957915283,0
0,0,531.941153898218,0,770.773543429359,852.13906297494,0,-461.172300473293,-539.477974175338,-512.281830659543,0,0,1038.5675698154,-792.398271488404,1181.35053892617,0,-2588.80625617861,0,-302.373137064826,0,0,1051.32025109221,-1005.32689779528,0,528.954087735139,662.726261068061,0,-1750.21655101188,0,0,0,0,-477.594194282552,175.070037841678,0,0,767.858180066536,515.94859948336,-1155.0871583203,9048.55046907526,0,807.894584010514,0,-199.841092707261,1370.50321372544,69.6507052295527,0,320.804071134364,0,-1531.69528736302,-166.779721664814,221.597863132983,-793.835706901058,0,0,0,0,0,-1317.34044846843,0
0,0,0,0,0,0,0,0,0,0,0,0,0,0,0,0,0,0,0,0,0,0,0,0,0,0,0,0,0,0,0,0,0,0,0,0,0,0,0,0,0.0353691744258924,0,0,0,0,0,0,0,0,0,0,0,0,0,0,0,0,0,0,0
0,0,551.537948471995,0,123.574087102871,-518.955542486671,0,-166.627011009275,138.840278378901,258.301156764093,0,0,-531.624997556996,-337.1111952097,-1527.04327620107,0,-1210.94464562804,0,-132.851554622633,0,0,865.397639374276,903.840631528153,0,-1422.32354172384,417.369618027266,0,1054.63063418126,0,0,0,0,-817.575759830876,-7.14729043956754,0,0,-644.744437536593,-40.849377821503,-218.92272818372,807.894584010514,0,5570.73701664582,0,93.7840103061053,436.369653758692,-1305.77082774402,0,-543.152522949435,0,-1256.7078972894,190.622356450235,227.936613272075,654.883614064474,0,0,0,0,0,182.359835023101,0
0,0,0,0,0,0,0,0,0,0,0,0,0,0,0,0,0,0,0,0,0,0,0,0,0,0,0,0,0,0,0,0,0,0,0,0,0,0,0,0,0,0,0.0273984948889621,0,0,0,0,0,0,0,0,0,0,0,0,0,0,0,0,0
0,0,271.278349654014,0,-296.769024356951,-167.567183792161,0,41.8786292034016,597.322816631568,-619.939246846822,0,0,-108.496511231984,-595.202712236554,565.761040754908,0,55.0855896521372,0,-85.9829593828743,0,0,-2260.29245804469,-679.135755646487,0,557.913290975089,-340.393278981737,0,1126.54936353728,0,0,0,0,107.501568890238,-553.270811378744,0,0,1527.98233187691,460.468387891586,-38.3974595867817,-199.841092707261,0,93.7840103061053,0,5208.78837753254,-795.197805378786,-540.400746134271,0,-377.295435114658,0,-36.5488843104851,-44.3660079944693,-342.900144415594,381.528425734422,0,0,0,0,0,440.606985941593,0
0,0,-491.008700724052,0,290.263680004413,264.99618222849,0,-141.534573123257,-1240.29704059659,-1280.67032266066,0,0,937.065627375185,1151.09112976229,-544.617861764936,0,-923.235803870347,0,-57.0167711600273,0,0,1114.02554977829,-2006.49367016311,0,-504.573802941972,-237.567341207176,0,1105.60740763302,0,0,0,0,-3051.68316050971,18.559416421697,0,0,4144.19995226511,886.733409657538,1884.66164042342,1370.50321372544,0,436.369653758692,0,-795.197805378786,10497.6657466402,822.765816150799,0,-843.367672846068,0,-337.632044752195,355.120246260203,633.194802147459,891.901938676785,0,0,0,0,0,1048.17760689997,0
0,0,-331.358590768737,0,157.991294260621,1985.59378945965,0,882.890209898593,1522.4489633266,332.399038802813,0,0,1840.91077195232,1712.94314277909,-321.156730680941,0,1252.63511532704,0,1555.36988672213,0,0,-1640.31703376805,-384.668158290939,0,515.644703009244,647.652335579785,0,96.0462542771165,0,0,0,0,1545.42683819123,1143.16306186837,0,0,-1034.76195806555,1433.32740439319,-639.732459711609,69.6507052295527,0,-1305.77082774402,0,-540.400746134271,822.765816150799,8634.52462979291,0,-576.389569212786,0,-1951.0935723316,1188.7046539656,-277.419930222088,-457.910412030149,0,0,0,0,0,-1285.75937631075,0
0,0,0,0,0,0,0,0,0,0,0,0,0,0,0,0,0,0,0,0,0,0,0,0,0,0,0,0,0,0,0,0,0,0,0,0,0,0,0,0,0,0,0,0,0,0,0.0134852129880148,0,0,0,0,0,0,0,0,0,0,0,0,0
0,0,-233.175723934645,0,-331.27646278046,-491.273933518303,0,548.411703101067,-782.024670471992,-287.81314119537,0,0,-1691.05279421504,280.281006070605,-646.327716652319,0,-467.030334944017,0,-2359.5192440584,0,0,404.287822929557,-194.10177615836,0,-125.986449752541,-912.863233327482,0,-171.629292686982,0,0,0,0,-754.034516386798,-636.681302493698,0,0,848.675530644819,-703.315648787989,-1432.63850926374,320.804071134364,0,-543.152522949435,0,-377.295435114658,-843.367672846068,-576.389569212786,0,8841.60211555391,0,2275.58440746822,-630.384036979892,-361.011923883545,-429.195228569825,0,0,0,0,0,-521.01919600844,0
0,0,0,0,0,0,0,0,0,0,0,0,0,0,0,0,0,0,0,0,0,0,0,0,0,0,0,0,0,0,0,0,0,0,0,0,0,0,0,0,0,0,0,0,0,0,0,0,0.0255107379126675,0,0,0,0,0,0,0,0,0,0,0
0,0,-451.24488304368,0,-934.794898260975,-1276.11259602278,0,1903.95084539461,29.0834487855982,125.638754135072,0,0,-1305.30288936516,-72.1401442275573,-660.834765779349,0,2074.58401010488,0,-1166.20298227927,0,0,1755.16580224556,2783.14696407101,0,-1205.11000821614,-1539.23221377657,0,-776.860066973231,0,0,0,0,-2280.24364991654,-159.998043789251,0,0,1463.46555684859,-242.166118579653,1526.90880971995,-1531.69528736302,0,-1256.7078972894,0,-36.5488843104851,-337.632044752195,-1951.0935723316,0,2275.58440746822,0,9181.48565704673,-982.064667139047,-369.717157717816,-121.286026734571,0,0,0,0,0,748.393153396831,0
0,0,132.902440879911,0,322.175528720039,1304.97500704963,0,-525.37456932247,345.374872446343,365.96615254212,0,0,255.02601654125,352.956784314176,284.519501301698,0,1144.77449916111,0,865.6530604395,0,0,-489.738387739451,-1436.22383193564,0,906.666116048064,1574.4497619941,0,-1120.74715090195,0,0,0,0,-572.472808115449,-443.353472011033,0,0,-1909.14021683512,518.403039604288,-326.193501692559,-166.779721664814,0,190.622356450235,0,-44.3660079944693,355.120246260203,1188.7046539656,0,-630.384036979892,0,-982.064667139047,4787.94378880332,-332.12522566007,715.712933746852,0,0,0,0,0,84.7741434420601,0
0,0,258.034297417306,0,-50.7180114040855,-25.9152700211362,0,455.908450974226,1025.80873314749,-333.161003850748,0,0,-1099.99111222541,-31.1826235881263,51.2413534185819,0,646.891548774303,0,75.0973955393534,0,0,553.792552523259,392.357033038394,0,-716.254391958472,292.182309893548,0,-372.561368925086,0,0,0,0,-314.066477917188,49.3370311994448,0,0,-599.697330949397,222.897064830604,412.583564441271,221.597863132983,0,227.936613272075,0,-342.900144415594,633.194802147459,-277.419930222087,0,-361.011923883545,0,-369.717157717816,-332.12522566007,2549.01160798371,-85.5506553308105,0,0,0,0,0,365.856272752996,0
0,0,-61.7710698258022,0,146.077877582218,-392.515859734095,0,-107.728089216049,175.022812322188,15.6237530439386,0,0,1332.38098205454,190.466045206089,-987.960180920848,0,-1484.22711195007,0,440.703440280928,0,0,1269.39353107495,56.5963543264503,0,-392.958837834237,-1230.1997403237,0,644.425851006995,0,0,0,0,-670.295171050412,-633.926442544356,0,0,285.579176242515,32.5110410503332,555.830981508414,-793.835706901057,0,654.883614064474,0,381.528425734422,891.901938676785,-457.910412030149,0,-429.195228569825,0,-121.286026734571,715.712933746852,-85.5506553308105,4573.18799170975,0,0,0,0,0,1170.46846719097,0
0,0,0,0,0,0,0,0,0,0,0,0,0,0,0,0,0,0,0,0,0,0,0,0,0,0,0,0,0,0,0,0,0,0,0,0,0,0,0,0,0,0,0,0,0,0,0,0,0,0,0,0,0,0.0584253378689752,0,0,0,0,0,0
0,0,0,0,0,0,0,0,0,0,0,0,0,0,0,0,0,0,0,0,0,0,0,0,0,0,0,0,0,0,0,0,0,0,0,0,0,0,0,0,0,0,0,0,0,0,0,0,0,0,0,0,0,0,0.0255848781578857,0,0,0,0,0
0,0,0,0,0,0,0,0,0,0,0,0,0,0,0,0,0,0,0,0,0,0,0,0,0,0,0,0,0,0,0,0,0,0,0,0,0,0,0,0,0,0,0,0,0,0,0,0,0,0,0,0,0,0,0,0.0303819736418693,0,0,0,0
0,0,0,0,0,0,0,0,0,0,0,0,0,0,0,0,0,0,0,0,0,0,0,0,0,0,0,0,0,0,0,0,0,0,0,0,0,0,0,0,0,0,0,0,0,0,0,0,0,0,0,0,0,0,0,0,0.0289911397856786,0,0,0
0,0,0,0,0,0,0,0,0,0,0,0,0,0,0,0,0,0,0,0,0,0,0,0,0,0,0,0,0,0,0,0,0,0,0,0,0,0,0,0,0,0,0,0,0,0,0,0,0,0,0,0,0,0,0,0,0,0.014222015445345,0,0
0,0,73.2347290819833,0,-622.319237935454,710.877713068822,0,-354.950180752933,-476.01523614242,-908.46219261771,0,0,-248.472463312572,-551.782579266888,210.616718323313,0,684.895875822236,0,-2161.24898352484,0,0,-34.7341978495081,-859.901047189836,0,235.770996314003,-1673.17814217737,0,-1148.52215620092,0,0,0,0,-442.437111956906,-246.462627090418,0,0,3105.93961054998,25.6044496450175,346.985957915283,-1317.34044846843,0,182.359835023101,0,440.606985941593,1048.17760689997,-1285.75937631075,0,-521.01919600844,0,748.39315339683,84.7741434420601,365.856272752996,1170.46846719097,0,0,0,0,0,6955.53717228074,0
0,0,0,0,0,0,0,0,0,0,0,0,0,0,0,0,0,0,0,0,0,0,0,0,0,0,0,0,0,0,0,0,0,0,0,0,0,0,0,0,0,0,0,0,0,0,0,0,0,0,0,0,0,0,0,0,0,0,0,0.00659226695883043
