0.0676881801152386,0.0114402741063986,0.0537391723951055,-0.00530678597213572,0.0240858591001277,-0.0192749980806708,0.00785308355757302,-0.00831580990859088,0.0285446533811089,-0.0252061033648041,0.0231802232077862,-0.0173066812159527,0.0111450926750703,-0.00413986951308234,0.020314812092812,-0.0201456136659935,-0.0141053266190199
0.0114402741063986,0.11441877695905,0.0318528447890093,0.0470075265312379,0.039190026658863,0.0582751339522316,0.03890841487158,0.0576255109560652,0.0227612300236476,0.0444860301273472,0.0393960711204115,0.0382936397135375,0.0251394695306541,0.0256017993679739,0.000560905849497199,0.0138917073965429,0.017635139015182
0.0537391723951055,0.0318528447890093,0.0748957895938818,0.00955508694385492,0.0453396376578257,0.0119579790442094,0.0207375352496863,0.00202898515931619,0.03287147261852,-0.0165394248116271,0.0305635575021018,-0.0125742430901947,0.0359263428808704,-0.0135836824525544,0.0122598954490916,-0.0109180828353415,0.0112732731007845
-0.00530678597213572,0.0470075265312379,0.00955508694385492,0.0832964826156523,0.0195172258935115,0.0623131882713603,0.0120211166415277,0.0393522610603841,0.026887868226081,0.0239499775785399,0.016815290377535,0.0229664824893966,0.0224560340136392,0.023655084294417,0.013998567482264,0.0447769167747898,-7.31301000283004e-05
0.0240858591001277,0.039190026658863,0.0453396376578257,0.0195172258935115,0.0668968244038833,0.01972624885558,0.0434624574862041,-0.000216914998957326,0.0440511602200497,0.00394092990589234,0.0326313883763535,-0.0137301254908148,0.0533681918208162,-0.0159570271985292,0.000590960038991804,-0.00411508965150832,0.012816977809789
-0.0192749980806708,0.0582751339522316,0.0119579790442094,0.0623131882713603,0.01972624885558,0.0921747906032776,-0.00221484383319655,0.0540800135728504,0.0170187223476179,0.0397156963915199,0.0225655194234383,0.0485601366937373,0.0286062793706212,0.0335393514066907,0.00319640257424286,0.0380920163436795,0.0186131423603604
0.00785308355757302,0.03890841487158,0.0207375352496863,0.0120211166415277,0.0434624574862041,-0.00221484383319655,0.0804210856443121,-0.0018752427917066,0.026917180000866,0.00308374290395762,0.0429764553236996,-0.0160904700239555,0.04479807184759,-0.0089211772405891,0.0117173868023682,-0.0136803703314717,0.0328437608957135
-0.00831580990859088,0.0576255109560652,0.00202898515931619,0.0393522610603841,-0.000216914998957326,0.0540800135728504,-0.0018752427917066,0.0671394996449391,0.00993402308322991,0.0366027968208989,0.0250523371252758,0.0434915120909049,0.0098900541058393,0.0295976982851547,0.0167769245883412,0.0276265483654131,0.0252510532992258
0.0285446533811089,0.0227612300236476,0.03287147261852,0.026887868226081,0.0440511602200497,0.0170187223476179,0.026917180000866,0.00993402308322991,0.0828853273483068,0.00163521285037,0.0328013871612562,-0.0089596188616738,0.0456272576174602,-0.0293368265546598,0.0257380977224456,-0.0141288217127139,0.0213793576256852
-0.0252061033648041,0.0444860301273472,-0.0165394248116271,0.0239499775785399,0.00394092990589234,0.0397156963915199,0.00308374290395762,0.0366027968208989,0.00163521285037,0.0677134142096235,-0.0076323517265244,0.0286695020724947,0.015827567146292,0.026264298289929,-0.00132601167550747,0.0307575724763479,0.0142620082125192
0.0231802232077863,0.0393960711204115,0.0305635575021018,0.016815290377535,0.0326313883763535,0.0225655194234383,0.0429764553236997,0.0250523371252758,0.0328013871612562,-0.00763235172652441,0.0753428587706484,0.00475359670796049,0.0475304047849502,-0.00620091019533635,0.041032358490917,-0.0122342639631177,0.0367131087069565
-0.0173066812159527,0.0382936397135375,-0.0125742430901947,0.0229664824893966,-0.0137301254908148,0.0485601366937373,-0.0160904700239555,0.0434915120909049,-0.0089596188616738,0.0286695020724947,0.00475359670796049,0.0710512828667571,-0.000165724568314213,0.0329945097006653,9.22281541244789e-05,0.0254847576157389,0.013799162177938
0.0111450926750703,0.0251394695306541,0.0359263428808704,0.0224560340136392,0.0533681918208162,0.0286062793706212,0.04479807184759,0.0098900541058393,0.0456272576174602,0.015827567146292,0.0475304047849502,-0.000165724568314213,0.0824098830104942,-0.0243098706554817,0.020162610010218,-0.000496082535304898,0.0371842572730313
-0.00413986951308234,0.0256017993679739,-0.0135836824525544,0.023655084294417,-0.0159570271985292,0.0335393514066907,-0.0089211772405891,0.0295976982851548,-0.0293368265546598,0.026264298289929,-0.00620091019533635,0.0329945097006653,-0.0243098706554817,0.0768763761337598,-0.0116085777306024,0.0391348587622785,-0.0257176846114021
0.020314812092812,0.000560905849497199,0.0122598954490916,0.013998567482264,0.000590960038991804,0.00319640257424286,0.0117173868023682,0.0167769245883412,0.0257380977224456,-0.00132601167550747,0.041032358490917,9.22281541244789e-05,0.020162610010218,-0.0116085777306024,0.0807674398904643,-0.0019786999077975,0.0509213963196066
-0.0201456136659935,0.0138917073965429,-0.0109180828353415,0.0447769167747898,-0.00411508965150832,0.0380920163436795,-0.0136803703314717,0.0276265483654131,-0.0141288217127138,0.0307575724763479,-0.0122342639631177,0.025484757615739,-0.000496082535304898,0.0391348587622785,-0.0019786999077975,0.062970519539491,-0.00485020575924024
-0.0141053266190199,0.017635139015182,0.0112732731007845,-7.31301000283004e-05,0.012816977809789,0.0186131423603604,0.0328437608957135,0.0252510532992258,0.0213793576256852,0.0142620082125192,0.0367131087069565,0.013799162177938,0.0371842572730313,-0.0257176846114021,0.0509213963196066,-0.00485020575924024,0.0875458104626447
