0.172194427136006,-0.0194667154281603,0.0178584074137531,-0.0183981444161852,0.0334519352209149,0.0413016890145607,0.0101769260535475,0.0178802281124839,0.0164766845737181,0.0277233360641469,0.0066639589929238,0.0221942328997534,0.0121763644249208,-0.0468579302876827,-0.00147471476510373,-0.0292635698586842,0.00815577699998934,-0.00664449224762171,0.00656957263122917,-0.0200304765780903,0.00514053760446866,-0.00433941647637326,-0.00360668080741015,0.0689600387413148
-0.0194667154281603,0.0350034039129681,-0.00118584310576334,0.0211328659331774,-0.0041240037163495,-0.00452537696694211,-0.0104527652671973,-0.00189304379239294,0.0229033915875676,-0.00251498243354573,0.00740698106139821,-0.0111671983678821,-0.0140955513804568,0.0348478735436162,-0.0103459994755544,0.00366599617113913,0.00140104066425011,1.76380710879293e-05,7.02967528584383e-05,-0.0135832429182322,-0.0112845797939847,0.00113845800079812,-0.00650085767026256,-0.000827319967291364
0.0178584074137531,-0.00118584310576334,0.0675779018716829,-0.00737143881075769,0.0214598737600023,0.0176125415173534,0.00405158014309604,0.0148615424393717,0.0228104351084193,0.00742582119669155,0.00127105666777643,0.018294650524752,-0.0166564719684315,0.013931085713371,-0.00418610812686168,0.0160985330114576,-0.0113707512870411,-0.0022524287912962,0.00225693088491485,0.00275791048671684,0.0108101282162417,0.0103848514127159,-0.00145103335748371,0.00686505485326245
-0.0183981444161852,0.0211328659331774,-0.00737143881075769,0.0261655334085235,0.00502473359610746,-0.0142930909967056,0.00391381387329444,0.00942523287052354,0.0182461070727556,0.000788410700894111,-0.00406790991623182,-0.00321067302864354,0.000156063635131371,0.0386921191964854,-0.0137569272774869,-0.00173774166905195,0.0256372641827041,0.0065868419268259,-0.00651694755745828,0.00331674774995376,-0.023845081936687,-0.00297135900214022,0.00593633125034426,-0.026531539544791
0.0334519352209149,-0.0041240037163495,0.0214598737600023,0.00502473359610746,0.15194643222055,0.0477974339980868,-0.00280089241159527,0.0237314124895084,-0.0296543920469927,0.0327208377685344,0.00361857785441287,-0.00110829220699006,0.0186244676916806,0.0794111461489924,-0.0091900451810098,-0.0141049329247517,0.00833859223971974,0.004447707352573,-0.00434796311771111,0.0188565952406767,-0.0399383088163495,0.0111831194696921,1.79011612629406e-05,0.0269162221951131
0.0413016890145607,-0.00452537696694211,0.0176125415173534,-0.0142930909967056,0.0477974339980868,0.0913902057661621,0.0113497536382919,-0.0101962655460369,0.00183406236494684,0.0270018584645371,-0.0182786114147609,-0.0133645516893904,-0.00287889301288668,0.00984384577029655,0.00836786338844429,2.37037483483047e-06,0.00574893018804373,-0.0113606942785158,0.0114456294005996,0.0175197975049883,-0.0280330747576174,0.0145443871907918,-0.0582635658157433,0.0416426986975792
0.0101769260535475,-0.0104527652671973,0.00405158014309604,0.00391381387329444,-0.00280089241159527,0.0113497536382919,0.0599840169383815,-0.00654577376522074,-0.0145128637282987,0.00395841831453107,-0.0147634695900602,0.010690636736539,0.0154879082375076,0.00855325592491412,0.00671768138767211,-0.0111814238115488,0.0237067878101083,-0.00110951552144702,0.00111451753822067,0.00297255954513029,-0.0036678364089579,0.00367850298274428,-0.0185685709224958,-0.0195815578156505
0.0178802281124839,-0.00189304379239294,0.0148615424393717,0.00942523287052354,0.0237314124895084,-0.0101962655460369,-0.00654577376522074,0.165709961990781,0.00673188775863624,0.00692222902359585,-0.0154401106455815,0.0202781397719455,-0.0565813345268469,0.0114258142259683,-0.00470938932613242,-0.0123497044342921,0.0559530285555064,-0.00164917848546674,0.00161897825394034,0.0260387700184752,-0.0430651566498733,-0.0167312695244102,0.0171400043399653,0.0226188258504425
0.0164766845737181,0.0229033915875676,0.0228104351084193,0.0182461070727556,-0.0296543920469927,0.00183406236494684,-0.0145128637282987,0.00673188775863624,0.115037400995183,-0.00692591543753756,-0.0261461622739741,0.00407688242731686,-0.0307169369388666,0.0244951602794585,-0.0128273291209515,0.00748085072815887,0.0314685878550641,-0.0015353459509586,0.00160168325114887,0.0244225289295527,-0.0472274872212955,-0.00327506684609554,-0.0140583531349995,-0.00181984706828902
0.0277233360641469,-0.00251498243354573,0.00742582119669155,0.000788410700894111,0.0327208377685344,0.0270018584645371,0.00395841831453107,0.00692222902359585,-0.00692591543753756,0.0365513580040057,-0.018770915510412,-0.00101005493153314,0.00598410926510127,0.026351689535769,-0.00119653519329917,0.00166176887688405,0.0115873097297148,0.00197410988385027,-0.00195202335022324,-0.0248982742544203,0.0143675738784273,-0.00113954874678951,-0.0172673786606914,-0.0123318444119769
0.0066639589929238,0.00740698106139821,0.00127105666777643,-0.00406790991623182,0.00361857785441287,-0.0182786114147609,-0.0147634695900602,-0.0154401106455815,-0.0261461622739741,-0.018770915510412,0.153814449920038,0.0162080807446029,0.0198029454313352,-0.0347138839895843,0.00818331063571808,0.0335915868757388,-0.0429170039004222,0.0119567853147297,-0.0119355771031007,0.0260469083870172,-0.0193521750861238,0.00829488476289576,0.00037433048203734,0.0482355145101183
0.0221942328997534,-0.0111671983678821,0.018294650524752,-0.00321067302864354,-0.00110829220699006,-0.0133645516893904,0.010690636736539,0.0202781397719455,0.00407688242731686,-0.00101005493153314,0.0162080807446029,0.0491509522695563,-0.0112291594930806,0.0179821970379355,0.00507852376254834,0.0354761853676143,0.00150745955017586,0.000826329993029535,-0.00090025174268365,0.00823446501613816,0.0104284548461028,-0.000508507566183388,-0.00440718219528692,0.00149295509703292
0.0121763644249208,-0.0140955513804568,-0.0166564719684315,0.000156063635131371,0.0186244676916806,-0.00287889301288668,0.0154879082375076,-0.0565813345268469,-0.0307169369388666,0.00598410926510127,0.0198029454313352,-0.0112291594930806,0.0844347846313415,-0.0197609764241132,-0.00086797697277293,-0.0200963503914258,0.0118275032468802,0.00780128947424328,-0.00778357162810143,-0.00600109389538348,0.00548202728263349,0.00148598427036838,0.0338751010725269,-0.026391830436566
-0.0468579302876827,0.0348478735436162,0.013931085713371,0.0386921191964854,0.0794111461489924,0.00984384577029655,0.00855325592491412,0.0114258142259683,0.0244951602794585,0.026351689535769,-0.0347138839895843,0.0179821970379355,-0.0197609764241132,0.218867440680357,-0.0149610469391454,-0.0262593543185923,0.042602969283134,0.00408612317917427,-0.00397276284464009,-0.00903159079564156,-0.015217945439691,-0.00412953268866669,-0.0478699772824787,-0.0227219397103921
-0.00147471476510373,-0.0103459994755544,-0.00418610812686168,-0.0137569272774869,-0.0091900451810098,0.00836786338844429,0.00671768138767211,-0.00470938932613242,-0.0128273291209515,-0.00119653519329917,0.00818331063571808,0.00507852376254834,-0.00086797697277293,-0.0149610469391454,0.0301392530787028,0.0133778459895945,-0.00762915875152766,0.00331333581309251,-0.00334231224064397,-0.0105181232434904,0.0122219437543111,-0.0012993012829218,-0.0139346439332544,0.0145882374860709
-0.0292635698586842,0.00366599617113913,0.0160985330114576,-0.00173774166905195,-0.0141049329247517,2.37037483483047e-06,-0.0111814238115488,-0.0123497044342921,0.00748085072815887,0.00166176887688405,0.0335915868757388,0.0354761853676143,-0.0200963503914258,-0.0262593543185923,0.0133778459895945,0.180717284446444,-0.0382908137575339,0.00373506783843839,-0.00369443325880938,0.00440192194142935,0.00778353940613691,0.0223533046117216,-0.005658274587091,-0.0323067220377497
0.00815577699998934,0.00140104066425011,-0.0113707512870411,0.0256372641827041,0.00833859223971974,0.00574893018804373,0.0237067878101083,0.0559530285555064,0.0314685878550641,0.0115873097297148,-0.0429170039004222,0.00150745955017586,0.0118275032468802,0.042602969283134,-0.00762915875152766,-0.0382908137575339,0.13758447275916,0.0270503327770874,-0.0270444728230003,0.0108354477622992,-0.0312979613496568,-0.0246436682227567,-0.0215240974389601,0.019089767521598
-0.00664449224762171,1.76380710879293e-05,-0.0022524287912962,0.0065868419268259,0.004447707352573,-0.0113606942785158,-0.00110951552144702,-0.00164917848546674,-0.0015353459509586,0.00197410988385027,0.0119567853147297,0.000826329993029535,0.00780128947424328,0.00408612317917427,0.00331333581309251,0.00373506783843839,0.0270503327770874,0.0556637452719473,-0.0556850126736156,-0.00592287259079579,0.0140861621193651,-0.0127531465587596,0.0190571141812795,-0.00428362353976697
0.00656957263122917,7.02967528584383e-05,0.00225693088491485,-0.00651694755745828,-0.00434796311771111,0.0114456294005996,0.00111451753822067,0.00161897825394034,0.00160168325114887,-0.00195202335022324,-0.0119355771031007,-0.00090025174268365,-0.00778357162810143,-0.00397276284464009,-0.00334231224064397,-0.00369443325880938,-0.0270444728230003,-0.0556850126736156,0.0557090699905705,0.00600856445737149,-0.0142832969536546,0.0128014558347731,-0.0190729842533435,0.00418917712250485
-0.0200304765780903,-0.0135832429182322,0.00275791048671684,0.00331674774995376,0.0188565952406767,0.0175197975049883,0.00297255954513029,0.0260387700184752,0.0244225289295527,-0.0248982742544203,0.0260469083870172,0.00823446501613816,-0.00600109389538348,-0.00903159079564156,-0.0105181232434904,0.00440192194142935,0.0108354477622992,-0.00592287259079579,0.00600856445737149,0.14794706811642,-0.132149511114946,0.014534850874879,0.0136930044304,-0.0295249471547032
0.00514053760446866,-0.0112845797939847,0.0108101282162417,-0.023845081936687,-0.0399383088163495,-0.0280330747576174,-0.0036678364089579,-0.0430651566498733,-0.0472274872212955,0.0143675738784273,-0.0193521750861238,0.0104284548461028,0.00548202728263349,-0.015217945439691,0.0122219437543111,0.00778353940613691,-0.0312979613496568,0.0140861621193651,-0.0142832969536546,-0.132149511114946,0.170031356241633,-0.0127089936919607,-0.0117052246073531,0.0275030463514223
-0.00433941647637326,0.00113845800079812,0.0103848514127159,-0.00297135900214022,0.0111831194696921,0.0145443871907918,0.00367850298274428,-0.0167312695244102,-0.00327506684609554,-0.00113954874678951,0.00829488476289576,-0.000508507566183388,0.00148598427036838,-0.00412953268866669,-0.0012993012829218,0.0223533046117216,-0.0246436682227567,-0.0127531465587596,0.0128014558347731,0.014534850874879,-0.0127089936919607,0.0147164845003155,-0.00439417837192615,-0.00767728247116852
-0.00360668080741015,-0.00650085767026256,-0.00145103335748371,0.00593633125034426,1.79011612629406e-05,-0.0582635658157433,-0.0185685709224958,0.0171400043399653,-0.0140583531349995,-0.0172673786606914,0.00037433048203734,-0.00440718219528692,0.0338751010725269,-0.0478699772824787,-0.0139346439332544,-0.005658274587091,-0.0215240974389601,0.0190571141812795,-0.0190729842533435,0.0136930044304,-0.0117052246073531,-0.00439417837192614,0.181953124912298,-0.104169927659346
0.0689600387413148,-0.000827319967291364,0.00686505485326245,-0.026531539544791,0.0269162221951131,0.0416426986975792,-0.0195815578156505,0.0226188258504425,-0.00181984706828902,-0.0123318444119769,0.0482355145101183,0.00149295509703292,-0.026391830436566,-0.0227219397103921,0.0145882374860709,-0.0323067220377497,0.019089767521598,-0.00428362353976697,0.00418917712250485,-0.0295249471547032,0.0275030463514223,-0.00767728247116852,-0.104169927659346,0.226058414014382
