0.00470674625390569,-0.00739510510693905,0.00272579351869094,-0.000890943399403279,-0.00239569992262254,-0.00134983868307776,-0.003254346436446,-0.00166276118253578,-0.00213229143114495,-0.000656768963718064
-0.00739510510693905,0.101064379045822,0.0694677786378055,0.0698694240041778,0.0610019284967759,0.0422830967306122,0.077735786038691,0.0487546703813447,0.0693040231062007,0.0217665876451815
0.00272579351869094,0.0694677786378056,0.127353448717381,0.105537674107593,0.0697814800211426,0.068213762305368,0.0994737203614449,0.0725176248309807,0.104460193924118,0.0347042688458443
-0.000890943399403279,0.0698694240041778,0.105537674107593,0.113712737196284,0.0635831631934428,0.0659779458669783,0.0982107233934891,0.0661061984636475,0.100720203294911,0.0366869277757513
-0.00239569992262254,0.0610019284967759,0.0697814800211426,0.0635831631934428,0.108870588155824,0.0535153394240867,0.103013397618335,0.0566056581242962,0.0767069507101042,0.021090323780964
-0.00134983868307776,0.0422830967306122,0.068213762305368,0.0659779458669783,0.0535153394240867,0.0734819399835231,0.0643221125523657,0.0410702490542993,0.0686459687152601,0.0279145881890703
-0.003254346436446,0.077735786038691,0.0994737203614449,0.098210723393489,0.103013397618335,0.0643221125523657,0.182167291382288,0.0815955472758412,0.104970856649337,0.0316001915472594
-0.00166276118253578,0.0487546703813447,0.0725176248309807,0.0661061984636475,0.0566056581242962,0.0410702490542993,0.0815955472758412,0.0717876080199827,0.065780210337706,0.0187441433371824
-0.00213229143114495,0.0693040231062007,0.104460193924118,0.100720203294911,0.0767069507101042,0.0686459687152601,0.104970856649337,0.065780210337706,0.141174898890147,0.0344823058549784
-0.000656768963718064,0.0217665876451815,0.0347042688458443,0.0366869277757513,0.021090323780964,0.0279145881890702,0.0316001915472594,0.0187441433371824,0.0344823058549784,0.0408350614835095
