0.029912599568213,-0.00149216578274765,0.0210614195568384,0.00189348366166669,0.0181204829452098,-0.0611854026119931,0.00846833869551402,-0.0100470907031467,0.0317472391315964,0.0226480885402749,0.0189521877889128,0.0470882708931708,0.0246272526196726
-0.00149216578274765,0.22522497489727,0.00478358601268893,-0.0458652866605237,0.0120374337672229,-0.0384471970474374,0.0210351475196094,-0.0220224942440636,-0.112528714909835,-0.0310155376768863,-0.0751112962162682,-0.00212600153620625,0.0226831772800899
0.0210614195568384,0.00478358601268893,0.111773665225715,-0.0110903752300349,0.00791727137440057,-0.0569017189880119,0.0159113144403117,-0.0223928177103902,-0.0071388988008191,-0.025037474349888,-0.00790999814986503,0.0390872332653674,-0.0109319571096444
0.00189348366166669,-0.0458652866605237,-0.0110903752300349,0.0184639900684165,-0.00163817032899692,0.00213294213349425,-0.0110655576161457,0.00560208124062363,0.0328199951645912,0.00938438984074931,0.00315031002509453,0.00596709237723651,-0.0108288277346877
0.0181204829452098,0.0120374337672229,0.00791727137440057,-0.00163817032899692,0.0193791524977508,-0.039748345352032,-0.0138242830276763,-0.0119204224017818,0.0248931557244504,0.0137656177337478,0.0146156755112967,0.0360656907170122,0.0166920832674703
-0.0611854026119931,-0.0384471970474374,-0.0569017189880119,0.00213294213349425,-0.039748345352032,0.16162507260537,-0.074076412562982,0.0216493521231574,-0.0395377468244711,-0.0340242658598727,-0.012468472771637,-0.128235816307185,0.0258561788255759
0.00846833869551402,0.0210351475196094,0.0159113144403117,-0.0110655576161457,-0.0138242830276763,-0.074076412562982,0.271206515259066,0.0554376927331717,-0.149666775847661,-0.00416469095869719,0.0014006611912876,0.029864951156028,-0.154804813363568
-0.0100470907031467,-0.0220224942440636,-0.0223928177103902,0.00560208124062363,-0.0119204224017818,0.0216493521231574,0.0554376927331717,0.0293037923286962,-0.0521831907355972,-0.00189829496204491,0.00640796312218999,-0.0274862418574645,-0.0263703470256766
0.0317472391315964,-0.112528714909835,-0.0071388988008191,0.0328199951645912,0.0248931557244504,-0.0395377468244711,-0.149666775847661,-0.0521831907355972,0.255168973291669,0.0584048930911035,0.040627145522263,0.0897963421843622,0.0427550780644689
0.0226480885402749,-0.0310155376768863,-0.025037474349888,0.00938438984074931,0.0137656177337478,-0.0340242658598727,-0.00416469095869719,-0.00189829496204491,0.0584048930911035,0.0398587412803115,0.0357709801981158,0.0339015554675746,0.0326316725833337
0.0189521877889128,-0.0751112962162682,-0.00790999814986503,0.00315031002509453,0.0146156755112967,-0.012468472771637,0.0014006611912876,0.00640796312218999,0.040627145522263,0.0357709801981158,0.0778909158328454,0.0183894948053525,0.0408792547816641
0.0470882708931708,-0.00212600153620625,0.0390872332653674,0.00596709237723651,0.0360656907170122,-0.128235816307185,0.029864951156028,-0.0274862418574645,0.0897963421843622,0.0339015554675746,0.0183894948053525,0.124405547415851,-0.0462517776488364
0.0246272526196726,0.0226831772800899,-0.0109319571096444,-0.0108288277346877,0.0166920832674703,0.0258561788255759,-0.154804813363568,-0.0263703470256766,0.0427550780644689,0.0326316725833337,0.0408792547816641,-0.0462517776488364,0.250788783411724
