0.0381802013155464,0.00316708620458008,0.00301334428851991,-0.00738417299915057,-0.00166607329106701,-0.00115126810180834,-0.00196285013671241,0.0205701312848477
0.00316708620458008,0.0242284547002238,0.00300519329056517,-0.00233070227675773,0.00904252106799882,0.00354772732233982,0.00228578641819942,0.00982968870003346
0.00301334428851991,0.00300519329056517,0.0247212668392108,0.00438007550486974,0.00299911525905673,0.00161088375987401,0.000818562682020132,0.00568570644797154
-0.00738417299915057,-0.00233070227675773,0.00438007550486974,0.0274187430594321,0.00920211600898309,0.00506082790985964,0.00404748520866855,-0.00456479700712119
-0.00166607329106701,0.00904252106799882,0.00299911525905673,0.00920211600898309,0.0196302408491889,0.00390308028707554,0.0070647341817169,-0.00174422757556276
-0.00115126810180834,0.00354772732233982,0.00161088375987401,0.00506082790985964,0.00390308028707554,0.0128520937033686,0.00251983488382051,-0.0015068005454382
-0.00196285013671241,0.00228578641819942,0.000818562682020132,0.00404748520866856,0.00706473418171691,0.00251983488382051,0.0224667532270037,0.00149684318983202
0.0205701312848477,0.00982968870003346,0.00568570644797154,-0.00456479700712119,-0.00174422757556276,-0.0015068005454382,0.00149684318983202,0.0405433089407658
