0.035417321204055,0.00288169105860892,0.00162420609429749,-0.00365630998159567,-0.00149326611723651,0.0016962073303731,-0.00567349365618565,0.019302051611562
0.00288169105860892,0.0267140200636624,0.0043500858204408,4.55799461350816e-05,0.00611257973096074,0.00511441222997021,0.00210263540205102,0.00874238096608216
0.00162420609429749,0.0043500858204408,0.020664765355155,0.00555973827527624,0.00204197886639514,0.00360567296600065,0.00046233034521987,0.0076585427387805
-0.00365630998159567,4.55799461350816e-05,0.00555973827527624,0.0237632970095674,0.00984827474979601,0.00520028970730567,0.00317444338830493,-0.0057241650352008
-0.00149326611723651,0.00611257973096074,0.00204197886639514,0.00984827474979601,0.0138807736737286,0.00246337064133938,-0.000431203770545023,-0.00334909209039262
0.0016962073303731,0.00511441222997021,0.00360567296600065,0.00520028970730567,0.00246337064133938,0.011102770285306,0.000261859580161377,0.00318286627618375
-0.00567349365618564,0.00210263540205102,0.00046233034521987,0.00317444338830493,-0.000431203770545023,0.000261859580161377,0.0165039454639258,0.000217637837201236
0.019302051611562,0.00874238096608216,0.0076585427387805,-0.0057241650352008,-0.00334909209039262,0.00318286627618375,0.000217637837201236,0.0375975478921404
