0.00814724088740077,0,0,0,0,0,0,0,0,0,0,0,0,0,0,0,0,0,0,0,0,0,0,0,0,0,0,0,0,0,0,0,0,0,0,0,0,0,0,0,0,0,0,0,0,0,0,0,0,0,0,0,0,0,0,0,0,0,0,0
0,2285.08558067985,133.182707302925,0,-317.173622917167,726.834628832892,394.470574255806,239.999983129183,15.5488314088581,244.143241305429,-58.2679239406388,-316.962192615039,-354.451329957101,-230.775986243952,-385.33207130246,1079.61334676331,217.001795682374,0,500.683665093759,-188.076578219551,-584.204155865861,-422.432479270118,0,0,17.5414990414553,150.534437872448,251.2736479617,610.198533013047,494.645513856679,956.201292915784,0,252.600074592513,-503.789933347343,454.272021592573,-169.128580565427,-23.0253583309672,0,-551.690562340685,-449.494085881604,0,0,0,404.497427404667,-520.694672141324,-64.432826361481,482.754649081016,0,0,769.753257281048,0,-498.278306453174,0,0,-920.890436522214,-534.418517471328,-148.483803307586,0,0,377.15181848261,0
0,133.182707302925,1988.57880272133,0,-163.096372885542,-130.093283606345,-45.6937509385736,432.694178981706,427.195162785589,36.0883716879544,-56.5359932394232,427.373158716431,-61.8849302820089,-15.5272596512711,-144.535643991083,494.9104208518,-1120.94979240513,0,-797.770116626162,-508.578756188578,100.98873168631,175.121698511624,0,0,-260.541175515767,140.402393413337,-376.987198676405,570.367680017918,-101.155119420393,-272.672731540746,0,-61.1374572214464,308.174947036587,420.83955460143,-158.488548157467,-23.8147610116409,0,274.337404267892,340.39623903767,0,0,0,-14.1516588313833,-321.030615217953,-59.2427494185076,243.962581649592,0,0,-228.55030356481,0,-33.0899334042651,0,0,676.528242046041,-145.759052929881,-139.615852056357,0,0,-82.0939638241511,0
0,0,0,0.00782661412504622,0,0,0,0,0,0,0,0,0,0,0,0,0,0,0,0,0,0,0,0,0,0,0,0,0,0,0,0,0,0,0,0,0,0,0,0,0,0,0,0,0,0,0,0,0,0,0,0,0,0,0,0,0,0,0,0
0,-317.173622917167,-163.096372885542,0,2657.53385947247,248.601188377066,585.315716918873,-53.2556413820416,420.564271285622,-27.2553515025878,-423.981730713541,-698.488005397921,761.833110857012,-762.230786470541,-252.957685473557,-677.940840047385,1233.67447571355,0,-660.038895477541,446.272310654126,726.495812952477,86.7235028005671,0,0,876.779582120784,1049.08772293291,864.993316596108,560.570403053204,-203.646024308041,-743.099321774411,0,871.318262175816,254.580678655086,88.471010070939,-291.164382867979,230.29136365076,0,-100.906006454651,600.33367206136,0,0,0,376.483820650962,124.457907396651,731.87669186644,-732.386306482225,0,0,449.949848041269,0,-87.2794703045756,0,0,-184.543166966749,992.608368010543,-368.646384432309,0,0,311.98115289167,0
0,726.834628832893,-130.093283606345,0,248.601188377066,5801.18546295238,1814.10406312279,-232.887121413372,130.778300476916,1156.83466146501,33.6201224856462,-387.140752695556,495.151222789624,-286.770121860999,-859.156304882833,1853.31182600898,-21.7258994647228,0,-111.979820096034,-699.337279883477,-175.359754142372,-511.894992448104,0,0,-308.624869072514,2405.19682454082,572.652604401672,1125.32272478477,442.049019555321,-325.872566453688,0,-501.56357553385,-1568.36615097954,846.228672248138,416.720159617081,-1479.9264794183,0,1094.74317153148,-1042.67230006482,0,0,0,401.733042251296,117.352795128398,-410.310225149167,890.958649408989,0,0,-241.450788834762,0,-481.249631827324,0,0,401.603763785066,-455.501026975715,76.1484593164252,0,0,1110.2402558211,0
0,394.470574255806,-45.6937509385736,0,585.315716918873,1814.10406312279,6401.55468329569,-826.740885448145,1389.24079926622,966.477241783247,204.223843806927,-1518.32798105424,-732.059802609993,-1541.3822937581,-1911.63046144549,759.902397460821,-431.362272825937,0,-1025.58975741654,99.1492774481608,-589.601670253101,135.760459022526,0,0,381.664273753793,-422.580471041314,803.532046733711,2341.63176616496,-814.934570924076,914.983644754845,0,1352.75848757606,-2369.73280071102,-855.672775678028,-446.92184728375,-1784.14398777471,0,1707.87370535055,-1316.76471933142,0,0,0,233.719460133523,-679.593146551082,218.691314838698,-47.6418397813087,0,0,696.116725294855,0,-1160.98084555136,0,0,1081.31342932515,-41.8488792972542,-32.067737491854,0,0,102.103879679977,0
0,239.999983129183,432.694178981706,0,-53.2556413820416,-232.887121413372,-826.740885448145,6462.05076531929,769.329800287171,411.725263483997,335.119324021972,-98.4644138614679,1828.75960676853,-1115.229281082,1280.09373819579,-494.120137749347,-226.419026377235,0,-298.599461698904,-916.210773429095,194.916196262479,-2755.39271888657,0,0,525.45186857646,1817.79642322556,980.640574269743,-965.287379621179,833.808078943646,35.4826359670251,0,-110.842893705716,-382.970760635035,-249.95356843475,-284.183687663237,506.262452455146,0,20.152728856902,-300.811788884885,0,0,0,1383.02968746005,602.374524514125,1297.78672860075,69.951913322712,0,0,-1267.78184260272,0,717.419651667678,0,0,-170.649964889221,60.3224274851185,-252.149761122944,0,0,-147.931135105198,0
0,15.5488314088581,427.195162785589,0,420.564271285622,130.778300476916,1389.24079926622,769.329800287171,6276.61191883941,-272.140082504647,-102.428843931574,-530.015372195274,1324.93946427837,328.700172462074,-638.298172915899,-485.862222952148,1536.65913812922,0,268.43785145845,881.329937812062,-384.976035712808,811.734040060526,0,0,-1447.98158334044,-263.785797654782,964.466883897548,519.823914053649,1318.65167952656,-483.838178535972,0,418.123516566132,-1761.98379038426,-745.374591798024,-822.586363646738,496.098971740482,0,487.187717908783,-744.999231696084,0,0,0,-22.3973018083766,-572.531956454689,-99.7959970046333,-293.459783722522,0,0,-403.244702845697,0,-314.554880126156,0,0,-165.606330043925,-573.658794076482,-517.837945382617,0,0,-917.492106829512,0
0,244.143241305429,36.0883716879544,0,-27.2553515025878,1156.83466146501,966.477241783247,411.725263483997,-272.140082504647,5646.56385388823,-845.138926714631,-448.41086156044,-59.5426889525118,-601.517881773573,-614.205557862633,-766.365039044039,-775.000482927142,0,-239.758330611454,-797.383288475315,-1454.98273849433,261.86931488357,0,0,-364.101050274798,1674.64894314548,-62.6319654024929,-814.292686067301,849.428719368779,1045.03232611327,0,-410.898704753783,88.7335058135992,-80.4232354441658,1262.12815668639,-902.289912570564,0,-34.2917446829888,-198.639120498905,0,0,0,695.365084502509,-290.775817686565,-53.4138533077425,1069.2506589051,0,0,-35.7610045190454,0,-501.227713057017,0,0,-67.5672442839725,642.590885032841,-630.287062862642,0,0,553.124680961231,0
0,-58.2679239406388,-56.5359932394232,0,-423.981730713541,33.6201224856462,204.223843806927,335.119324021972,-102.428843931574,-845.138926714631,8856.10431482393,-1277.95103316153,2511.02462633661,-136.921049013535,-460.325401854854,360.725627916044,-1197.81581167269,0,-548.079345901314,117.355210296177,-701.367117566882,743.113917030682,0,0,-1288.59650167967,708.022177878707,-2252.53724631464,-132.505134339775,-365.814956810289,-140.645288973272,0,-2111.64501684158,-72.6823594771331,-1009.46390710728,-529.733727661546,1683.75630750461,0,362.390672101426,563.551615949073,0,0,0,-538.460476651898,568.12483583844,-1363.6400866521,369.242101883584,0,0,326.007029432583,0,440.997136400187,0,0,1270.41362010785,-49.6750932806258,-1312.61685258065,0,0,-1236.14728725574,0
0,-316.962192615039,427.373158716431,0,-698.488005397921,-387.140752695556,-1518.32798105424,-98.4644138614679,-530.015372195274,-448.41086156044,-1277.95103316153,8811.51228202252,266.651986972067,-138.268176781137,429.234585169092,-708.81342172924,-506.389737602281,0,106.52606808031,1508.77928107443,1988.74312105632,-1023.72788110668,0,0,2749.78087210544,104.176380884243,2215.99790229746,-702.989275175455,221.528028231736,1077.81579874525,0,966.984770747257,2092.3742052204,3083.55102708222,107.188850840617,-2097.48974432799,0,363.147323590356,36.8885984956319,0,0,0,276.868857760748,-798.764747113389,-283.811176552212,1218.53339192271,0,0,329.023650568068,0,-756.087504994062,0,0,-864.818472944883,-1535.1305063472,276.983547048453,0,0,123.786113247536,0
0,-354.451329957101,-61.8849302820089,0,761.833110857012,495.151222789624,-732.059802609993,1828.75960676853,1324.93946427837,-59.5426889525118,2511.02462633661,266.651986972067,10836.2947106453,-617.518479273704,-1000.53499384636,-1380.08254876696,204.85990223219,0,-603.416380326226,-637.603550952998,-24.0145517910999,-483.831402780683,0,0,-1420.68082157613,2787.01920280426,-373.799737583232,-2060.17712147082,247.084790445851,-827.02725201796,0,-1654.19164644547,1121.26183121845,-462.930056406105,1522.0772410405,-1623.70919578955,0,-200.030375100447,-1131.93324982729,0,0,0,755.118278831998,-125.526419413335,-312.692721462532,877.219265444341,0,0,-1825.63944774453,0,488.965143966121,0,0,-369.769829532152,-464.451333943109,-1098.86529651907,0,0,-1364.73686582926,0
0,-230.775986243952,-15.5272596512711,0,-762.230786470541,-286.770121860999,-1541.3822937581,-1115.229281082,328.700172462074,-601.517881773573,-136.921049013535,-138.268176781137,-617.518479273704,5432.15495369642,152.831056083172,-139.279236447885,-1327.76022915943,0,777.007778541597,-332.165564233498,229.402472095149,1790.94863583918,0,0,446.645565616165,-787.517575714413,-1228.69553119279,-1464.80101287004,-760.064203593516,-1038.2250737697,0,-1301.7596754271,77.2248041932176,90.3518147883315,1268.22033600963,878.390050495037,0,-382.995514340671,951.832706560971,0,0,0,-444.110757508306,-239.902644925991,-1038.9805103316,-1351.32693039253,0,0,66.8807721119608,0,417.262519051285,0,0,194.694466286525,359.218038408543,708.41606411577,0,0,-873.280067948056,0
0,-385.332071302461,-144.535643991083,0,-252.957685473557,-859.156304882833,-1911.63046144549,1280.09373819579,-638.2981729159,-614.205557862633,-460.325401854854,429.234585169092,-1000.53499384636,152.831056083172,7537.73745160916,-1218.07135165382,1532.70603035817,0,4418.43191850216,2836.98081721145,92.6067197944687,793.916889896922,0,0,163.444044039806,-1277.14507945719,-585.617983097487,-342.833132487433,542.47897794503,-1432.06876555271,0,811.551524651595,1070.47695601891,65.9907013348647,894.551937745876,1898.08740893976,0,-98.3716015050239,-150.18543156808,0,0,0,505.049323440122,1443.99255521034,-18.713984703283,-1037.69264282097,0,0,-961.41248791715,0,254.540053136754,0,0,969.275683507273,-251.9574242291,-40.4772894338077,0,0,208.579312377934,0
0,1079.61334676331,494.9104208518,0,-677.940840047385,1853.31182600898,759.902397460821,-494.120137749347,-485.862222952148,-766.365039044039,360.725627916044,-708.81342172924,-1380.08254876696,-139.279236447885,-1218.07135165382,8847.7899941729,-244.222594853207,0,-1798.08188127612,-1170.27278565504,-420.587528353727,-212.346849133859,0,0,-1866.68786506546,1544.48995431878,-1571.66985155397,4218.35194110577,272.20720935464,1239.56162082943,0,290.423232866092,-1044.98481206127,-497.082985603805,-384.119724696958,-873.570854252002,0,-486.01488705171,-2133.24074470504,0,0,0,-565.054746917406,416.787193076384,-1892.71962386142,78.7680053063698,0,0,1125.8901890193,0,-103.555177335348,0,0,-878.630355001644,-324.655668515313,-101.808920746421,0,0,2221.09119708165,0
0,217.001795682374,-1120.94979240513,0,1233.67447571355,-21.7258994647228,-431.362272825937,-226.419026377235,1536.65913812922,-775.000482927142,-1197.81581167269,-506.389737602281,204.85990223219,-1327.76022915943,1532.70603035817,-244.222594853207,17698.6484117972,0,3511.61622270812,1815.13933909184,1391.3860296775,1503.10019738695,0,0,1270.06829048857,-72.4112343627,1098.17025240129,485.443294316458,1055.72570691661,508.694785723699,0,-1087.18438650958,413.416497968056,-1310.43019020374,-1800.80366743159,2288.76396503472,0,-2113.48241312162,-27.6528785638022,0,0,0,-188.960846700488,-386.572278017518,193.719415179212,-254.800276367577,0,0,783.45640974995,0,513.792721836744,0,0,229.008810344103,1294.40983098424,-839.265082757929,0,0,1149.76853322863,0
0,0,0,0,0,0,0,0,0,0,0,0,0,0,0,0,0,0.0787324189999764,0,0,0,0,0,0,0,0,0,0,0,0,0,0,0,0,0,0,0,0,0,0,0,0,0,0,0,0,0,0,0,0,0,0,0,0,0,0,0,0,0,0
0,500.683665093759,-797.770116626162,0,-660.038895477541,-111.979820096034,-1025.58975741654,-298.599461698904,268.43785145845,-239.758330611454,-548.079345901314,106.52606808031,-603.416380326226,777.007778541597,4418.43191850216,-1798.08188127612,3511.61622270812,0,15325.1122475844,779.553399913848,-1226.13008197959,3011.68333564443,0,0,365.879386013969,-898.773068170973,-1525.47410983741,-392.987646507576,847.908137743983,-410.722135879712,0,294.071510292745,1092.18074216563,799.060928869537,1530.51152894704,345.770849049747,0,205.520285370119,-833.523467440451,0,0,0,754.669626381191,127.500903575215,-1988.48104330644,-260.549465161208,0,0,184.859708685579,0,-326.842011574468,0,0,-1312.11035816637,744.124286125122,-135.030052055697,0,0,-633.906948333056,0
0,-188.076578219551,-508.578756188578,0,446.272310654126,-699.337279883478,99.1492774481608,-916.210773429095,881.329937812062,-797.383288475315,117.355210296177,1508.77928107443,-637.603550952998,-332.165564233498,2836.98081721145,-1170.27278565504,1815.13933909184,0,779.553399913848,17170.5326947596,-1304.07942308091,-885.637695942445,0,0,1171.48721920632,-3453.19466940421,2782.63968581672,377.147148067389,88.5026706162956,407.848022696962,0,1158.69762161628,408.811513063527,-766.398137692827,750.882315857058,-502.146467292744,0,-532.830409976022,-873.589291864706,0,0,0,238.660188751571,-1275.9128944868,873.261522307835,315.521431011013,0,0,3596.27477599289,0,484.398284204505,0,0,-647.795239611084,-1767.51398747823,-142.525858454037,0,0,-54.4338935189642,0
0,-584.204155865861,100.98873168631,0,726.495812952477,-175.359754142372,-589.601670253101,194.916196262479,-384.976035712807,-1454.98273849433,-701.367117566882,1988.74312105632,-24.0145517910999,229.402472095149,92.6067197944687,-420.587528353727,1391.3860296775,0,-1226.13008197959,-1304.07942308091,17151.614059355,402.045755863064,0,0,2556.95975345407,-313.078230899332,2516.02092641467,252.47152231806,1605.58148846226,-2972.79579260873,0,397.433667950847,173.324140097979,-676.124210978166,512.691782894592,-491.822759894791,0,-871.936497471249,4000.13716542777,0,0,0,-862.432872268762,-88.478975842978,2126.19708004662,-2133.64828601893,0,0,517.00428198108,0,-415.196911783061,0,0,1457.84309192243,-867.312482704095,1207.89919351963,0,0,-1490.96425327865,0
0,-422.432479270118,175.121698511624,0,86.7235028005671,-511.894992448104,135.760459022526,-2755.39271888657,811.734040060526,261.86931488357,743.113917030682,-1023.72788110668,-483.831402780683,1790.94863583918,793.916889896922,-212.346849133859,1503.10019738695,0,3011.68333564443,-885.637695942445,402.045755863064,13011.7420246638,0,0,411.577118532545,-1469.20951387529,-2789.50196431258,1087.90554240827,-469.190119471191,435.805201064437,0,-200.159484303788,362.26284592019,-438.915109722114,2898.97945187417,2701.12249008251,0,106.330148916189,-634.594933136943,0,0,0,-157.429648882274,-1127.7033764198,-1724.2907681803,-2204.58678845635,0,0,-1053.59448476009,0,-260.847939600704,0,0,820.02940640536,-186.160781440144,391.789373614171,0,0,-598.13052975912,0
0,0,0,0,0,0,0,0,0,0,0,0,0,0,0,0,0,0,0,0,0,0,0.0706574876768678,0,0,0,0,0,0,0,0,0,0,0,0,0,0,0,0,0,0,0,0,0,0,0,0,0,0,0,0,0,0,0,0,0,0,0,0,0
0,0,0,0,0,0,0,0,0,0,0,0,0,0,0,0,0,0,0,0,0,0,0,0.0571424352961789,0,0,0,0,0,0,0,0,0,0,0,0,0,0,0,0,0,0,0,0,0,0,0,0,0,0,0,0,0,0,0,0,0,0,0,0
0,17.5414990414553,-260.541175515767,0,876.779582120784,-308.624869072514,381.664273753793,525.45186857646,-1447.98158334044,-364.101050274798,-1288.59650167968,2749.78087210544,-1420.68082157613,446.645565616165,163.444044039806,-1866.68786506546,1270.06829048857,0,365.879386013969,1171.48721920632,2556.95975345407,411.577118532545,0,0,11219.6615724107,332.562125320327,2026.68310769418,39.3167743316907,-241.805230218395,-1349.98663688595,0,-143.522260925423,734.91346976079,3668.36224103987,-378.282263003538,-56.1740353509453,0,1269.73482760748,-390.622744413856,0,0,0,890.071443007858,13.8928022568456,476.024274861059,-876.624147249913,0,0,2273.6017472734,0,606.192091533598,0,0,391.752564929087,-761.270488422196,755.917715769483,0,0,318.266583199505,0
0,150.534437872448,140.402393413337,0,1049.08772293291,2405.19682454082,-422.580471041314,1817.79642322556,-263.785797654782,1674.64894314548,708.022177878707,104.176380884243,2787.01920280426,-787.517575714413,-1277.14507945719,1544.48995431878,-72.4112343627,0,-898.773068170973,-3453.19466940421,-313.078230899332,-1469.20951387529,0,0,332.562125320327,12855.0279299528,892.250060183386,-2422.76141284102,-627.332415751219,-3281.45189090565,0,-1939.55624144405,-942.179448598822,1431.60942692385,-862.236276112629,-1190.2447089138,0,-461.04514760604,-1389.35250175193,0,0,0,204.543394279398,1345.07207623406,109.528632220431,785.453946696839,0,0,-1007.61325179549,0,61.4554554865195,0,0,1980.11171796379,686.987639305782,-882.452070362288,0,0,2642.45602941991,0
0,251.2736479617,-376.987198676405,0,864.993316596108,572.652604401672,803.532046733711,980.640574269743,964.466883897548,-62.6319654024929,-2252.53724631464,2215.99790229746,-373.799737583232,-1228.69553119279,-585.617983097487,-1571.66985155397,1098.17025240129,0,-1525.47410983741,2782.63968581672,2516.02092641467,-2789.50196431258,0,0,2026.68310769418,892.250060183386,14091.3654962196,-165.906744927642,-468.27472477183,588.431050025469,0,4338.27162774178,-777.551362432557,944.948005556585,135.208359846268,-1855.45136875543,0,-923.821141539393,-619.064273905285,0,0,0,346.469817906621,-144.468651255136,3040.75043559997,-1148.76425728682,0,0,409.968622288847,0,181.64435507927,0,0,-1770.37944736003,-60.3492672071559,349.669127498972,0,0,1293.35034935399,0
0,610.198533013047,570.367680017919,0,560.570403053204,1125.32272478477,2341.63176616496,-965.287379621179,519.823914053649,-814.292686067301,-132.505134339775,-702.989275175455,-2060.17712147082,-1464.80101287004,-342.833132487433,4218.35194110577,485.443294316458,0,-392.987646507576,377.147148067389,252.47152231806,1087.90554240827,0,0,39.3167743316907,-2422.76141284102,-165.906744927642,11200.5753508405,2426.45226394577,2112.32176451782,0,1964.89558083572,-497.8115881274,-327.812504330874,-378.018918814511,-773.538824788469,0,647.082299464373,-991.375942770855,0,0,0,1358.39010830638,-763.08569606572,-2594.34273730982,-388.917837434565,0,0,17.9978424074344,0,-761.707083670476,0,0,-1437.64511050728,-340.785554843707,-330.810102461126,0,0,-196.518324914394,0
0,494.645513856679,-101.155119420393,0,-203.646024308041,442.049019555321,-814.934570924076,833.808078943646,1318.65167952656,849.428719368779,-365.814956810289,221.528028231736,247.084790445851,-760.064203593516,542.47897794503,272.20720935464,1055.72570691661,0,847.908137743983,88.5026706162956,1605.58148846226,-469.190119471191,0,0,-241.805230218395,-627.332415751219,-468.27472477183,2426.45226394577,11016.6782217662,-257.922831340174,0,159.419363035996,3040.89600577726,-701.812073547622,-660.521298985387,312.739663796932,0,-1410.87765768491,1166.3088362318,0,0,0,-270.490689660068,-878.752584955608,-1016.59048403754,418.619927865975,0,0,-700.598659473266,0,827.931913903118,0,0,104.708241539826,-497.340971017666,-553.914323449457,0,0,-1407.31655617649,0
0,956.201292915784,-272.672731540746,0,-743.099321774411,-325.872566453688,914.983644754845,35.4826359670251,-483.838178535972,1045.03232611327,-140.645288973272,1077.81579874525,-827.02725201796,-1038.2250737697,-1432.06876555271,1239.56162082943,508.694785723699,0,-410.722135879712,407.848022696962,-2972.79579260873,435.805201064437,0,0,-1349.98663688595,-3281.45189090565,588.431050025469,2112.32176451782,-257.922831340174,12454.8350135603,0,-889.907117998394,-1178.14385822154,-345.828490222536,2649.41595488376,-54.8265494568577,0,684.162784216278,222.930323603311,0,0,0,939.379939073432,-2038.16424426398,1146.621274252,-411.78395086894,0,0,16.1418914247458,0,-805.015799773381,0,0,-1518.01435221111,-1253.07680599888,412.098017555811,0,0,876.374918563401,0
0,0,0,0,0,0,0,0,0,0,0,0,0,0,0,0,0,0,0,0,0,0,0,0,0,0,0,0,0,0,0.0535523872376922,0,0,0,0,0,0,0,0,0,0,0,0,0,0,0,0,0,0,0,0,0,0,0,0,0,0,0,0,0
0,252.600074592513,-61.1374572214464,0,871.318262175816,-501.56357553385,1352.75848757606,-110.842893705716,418.123516566132,-410.898704753783,-2111.64501684158,966.984770747257,-1654.19164644547,-1301.7596754271,811.551524651595,290.423232866092,-1087.18438650958,0,294.071510292745,1158.69762161628,397.433667950847,-200.159484303788,0,0,-143.522260925423,-1939.55624144405,4338.27162774178,1964.89558083572,159.419363035996,-889.907117998394,0,10584.618716326,1409.89302582934,-87.229149779511,-3576.6076085789,-423.136904682267,0,187.917924473467,-643.963953843925,0,0,0,1213.88462770694,531.404301255213,375.969920801436,-963.377692159085,0,0,1365.12100459646,0,-518.476275272844,0,0,-1154.45262364936,514.883754950123,120.86718940095,0,0,393.839452622051,0
0,-503.789933347343,308.174947036587,0,254.580678655086,-1568.36615097954,-2369.73280071102,-382.970760635035,-1761.98379038425,88.7335058135992,-72.6823594771331,2092.3742052204,1121.26183121845,77.2248041932176,1070.47695601891,-1044.98481206127,413.416497968056,0,1092.18074216563,408.811513063527,173.324140097979,362.26284592019,0,0,734.91346976079,-942.179448598822,-777.551362432557,-497.8115881274,3040.89600577726,-1178.14385822154,0,1409.89302582934,10549.2725298151,1763.47204144256,366.8912553686,-563.584726088974,0,-1809.54953954464,1417.67851178309,0,0,0,510.477630566242,332.509717001656,-1810.84808358451,552.300022459962,0,0,1537.2871980144,0,278.903596444058,0,0,-91.6799105900616,878.935524201873,-177.712091287777,0,0,-693.057134434953,0
0,454.272021592573,420.83955460143,0,88.471010070939,846.228672248138,-855.672775678028,-249.95356843475,-745.374591798024,-80.4232354441658,-1009.46390710728,3083.55102708222,-462.930056406105,90.3518147883315,65.9907013348648,-497.082985603805,-1310.43019020374,0,799.060928869537,-766.398137692827,-676.124210978166,-438.915109722114,0,0,3668.36224103987,1431.60942692385,944.948005556585,-327.812504330874,-701.812073547622,-345.828490222536,0,-87.229149779511,1763.47204144256,9899.36821590584,36.4154541348606,136.805908144059,0,572.4194620831,-163.467833713148,0,0,0,95.0076482438111,-37.9344959183869,799.32483724857,902.778312815438,0,0,-54.5406403592862,0,-941.690534401562,0,0,1213.65366144154,780.115392981989,407.104396206031,0,0,-335.010302200982,0
0,-169.128580565427,-158.488548157467,0,-291.164382867979,416.720159617081,-446.92184728375,-284.183687663237,-822.586363646738,1262.12815668639,-529.733727661546,107.188850840617,1522.0772410405,1268.22033600963,894.551937745876,-384.119724696958,-1800.80366743159,0,1530.51152894704,750.882315857058,512.691782894592,2898.97945187417,0,0,-378.282263003538,-862.236276112629,135.208359846268,-378.018918814511,-660.521298985387,2649.41595488376,0,-3576.6076085789,366.8912553686,36.4154541348606,14177.010623309,334.520585136045,0,-491.833673649474,1851.89679122323,0,0,0,-291.621879006208,121.433830297308,-556.648701626257,288.370566297233,0,0,-443.389731438281,0,-689.542560564914,0,0,-1262.70886440544,719.402994385127,1065.26251065173,0,0,-50.0033269864925,0
0,-23.0253583309672,-23.8147610116409,0,230.29136365076,-1479.9264794183,-1784.14398777471,506.262452455146,496.098971740482,-902.289912570564,1683.75630750461,-2097.48974432799,-1623.70919578955,878.390050495037,1898.08740893976,-873.570854252002,2288.76396503472,0,345.770849049747,-502.146467292744,-491.822759894791,2701.12249008251,0,0,-56.1740353509453,-1190.2447089138,-1855.45136875543,-773.538824788469,312.739663796932,-54.8265494568577,0,-423.136904682267,-563.584726088974,136.805908144059,334.520585136045,12345.1443019786,0,788.507494951769,2100.89238785968,0,0,0,-664.516788136978,1771.70309447472,-218.771652613118,89.9777374113501,0,0,-521.756306720254,0,624.272273003523,0,0,1616.87045026439,542.704445163633,674.620737955207,0,0,-190.865178608174,0
0,0,0,0,0,0,0,0,0,0,0,0,0,0,0,0,0,0,0,0,0,0,0,0,0,0,0,0,0,0,0,0,0,0,0,0,0.0683249075320051,0,0,0,0,0,0,0,0,0,0,0,0,0,0,0,0,0,0,0,0,0,0,0
0,-551.690562340685,274.337404267892,0,-100.906006454651,1094.74317153148,1707.87370535055,20.152728856902,487.187717908783,-34.2917446829888,362.390672101426,363.147323590356,-200.030375100447,-382.995514340671,-98.3716015050239,-486.01488705171,-2113.48241312162,0,205.520285370119,-532.830409976022,-871.936497471249,106.330148916189,0,0,1269.73482760748,-461.04514760604,-923.821141539393,647.082299464373,-1410.87765768491,684.162784216278,0,187.917924473467,-1809.54953954464,572.4194620831,-491.833673649474,788.507494951769,0,11516.6614683881,-2056.97271866416,0,0,0,952.978590602259,895.675937198832,-192.946215735276,-35.8115090221203,0,0,-2450.19932683356,0,215.986603691104,0,0,1611.96179825974,-1240.70780829289,910.796670239642,0,0,-403.769586885754,0
0,-449.494085881604,340.39623903767,0,600.33367206136,-1042.67230006482,-1316.76471933142,-300.811788884885,-744.999231696084,-198.639120498905,563.551615949072,36.8885984956319,-1131.93324982729,951.832706560971,-150.18543156808,-2133.24074470504,-27.6528785638022,0,-833.523467440452,-873.589291864706,4000.13716542777,-634.594933136943,0,0,-390.622744413856,-1389.35250175193,-619.064273905285,-991.375942770855,1166.3088362318,222.930323603311,0,-643.963953843925,1417.67851178309,-163.467833713148,1851.89679122323,2100.89238785968,0,-2056.97271866416,9187.66681391576,0,0,0,-773.459095788131,143.585081435616,2296.83583477968,-663.046593703767,0,0,-308.532721491791,0,-292.837167391916,0,0,504.762753388649,1752.42030033331,95.8146233967884,0,0,-2375.51501752419,0
0,0,0,0,0,0,0,0,0,0,0,0,0,0,0,0,0,0,0,0,0,0,0,0,0,0,0,0,0,0,0,0,0,0,0,0,0,0,0,0.0400984279589519,0,0,0,0,0,0,0,0,0,0,0,0,0,0,0,0,0,0,0,0
0,0,0,0,0,0,0,0,0,0,0,0,0,0,0,0,0,0,0,0,0,0,0,0,0,0,0,0,0,0,0,0,0,0,0,0,0,0,0,0,0.0389704060774008,0,0,0,0,0,0,0,0,0,0,0,0,0,0,0,0,0,0,0
0,0,0,0,0,0,0,0,0,0,0,0,0,0,0,0,0,0,0,0,0,0,0,0,0,0,0,0,0,0,0,0,0,0,0,0,0,0,0,0,0,0.0407448404663774,0,0,0,0,0,0,0,0,0,0,0,0,0,0,0,0,0,0
0,404.497427404667,-14.1516588313833,0,376.483820650962,401.733042251296,233.719460133523,1383.02968746005,-22.3973018083766,695.365084502509,-538.460476651898,276.868857760748,755.118278831998,-444.110757508306,505.049323440122,-565.054746917406,-188.960846700488,0,754.669626381191,238.660188751571,-862.432872268762,-157.429648882274,0,0,890.071443007858,204.543394279398,346.469817906621,1358.39010830638,-270.490689660068,939.379939073432,0,1213.88462770694,510.477630566242,95.0076482438111,-291.621879006208,-664.516788136978,0,952.978590602259,-773.459095788131,0,0,0,5145.23847408269,-504.889601309604,725.59908121317,-282.588845406302,0,0,-736.426125183973,0,-79.879852839853,0,0,-675.421997579675,-248.42887394915,-76.4493686887989,0,0,243.045685514062,0
0,-520.694672141324,-321.030615217953,0,124.457907396652,117.352795128398,-679.593146551083,602.374524514125,-572.531956454689,-290.775817686565,568.124835838439,-798.764747113389,-125.526419413335,-239.902644925991,1443.99255521034,416.787193076384,-386.572278017518,0,127.500903575215,-1275.9128944868,-88.478975842978,-1127.7033764198,0,0,13.8928022568457,1345.07207623406,-144.468651255136,-763.08569606572,-878.752584955608,-2038.16424426398,0,531.404301255213,332.509717001656,-37.9344959183869,121.433830297308,1771.70309447472,0,895.675937198832,143.585081435616,0,0,0,-504.889601309604,4481.28169211772,-484.638439279379,-311.29880282909,0,0,-863.126529467889,0,134.343144228035,0,0,-438.378850442837,981.854284548469,353.060755955317,0,0,964.385076493589,0
0,-64.432826361481,-59.2427494185076,0,731.87669186644,-410.310225149167,218.691314838698,1297.78672860075,-99.7959970046333,-53.4138533077425,-1363.6400866521,-283.811176552212,-312.692721462532,-1038.9805103316,-18.713984703283,-1892.71962386142,193.719415179212,0,-1988.48104330644,873.261522307835,2126.19708004662,-1724.2907681803,0,0,476.024274861059,109.528632220431,3040.75043559997,-2594.34273730982,-1016.59048403754,1146.621274252,0,375.969920801436,-1810.84808358451,799.32483724857,-556.648701626257,-218.771652613118,0,-192.946215735276,2296.83583477968,0,0,0,725.59908121317,-484.638439279379,10043.8348842365,-967.56046970376,0,0,341.342326019048,0,-490.620521984058,0,0,1350.60334394236,-53.7745322632606,-42.8189942508023,0,0,-833.236503226318,0
0,482.754649081016,243.962581649592,0,-732.386306482225,890.958649408989,-47.6418397813087,69.951913322712,-293.459783722522,1069.2506589051,369.242101883584,1218.53339192271,877.219265444341,-1351.32693039253,-1037.69264282097,78.7680053063698,-254.800276367577,0,-260.549465161208,315.521431011013,-2133.64828601893,-2204.58678845635,0,0,-876.624147249913,785.453946696839,-1148.76425728682,-388.917837434565,418.619927865975,-411.78395086894,0,-963.377692159085,552.300022459962,902.778312815438,288.370566297233,89.9777374113501,0,-35.8115090221203,-663.046593703767,0,0,0,-282.588845406302,-311.29880282909,-967.56046970376,6529.10621354277,0,0,-37.9146757115183,0,-539.141322985853,0,0,-521.290930847712,-246.823370775305,-677.870376753285,0,0,593.979584445778,0
0,0,0,0,0,0,0,0,0,0,0,0,0,0,0,0,0,0,0,0,0,0,0,0,0,0,0,0,0,0,0,0,0,0,0,0,0,0,0,0,0,0,0,0,0,0,0.0232002550292579,0,0,0,0,0,0,0,0,0,0,0,0,0
0,0,0,0,0,0,0,0,0,0,0,0,0,0,0,0,0,0,0,0,0,0,0,0,0,0,0,0,0,0,0,0,0,0,0,0,0,0,0,0,0,0,0,0,0,0,0,0.0373599341702547,0,0,0,0,0,0,0,0,0,0,0,0
0,769.753257281048,-228.55030356481,0,449.949848041269,-241.450788834762,696.116725294855,-1267.78184260272,-403.244702845697,-35.7610045190454,326.007029432583,329.023650568068,-1825.63944774453,66.8807721119608,-961.41248791715,1125.8901890193,783.45640974995,0,184.859708685579,3596.27477599289,517.00428198108,-1053.59448476009,0,0,2273.6017472734,-1007.61325179549,409.968622288847,17.9978424074344,-700.598659473266,16.1418914247458,0,1365.12100459646,1537.2871980144,-54.5406403592862,-443.389731438281,-521.756306720254,0,-2450.19932683356,-308.532721491791,0,0,0,-736.426125183973,-863.126529467889,341.342326019048,-37.9146757115183,0,0,9359.0536164243,0,-979.017884129369,0,0,-634.262171370157,-393.232778000479,-107.592732638927,0,0,511.409431951677,0
0,0,0,0,0,0,0,0,0,0,0,0,0,0,0,0,0,0,0,0,0,0,0,0,0,0,0,0,0,0,0,0,0,0,0,0,0,0,0,0,0,0,0,0,0,0,0,0,0,0.0360543088043436,0,0,0,0,0,0,0,0,0,0
0,-498.278306453174,-33.0899334042651,0,-87.2794703045756,-481.249631827324,-1160.98084555136,717.419651667678,-314.554880126156,-501.227713057017,440.997136400187,-756.087504994062,488.965143966121,417.262519051285,254.540053136754,-103.555177335348,513.792721836744,0,-326.842011574468,484.398284204505,-415.196911783061,-260.847939600704,0,0,606.192091533598,61.4554554865195,181.64435507927,-761.707083670476,827.931913903118,-805.015799773381,0,-518.476275272844,278.903596444058,-941.690534401562,-689.542560564915,624.272273003523,0,215.986603691104,-292.837167391916,0,0,0,-79.879852839853,134.343144228035,-490.620521984058,-539.141322985852,0,0,-979.017884129369,0,3114.95228221888,0,0,-201.930085744822,-29.1070665816268,-21.8472267656481,0,0,70.4041734385792,0
0,0,0,0,0,0,0,0,0,0,0,0,0,0,0,0,0,0,0,0,0,0,0,0,0,0,0,0,0,0,0,0,0,0,0,0,0,0,0,0,0,0,0,0,0,0,0,0,0,0,0,0.0213020467715141,0,0,0,0,0,0,0,0
0,0,0,0,0,0,0,0,0,0,0,0,0,0,0,0,0,0,0,0,0,0,0,0,0,0,0,0,0,0,0,0,0,0,0,0,0,0,0,0,0,0,0,0,0,0,0,0,0,0,0,0,0.0252004332638889,0,0,0,0,0,0,0
0,-920.890436522214,676.528242046041,0,-184.543166966749,401.603763785066,1081.31342932515,-170.649964889221,-165.606330043925,-67.5672442839725,1270.41362010785,-864.818472944883,-369.769829532152,194.694466286525,969.275683507273,-878.630355001644,229.008810344103,0,-1312.11035816637,-647.795239611084,1457.84309192243,820.02940640536,0,0,391.752564929087,1980.11171796379,-1770.37944736003,-1437.64511050728,104.708241539826,-1518.01435221111,0,-1154.45262364936,-91.6799105900616,1213.65366144154,-1262.70886440544,1616.87045026439,0,1611.96179825974,504.762753388649,0,0,0,-675.421997579675,-438.378850442837,1350.60334394236,-521.290930847712,0,0,-634.262171370157,0,-201.930085744822,0,0,9134.67699248634,-453.251379100431,504.551983939625,0,0,-328.443468051187,0
0,-534.418517471328,-145.759052929881,0,992.608368010542,-455.501026975715,-41.8488792972542,60.3224274851185,-573.658794076482,642.590885032841,-49.6750932806258,-1535.1305063472,-464.451333943109,359.218038408543,-251.9574242291,-324.655668515313,1294.40983098424,0,744.124286125122,-1767.51398747823,-867.312482704095,-186.160781440144,0,0,-761.270488422196,686.987639305782,-60.3492672071559,-340.785554843707,-497.340971017666,-1253.07680599888,0,514.883754950123,878.935524201873,780.115392981989,719.402994385127,542.704445163633,0,-1240.70780829289,1752.42030033331,0,0,0,-248.42887394915,981.854284548469,-53.7745322632606,-246.823370775305,0,0,-393.232778000479,0,-29.1070665816268,0,0,-453.251379100431,4962.80565072165,341.432848690541,0,0,-806.363307176997,0
0,-148.483803307586,-139.615852056357,0,-368.646384432309,76.1484593164252,-32.067737491854,-252.149761122944,-517.837945382617,-630.287062862642,-1312.61685258065,276.983547048453,-1098.86529651907,708.41606411577,-40.4772894338077,-101.808920746421,-839.265082757929,0,-135.030052055696,-142.525858454037,1207.89919351963,391.789373614171,0,0,755.917715769483,-882.452070362288,349.669127498972,-330.810102461126,-553.914323449457,412.098017555811,0,120.86718940095,-177.712091287777,407.104396206031,1065.26251065173,674.620737955207,0,910.796670239642,95.8146233967884,0,0,0,-76.4493686887989,353.060755955317,-42.8189942508023,-677.870376753285,0,0,-107.592732638927,0,-21.8472267656481,0,0,504.551983939625,341.432848690542,2693.1468351709,0,0,-831.843349007189,0
0,0,0,0,0,0,0,0,0,0,0,0,0,0,0,0,0,0,0,0,0,0,0,0,0,0,0,0,0,0,0,0,0,0,0,0,0,0,0,0,0,0,0,0,0,0,0,0,0,0,0,0,0,0,0,0,0.015833620177977,0,0,0
0,0,0,0,0,0,0,0,0,0,0,0,0,0,0,0,0,0,0,0,0,0,0,0,0,0,0,0,0,0,0,0,0,0,0,0,0,0,0,0,0,0,0,0,0,0,0,0,0,0,0,0,0,0,0,0,0,0.0237328467319339,0,0
0,377.15181848261,-82.0939638241511,0,311.98115289167,1110.2402558211,102.103879679977,-147.931135105198,-917.492106829511,553.124680961231,-1236.14728725574,123.786113247536,-1364.73686582926,-873.280067948056,208.579312377934,2221.09119708165,1149.76853322863,0,-633.906948333056,-54.4338935189642,-1490.96425327865,-598.13052975912,0,0,318.266583199505,2642.45602941991,1293.35034935399,-196.518324914394,-1407.31655617649,876.374918563401,0,393.839452622051,-693.057134434953,-335.010302200982,-50.0033269864925,-190.865178608174,0,-403.769586885754,-2375.51501752419,0,0,0,243.045685514062,964.385076493589,-833.236503226318,593.979584445778,0,0,511.409431951677,0,70.4041734385792,0,0,-328.443468051187,-806.363307176997,-831.843349007189,0,0,7582.40643160489,0
0,0,0,0,0,0,0,0,0,0,0,0,0,0,0,0,0,0,0,0,0,0,0,0,0,0,0,0,0,0,0,0,0,0,0,0,0,0,0,0,0,0,0,0,0,0,0,0,0,0,0,0,0,0,0,0,0,0,0,0.0241758818173878
