0.0374901995480369,0.00654543910701728,0.00537011937692017,-0.00593497787015541,-0.00249566115900197,0.00223708162560765,-0.00330762955858384,0.0234184497285877
0.00654543910701728,0.0231520325401842,0.00097978152584241,0.00326001408206928,0.00508756945620578,0.00327700385328704,0.00364114880078798,0.00930544566672959
0.00537011937692017,0.00097978152584241,0.0227702845800302,0.00431237395478239,-0.000118381678284749,0.00224669359101696,-0.000963399877014481,0.0108351033648104
-0.00593497787015541,0.00326001408206928,0.00431237395478239,0.0248059809731285,0.0072071136966898,0.00379096814616465,0.00127035785975889,-0.00230569631212202
-0.00249566115900197,0.00508756945620578,-0.000118381678284749,0.0072071136966898,0.0102590792168386,0.0021941151125955,-0.00015130598746387,0.00234600458862345
0.00223708162560765,0.00327700385328704,0.00224669359101696,0.00379096814616465,0.0021941151125955,0.0127788254188055,0.000625550682837401,0.00428791246768677
-0.00330762955858384,0.00364114880078798,-0.000963399877014481,0.00127035785975889,-0.00015130598746387,0.000625550682837401,0.0210953769409464,0.00100197614190404
0.0234184497285877,0.00930544566672959,0.0108351033648104,-0.00230569631212202,0.00234600458862345,0.00428791246768677,0.00100197614190404,0.0337097558911946
