0.000431126328669257,0.000122865914675101,0.000731908859371671,-0.000298522267093924,-9.74659061882709e-05,0.00032278636222624,-0.00200008962321891,-0.00111319251275888,-0.0013637035743449,-8.00189080903136e-07
0.000122865914675101,0.117177966054165,0.0758923972346251,0.0876469957648938,0.0577640644182462,0.0443298226321569,0.0869549190573856,0.0622649731270126,0.0560227872033367,0.0306811569975213
0.000731908859371671,0.0758923972346251,0.107239651225772,0.109810054999706,0.0652027709257737,0.0455777420935151,0.0895323631433512,0.0756122153567328,0.0710704736895689,0.0243286931747817
-0.000298522267093924,0.0876469957648938,0.109810054999706,0.126443341313139,0.0665357379075523,0.053204748699812,0.108790168998884,0.0783304549883291,0.0860085648170855,0.0415634379336641
-9.74659061882709e-05,0.0577640644182462,0.0652027709257737,0.0665357379075523,0.0744380338903518,0.0324950765152089,0.0716274465760336,0.0581677915239523,0.0638086988115751,0.0336897992026242
0.00032278636222624,0.0443298226321569,0.0455777420935151,0.053204748699812,0.0324950765152089,0.0394579441259433,0.048461869890621,0.0271360896803328,0.0489526655446874,0.0174690519973216
-0.00200008962321891,0.0869549190573856,0.0895323631433512,0.108790168998884,0.0716274465760336,0.048461869890621,0.16698490188735,0.0786688450402347,0.0665019077630447,0.0343700675253309
-0.00111319251275888,0.0622649731270126,0.0756122153567328,0.0783304549883291,0.0581677915239523,0.0271360896803328,0.0786688450402347,0.086620708839491,0.065896014185907,0.0113414424136134
-0.0013637035743449,0.0560227872033367,0.0710704736895689,0.0860085648170855,0.0638086988115751,0.0489526655446874,0.0665019077630447,0.065896014185907,0.116811517480781,0.0291994585337207
-8.00189080903136e-07,0.0306811569975213,0.0243286931747817,0.0415634379336641,0.0336897992026242,0.0174690519973216,0.0343700675253309,0.0113414424136134,0.0291994585337207,0.0549703866655638
