0.0585397267502607,0.00766610074419128,0.0504268234407327,-0.00480152328022719,-0.0107761950392497,-0.00260526311463959,-0.00608427737047872,-0.00429632973064561,-0.0120015428426423,-0.00868520318128178,-0.0158502451273674,-0.0103570337305725,-0.00522638758143242,-0.0158403735541779,-0.00290182377096124,0.00280267079168319,0.00335230219448736,-0.0248162444626653,-0.0216915553376374,-0.000719432835594419,0.00355003405656893,-0.0198576933931488
0.00766610074419128,0.0176435315878167,0.00706193989251319,0.00227051660073653,-0.00214606863285744,0.00111942814397727,0.00119739159564711,0.0017779054925819,-0.000551579737606546,0.000916377312969234,-0.00223528986184032,-0.000470608816919493,0.0016094972595803,-0.00223236756790694,0.00254537907265123,-0.00861367748477227,-0.0121791425365857,-0.00484991434754078,0.00395392099542082,-0.008600870029551,0.0167897495732401,0.0013633629567995
0.0504268234407327,0.00706193989251319,0.0710466978539448,-0.00262987882533936,-0.0100089218247374,0.00021486976926614,-0.00217426794134701,0.000294261053427236,-0.00432640966542847,-0.00223035063885146,-0.00675163951120961,-0.00112749503191485,-0.000416160587788758,-0.00673851634595516,9.29981951808927e-05,0.00123494248083681,-0.0140554547017849,-0.0008191036482505,-0.0203809509799783,-0.0115688056720687,0.00112003099083072,-0.0178018384772983
-0.00480152328022719,0.00227051660073653,-0.00262987882533936,0.0172318855667365,0.0108755539222759,0.0145720301002066,0.0159561463215364,0.0155511494917456,0.0166204118561175,0.0156038364916496,0.015136119363377,0.0171064902364852,0.0158646062595709,0.0151461384345431,0.0128337303873853,-0.0203049532931395,0.00398543447880726,0.00830016883525011,0.0159230236184506,0.0109532129677596,0.0175999488552605,0.0140289748889267
-0.0107761950392497,-0.00214606863285744,-0.0100089218247374,0.0108755539222759,0.0092648566223547,0.00892751264135004,0.0109877663945388,0.00977564522043437,0.011241225512181,0.0101290162360333,0.010993436403693,0.011469897759612,0.00972310930762343,0.010997460728157,0.00725386188727955,-0.0119700065036148,0.00394459691647924,0.0116481843476599,0.0124875987983271,0.0113227043035347,0.00734888140711849,0.0116007957876694
-0.00260526311463959,0.00111942814397727,0.00021486976926614,0.0145720301002066,0.00892751264135004,0.0127268458936438,0.0132553508848731,0.0132862927174791,0.0138330147713567,0.0130465454513833,0.0128715662181184,0.0141540766054295,0.0131089121025763,0.0128798727110141,0.0104700901408689,-0.0168370687279238,0.0026272834790122,0.00696874873574282,0.0113144223579063,0.00822589208409273,0.0133566761178508,0.00999288498914336
-0.00608427737047872,0.00119739159564711,-0.00217426794134701,0.0159561463215364,0.0109877663945388,0.0132553508848731,0.015728101149304,0.0145975893660149,0.0163482379366793,0.0151803009398722,0.0150979635374271,0.0172155967372716,0.0152852839263782,0.015106649004606,0.011872772781022,-0.0189334172160893,0.00290505193149499,0.0131184905220335,0.0160614831731729,0.0120896532396425,0.0150742042519231,0.0144808876293967
-0.00429632973064562,0.0017779054925819,0.000294261053427236,0.0155511494917456,0.00977564522043437,0.0132862927174791,0.0145975893660149,0.0143990908401658,0.0152010448861606,0.0142717002965985,0.0139282685328477,0.0158815816116456,0.0144708387728943,0.013937440350487,0.0118238151679681,-0.0183369632170031,0.00129593528913838,0.0104052140948178,0.0135160280574609,0.0089984682723225,0.015693931591886,0.0119215574413777
-0.0120015428426423,-0.000551579737606546,-0.00432640966542847,0.0166204118561175,0.011241225512181,0.0138330147713567,0.0163482379366793,0.0152010448861606,0.0268066008712398,0.0231163972377568,0.0277585136181617,0.0271158975306543,0.0219405482631905,0.0277644239244783,0.0150258103032618,-0.0281428760086953,0.0153006542192576,0.0131743568059842,0.0223579871505953,0.0178901091806393,0.0223348777185365,0.0200415568633502
-0.00868520318128178,0.000916377312969235,-0.00223035063885146,0.0156038364916496,0.0101290162360333,0.0130465454513833,0.0151803009398722,0.0142717002965985,0.0231163972377568,0.0202771144026459,0.0235798510919459,0.0235050705543088,0.0194723509995458,0.0235857589588462,0.013640786333426,-0.0253395696760267,0.0108755347055746,0.011613529759752,0.0190336751197421,0.0145296389763468,0.0205014624189824,0.0168544250676369
-0.0158502451273674,-0.00223528986184032,-0.00675163951120962,0.015136119363377,0.010993436403693,0.0128715662181184,0.0150979635374271,0.0139282685328477,0.0277585136181617,0.0235798510919459,0.030393056970081,0.0276228747568553,0.0214040632602723,0.0303946184116979,0.0134419890529975,-0.0282077780177005,0.0148830325992434,0.01572152498693,0.0205032871125682,0.0170360804285785,0.0192443062143699,0.0184203857449017
-0.0103570337305725,-0.000470608816919493,-0.00112749503191485,0.0171064902364852,0.011469897759612,0.0141540766054295,0.0172155967372716,0.0158815816116456,0.0271158975306543,0.0235050705543088,0.0276228747568553,0.0279047400104352,0.0226399263439392,0.0276298743401521,0.0157716909707331,-0.0283692290786872,0.0139657871728029,0.0155377713427095,0.0224622659712999,0.018248212442837,0.0228965480571116,0.0202017161849333
-0.00522638758143242,0.0016094972595803,-0.000416160587788758,0.0158646062595709,0.00972310930762343,0.0131089121025763,0.0152852839263782,0.0144708387728943,0.0219405482631905,0.0194723509995458,0.0214040632602723,0.0226399263439392,0.0194474470529084,0.0214116372093809,0.014359121699632,-0.0248689860509601,0.0111636398675437,0.00937011426915754,0.018686944807539,0.0146724774993357,0.0220479332517163,0.0163639094137352
-0.0158403735541779,-0.00223236756790694,-0.00673851634595516,0.0151461384345432,0.010997460728157,0.0128798727110141,0.015106649004606,0.013937440350487,0.0277644239244783,0.0235857589588462,0.0303946184116979,0.0276298743401521,0.0214116372093809,0.0303962011050803,0.0134508819496726,-0.0282138576814527,0.0148914978140668,0.0157148243488443,0.0205156482105743,0.0170440257361949,0.019258018429515,0.0184326932301359
-0.00290182377096124,0.00254537907265123,9.29981951808927e-05,0.0128337303873853,0.00725386188727955,0.0104700901408689,0.011872772781022,0.0118238151679681,0.0150258103032618,0.013640786333426,0.0134419890529975,0.0157716909707331,0.014359121699632,0.0134508819496726,0.0121853046468332,-0.0180034208234582,0.00647766923159663,0.00488666977564143,0.0143737576914961,0.00965344366251666,0.0196925659474235,0.0123637518773302
0.00280267079168319,-0.00861367748477227,0.00123494248083681,-0.0203049532931395,-0.0119700065036148,-0.0168370687279238,-0.0189334172160893,-0.0183369632170031,-0.0281428760086953,-0.0253395696760267,-0.0282077780177005,-0.0283692290786872,-0.0248689860509601,-0.0282138576814527,-0.0180034208234582,0.0396516024291717,-0.0126735084685362,-0.0116689484456986,-0.0231779852749684,-0.0209438934639188,-0.0364523713122896,-0.0190302685970218
0.00335230219448736,-0.0121791425365857,-0.0140554547017849,0.00398543447880726,0.00394459691647924,0.0026272834790122,0.00290505193149499,0.00129593528913838,0.0153006542192576,0.0108755347055746,0.0148830325992434,0.0139657871728029,0.0111636398675437,0.0148914978140668,0.00647766923159663,-0.0126735084685362,0.0580385076722865,-0.0231779417914515,0.0197709357853363,0.0376260893304954,0.0125833517769367,0.0198660796758416
-0.0248162444626653,-0.00484991434754078,-0.0008191036482505,0.00830016883525011,0.0116481843476599,0.00696874873574282,0.0131184905220335,0.0104052140948178,0.0131743568059842,0.011613529759752,0.01572152498693,0.0155377713427095,0.00937011426915754,0.0157148243488443,0.00488666977564143,-0.0116689484456986,-0.0231779417914515,0.0550272143921373,0.00820806463876485,0.00570724028204721,-0.0030471980122745,0.00804766698231919
-0.0216915553376374,0.00395392099542082,-0.0203809509799783,0.0159230236184506,0.0124875987983271,0.0113144223579063,0.0160614831731729,0.0135160280574609,0.0223579871505953,0.0190336751197421,0.0205032871125682,0.0224622659712999,0.018686944807539,0.0205156482105743,0.0143737576914961,-0.0231779852749684,0.0197709357853363,0.00820806463876485,0.0359096970995674,0.0218860965683852,0.0255463925407958,0.0327192013542848
-0.000719432835594419,-0.008600870029551,-0.0115688056720687,0.0109532129677596,0.0113227043035347,0.00822589208409273,0.0120896532396425,0.0089984682723225,0.0178901091806393,0.0145296389763468,0.0170360804285785,0.018248212442837,0.0146724774993357,0.0170440257361949,0.00965344366251666,-0.0209438934639188,0.0376260893304954,0.00570724028204721,0.0218860965683852,0.0412535441628787,0.0162366187197397,0.021452469222759
0.00355003405656893,0.0167897495732401,0.00112003099083072,0.0175999488552605,0.00734888140711849,0.0133566761178508,0.0150742042519231,0.015693931591886,0.0223348777185365,0.0205014624189824,0.0192443062143699,0.0228965480571116,0.0220479332517163,0.019258018429515,0.0196925659474235,-0.0364523713122896,0.0125833517769367,-0.0030471980122745,0.0255463925407958,0.0162366187197397,0.0485111038232388,0.0202387559842682
-0.0198576933931488,0.0013633629567995,-0.0178018384772983,0.0140289748889267,0.0116007957876694,0.00999288498914336,0.0144808876293967,0.0119215574413777,0.0200415568633502,0.0168544250676369,0.0184203857449017,0.0202017161849333,0.0163639094137352,0.0184326932301359,0.0123637518773302,-0.0190302685970218,0.0198660796758416,0.00804766698231919,0.0327192013542848,0.0214524692227589,0.0202387559842682,0.0304336697156856
