0.00392085951844599,-0.0021242892710701,-0.00101220648211788,-0.000663591154655455,-0.00134240300954281,-0.000703906623241876,-0.00288037591993081,-0.00122876138624863,-0.00162677352325786,-0.0003584982523621
-0.0021242892710701,0.101828514967697,0.078354165577355,0.0757184041810267,0.0577760979519399,0.044618765226133,0.0802744123412614,0.0512689052890995,0.072065637737932,0.0188750101959818
-0.00101220648211788,0.078354165577355,0.124611548730101,0.106670883723926,0.0807710521995947,0.0672384255954399,0.10280004780809,0.0721736297521761,0.0993558257624906,0.0323789503844259
-0.000663591154655455,0.0757184041810268,0.106670883723926,0.114193732067971,0.0757609009140612,0.0630176371929116,0.0998762147020948,0.0679126117625254,0.0939068686228182,0.0291658952983772
-0.00134240300954281,0.0577760979519399,0.0807710521995947,0.0757609009140612,0.107775200115938,0.0521975459160163,0.0921180612015843,0.0617008689616228,0.0723035570996726,0.0235511264264297
-0.000703906623241876,0.044618765226133,0.0672384255954399,0.0630176371929116,0.0521975459160164,0.0684114979216923,0.0609541062492144,0.0422014503365479,0.0575204080958608,0.0266292966886323
-0.00288037591993081,0.0802744123412614,0.10280004780809,0.0998762147020948,0.0921180612015843,0.0609541062492144,0.17617148851526,0.0808970136212085,0.098633796847054,0.0294287551514803
-0.00122876138624863,0.0512689052890995,0.0721736297521761,0.0679126117625254,0.0617008689616228,0.0422014503365479,0.0808970136212085,0.0722297995550993,0.0671235656447797,0.0200775282599698
-0.00162677352325786,0.072065637737932,0.0993558257624906,0.0939068686228182,0.0723035570996727,0.0575204080958608,0.098633796847054,0.0671235656447797,0.132532751499815,0.0282858685964217
-0.0003584982523621,0.0188750101959818,0.0323789503844259,0.0291658952983772,0.0235511264264297,0.0266292966886323,0.0294287551514803,0.0200775282599698,0.0282858685964217,0.0363118551233825
