0.0651326825878219,0.0387733780239145,0.0495650989515802,-0.00429118493245015,-0.0113900672931673,-0.00382978882001773,-0.00440313222062789,-0.00379803911364155,-0.005409040902691,-0.00459671848159212,-0.0083101470027797,-0.00225105606098174,-0.00408664328172252,-0.00600834092396708,-0.000586848205451541,0.00168470468272437,-0.0263198205270004,-0.0142413822535865,-0.0216166578298449,-0.00377906695797254,0.00604708257509917,-0.0136258172954405
0.0387733780239145,0.059937589283553,0.0114265161251627,-0.00348080694470293,-0.00869175168450637,-0.00593122890853238,-0.00890997964900092,-0.00573406036360466,-0.0213577790743446,-0.0178461563370813,-0.0274479308883659,-0.0162426002731751,-0.0126356744103783,-0.0226763810656298,0.00548169831443599,0.0131887133567944,-0.00642657834347769,-0.0277642071343099,-0.032906919426391,-0.000560752592062657,0.00330164929499613,-0.0223342975211992
0.0495650989515802,0.0114265161251627,0.0601469083196587,-0.00761108544270142,-0.0109603342337503,-0.00544822810284347,-0.00476261716665942,-0.00547330878415519,-0.00892077832108586,-0.00764708605731555,-0.0111187992256301,-0.00564842234771078,-0.00520048741759814,-0.0100931432254081,-0.00988713851596584,0.00881202966761963,-0.0348854720847683,-0.00332146258947833,-0.00924163203636109,-0.0103320580118978,0.00954434873096408,-0.00344787710803621
-0.00429118493245015,-0.00348080694470293,-0.00761108544270142,0.0180110846603113,0.0141775256367825,0.017276165657284,0.015962490881906,0.0168668610705652,0.0156487647550443,0.0145521580959944,0.01777057376132,0.0104191009422124,0.00751104094097182,0.0148016598277191,0.00667431736041444,-0.0166124593279719,0.0121980165876559,-0.00516364438812256,0.0108917704797211,0.00959200655203083,0.00595396149416684,0.0131316571467438
-0.0113900672931673,-0.00869175168450637,-0.0109603342337503,0.0141775256367825,0.0131519052336551,0.0138616927038551,0.0134501142756236,0.0135232147969084,0.0124564515490563,0.0114942682926564,0.0140535391819497,0.00783638985891446,0.00611783152851584,0.0115188878709375,0.00375595833005598,-0.0115314718178218,0.0129256962555393,-0.000242932919131059,0.01235560823977,0.00690974090187329,0.0015179758955037,0.0139576565976452
-0.00382978882001773,-0.00593122890853238,-0.00544822810284347,0.017276165657284,0.0138616927038551,0.0172254345990451,0.0158615482202687,0.0167654679322065,0.0161131759786036,0.014913572201009,0.0180760594380682,0.0106857057735489,0.00798642135804349,0.014998449047893,0.00511734413112407,-0.0158126243507346,0.0103756486284915,-0.00449902713354838,0.011118544562184,0.0068744631228694,0.00495882804799925,0.0140217308535155
-0.00440313222062789,-0.00890997964900092,-0.00476261716665942,0.015962490881906,0.0134501142756236,0.0158615482202687,0.0154979084478069,0.0154602217550111,0.0167123944725762,0.0152924061446687,0.0189483024783358,0.0115794466617171,0.00833583719721258,0.0159113473818778,0.00451753083468404,-0.0161759667858259,0.0109389336983655,-0.00106735091638211,0.0139409553539583,0.00889470357681934,0.00402160030381197,0.0156759960542628
-0.00379803911364155,-0.00573406036360466,-0.00547330878415519,0.0168668610705652,0.0135232147969084,0.0167654679322065,0.0154602217550111,0.0163238851640962,0.0157043427894548,0.0145315618453431,0.0176520523109606,0.0104357019367391,0.00776922437961092,0.0146599949664239,0.00509627448535078,-0.0155359043514108,0.0101946297507394,-0.00411001671518379,0.0108750427671488,0.00680698138496932,0.00480345850375219,0.0135900574946587
-0.005409040902691,-0.0213577790743446,-0.00892077832108586,0.0156487647550443,0.0124564515490563,0.0161131759786036,0.0167123944725762,0.0157043427894548,0.0321155476548828,0.0280943064767114,0.0373176745399587,0.0252595930730482,0.017647711601523,0.0328386530993836,0.00749693304566612,-0.0299124883959792,0.0166341449402748,0.00284137621050453,0.0221905487546083,0.0181777900874349,0.00599287104148906,0.0189585379366944
-0.00459671848159212,-0.0178461563370813,-0.00764708605731555,0.0145521580959944,0.0114942682926564,0.014913572201009,0.0152924061446687,0.0145315618453431,0.0280943064767114,0.0247523622910541,0.0325453728218436,0.0221353354642267,0.015508123331963,0.028611047285347,0.00685236898665294,-0.0268647185807729,0.0153151854423355,0.00160385957074913,0.0199594850605727,0.0165106383327746,0.0063292015229104,0.0176124503884282
-0.0083101470027797,-0.0274479308883659,-0.0111187992256301,0.01777057376132,0.0140535391819497,0.0180760594380682,0.0189483024783358,0.0176520523109606,0.0373176745399587,0.0325453728218436,0.0440631674245593,0.0294741684366274,0.0202678245147602,0.0386856995032219,0.00892746781423089,-0.0353813970398692,0.0194999237865609,0.00570864887703553,0.0267987691554921,0.0204854307041136,0.00642877250927819,0.0207893468543963
-0.00225105606098174,-0.0162426002731751,-0.00564842234771078,0.0104191009422124,0.00783638985891446,0.0106857057735489,0.0115794466617171,0.0104357019367391,0.0252595930730482,0.0221353354642267,0.0294741684366274,0.020887093419251,0.0142969987239459,0.0263248052401251,0.00629611473185859,-0.0251815466575377,0.0129661190281693,0.00391584409647115,0.018234006120608,0.016278896279933,0.0059989527753371,0.014765712983489
-0.00408664328172252,-0.0126356744103783,-0.00520048741759814,0.00751104094097182,0.00611783152851584,0.00798642135804349,0.00833583719721257,0.00776922437961092,0.017647711601523,0.015508123331963,0.0202678245147602,0.0142969987239459,0.0103707857833238,0.0179870779636133,0.00374663067250144,-0.0168424073150618,0.00961096239911307,0.0024321416836174,0.0130526786339597,0.0107743911383662,0.00469634138859182,0.0116973424344535
-0.00600834092396709,-0.0226763810656298,-0.0100931432254081,0.0148016598277191,0.0115188878709375,0.014998449047893,0.0159113473818778,0.0146599949664239,0.0328386530993836,0.028611047285347,0.0386856995032219,0.0263248052401251,0.0179870779636133,0.0342209374892158,0.00827465705469166,-0.0316444652788977,0.017238093990549,0.00557697475768242,0.0229911740268824,0.0187571951497172,0.00542617083176486,0.017658504904186
-0.000586848205451541,0.00548169831443599,-0.00988713851596584,0.00667431736041444,0.00375595833005598,0.00511734413112407,0.00451753083468404,0.00509627448535078,0.00749693304566612,0.00685236898665294,0.00892746781423089,0.00629611473185859,0.00374663067250144,0.00827465705469166,0.00736475176025819,-0.0110826912982065,0.00953376689925728,-0.00452059834283255,0.00213618211269571,0.0108009433909035,0.00451602901232449,0.000843210072240013
0.00168470468272437,0.0131887133567944,0.00881202966761963,-0.0166124593279719,-0.0115314718178218,-0.0158126243507346,-0.0161759667858259,-0.0155359043514108,-0.0299124883959792,-0.0268647185807729,-0.0353813970398692,-0.0251815466575377,-0.0168424073150618,-0.0316444652788977,-0.0110826912982065,0.035931411027849,-0.021060734633826,-0.00619477639379562,-0.0230135220333253,-0.0207900530795849,-0.0100902398588027,-0.0177379595374665
-0.0263198205270004,-0.00642657834347769,-0.0348854720847683,0.0121980165876559,0.0129256962555393,0.0103756486284915,0.0109389336983655,0.0101946297507394,0.0166341449402748,0.0153151854423355,0.0194999237865609,0.0129661190281693,0.00961096239911307,0.017238093990549,0.00953376689925728,-0.021060734633826,0.0451361363716193,-0.00479891619878291,0.0219811298146049,0.0230519830561888,0.00238770098037829,0.0157404103276556
-0.0142413822535865,-0.0277642071343099,-0.00332146258947833,-0.00516364438812256,-0.000242932919131059,-0.00449902713354838,-0.00106735091638211,-0.00411001671518379,0.00284137621050453,0.00160385957074913,0.00570864887703553,0.00391584409647115,0.0024321416836174,0.00557697475768242,-0.00452059834283255,-0.00619477639379562,-0.00479891619878291,0.0523054118605603,0.0128778431097259,-0.0181036134243694,-0.0182165528473923,0.00332314721397441
-0.0216166578298449,-0.032906919426391,-0.0092416320363611,0.0108917704797211,0.01235560823977,0.011118544562184,0.0139409553539583,0.0108750427671488,0.0221905487546083,0.0199594850605727,0.0267987691554921,0.018234006120608,0.0130526786339597,0.0229911740268824,0.00213618211269571,-0.0230135220333253,0.0219811298146049,0.0128778431097259,0.0338346358980111,0.0189938411919418,0.00696219163432161,0.0274549158582147
-0.00377906695797254,-0.000560752592062657,-0.0103320580118978,0.00959200655203083,0.00690974090187329,0.0068744631228694,0.00889470357681934,0.00680698138496932,0.0181777900874349,0.0165106383327746,0.0204854307041136,0.016278896279933,0.0107743911383662,0.0187571951497172,0.0108009433909035,-0.0207900530795849,0.0230519830561888,-0.0181036134243694,0.0189938411919418,0.0452976070906322,0.0230972491112858,0.0182349715285068
0.00604708257509917,0.00330164929499613,0.00954434873096408,0.00595396149416684,0.0015179758955037,0.00495882804799925,0.00402160030381197,0.00480345850375219,0.00599287104148906,0.0063292015229104,0.00642877250927819,0.0059989527753371,0.00469634138859182,0.00542617083176486,0.00451602901232449,-0.0100902398588027,0.00238770098037829,-0.0182165528473923,0.00696219163432161,0.0230972491112858,0.0260020028087017,0.0100203378206753
-0.0136258172954405,-0.0223342975211992,-0.00344787710803621,0.0131316571467438,0.0139576565976452,0.0140217308535155,0.0156759960542628,0.0135900574946587,0.0189585379366944,0.0176124503884282,0.0207893468543963,0.014765712983489,0.0116973424344535,0.017658504904186,0.000843210072240013,-0.0177379595374665,0.0157404103276556,0.00332314721397441,0.0274549158582147,0.0182349715285068,0.0100203378206753,0.0301297562575151
