0.238077001058032,0.0079120451842563,0.0367643132857961,0.0471009493727202,0.0341256345818094,0.0275168108763934,-0.0155392776175065,-0.0747477925303138,-0.022653766182479,-0.0111767754258139,0.0571885952614864,-0.00872583549622536,0.00221231905541459,-0.000740782928624891
0.0079120451842563,0.0337943250782971,-0.00300685837391489,0.00503542336514457,-0.0135528959382462,0.00465283790301485,0.00792421842255803,0.0252617670785587,-0.0159348375883365,0.00698783262799005,0.0133628348844754,-0.0117953435663092,-0.00120454361526861,0.000101046159958898
0.0367643132857961,-0.00300685837391489,0.0377076795381015,0.00193129750301383,-4.0592668384423e-05,0.0088681296459935,-0.00910345669323395,0.0118973665682893,-0.00333974262064131,0.00660138348198903,-0.0484457525664991,0.00810080152119458,-0.00225971563072098,0.000563050294775845
0.0471009493727202,0.00503542336514457,0.00193129750301383,0.0477173025724345,0.0137226654361455,-0.00604335968661207,0.0017596207263477,-0.00347246914875161,0.0192294022993452,0.00461964476070134,-0.0172055092505572,-0.00614466235099279,-0.00184002071749564,-7.48169977829962e-05
0.0341256345818094,-0.0135528959382462,-4.0592668384423e-05,0.0137226654361455,0.093857708680414,0.00842809020960841,0.00960425090585567,0.0642752087095772,-0.00484719727594811,0.00965574871700681,0.0131361881898448,0.0180398052119755,0.00572304933722325,0.000793539156282942
0.0275168108763934,0.00465283790301485,0.0088681296459935,-0.00604335968661207,0.00842809020960842,0.0732290825853548,0.00517709350474939,0.0140856036327952,0.0149199621909074,-0.000252571897274366,0.033833359116727,-0.00565301026882528,-0.00521882968127467,-0.000460025565049552
-0.0155392776175065,0.00792421842255803,-0.00910345669323395,0.0017596207263477,0.00960425090585567,0.00517709350474939,0.0145809150469373,0.0112548496414884,-0.0180798153243442,0.00406625809404858,0.0128896679378761,0.00353774458821746,-0.000180740952845806,0.000474263916826786
-0.0747477925303138,0.0252617670785587,0.0118973665682893,-0.00347246914875161,0.0642752087095772,0.0140856036327952,0.0112548496414884,0.253088306746635,0.0827236307844697,0.0443240028062938,-0.0214836147385212,0.0232884729248345,0.00930390848221199,0.00161486131557343
-0.022653766182479,-0.0159348375883365,-0.00333974262064131,0.0192294022993452,-0.00484719727594811,0.0149199621909074,-0.0180798153243442,0.0827236307844697,0.237188518591508,0.0239755358111124,0.0451438458378688,-0.000709858693980014,0.0108682283991056,-0.000955780047850573
-0.0111767754258139,0.00698783262799005,0.00660138348198903,0.00461964476070134,0.00965574871700681,-0.000252571897274366,0.00406625809404858,0.0443240028062938,0.0239755358111124,0.0177705948352503,-0.0230538448363094,-0.00173122516867036,0.00021751420650555,0.000725491932210354
0.0571885952614864,0.0133628348844754,-0.0484457525664991,-0.0172055092505572,0.0131361881898448,0.033833359116727,0.0128896679378761,-0.0214836147385212,0.0451438458378688,-0.0230538448363094,0.292507095447976,0.0226931163726521,0.024819865336993,-0.00126848820388818
-0.00872583549622536,-0.0117953435663092,0.00810080152119458,-0.0061446623509928,0.0180398052119755,-0.00565301026882528,0.00353774458821745,0.0232884729248345,-0.000709858693980014,-0.00173122516867036,0.0226931163726521,0.0319406681199743,0.00721954335443558,0.000623586252131283
0.00221231905541459,-0.00120454361526861,-0.00225971563072098,-0.00184002071749564,0.00572304933722325,-0.00521882968127467,-0.000180740952845806,0.00930390848221199,0.0108682283991056,0.00021751420650555,0.024819865336993,0.00721954335443558,0.00451622898485502,7.62053366249256e-05
-0.000740782928624891,0.000101046159958898,0.000563050294775845,-7.48169977829962e-05,0.000793539156282942,-0.000460025565049552,0.000474263916826786,0.00161486131557343,-0.000955780047850573,0.000725491932210354,-0.00126848820388818,0.000623586252131283,7.62053366249256e-05,7.04347217626094e-05
