0.0117397796861054,0.0154613924298499,0.00663167584132646,0.000142988066266044,-0.00869735759658222,-0.0013620052391313,0.014395150196509,0.0100005937306205,-0.00284706813799851,0.0190206780301653
0.0154613924298499,0.105071323762776,0.077431053146121,0.0664297345101087,0.0540673895196864,0.0541433140360085,0.0879958461129115,0.0560579815630836,0.0551374620026999,0.057251858584555
0.00663167584132646,0.077431053146121,0.117255811542746,0.102768720750113,0.0691904807198623,0.0677114089846455,0.0913193685372782,0.0812515115272691,0.070946974741771,0.0572371497786703
0.000142988066266044,0.0664297345101087,0.102768720750113,0.100398386131855,0.0804082872643698,0.0748547607396107,0.0949096587402067,0.0732418202269009,0.0659045872222351,0.0394197609221423
-0.00869735759658223,0.0540673895196864,0.0691904807198623,0.0804082872643698,0.157900170968288,0.0632470951982392,0.12935892331798,0.0655285970189735,0.0786737593646205,0.0157134791915037
-0.0013620052391313,0.0541433140360085,0.0677114089846454,0.0748547607396107,0.0632470951982392,0.0719843039109983,0.0760007659906303,0.0527023155868776,0.0358795980917624,0.0248793761401323
0.014395150196509,0.0879958461129115,0.0913193685372782,0.0949096587402067,0.12935892331798,0.0760007659906303,0.169704972679389,0.097574974973026,0.080983101788374,0.0477525835078887
0.0100005937306205,0.0560579815630836,0.081251511527269,0.0732418202269009,0.0655285970189735,0.0527023155868776,0.097574974973026,0.0834850021113231,0.0581560084481935,0.0414371484033367
-0.00284706813799851,0.0551374620026999,0.070946974741771,0.0659045872222351,0.0786737593646205,0.0358795980917624,0.080983101788374,0.0581560084481935,0.0872212155360171,0.0176070512579689
0.0190206780301653,0.057251858584555,0.0572371497786703,0.0394197609221423,0.0157134791915037,0.0248793761401323,0.0477525835078887,0.0414371484033367,0.0176070512579689,0.0562919789527505
