6812.21247931248,-19.3670820694066,-399.117425490028,52.6432235015694,0,1277.93790340634,0,0,-1418.130160316,1467.2417571025,-702.326739531172,-1063.94109907559,-14.6962756822069,-305.79545311092,654.896386262923,-661.180256529617,0,0,152.318490773181,1026.73041535948,662.829700797732,0,-579.356705063443,-341.955910886705,968.641550537714,0,1334.57543602924,0,4.57349236227095,0,343.057141907112,642.238629844031,115.878385713957,1024.84374130735,1029.3846098479,549.01509536918,1606.21259096907,-832.274648996839,-719.834669666194,-1266.97032976734,-473.11265636189,0,793.859271379011,720.881452717669,-1752.21536378425,-14.0350439745288,0,-396.459370290641,0,863.357249849081,3.06903698402959,-666.306802396262,-12.7001422610149,0,-902.541097530046,374.24149987942,963.085638407316,0,88.8939662480921,-440.51888365414
-19.3670820694066,2651.22161927108,-121.730318074898,-96.1413851060713,0,257.580294493423,0,0,387.32897100648,336.335355681825,-512.833840384782,42.3656535049896,-275.607479841259,-572.250241481828,-1178.67765934838,-184.233105025659,0,0,60.7159802578324,-1090.85026114235,101.187070829608,0,-5.2568306951127,358.043893340087,-495.726231403657,0,135.622250462739,0,-83.5471226590908,0,140.983143663648,-917.503996818567,47.7478735579069,-86.8445055058368,352.279897107123,-1169.91325501094,277.141700285695,-634.384656337302,-176.264778587322,-126.641980422846,-358.106671681315,0,537.250891384155,1654.30660204838,643.479211270636,-47.2292020595567,0,-539.56425584241,0,353.429760933847,-315.792178699934,35.474242561478,-43.5826534426515,0,256.221131095201,1035.39667571809,-360.020015798732,0,-622.583933647799,-189.441212197044
-399.117425490028,-121.730318074898,2567.40708400987,-67.343730570722,0,551.714691817749,0,0,-358.009874688737,-724.567930813325,-7.10163875941771,114.98950170045,-439.529543638528,30.7925581811949,-319.590875903688,-417.620131866916,0,0,170.996415104372,91.7885681155882,-1575.38409803654,0,-512.882377042723,-202.265767833375,-121.197141560746,0,-105.692147117703,0,-9.69264617632541,0,-108.691979857966,-1137.54946420413,-417.065556997312,-5.41959301511926,136.292674786752,1117.47379476435,372.610074331173,1061.29433735547,-333.317689486281,-529.74244744232,605.605386191943,0,-78.7247345617462,521.364508438075,114.065447610618,-220.631151012263,0,18.1720816591591,0,-158.066029632522,-141.875146886892,86.0905001164381,435.568967609285,0,-296.663419796643,-84.4229436705495,-290.570101654038,0,-334.515730393927,-158.03548712607
52.6432235015694,-96.1413851060713,-67.343730570722,1273.39456076269,0,-185.599303484466,0,0,86.293723632236,-342.024015816982,-216.269491296693,67.687448066293,149.863332072167,-119.071648210824,500.605852663803,-130.05207800346,0,0,-703.99978157404,-176.180423183452,207.460211077752,0,-571.497279126417,507.391547751444,320.541282908387,0,-604.525725518067,0,-300.195094441098,0,-376.697297539413,90.4730341923696,75.6457753443714,-307.05243867755,138.463262233203,-291.264336332132,230.256064156481,-954.302491878345,-405.657212445527,635.770008662761,402.230390992547,0,-376.456382558843,19.5089988477136,-625.236905080957,-16.0511648144032,0,161.673916963281,0,-400.633136820138,274.723863776978,65.2339451706849,-323.529961520752,0,-367.163689997613,228.003141161928,627.787492058344,0,-260.699192230178,-47.419325555632
0,0,0,0,0.0133738769264249,0,0,0,0,0,0,0,0,0,0,0,0,0,0,0,0,0,0,0,0,0,0,0,0,0,0,0,0,0,0,0,0,0,0,0,0,0,0,0,0,0,0,0,0,0,0,0,0,0,0,0,0,0,0,0
1277.93790340634,257.580294493423,551.714691817749,-185.599303484466,0,5872.41517492983,0,0,-1254.28294132001,131.217999139817,156.143317117999,-708.079038694915,-477.060906685427,315.255117894125,-643.492070458544,-1469.73610239428,0,0,-1042.20157671769,-949.50931928879,538.506023319454,0,-1209.71801426441,-548.344475389189,-1109.72181842227,0,1686.5460463006,0,738.071084685762,0,106.414351862828,-916.492428423378,126.661713456081,225.645612690417,-789.019593037419,-761.913898586588,-722.951020317076,346.584683939234,1205.12525829198,-981.235113501504,-1422.3249159994,0,-34.5859591371915,-375.335281534367,-17.2277344474794,1084.5438424194,0,-509.336106996277,0,640.146180316436,96.92344744496,-103.756274770167,252.971572842003,0,201.629688122305,-130.935791051485,-581.206416982801,0,460.782495672172,-465.510273256127
0,0,0,0,0,0,0.0354633156894842,0,0,0,0,0,0,0,0,0,0,0,0,0,0,0,0,0,0,0,0,0,0,0,0,0,0,0,0,0,0,0,0,0,0,0,0,0,0,0,0,0,0,0,0,0,0,0,0,0,0,0,0,0
0,0,0,0,0,0,0,0.0391605654271199,0,0,0,0,0,0,0,0,0,0,0,0,0,0,0,0,0,0,0,0,0,0,0,0,0,0,0,0,0,0,0,0,0,0,0,0,0,0,0,0,0,0,0,0,0,0,0,0,0,0,0,0
-1418.130160316,387.32897100648,-358.009874688737,86.293723632236,0,-1254.28294132001,0,0,7847.54725707724,-700.635202601465,810.794805504014,1224.38093508795,-761.156564036386,-527.074095719525,-991.589410096096,-765.519231681768,0,0,456.714834261231,1728.13118030748,105.768914473989,0,528.15307442087,256.94540916525,473.976520036202,0,-189.36584238125,0,-610.879956314036,0,-802.53867944813,2186.98036336347,1346.98724222148,-634.131836439618,2600.24249362091,113.986852211155,120.955509694738,1907.85642109899,76.4853541941001,847.964406065598,286.241637624446,0,-362.260216012425,184.939388644773,246.532967133862,-362.386129093737,0,-820.355607909035,0,-900.78936238246,-529.737903340581,256.217592889097,-709.617919558855,0,-411.514145327592,-395.607076376099,-464.896359691021,0,-534.917297335016,1082.6164012421
1467.2417571025,336.335355681825,-724.567930813325,-342.024015816982,0,131.217999139817,0,0,-700.635202601465,9782.68196152887,-445.972777875462,-737.610778282544,34.8267088206938,62.7420523801958,-118.736194747754,-198.623183753992,0,0,-1807.5994051122,2920.72015044788,466.781597718827,0,-391.484387353822,2109.14724789849,-1325.14290007987,0,-207.097483122959,0,-15.5653389507823,0,430.173530483264,927.50455539746,1319.19643467684,-13.937740155656,253.603778718375,-1368.82698672046,-621.589194011374,-1716.22982539559,327.220326340944,-1036.21701506403,299.187186712487,0,1210.1850046305,1958.38972264766,-369.22928086293,35.785205619529,0,515.620963769036,0,61.2758006171467,-5.16913833379626,465.180975209108,28.8312770021247,0,-577.487579927914,-167.215189391115,-105.634294144121,0,622.546657592393,-106.58604206432
-702.326739531172,-512.833840384782,-7.10163875941771,-216.269491296693,0,156.143317117999,0,0,810.794805504014,-445.972777875462,5255.69778642132,-390.988003189973,-190.534019486555,482.869049602689,1280.35013715152,-513.115653780403,0,0,-570.49126108236,-529.870004012445,300.352345670881,0,627.344588624109,-144.596315927216,961.057756121621,0,-1015.30439839146,0,87.2420429546625,0,-1045.72400169445,975.235241498704,-7.94815967125934,1587.70912642999,-391.682060399365,1924.86747777695,243.264665011767,1201.87797998632,-183.574892247314,75.3104614772905,-22.148806207632,0,-1241.79374284625,-465.37301387323,-1069.80960748037,-199.506560984651,0,169.930176341051,0,212.164078167003,-176.610537832882,56.6165335774288,145.802232933182,0,1351.11213085501,-1134.03743551401,-1369.62890528437,0,-8.90757474222804,154.998866710701
-1063.94109907559,42.3656535049896,114.98950170045,67.687448066293,0,-708.079038694915,0,0,1224.38093508795,-737.610778282544,-390.988003189973,7296.88764305912,28.1729607794727,-867.176038002265,-101.48658397356,358.934362817736,0,0,-1561.49776528688,744.903588415744,1633.05506556621,0,192.583570990108,-2492.93730256972,1676.47215005958,0,364.884426592793,0,-538.126647033646,0,376.069488825089,256.954698419619,1138.29046128712,-1660.04432936821,828.92103988592,-1183.44666126782,625.07741785747,694.085383082126,-1412.81088384708,-93.1826825806175,-124.005819222247,0,-918.690264323247,-1144.86763014938,3255.83167833022,-1183.45337264874,0,442.758737563726,0,51.9390875357296,-240.649566610073,-369.02820692675,22.4257765018006,0,-502.089321006056,-141.493958377829,1500.22636998897,0,171.816614264036,-91.5137246180061
-14.6962756822069,-275.607479841259,-439.529543638528,149.863332072167,0,-477.060906685427,0,0,-761.156564036386,34.8267088206938,-190.534019486555,28.1729607794727,5857.94221820557,-337.283770187914,-263.674671589106,1067.89682759557,0,0,45.4545364744136,1611.77315214437,1916.759840114,0,-420.657910284701,-541.262316646124,533.224491163331,0,587.162978855382,0,222.307550263515,0,-1435.65028129347,39.6955283269103,31.3234372024194,-779.777167099174,-1043.11408929555,-1900.58386861911,1402.71956596577,-134.91847093588,548.235486748404,126.678489633659,410.296724342124,0,-934.822087184116,-446.326505355992,-516.434362894839,-511.416060662685,0,-143.194419570685,0,1110.09060829644,744.724824336452,293.56508507117,529.154985733916,0,396.982947525489,379.240553715088,1949.40991822619,0,19.7983273008152,11.693763195599
-305.79545311092,-572.250241481828,30.7925581811949,-119.071648210824,0,315.255117894125,0,0,-527.074095719526,62.7420523801958,482.869049602689,-867.176038002265,-337.283770187915,3985.71107059817,156.339466601178,166.856812318682,0,0,76.3261788389961,397.918255015016,-765.110295351047,0,-783.11105473621,433.982280042824,-1295.87074032955,0,559.216035044388,0,-101.580337998482,0,-232.453734776317,-328.974473912835,60.0447997065855,1496.21866515919,1328.21556057087,1248.81376216138,-942.278930767254,813.448710369639,1325.52516057936,-1036.59052688349,951.312232164933,0,-204.3789346275,-928.325260214277,-707.707935807201,824.248791994765,0,-362.67141807228,0,-267.444685990905,296.822623883092,42.8944844182397,-55.2362139971833,0,567.48364542991,-672.889797936831,-1312.46733809178,0,314.938942981719,-234.005600999664
654.896386262923,-1178.67765934838,-319.590875903688,500.605852663803,0,-643.492070458544,0,0,-991.589410096097,-118.736194747754,1280.35013715152,-101.48658397356,-263.674671589106,156.339466601178,7807.62651208926,-597.998638889336,0,0,506.423174324514,2242.04453779295,665.219837264082,0,-692.239011322603,-200.636787696568,-542.834678238903,0,521.038534241802,0,665.321786312447,0,1120.11204746434,-699.701165109686,370.79787912982,698.207534128152,1112.4274775765,862.259910533605,-400.107965107216,286.385037489307,-869.541288520327,863.41700996245,769.507386186157,0,-1216.57610063885,-220.123338175608,-731.264024290668,147.815043279117,0,-280.864087176898,0,826.644463956417,1282.39354321961,-567.680564339327,1244.29322289018,0,333.323136554821,-34.4283071456668,441.110857193778,0,1067.04656437986,-223.310820593615
-661.180256529617,-184.233105025659,-417.620131866916,-130.05207800346,0,-1469.73610239428,0,0,-765.519231681768,-198.623183753992,-513.115653780403,358.934362817736,1067.89682759557,166.856812318682,-597.998638889336,10666.773754336,0,0,532.2720707862,-2521.75531848546,-650.67482084808,0,1966.82584904369,-1078.0153605907,-649.736763282298,0,-216.961477143441,0,-716.957622999197,0,-223.20678998156,470.656632471736,987.313028547243,-38.470402698098,-75.4810828154561,2485.24191646748,-1354.33801709447,133.273769481829,-455.351682326879,473.354056730751,-2095.33145836708,0,79.1875917647203,-300.069149852356,280.487943332964,-1969.20840973959,0,-959.529953772088,0,1390.58931000355,-17.0565624874383,629.46378723573,535.269584965822,0,408.834973013339,-884.532599908895,975.788655367797,0,-619.948553454489,373.152109633767
0,0,0,0,0,0,0,0,0,0,0,0,0,0,0,0,0.0652190382011479,0,0,0,0,0,0,0,0,0,0,0,0,0,0,0,0,0,0,0,0,0,0,0,0,0,0,0,0,0,0,0,0,0,0,0,0,0,0,0,0,0,0,0
0,0,0,0,0,0,0,0,0,0,0,0,0,0,0,0,0,0.0844196565215422,0,0,0,0,0,0,0,0,0,0,0,0,0,0,0,0,0,0,0,0,0,0,0,0,0,0,0,0,0,0,0,0,0,0,0,0,0,0,0,0,0,0
152.318490773181,60.7159802578324,170.996415104372,-703.99978157404,0,-1042.20157671769,0,0,456.714834261231,-1807.5994051122,-570.49126108236,-1561.49776528688,45.4545364744136,76.3261788389961,506.423174324514,532.2720707862,0,0,16004.054708601,241.286834882874,1515.16966755138,0,1075.36012099379,305.210284722975,-297.067381463924,0,-255.375044714309,0,1545.39687498926,0,-1096.68784355661,-2042.02923208192,-362.770189410125,-24.5843588358773,1223.91857499788,971.056875594165,58.9545446020817,216.972620848256,-210.505527656313,-1328.48644478634,-186.311975632898,0,387.837780843653,702.23384684564,-1236.63993012545,40.0210409638015,0,-3009.7834993867,0,-862.274090991204,-703.054252214995,-166.398313611098,2142.18702262382,0,1322.70505280611,-214.378693769958,-726.588092559758,0,799.947166828456,379.610437733009
1026.73041535948,-1090.85026114235,91.7885681155882,-176.180423183452,0,-949.50931928879,0,0,1728.13118030748,2920.72015044788,-529.870004012445,744.903588415744,1611.77315214437,397.918255015016,2242.04453779295,-2521.75531848546,0,0,241.286834882874,15829.3999545367,1013.66731133964,0,-890.187191420722,-526.076552994977,-1851.82541570624,0,2033.43662743567,0,-740.011896751887,0,1310.34424119601,979.260519957001,2134.69279171546,10.1781790419968,-1018.48992758526,-3502.15458135889,-1680.21683471745,276.364431575371,-496.870013408494,349.464852326318,1436.94347022881,0,91.6579433499142,-49.7493529479933,218.257922567192,1121.17380355417,0,561.044095890448,0,-492.768438445502,667.841150388433,77.9075354407515,986.531559954779,0,111.165379706732,570.740476598743,910.752075820866,0,2745.7984414057,65.6706240335814
662.829700797732,101.187070829608,-1575.38409803654,207.460211077752,0,538.506023319454,0,0,105.768914473989,466.781597718827,300.352345670881,1633.05506556621,1916.759840114,-765.110295351047,665.219837264082,-650.67482084808,0,0,1515.16966755138,1013.66731133964,17416.5245910421,0,2376.43015986392,-167.710548964278,-1690.72439285432,0,124.256672415814,0,2735.62997059604,0,128.731420799234,-265.324183825026,446.860826312526,-1187.04720927721,36.7516998334172,-533.542336895068,-501.881230088449,-1678.93579631661,264.418481765197,-569.148137048644,85.1548086071299,0,-330.438918847017,-2796.53866027594,1330.26279577973,240.786955993217,0,-961.300034548718,0,-330.957003223085,870.59302871303,958.893595868876,-306.024261193683,0,789.194637147645,745.48004245241,2347.17071858871,0,1970.37808627943,-85.0389781458909
0,0,0,0,0,0,0,0,0,0,0,0,0,0,0,0,0,0,0,0,0,0.0638989256852745,0,0,0,0,0,0,0,0,0,0,0,0,0,0,0,0,0,0,0,0,0,0,0,0,0,0,0,0,0,0,0,0,0,0,0,0,0,0
-579.356705063443,-5.2568306951127,-512.882377042723,-571.497279126417,0,-1209.71801426441,0,0,528.15307442087,-391.484387353822,627.344588624109,192.583570990108,-420.657910284702,-783.11105473621,-692.239011322603,1966.82584904369,0,0,1075.36012099379,-890.187191420722,2376.43015986392,0,13245.4647995756,354.557458123076,121.831549647266,0,1993.0256581537,0,-1816.16057666928,0,-1478.83306487638,-1130.39559462567,1380.18544162632,1594.17657225928,-2578.29156009494,109.352007196183,98.8831179775662,-222.391362136524,28.1717688025803,-1146.05451809903,-1012.84171809177,0,27.4708974281946,-1554.0025267346,-317.780129262266,-449.755248491386,0,1114.49320645311,0,-1227.664193153,-511.484962350485,397.816512788649,67.4693821344538,0,974.773143148418,-763.186565093304,-126.675133097345,0,170.220804523197,-141.279072164431
-341.955910886705,358.043893340087,-202.265767833375,507.391547751444,0,-548.344475389189,0,0,256.94540916525,2109.14724789849,-144.596315927216,-2492.93730256972,-541.262316646124,433.982280042824,-200.636787696568,-1078.0153605907,0,0,305.210284722975,-526.076552994977,-167.710548964278,0,354.557458123076,11273.0659873111,-1474.01007049244,0,304.564061955694,0,481.052941039038,0,-1840.70616048726,265.879179061441,223.381119678325,499.437043583157,-1947.80277303107,718.161238627383,-2333.0232934992,-726.749623082783,-662.395045252672,-186.135534372156,704.885013536098,0,400.714498887648,1107.00973070543,-2531.4120392349,2037.04489250338,0,1012.30900138269,0,-366.122408813274,211.025570703153,-137.403026173192,-40.7706915693825,0,713.411215013683,-611.991235896159,840.115814277031,0,-2200.03926232915,308.31102476013
968.641550537714,-495.726231403657,-121.197141560746,320.541282908387,0,-1109.72181842227,0,0,473.976520036202,-1325.14290007987,961.057756121621,1676.47215005958,533.224491163331,-1295.87074032955,-542.834678238903,-649.736763282298,0,0,-297.067381463924,-1851.82541570624,-1690.72439285433,0,121.831549647266,-1474.01007049244,9818.21719821727,0,-654.901716797279,0,-1631.77311701583,0,-50.4183814166028,956.836387582311,-744.094725375072,-460.242683441319,827.350201291258,-1210.74374420646,2779.23835725243,-1476.95340379013,-693.620122253885,1764.73823638004,388.286098224243,0,-201.193419916912,-351.265114429912,334.794347839226,-1253.61651388333,0,1499.12758545103,0,441.704755770752,-992.158165873154,450.91657091694,96.1433922852452,0,-569.407395050028,-539.471660882049,-45.92813831008,0,237.502569518353,-673.09793277303
0,0,0,0,0,0,0,0,0,0,0,0,0,0,0,0,0,0,0,0,0,0,0,0,0,0.0490585444634246,0,0,0,0,0,0,0,0,0,0,0,0,0,0,0,0,0,0,0,0,0,0,0,0,0,0,0,0,0,0,0,0,0,0
1334.57543602924,135.622250462739,-105.692147117703,-604.525725518068,0,1686.5460463006,0,0,-189.36584238125,-207.097483122959,-1015.30439839146,364.884426592793,587.162978855382,559.216035044388,521.038534241802,-216.961477143441,0,0,-255.375044714309,2033.43662743567,124.256672415814,0,1993.0256581537,304.564061955694,-654.901716797279,0,10936.7109385099,0,-34.5403804992264,0,-942.127291964091,-235.258675414973,995.320375770029,1373.09061722606,-76.2266251738667,1724.58334459871,133.189163818037,136.342600732654,-1008.85645041586,-1075.68254829078,-647.446468572473,0,585.038443311432,-303.15573434748,-378.241054072915,91.7129414136691,0,-437.568549055737,0,585.410595712794,282.600319531555,-27.9833632941257,1457.30722793207,0,-936.904407047753,-1323.67731423986,1500.45901751097,0,-153.687150035492,-300.112580577732
0,0,0,0,0,0,0,0,0,0,0,0,0,0,0,0,0,0,0,0,0,0,0,0,0,0,0,0.0545372987325447,0,0,0,0,0,0,0,0,0,0,0,0,0,0,0,0,0,0,0,0,0,0,0,0,0,0,0,0,0,0,0,0
4.57349236227095,-83.5471226590908,-9.69264617632541,-300.195094441098,0,738.071084685762,0,0,-610.879956314036,-15.5653389507823,87.2420429546625,-538.126647033646,222.307550263515,-101.580337998482,665.321786312447,-716.957622999197,0,0,1545.39687498926,-740.011896751887,2735.62997059604,0,-1816.16057666928,481.052941039038,-1631.77311701583,0,-34.5403804992264,0,10155.0490098321,0,2067.85424001123,1357.53995994538,-17.6948757792205,-1263.98680045017,-546.778280143718,1128.45567426899,337.716170066601,-1776.88206571827,285.132902262349,-906.763649259747,-27.1518833493486,0,761.370538277102,-643.32489155205,-835.450864928952,1254.08107259131,0,239.557590471343,0,-508.030998005607,49.3774727569745,80.380117311724,-247.983566966688,0,110.590083466268,526.893235426317,609.106301443321,0,917.379820910515,-6.21526503446
0,0,0,0,0,0,0,0,0,0,0,0,0,0,0,0,0,0,0,0,0,0,0,0,0,0,0,0,0,0.0551257806564941,0,0,0,0,0,0,0,0,0,0,0,0,0,0,0,0,0,0,0,0,0,0,0,0,0,0,0,0,0,0
343.057141907112,140.983143663648,-108.691979857966,-376.697297539413,0,106.414351862828,0,0,-802.53867944813,430.173530483264,-1045.72400169445,376.069488825089,-1435.65028129347,-232.453734776317,1120.11204746434,-223.20678998156,0,0,-1096.68784355661,1310.34424119601,128.731420799234,0,-1478.83306487638,-1840.70616048726,-50.4183814166028,0,-942.127291964091,0,2067.85424001123,0,11605.8676235979,1935.98845105128,1631.69625129686,-1509.50054491123,731.991189626769,956.008264249303,-1416.96578206125,-1314.2589467432,88.735831392309,-571.184664067435,-160.268531349085,0,80.037228607394,765.841108128725,-1067.50998668387,94.2276674023805,0,1195.63788489292,0,600.281722264166,-333.689025920215,654.885586218303,555.384600681725,0,422.756781572952,405.588439629986,-1621.12071118652,0,1801.04996848612,-307.378596833782
642.238629844031,-917.503996818567,-1137.54946420413,90.4730341923696,0,-916.492428423378,0,0,2186.98036336347,927.50455539746,975.235241498704,256.954698419619,39.6955283269103,-328.974473912835,-699.701165109686,470.656632471736,0,0,-2042.02923208192,979.260519957001,-265.324183825026,0,-1130.39559462567,265.879179061441,956.836387582311,0,-235.258675414973,0,1357.53995994538,0,1935.98845105128,12379.5981664657,-315.390872703689,-19.4719247998417,1874.61074378393,854.135425644197,-699.278479741637,-511.091691705736,-734.498975351008,-115.733598484924,-160.258979279271,0,849.728313565359,615.332142761789,-416.463168172067,1086.51486785228,0,2723.37190674271,0,-759.862564870566,-314.308449622912,190.419509614898,-428.623395327122,0,-1559.25996440154,-1484.88377073388,-631.826342469433,0,-730.347225555524,788.681488206516
115.878385713957,47.7478735579069,-417.065556997312,75.6457753443714,0,126.661713456081,0,0,1346.98724222148,1319.19643467684,-7.94815967125934,1138.29046128712,31.3234372024194,60.0447997065855,370.79787912982,987.313028547243,0,0,-362.770189410125,2134.69279171546,446.860826312526,0,1380.18544162632,223.381119678325,-744.094725375072,0,995.320375770029,0,-17.6948757792205,0,1631.69625129686,-315.390872703689,8853.55404696256,590.785894232325,-426.246888457813,722.944467341755,-1241.51179175314,-435.222680719668,-155.804915410908,-985.266510072598,283.126735010385,0,-144.064754929419,-371.606596714778,-346.671639305539,-859.042136653041,0,34.5294272840484,0,409.47716037974,509.390242641179,730.812363332035,-365.963408014548,0,216.517593499132,-161.194543750505,-971.526585983642,0,594.538999368013,474.013453467372
1024.84374130735,-86.8445055058368,-5.41959301511926,-307.05243867755,0,225.645612690417,0,0,-634.131836439618,-13.937740155656,1587.70912642999,-1660.04432936821,-779.777167099174,1496.21866515919,698.207534128152,-38.470402698098,0,0,-24.5843588358773,10.1781790419968,-1187.04720927721,0,1594.17657225928,499.437043583157,-460.242683441319,0,1373.09061722606,0,-1263.98680045017,0,-1509.50054491123,-19.4719247998417,590.785894232325,10915.5568366485,1028.31090164957,1176.1970117976,-418.957297229298,1018.88516756975,845.705077922427,641.763323758003,470.878705240455,0,268.980162358285,914.696318654413,467.776246778661,768.519367892822,0,794.449029740614,0,1140.58165216376,54.4270500555204,424.924224230501,-253.532629176963,0,1025.15306890167,-1200.95491984851,-1451.12302258569,0,-14.3714207072006,224.064612052373
1029.3846098479,352.279897107123,136.292674786752,138.463262233203,0,-789.019593037419,0,0,2600.24249362091,253.603778718375,-391.682060399365,828.92103988592,-1043.11408929555,1328.21556057087,1112.4274775765,-75.4810828154561,0,0,1223.91857499788,-1018.48992758526,36.7516998334172,0,-2578.29156009494,-1947.80277303107,827.350201291258,0,-76.2266251738667,0,-546.778280143718,0,731.991189626769,1874.61074378393,-426.246888457813,1028.31090164957,17448.8909518085,2798.86677873762,-739.473767055377,1332.58450537127,-1206.08707696832,-148.823646289324,1058.96729868277,0,-537.926230733562,575.161908787743,394.189869782286,83.1548915007771,0,-1112.71062376722,0,453.800904689975,445.329927770431,76.0168540055092,-449.354496981238,0,-916.262511059073,586.88464405664,-1305.85685041887,0,-1953.93508530062,348.511817339444
549.015095369181,-1169.91325501094,1117.47379476435,-291.264336332132,0,-761.913898586588,0,0,113.986852211155,-1368.82698672046,1924.86747777695,-1183.44666126782,-1900.58386861911,1248.81376216138,862.259910533605,2485.24191646748,0,0,971.056875594165,-3502.15458135889,-533.542336895068,0,109.352007196183,718.161238627383,-1210.74374420646,0,1724.58334459871,0,1128.45567426899,0,956.008264249303,854.135425644197,722.944467341755,1176.1970117976,2798.86677873762,14922.8406757279,-317.331862557234,2983.99993855181,-988.120937599237,-1561.28700140524,-456.58534472523,0,-336.615558363684,-125.071011014987,-1569.07218225667,-813.1761776397,0,-225.78581329015,0,1305.57711378041,500.022452019533,466.68613633462,843.245518742897,0,-389.510816570808,-1343.27882848892,-1545.37552127091,0,-2120.9814276927,1041.1737893782
1606.21259096907,277.141700285695,372.610074331173,230.256064156481,0,-722.951020317076,0,0,120.955509694738,-621.589194011374,243.264665011767,625.07741785747,1402.71956596577,-942.278930767254,-400.107965107216,-1354.33801709447,0,0,58.9545446020817,-1680.21683471745,-501.881230088449,0,98.8831179775662,-2333.0232934992,2779.23835725243,0,133.189163818037,0,337.716170066601,0,-1416.96578206125,-699.278479741636,-1241.51179175314,-418.957297229298,-739.473767055377,-317.331862557234,13519.3914432239,-966.77629699979,-352.945033573912,195.694236155842,628.110452490943,0,-321.812641402376,1011.39250550226,655.989909435127,-206.098037681031,0,-206.217684786119,0,355.152386959477,-177.270616660955,-632.462740587954,-679.203333649801,0,111.259360643015,114.236580046822,192.494486584416,0,-992.070426645051,19.3772880481841
-832.274648996839,-634.384656337302,1061.29433735547,-954.302491878345,0,346.584683939234,0,0,1907.85642109899,-1716.22982539559,1201.87797998632,694.085383082126,-134.91847093588,813.448710369639,286.385037489307,133.273769481829,0,0,216.972620848256,276.364431575371,-1678.93579631661,0,-222.391362136524,-726.749623082783,-1476.95340379013,0,136.342600732654,0,-1776.88206571827,0,-1314.25894674319,-511.091691705736,-435.222680719668,1018.88516756975,1332.58450537127,2983.99993855181,-966.77629699979,10424.6760455168,-609.390730670461,-1309.21102705605,-900.144457424122,0,-564.167215203336,-1034.92971430807,-28.0936121845393,-142.724832058598,0,-1751.81950463608,0,-398.158112013578,129.585521835872,-475.494927271706,-590.738702940237,0,-646.802296324257,-1478.21020204203,-257.816392581493,0,-350.957276936745,747.013172324719
-719.834669666194,-176.264778587322,-333.317689486281,-405.657212445527,0,1205.12525829198,0,0,76.4853541941001,327.220326340944,-183.574892247314,-1412.81088384708,548.235486748404,1325.52516057936,-869.541288520327,-455.351682326879,0,0,-210.505527656313,-496.870013408494,264.418481765197,0,28.1717688025803,-662.395045252673,-693.620122253885,0,-1008.85645041586,0,285.132902262349,0,88.735831392309,-734.498975351008,-155.804915410908,845.705077922427,-1206.08707696832,-988.120937599237,-352.945033573912,-609.390730670461,8313.76737030345,826.707892302185,-326.026459318389,0,959.029148996685,-292.573631345451,-110.348154966304,-241.3858131334,0,-242.009556086452,0,92.6474749062038,603.180974690013,661.668468749429,-212.647810595271,0,1601.63628674872,-1160.20498704421,-1193.68818889321,0,245.540122328364,-234.994602996657
-1266.97032976734,-126.641980422846,-529.74244744232,635.770008662761,0,-981.235113501504,0,0,847.964406065598,-1036.21701506403,75.3104614772905,-93.1826825806175,126.678489633659,-1036.59052688349,863.41700996245,473.354056730751,0,0,-1328.48644478634,349.464852326318,-569.148137048644,0,-1146.05451809903,-186.135534372156,1764.73823638004,0,-1075.68254829078,0,-906.763649259747,0,-571.184664067436,-115.733598484924,-985.266510072598,641.763323758003,-148.823646289324,-1561.28700140524,195.694236155842,-1309.21102705605,826.707892302185,6596.59098638351,-22.7442336742507,0,13.2214548760214,574.094436947707,-173.779120420009,-638.624077077456,0,537.701974640735,0,760.22198596659,49.4752654845144,224.677142295057,803.734828966789,0,-32.5238075364164,930.135231305684,784.848515865931,0,625.395416991463,131.654791812235
-473.11265636189,-358.106671681315,605.605386191943,402.230390992547,0,-1422.3249159994,0,0,286.241637624446,299.187186712487,-22.148806207632,-124.005819222247,410.296724342124,951.312232164933,769.507386186157,-2095.33145836708,0,0,-186.311975632898,1436.94347022881,85.1548086071299,0,-1012.84171809177,704.885013536098,388.286098224243,0,-647.446468572473,0,-27.1518833493485,0,-160.268531349085,-160.258979279271,283.126735010385,470.878705240455,1058.96729868277,-456.58534472523,628.110452490943,-900.144457424122,-326.026459318389,-22.7442336742507,5447.84680990135,0,-658.439048512439,155.56359758799,-258.850843345586,804.207734479397,0,69.9586842237973,0,-168.512132765276,415.535012871354,214.370010452163,-264.91947325949,0,290.858658387816,277.58594396064,335.599464065762,0,-110.768749732202,267.954179193913
0,0,0,0,0,0,0,0,0,0,0,0,0,0,0,0,0,0,0,0,0,0,0,0,0,0,0,0,0,0,0,0,0,0,0,0,0,0,0,0,0,0.0336131783943428,0,0,0,0,0,0,0,0,0,0,0,0,0,0,0,0,0,0
793.859271379011,537.250891384155,-78.7247345617462,-376.456382558843,0,-34.5859591371915,0,0,-362.260216012425,1210.1850046305,-1241.79374284625,-918.690264323247,-934.822087184116,-204.3789346275,-1216.57610063885,79.1875917647203,0,0,387.837780843653,91.6579433499142,-330.438918847017,0,27.4708974281946,400.714498887648,-201.193419916912,0,585.038443311432,0,761.370538277102,0,80.037228607394,849.728313565359,-144.064754929419,268.980162358285,-537.926230733562,-336.615558363684,-321.812641402376,-564.167215203336,959.029148996685,13.2214548760214,-658.439048512439,0,7159.9502212424,490.615170719581,1331.42077157933,911.54988579953,0,-228.271055879747,0,385.252827093699,-545.948780147769,615.34489831197,134.924778082058,0,-805.949300098319,484.5281313903,12.0142965108396,0,227.941236400889,436.703121063474
720.881452717669,1654.30660204838,521.364508438075,19.5089988477136,0,-375.335281534367,0,0,184.939388644773,1958.38972264766,-465.37301387323,-1144.86763014938,-446.326505355992,-928.325260214277,-220.123338175608,-300.069149852356,0,0,702.23384684564,-49.7493529479933,-2796.53866027594,0,-1554.0025267346,1107.00973070543,-351.265114429912,0,-303.15573434748,0,-643.32489155205,0,765.841108128725,615.332142761789,-371.606596714778,914.696318654413,575.161908787743,-125.071011014987,1011.39250550226,-1034.92971430807,-292.573631345451,574.094436947707,155.56359758799,0,490.615170719581,7007.65762480133,55.3591148480619,313.574980679156,0,-78.5174424877058,0,572.943663094795,-286.811545634072,58.43205393096,618.189726512904,0,417.403135955685,1042.48859904568,-969.608188580304,0,-1367.23234431883,-139.101921211412
-1752.21536378425,643.479211270636,114.065447610618,-625.236905080957,0,-17.2277344474794,0,0,246.532967133862,-369.22928086293,-1069.80960748037,3255.83167833022,-516.434362894839,-707.707935807201,-731.264024290668,280.487943332964,0,0,-1236.63993012545,218.257922567192,1330.26279577973,0,-317.780129262266,-2531.4120392349,334.794347839226,0,-378.241054072915,0,-835.450864928952,0,-1067.50998668387,-416.463168172067,-346.671639305539,467.776246778661,394.189869782285,-1569.07218225667,655.989909435127,-28.0936121845393,-110.348154966304,-173.779120420009,-258.850843345586,0,1331.42077157933,55.3591148480619,10102.2814210072,937.414833220359,0,964.403214969057,0,432.775053315168,-84.1192898477736,183.81950196851,-1347.26037864523,0,-179.327342636191,645.215635054728,-171.918296387788,0,169.658022503361,505.692128503553
-14.0350439745288,-47.2292020595567,-220.631151012263,-16.0511648144032,0,1084.5438424194,0,0,-362.386129093737,35.785205619529,-199.506560984651,-1183.45337264874,-511.416060662685,824.248791994765,147.815043279117,-1969.20840973959,0,0,40.0210409638015,1121.17380355417,240.786955993217,0,-449.755248491386,2037.04489250338,-1253.61651388333,0,91.7129414136691,0,1254.08107259131,0,94.2276674023805,1086.51486785228,-859.042136653041,768.519367892822,83.154891500777,-813.1761776397,-206.098037681031,-142.724832058598,-241.3858131334,-638.624077077456,804.207734479397,0,911.54988579953,313.574980679156,937.414833220359,6489.70873912618,0,-148.951467521215,0,-370.357381138925,332.436135393899,-686.906812657682,-470.272273652203,0,755.306331440279,80.4414241076873,-632.429295146946,0,381.214521695458,11.9813153071436
0,0,0,0,0,0,0,0,0,0,0,0,0,0,0,0,0,0,0,0,0,0,0,0,0,0,0,0,0,0,0,0,0,0,0,0,0,0,0,0,0,0,0,0,0,0,0.0236083365479369,0,0,0,0,0,0,0,0,0,0,0,0,0
-396.459370290641,-539.56425584241,18.1720816591591,161.673916963281,0,-509.336106996277,0,0,-820.355607909036,515.620963769036,169.930176341051,442.758737563726,-143.194419570685,-362.67141807228,-280.864087176898,-959.529953772088,0,0,-3009.7834993867,561.044095890448,-961.300034548718,0,1114.49320645311,1012.30900138269,1499.12758545103,0,-437.568549055737,0,239.557590471343,0,1195.63788489292,2723.37190674271,34.5294272840484,794.449029740614,-1112.71062376722,-225.78581329015,-206.217684786119,-1751.81950463608,-242.009556086452,537.701974640735,69.9586842237973,0,-228.271055879747,-78.5174424877058,964.403214969057,-148.951467521215,0,6769.47501150823,0,-62.4637758759373,106.654571954482,-192.86377677791,-832.996323004146,0,-259.991853434794,-247.14377082193,-645.559417221662,0,-334.695665784195,-158.79606881456
0,0,0,0,0,0,0,0,0,0,0,0,0,0,0,0,0,0,0,0,0,0,0,0,0,0,0,0,0,0,0,0,0,0,0,0,0,0,0,0,0,0,0,0,0,0,0,0,0.0229066213330452,0,0,0,0,0,0,0,0,0,0,0
863.357249849081,353.429760933847,-158.066029632522,-400.633136820138,0,640.146180316436,0,0,-900.78936238246,61.2758006171467,212.164078167003,51.9390875357296,1110.09060829644,-267.444685990905,826.644463956417,1390.58931000355,0,0,-862.274090991204,-492.768438445502,-330.957003223085,0,-1227.664193153,-366.122408813274,441.704755770753,0,585.410595712794,0,-508.030998005607,0,600.281722264166,-759.862564870566,409.47716037974,1140.58165216376,453.800904689975,1305.57711378041,355.152386959477,-398.158112013578,92.6474749062038,760.22198596659,-168.512132765276,0,385.252827093699,572.943663094795,432.775053315168,-370.357381138925,0,-62.4637758759373,0,4340.77482614666,669.408876350052,43.6610380126346,485.904231981514,0,61.4168411370292,819.782375702324,447.400307973339,0,-236.412811877368,156.378846724015
3.06903698402959,-315.792178699934,-141.875146886892,274.723863776978,0,96.92344744496,0,0,-529.737903340581,-5.16913833379626,-176.610537832882,-240.649566610073,744.724824336452,296.822623883092,1282.39354321961,-17.0565624874383,0,0,-703.054252214995,667.841150388433,870.59302871303,0,-511.484962350485,211.025570703153,-992.158165873154,0,282.600319531555,0,49.3774727569745,0,-333.689025920215,-314.308449622912,509.390242641179,54.4270500555204,445.329927770431,500.022452019533,-177.270616660955,129.585521835872,603.180974690013,49.4752654845144,415.535012871354,0,-545.948780147769,-286.811545634072,-84.1192898477736,332.436135393899,0,106.654571954482,0,669.408876350052,2004.2109290679,-107.453980205553,290.041318706862,0,50.7429967888029,607.869164455659,272.077422514673,0,-5.66586111052467,193.443713262615
-666.306802396262,35.474242561478,86.0905001164381,65.2339451706849,0,-103.756274770167,0,0,256.217592889097,465.180975209108,56.6165335774288,-369.02820692675,293.56508507117,42.8944844182397,-567.680564339327,629.46378723573,0,0,-166.398313611098,77.9075354407515,958.893595868876,0,397.816512788649,-137.403026173192,450.91657091694,0,-27.9833632941257,0,80.380117311724,0,654.885586218303,190.419509614898,730.812363332035,424.924224230501,76.0168540055092,466.68613633462,-632.462740587954,-475.494927271706,661.668468749429,224.677142295057,214.370010452163,0,615.34489831197,58.43205393096,183.81950196851,-686.906812657682,0,-192.86377677791,0,43.6610380126346,-107.453980205553,2945.298557647,-166.687019033174,0,119.234369170715,-295.193220928541,-268.552499614724,0,-99.5011681331331,168.648229749802
-12.7001422610149,-43.5826534426515,435.568967609285,-323.529961520752,0,252.971572842003,0,0,-709.617919558855,28.8312770021247,145.802232933182,22.4257765018006,529.154985733916,-55.2362139971833,1244.29322289018,535.269584965822,0,0,2142.18702262382,986.531559954779,-306.024261193683,0,67.4693821344538,-40.7706915693825,96.1433922852453,0,1457.30722793207,0,-247.983566966688,0,555.384600681725,-428.623395327122,-365.963408014548,-253.532629176963,-449.354496981238,843.245518742897,-679.203333649801,-590.738702940237,-212.647810595271,803.734828966789,-264.91947325949,0,134.924778082058,618.189726512904,-1347.26037864523,-470.272273652203,0,-832.996323004147,0,485.904231981514,290.041318706862,-166.687019033174,5021.09010590349,0,368.651753821853,-1345.35516190111,456.585476375322,0,959.103773593977,-285.320821519052
0,0,0,0,0,0,0,0,0,0,0,0,0,0,0,0,0,0,0,0,0,0,0,0,0,0,0,0,0,0,0,0,0,0,0,0,0,0,0,0,0,0,0,0,0,0,0,0,0,0,0,0,0,0.0452936192738433,0,0,0,0,0,0
-902.541097530046,256.221131095201,-296.663419796643,-367.163689997613,0,201.629688122305,0,0,-411.514145327592,-577.487579927914,1351.11213085501,-502.089321006056,396.982947525489,567.48364542991,333.323136554821,408.834973013339,0,0,1322.70505280611,111.165379706732,789.194637147645,0,974.773143148418,713.411215013683,-569.407395050028,0,-936.904407047753,0,110.590083466268,0,422.756781572952,-1559.25996440154,216.517593499132,1025.15306890167,-916.262511059072,-389.510816570808,111.259360643015,-646.802296324257,1601.63628674872,-32.5238075364164,290.858658387816,0,-805.949300098319,417.403135955685,-179.327342636191,755.306331440279,0,-259.991853434794,0,61.4168411370292,50.7429967888029,119.234369170715,368.651753821853,0,5400.30759770789,-122.510144082097,-1358.51275372991,0,171.11087038958,-62.6665358581746
374.24149987942,1035.39667571809,-84.4229436705495,228.003141161928,0,-130.935791051485,0,0,-395.607076376099,-167.215189391115,-1134.03743551401,-141.493958377829,379.240553715088,-672.889797936831,-34.4283071456668,-884.532599908895,0,0,-214.378693769958,570.740476598743,745.48004245241,0,-763.186565093304,-611.991235896159,-539.471660882049,0,-1323.67731423986,0,526.893235426317,0,405.588439629986,-1484.88377073388,-161.194543750505,-1200.95491984851,586.884644056639,-1343.27882848892,114.236580046822,-1478.21020204203,-1160.20498704421,930.135231305684,277.58594396064,0,484.5281313903,1042.48859904568,645.215635054728,80.4414241076873,0,-247.14377082193,0,819.782375702324,607.869164455659,-295.193220928541,-1345.35516190111,0,-122.510144082097,4908.28151699267,-30.4752557474084,0,-420.526225943264,217.651626664209
963.085638407316,-360.020015798732,-290.570101654038,627.787492058344,0,-581.206416982801,0,0,-464.896359691021,-105.634294144121,-1369.62890528437,1500.22636998897,1949.40991822619,-1312.46733809178,441.110857193778,975.788655367797,0,0,-726.588092559758,910.752075820866,2347.17071858871,0,-126.675133097345,840.115814277031,-45.92813831008,0,1500.45901751097,0,609.106301443321,0,-1621.12071118652,-631.826342469433,-971.526585983642,-1451.12302258569,-1305.85685041887,-1545.37552127091,192.494486584416,-257.816392581493,-1193.68818889321,784.848515865931,335.599464065762,0,12.0142965108396,-969.608188580304,-171.918296387788,-632.429295146946,0,-645.559417221662,0,447.400307973339,272.077422514673,-268.552499614724,456.585476375322,0,-1358.51275372992,-30.4752557474084,6443.96267104799,0,617.994863947083,-38.1501455255689
0,0,0,0,0,0,0,0,0,0,0,0,0,0,0,0,0,0,0,0,0,0,0,0,0,0,0,0,0,0,0,0,0,0,0,0,0,0,0,0,0,0,0,0,0,0,0,0,0,0,0,0,0,0,0,0,0,0.0184076491363552,0,0
88.8939662480921,-622.583933647799,-334.515730393927,-260.699192230178,0,460.782495672172,0,0,-534.917297335016,622.546657592393,-8.90757474222804,171.816614264036,19.7983273008152,314.938942981719,1067.04656437986,-619.948553454489,0,0,799.947166828456,2745.7984414057,1970.37808627943,0,170.220804523197,-2200.03926232915,237.502569518353,0,-153.687150035492,0,917.379820910515,0,1801.04996848612,-730.347225555524,594.538999368013,-14.3714207072006,-1953.93508530062,-2120.9814276927,-992.070426645051,-350.957276936745,245.540122328364,625.395416991463,-110.768749732202,0,227.941236400889,-1367.23234431883,169.658022503361,381.214521695458,0,-334.695665784195,0,-236.412811877368,-5.66586111052467,-99.5011681331331,959.103773593978,0,171.11087038958,-420.526225943264,617.994863947083,0,5660.75741154228,-541.663948517496
-440.51888365414,-189.441212197044,-158.03548712607,-47.419325555632,0,-465.510273256127,0,0,1082.6164012421,-106.58604206432,154.998866710701,-91.5137246180061,11.693763195599,-234.005600999664,-223.310820593615,373.152109633767,0,0,379.610437733009,65.6706240335814,-85.0389781458909,0,-141.279072164431,308.31102476013,-673.09793277303,0,-300.112580577732,0,-6.21526503446,0,-307.378596833782,788.681488206516,474.013453467372,224.064612052373,348.511817339444,1041.1737893782,19.3772880481841,747.013172324719,-234.994602996657,131.654791812235,267.954179193913,0,436.703121063474,-139.101921211412,505.692128503553,11.9813153071436,0,-158.79606881456,0,156.378846724015,193.443713262615,168.648229749802,-285.320821519052,0,-62.6665358581746,217.651626664209,-38.1501455255689,0,-541.663948517496,1270.00043101723
