0.0619287859605689,0.0193083210545773,0.0555866716765742,0.0172301314952059,0.0177692989323496,-0.0365019930255958,0.0393816256490663,-0.00327009546647016,-0.0103983172208457,-0.0134215240982854,0.0307694960652978,-0.00836068500780304,0.0472350890278874,-0.0382098097587743,0.0261644289303156,-0.016545529891519,0.0102240315177732
0.0193083210545773,0.0788042473807026,0.0178729234059878,0.0443212191962997,0.0326483490615932,0.038536620567161,0.0237008015228654,0.0684880684866058,0.00099509940927579,0.0166986372142383,0.0261365304571814,0.0476464492306427,0.00914251314933679,0.036943739882746,-0.00628806489922039,0.0320799594285477,0.0138497371012099
0.0555866716765742,0.0178729234059878,0.0896143306042407,0.0408505749691075,0.0103352244934133,-0.0125815747665343,0.0317174678705467,-0.00303425831830605,-0.0283365115610833,0.0139088811008814,0.0296063597231925,-0.0177871215417984,0.0325310800141357,-0.0543227414130917,0.0356684554122273,-0.0140550862519168,0.014851744790199
0.0172301314952059,0.0443212191962997,0.0408505749691075,0.0744422297466061,0.0018143557833241,0.0458982422873435,0.000139025364713067,0.0524897237694178,-0.00403850697521326,0.0317152138518613,0.0239211601767432,0.0387413978124295,0.0203634285584263,0.0137444838331691,0.0357379716110603,0.032084560341531,-0.00880532092280841
0.0177692989323496,0.0326483490615932,0.0103352244934133,0.0018143557833241,0.0696935912768805,0.0106476695793295,0.050763129804212,0.0109374904664394,0.0427124474071551,0.000827192913418507,0.0417641457808742,0.00551560357682248,0.0252007458147315,0.0243325542866819,0.0269096671922367,0.00215534049438943,0.0551967274205302
-0.0365019930255958,0.038536620567161,-0.0125815747665343,0.0458982422873435,0.0106476695793295,0.101663072431716,-0.045759155424102,0.0569048313101396,0.0351056563014103,0.0256311364850034,0.0118862587282779,0.030649842473585,-0.0302391974413535,0.036131915074192,0.00702389050747729,0.0500208211833114,0.0186706514324303
0.0393816256490663,0.0237008015228654,0.0317174678705467,0.000139025364713067,0.050763129804212,-0.045759155424102,0.0878119464928666,-0.0049237689143663,-0.0032780044411392,0.00673123098063753,0.0274651733465698,0.00691452709064627,0.0434102303732624,0.02066689476188,0.0222727547942475,-0.0185728465839238,0.0240743035364497
-0.00327009546647016,0.0684880684866058,-0.00303425831830605,0.0524897237694178,0.0109374904664394,0.0569048313101396,-0.0049237689143663,0.0852800540494426,-0.000188216425688667,0.023052391297247,0.0187431058920449,0.0677334317244907,0.00564920290145451,0.0611392976565215,-0.00595806491394807,0.0463777611822597,-0.00510556818838975
-0.0103983172208457,0.00099509940927579,-0.0283365115610833,-0.00403850697521326,0.0427124474071551,0.0351056563014104,-0.0032780044411392,-0.000188216425688667,0.0760307447901141,-0.0104273002360842,0.034704614477262,0.00235295702002577,0.021065816947956,0.019896459498527,0.034400534341732,0.0100477097698923,0.0425368956106413
-0.0134215240982854,0.0166986372142383,0.0139088811008814,0.0317152138518613,0.000827192913418507,0.0256311364850034,0.00673123098063753,0.023052391297247,-0.0104273002360842,0.0443207116826103,0.00732722431938699,0.0295000214108277,0.00560083578938361,0.0242102689483118,0.00871736135715408,0.0139112523814786,-0.00284362439826814
0.0307694960652978,0.0261365304571814,0.0296063597231925,0.0239211601767432,0.0417641457808742,0.0118862587282779,0.0274651733465698,0.0187431058920449,0.034704614477262,0.00732722431938699,0.063886001421908,0.0157240554138221,0.062166768201474,-0.00399674199215439,0.0387174609797242,-0.014834177078349,0.0386858736533173
-0.00836068500780304,0.0476464492306427,-0.0177871215417984,0.0387413978124295,0.00551560357682248,0.030649842473585,0.00691452709064627,0.0677334317244907,0.00235295702002577,0.0295000214108277,0.0157240554138221,0.0776813292283257,0.028677269727748,0.0778796960310578,0.00138393269065917,0.0440733156109662,-0.0143295530086858
0.0472350890278874,0.00914251314933679,0.0325310800141357,0.0203634285584263,0.0252007458147315,-0.0302391974413535,0.0434102303732624,0.00564920290145451,0.021065816947956,0.00560083578938361,0.062166768201474,0.028677269727748,0.100514000281827,0.00382110638520847,0.0507780025742442,-0.0166493712661736,0.0166246557003674
-0.0382098097587743,0.036943739882746,-0.0543227414130917,0.0137444838331691,0.0243325542866819,0.036131915074192,0.02066689476188,0.0611392976565215,0.019896459498527,0.0242102689483118,-0.00399674199215439,0.0778796960310578,0.00382110638520847,0.133183108453211,-0.0025586617484975,0.063683371484084,-0.00138889435540747
0.0261644289303156,-0.00628806489922039,0.0356684554122273,0.0357379716110603,0.0269096671922367,0.00702389050747729,0.0222727547942475,-0.00595806491394807,0.034400534341732,0.00871736135715408,0.0387174609797242,0.00138393269065917,0.0507780025742442,-0.0025586617484975,0.0751598435647855,0.00724555877439103,0.0206491852334582
-0.016545529891519,0.0320799594285477,-0.0140550862519168,0.032084560341531,0.00215534049438943,0.0500208211833114,-0.0185728465839238,0.0463777611822597,0.0100477097698923,0.0139112523814786,-0.014834177078349,0.0440733156109662,-0.0166493712661736,0.063683371484084,0.00724555877439103,0.07922243950708,-0.00309617773708387
0.0102240315177732,0.0138497371012099,0.014851744790199,-0.00880532092280841,0.0551967274205302,0.0186706514324303,0.0240743035364497,-0.00510556818838975,0.0425368956106413,-0.00284362439826814,0.0386858736533173,-0.0143295530086858,0.0166246557003674,-0.00138889435540747,0.0206491852334582,-0.00309617773708387,0.0625593090718404
