0.0566330798388761,0.00833041132971306,0.0361503957735045,-0.0081760333497208,-0.0154114461337909,-0.00627379760669545,-0.00486978037869335,-0.00567264805034909,-0.00644154330834312,-0.00609892225464504,-0.00574608833807974,-0.00480323564710432,-0.00629848665103699,-0.0057573766684044,-0.00278487054531745,0.00460604953221763,-0.0151967436577905,-0.0251395144304985,-0.0208442848642865,-0.0059801869751389,0.00324065106130262,-0.018648210561657
0.00833041132971306,0.036561667560329,0.0397461348006693,0.00899748925375413,0.00815368698257013,0.00943317193802552,0.00839068075384272,0.00860258076961205,0.00578183333361826,0.0066377126668807,0.00515178168036525,0.00357649002943028,0.00731548060212882,0.005405711966182,0.0103457844231488,-0.00396076079897169,0.00171736218202771,-0.018059619386713,-0.00130437704283961,-0.0172435713395865,0.00126806687364913,-0.00277276166107947
0.0361503957735045,0.0397461348006693,0.116457966068209,0.0063977671539284,0.00154114326853273,0.00855454961429426,0.00876024702732022,0.00619032856487601,-0.00805309490060521,-0.00563080535606885,-0.0114212097172152,-0.00637982872188566,0.00016333469483691,-0.0111492222537165,0.00962073006799848,0.00528882271781904,-0.0207408231114478,-0.0246007016487324,-0.0151921221257427,-0.028528351084572,-0.0106228145035246,-0.0115816903451182
-0.0081760333497208,0.00899748925375413,0.0063977671539284,0.0325251578650317,0.0286700628764739,0.0308777721401994,0.0298821322065276,0.029247665165647,0.0264819083926189,0.0260576549219328,0.0286027641712465,0.0205675104505624,0.0250654637302165,0.0291305237820708,0.0240392141180705,-0.0298861772868399,0.015953546749146,0.00105113930232906,0.0280378157668171,-0.00161743460153378,0.01482941803971,0.029867395072912
-0.0154114461337909,0.00815368698257013,0.00154114326853273,0.0286700628764739,0.0274879365192222,0.0273440412170739,0.0254414974844513,0.0256740741272681,0.0231342196337982,0.0225893494294772,0.0253251593941544,0.0179672610592401,0.0213425702669846,0.0258143465767937,0.0210796546713657,-0.0252593369100391,0.0174155792120093,0.00510770396035789,0.02571697468104,-0.00359078245252047,0.00996942042620509,0.0269155837122992
-0.00627379760669545,0.00943317193802552,0.00855454961429426,0.0308777721401994,0.0273440412170739,0.0296701131601508,0.0280796305026748,0.0280097787431866,0.0250595811659394,0.0246927146048685,0.027365735237876,0.0195543993148067,0.0234853452544105,0.0278882900533338,0.0231486054978864,-0.0279957748331842,0.0141453392002482,0.000881200828969331,0.0245942942966225,-0.00395664511842392,0.0128960982628544,0.0267779039848538
-0.00486978037869335,0.00839068075384273,0.00876024702732022,0.0298821322065277,0.0254414974844513,0.0280796305026748,0.029097625276965,0.0268052523363025,0.0238307465636473,0.0239350639853978,0.025350193260425,0.0181421027354116,0.0236496374339478,0.0258234268390359,0.022972509215856,-0.0273101293284472,0.0127175648799863,-0.00170406382341661,0.0268451421754012,-0.000260067226319224,0.0149843930185857,0.0279664098198026
-0.00567264805034909,0.00860258076961205,0.00619032856487601,0.029247665165647,0.0256740741272681,0.0280097787431866,0.0268052523363025,0.0267100318911448,0.0237811747834113,0.0235054595133011,0.0260717603567869,0.0183833945390809,0.0221934011897926,0.0265552939716584,0.0218206428825844,-0.027247561536506,0.0133623848878268,-9.18216776382947e-05,0.0238547927257826,-0.00286312028373477,0.0132828361335128,0.025452647848982
-0.00644154330834312,0.00578183333361826,-0.00805309490060521,0.0264819083926189,0.0231342196337982,0.0250595811659394,0.0238307465636473,0.0237811747834113,0.0369339229164765,0.0338627046154733,0.0409205567859448,0.0317864101001347,0.0295168744094263,0.0412910284754958,0.0201392955008473,-0.036836789727018,0.0209404594237831,0.00597164452064072,0.0267439588379149,0.00592395599098487,0.0184819853247427,0.028152592446355
-0.00609892225464504,0.0066377126668807,-0.00563080535606885,0.0260576549219328,0.0225893494294772,0.0246927146048685,0.0239350639853978,0.0235054595133011,0.0338627046154733,0.0317212887847263,0.0372284751940735,0.0286218516652075,0.028116293895588,0.0375939435114275,0.0203257927960456,-0.0336363345199399,0.018278291667788,0.00363552381975331,0.0246512099422343,0.00353867783523506,0.0170687487338995,0.0261188022167497
-0.00574608833807974,0.00515178168036525,-0.0114212097172152,0.0286027641712465,0.0253251593941544,0.027365735237876,0.025350193260425,0.0260717603567869,0.0409205567859448,0.0372284751940735,0.0466606185904721,0.034822375456268,0.0311851832654279,0.0471029280302455,0.0218536643357014,-0.040830201393892,0.0220575182656004,0.00707669353205227,0.0274860971260163,0.00415316026406632,0.0186532332545756,0.028646412076973
-0.00480323564710432,0.00357649002943028,-0.00637982872188566,0.0205675104505624,0.0179672610592401,0.0195543993148067,0.0181421027354116,0.0183833945390809,0.0317864101001347,0.0286218516652075,0.034822375456268,0.0287606055287148,0.0249541709059898,0.0350749772822632,0.0150810866223003,-0.0316039459761421,0.0183979497805672,0.00914713983274624,0.0223748034357265,0.00841758291722905,0.0159949134145502,0.0242648336156827
-0.00629848665103699,0.00731548060212882,0.00016333469483691,0.0250654637302165,0.0213425702669846,0.0234853452544105,0.0236496374339478,0.0221934011897926,0.0295168744094263,0.028116293895588,0.0311851832654279,0.0249541709059898,0.0265014908196412,0.031517782488682,0.0197281929948991,-0.0297462806482804,0.0171501771612288,0.00147341932992599,0.0244601477768769,0.0045798446224536,0.0166834712757367,0.0262597166473197
-0.0057573766684044,0.005405711966182,-0.0111492222537165,0.0291305237820708,0.0258143465767937,0.0278882900533338,0.0258234268390359,0.0265552939716584,0.0412910284754958,0.0375939435114275,0.0471029280302455,0.0350749772822632,0.031517782488682,0.0475591356815832,0.0222931225035057,-0.0411856847409231,0.0222726451533545,0.0069434368101004,0.0277733307159627,0.00383119395444074,0.0187237819675741,0.0289638405040348
-0.00278487054531745,0.0103457844231488,0.00962073006799848,0.0240392141180705,0.0210796546713657,0.0231486054978864,0.022972509215856,0.0218206428825844,0.0201392955008473,0.0203257927960456,0.0218536643357014,0.0150810866223003,0.0197281929948991,0.0222931225035057,0.0205992828585506,-0.0213680821833026,0.0118553272900137,-0.00620340053028705,0.0180473276087942,-0.00627105618785807,0.0104166175852965,0.0194111566586283
0.00460604953221763,-0.00396076079897169,0.00528882271781904,-0.0298861772868399,-0.0252593369100391,-0.0279957748331842,-0.0273101293284472,-0.027247561536506,-0.036836789727018,-0.0336363345199399,-0.040830201393892,-0.0316039459761421,-0.0297462806482804,-0.0411856847409231,-0.0213680821833026,0.0453367992421028,-0.02796049879926,-0.00220151218601521,-0.0343391686974727,-0.0141135541077592,-0.0213703201114994,-0.0343465087137906
-0.0151967436577905,0.00171736218202771,-0.0207408231114478,0.015953546749146,0.0174155792120093,0.0141453392002482,0.0127175648799863,0.0133623848878268,0.0209404594237831,0.018278291667788,0.0220575182656004,0.0183979497805672,0.0171501771612288,0.0222726451533545,0.0118553272900137,-0.02796049879926,0.0492575778381581,-0.00490633375306786,0.0273323134875654,0.0175894638042958,0.00767011684096862,0.0256967858386003
-0.0251395144304985,-0.018059619386713,-0.0246007016487324,0.00105113930232906,0.00510770396035789,0.000881200828969331,-0.00170406382341661,-9.18216776382947e-05,0.00597164452064072,0.00363552381975331,0.00707669353205227,0.00914713983274624,0.00147341932992599,0.0069434368101004,-0.00620340053028705,-0.00220151218601521,-0.00490633375306786,0.0486964243593278,0.00885352107667963,0.0145248628287959,-0.00222015814135198,0.011788674863898
-0.0208442848642865,-0.00130437704283961,-0.0151921221257427,0.0280378157668171,0.02571697468104,0.0245942942966224,0.0268451421754012,0.0238547927257826,0.0267439588379149,0.0246512099422343,0.0274860971260163,0.0223748034357265,0.0244601477768769,0.0277733307159627,0.0180473276087942,-0.0343391686974727,0.0273323134875654,0.00885352107667963,0.0438313867380797,0.0183338960105269,0.0227167788500643,0.042068972639163
-0.0059801869751389,-0.0172435713395865,-0.028528351084572,-0.00161743460153378,-0.00359078245252047,-0.00395664511842392,-0.000260067226319224,-0.00286312028373477,0.00592395599098487,0.00353867783523506,0.00415316026406632,0.00841758291722905,0.0045798446224536,0.00383119395444074,-0.00627105618785807,-0.0141135541077592,0.0175894638042958,0.0145248628287959,0.0183338960105269,0.0416648360210986,0.0123189092917443,0.0171366584526501
0.00324065106130262,0.00126806687364913,-0.0106228145035246,0.01482941803971,0.00996942042620509,0.0128960982628544,0.0149843930185857,0.0132828361335128,0.0184819853247427,0.0170687487338995,0.0186532332545756,0.0159949134145502,0.0166834712757367,0.0187237819675741,0.0104166175852965,-0.0213703201114994,0.00767011684096862,-0.00222015814135198,0.0227167788500643,0.0123189092917443,0.0285801355279589,0.0228168997165624
-0.018648210561657,-0.00277276166107947,-0.0115816903451182,0.029867395072912,0.0269155837122992,0.0267779039848538,0.0279664098198026,0.025452647848982,0.028152592446355,0.0261188022167498,0.028646412076973,0.0242648336156827,0.0262597166473197,0.0289638405040348,0.0194111566586283,-0.0343465087137906,0.0256967858386003,0.011788674863898,0.042068972639163,0.0171366584526501,0.0228168997165624,0.0427884920771532
