0.0675137342539164,-0.0171866493121482,0.0464225775448702,-0.00658189256612854,0.0162602846398565,0.00494966555670564,-0.0209581244335456,-0.0114344001471309,-0.00202697222516797,-0.0130277241043185,-0.0138041886572981,-0.00928979614940445,0.0301239632103064,-0.00680508430739489,-0.0113870787733085,-0.011317929137644,0.014792029125076
-0.0171866493121482,0.105548554861735,-0.000945825676338668,0.0768191059382915,0.0197036552023593,0.0603675679566177,0.0251931631726388,0.071842772118101,0.0396339334683688,0.0510828032907225,0.0132991412715002,0.0598888691707954,2.74844355883985e-05,0.0313733837509655,0.0168957891873141,0.0333916824206245,0.00320317541643703
0.0464225775448702,-0.000945825676338668,0.0581667532134392,1.68995551767464e-05,0.030738927965226,-0.00224619493484593,0.00820442833840865,-0.00902931449731551,0.0151357611796109,-0.0299356224940865,0.0251260646382609,-0.0140985098249226,0.0331544782696775,-0.0137310529771768,0.0185919092656191,-0.0117293440651907,0.025644972006356
-0.00658189256612854,0.0768191059382915,1.68995551767464e-05,0.112556734558766,-0.00462427225711058,0.0796410340987742,-0.0164167670108446,0.0377264441924786,0.0296606234836295,0.040988425410787,0.023899506476594,0.0435556343155416,0.0167682320635416,0.0396783373426438,-0.00962905531269611,0.03816187400935,0.000700564831854186
0.0162602846398565,0.0197036552023593,0.030738927965226,-0.00462427225711058,0.0624425372712755,0.00952044768073807,0.0455795836597508,0.0185647867189376,0.0339497187471213,-0.00272936935045258,0.0300515715112111,-0.00865743370975249,0.0188930847912109,-0.00890002120728605,0.0246224623250223,-0.0121423019292623,0.00110609379680942
0.00494966555670564,0.0603675679566177,-0.00224619493484593,0.0796410340987742,0.00952044768073807,0.0943125054812401,-0.00549000296281874,0.0513600983172117,-0.000287865797648319,0.053868196153693,0.0214213774063701,0.0520845756442189,0.0245526083203299,0.0588412370771347,-0.0105605110550026,0.0522562586732094,-0.000399052900965232
-0.0209581244335456,0.0251931631726388,0.00820442833840865,-0.0164167670108446,0.0455795836597508,-0.00549000296281874,0.064932917072838,0.015825590385265,0.0209629542540708,0.00249695899107682,0.0313333559228358,-0.00928085531025079,0.00386805721515896,-0.016223440306878,0.0496688032959266,-0.0088733493506609,0.0114976439086035
-0.0114344001471309,0.071842772118101,-0.00902931449731552,0.0377264441924786,0.0185647867189376,0.0513600983172117,0.015825590385265,0.108162495799349,0.0103000008860292,0.0531869299605281,0.0138348987872588,0.0529839843098037,-0.0033641126249773,0.0743621492273939,0.00131535634684557,0.0348422351539285,-0.00673609334861025
-0.00202697222516797,0.0396339334683688,0.0151357611796109,0.0296606234836296,0.0339497187471213,-0.000287865797648319,0.0209629542540708,0.0103000008860292,0.0637414799372543,-0.000326387496318861,0.0165406304479272,0.00629645916758106,0.00782098011576324,-0.0240184285653918,0.0131931799142295,-0.0194845978663428,-0.00578855206167466
-0.0130277241043185,0.0510828032907225,-0.0299356224940865,0.040988425410787,-0.00272936935045258,0.053868196153693,0.00249695899107682,0.0531869299605281,-0.000326387496318861,0.0669391668887858,-0.0142561015914556,0.0429694059629659,0.00612939744682601,0.0362834987110759,-0.00413385651336699,0.0255985996365334,-0.00349840219920956
-0.0138041886572981,0.0132991412715002,0.0251260646382609,0.023899506476594,0.0300515715112111,0.0214213774063701,0.0313333559228358,0.0138348987872588,0.0165406304479272,-0.0142561015914556,0.0834186096636368,-0.000933984896800155,0.0393462585860135,0.014730064307065,0.022945138574123,0.00993999385159956,0.0105629761377246
-0.00928979614940445,0.0598888691707954,-0.0140985098249226,0.0435556343155416,-0.00865743370975249,0.0520845756442189,-0.00928085531025079,0.0529839843098037,0.00629645916758107,0.042969405962966,-0.000933984896800155,0.0900575940099938,-0.0059405458514006,0.0434405972246743,-0.0233876501925731,0.0611976497959715,-0.0181755961519672
0.0301239632103064,2.74844355883985e-05,0.0331544782696775,0.0167682320635416,0.0188930847912109,0.0245526083203299,0.00386805721515896,-0.0033641126249773,0.00782098011576324,0.00612939744682601,0.0393462585860135,-0.0059405458514006,0.0713490890627663,-0.00683622281497964,0.0156963474098573,-0.0153952713205039,0.0313406555556305
-0.00680508430739489,0.0313733837509655,-0.0137310529771768,0.0396783373426438,-0.00890002120728605,0.0588412370771347,-0.016223440306878,0.0743621492273939,-0.0240184285653918,0.0362834987110759,0.014730064307065,0.0434405972246743,-0.00683622281497964,0.0875741178670089,-0.0203459363790118,0.0536738383259724,-0.0108117231880193
-0.0113870787733085,0.0168957891873141,0.0185919092656191,-0.00962905531269611,0.0246224623250223,-0.0105605110550026,0.0496688032959266,0.00131535634684557,0.0131931799142295,-0.00413385651336699,0.022945138574123,-0.0233876501925731,0.0156963474098573,-0.0203459363790118,0.0804748422157933,-0.0196081875423882,0.050012275975374
-0.011317929137644,0.0333916824206245,-0.0117293440651907,0.03816187400935,-0.0121423019292623,0.0522562586732094,-0.0088733493506609,0.0348422351539285,-0.0194845978663428,0.0255985996365334,0.00993999385159956,0.0611976497959715,-0.0153952713205039,0.0536738383259724,-0.0196081875423882,0.0688808804345305,-0.0152986862902117
0.014792029125076,0.00320317541643703,0.025644972006356,0.000700564831854186,0.00110609379680942,-0.000399052900965232,0.0114976439086035,-0.00673609334861025,-0.00578855206167466,-0.00349840219920956,0.0105629761377246,-0.0181755961519672,0.0313406555556305,-0.0108117231880193,0.050012275975374,-0.0152986862902117,0.0514547904200562
