16523656.5724038,-2.80215143012891,-499.968101016884,-95.1756791159448,3.24265560523765,-2.0782831660502,81.5062563452013,23.385835157214,1.13158235207281,-111.553820583521,208.487313961711,16.6056938087611,-32867964306.8971,-35.6820760802636,1.07969920352361,2.69619319273023,5.53583407124351,3.87374761798532,-22.0962465746208,-1.23800359811635,-0.745023259880273,0,-22894830589.7231,2.56360272319024
-2.80215143012891,196046.318677224,-0.330600738438906,-0.515274633085257,-0.0272477939943595,-0.142284890844602,0.254589414536743,0.582741478760402,-0.0709908957897306,1.89997346363725,0.0756224751808718,-2.49490160162281,-66880376042.5654,-0.339302504097415,-0.0462966833335179,0.54080196365635,-0.329788577480848,0.202976144457224,-0.42696902341126,-0.0433160816473319,-0.018079239883124,0,-236110354.953221,0.008423836528162
-499.968101016884,-0.330600738438906,7136449.84440497,-0.129030464968921,2.70059056321371,-4.40006795114289,8.55275960205529,14.1865726419041,0.22336840744144,-20.9428266882181,157.050806591233,9.51369447448711,523551717562.111,0.0643889932746899,0.281396422127511,-1.20993359673276,29.8466070146411,1.29068384129105,-9.45704556387737,-0.0605628851932012,-0.0159584469803684,0,704510926.374681,0.771214762849461
-95.1756791159448,-0.515274633085257,-0.129030464968921,674092.805535363,-0.265357488477681,0.174015629062325,6.30725671038656,0.903290024552755,0.0380445195198664,1.48571168703016,-8.80801857122818,-1.66635115408146,-44143383056.1069,-1.51400460776761,0.0665040710282963,0.644606920404114,-5.11607849030901,0.342348078647942,0.235583557469891,-0.0697384680398316,-0.108490074944793,0,-628140821.036335,0.360538815092046
3.24265560523765,-0.0272477939943595,2.70059056321371,-0.265357488477681,420844.698867772,0.0484408697304077,-0.115763460800088,-0.0708211021184496,-0.0124331987672343,2.25624034128438,-4.42339658863155,-0.0630088941812564,-71345385799.5098,-0.0259940830292069,-0.00938531286145785,0.222205784043527,-0.36504149777427,-0.00248486822539532,0.0935313412051648,-0.0107191077519095,-0.00256328719049175,0,-75338541.1045634,-0.00778317712738143
-2.0782831660502,-0.142284890844602,-4.40006795114289,0.174015629062325,0.0484408697304077,271494.544644264,-0.0416761131463715,0.451621844933091,-0.00621321401181548,0.473833492870642,7.22144034125472,-0.0377436445523481,-156655921189.248,-0.136562834988588,-0.0188459297215411,0.191129774150726,0.687972075323989,0.0206317389999821,-0.223105122408651,-0.0116380583986595,-0.00956686845770951,0,-252500619.687478,0.00526791347176914
81.5062563452013,0.254589414536743,8.55275960205529,6.30725671038656,-0.115763460800088,-0.0416761131463715,1231303.15045297,-2.01092644911827,-0.0569748609773943,5.96694015252341,-1.68624257145125,-0.0288361513120817,-79580433936.8278,0.292623080356703,-0.0434727499500072,-0.346626694683479,0.628426842504689,-0.550020952303987,2.41665511931522,0.0647872659879073,0.0652742889348103,0,254687490.337245,-0.140303902048796
23.385835157214,0.582741478760403,14.1865726419041,0.903290024552755,-0.0708211021184496,0.451621844933091,-2.01092644911827,28014354.0414588,-0.0541161320837171,29.4603374822805,-37.9379615756994,-0.0529567640089885,-972055327210.946,-0.862283072351939,-0.0822505198262996,-0.264257043168682,-0.783315352440399,-0.695206592561678,0.532092414876535,0.0307266954404479,0.020675086316062,0,-1895084516.60795,-0.0486149927188595
1.13158235207281,-0.0709908957897306,0.22336840744144,0.0380445195198664,-0.0124331987672343,-0.00621321401181548,-0.0569748609773943,-0.0541161320837172,817334.439059558,0.387992441495687,-0.518598360056608,-0.0156722307284947,-19002434505.9535,-0.00786371923634764,-0.0378169463361948,0.0268085226051558,-0.041883219573591,-0.00841658477813929,0.0266237528598822,-4.05285947821717e-05,-0.00364450888389962,0,-43153068.37395,-0.0105605624131071
-111.553820583521,1.89997346363725,-20.9428266882181,1.48571168703016,2.25624034128438,0.473833492870642,5.96694015252341,29.4603374822805,0.387992441495687,214199862.070936,34.5997311204412,2.9083183612817,6210331522531.86,5.38723251335733,2.45764530127185,-1.47102838054318,18.2718920567299,1.87962113658864,-9.25784079522374,0.417619622587897,0.296582468662571,0,14433492476.9298,0.242122725236624
208.487313961711,0.0756224751808718,157.050806591233,-8.80801857122818,-4.42339658863154,7.22144034125472,-1.68624257145125,-37.9379615756994,-0.518598360056608,34.5997311204412,9291685.84010517,-10.245317329259,11174491803344.4,4.51004403483369,1.14912114361954,3.56690368986686,-40.1299713244522,-2.45423020028214,4.7222194830876,-0.123870070104495,-0.0501235608525718,0,15560526691.9253,-0.435908931535907
16.6056938087611,-2.49490160162281,9.5136944744871,-1.66635115408146,-0.0630088941812564,-0.0377436445523481,-0.0288361513120818,-0.0529567640089885,-0.0156722307284947,2.9083183612817,-10.245317329259,683973.479303099,-141961473153.24,-0.399437475414813,-0.0558484634753219,0.495087126936197,-2.26586318079791,0.0317941277506308,0.879877073594782,-0.0337619114992845,-0.0705204185331036,0,-829830278.960839,-0.0650138955673321
-32867964306.8971,-66880376042.5654,523551717562.111,-44143383056.1069,-71345385799.5098,-156655921189.248,-79580433936.8278,-972055327210.946,-19002434505.9535,6210331522531.86,11174491803344.4,-141961473153.24,2.67667046150074e+29,-524355209839.731,-107103366818.664,83548341944.3154,-150779772598.18,-26433325723.3926,585030095470.524,-9415754362.05056,-7929005608.7558,0,-4.73341884764052e+21,-51335729670.2176
-35.6820760802636,-0.339302504097415,0.0643889932746899,-1.51400460776761,-0.0259940830292069,-0.136562834988588,0.292623080356703,-0.862283072351938,-0.00786371923634764,5.38723251335733,4.51004403483369,-0.399437475414813,-524355209839.731,29878401.707813,-0.838124509300498,0.305908535210717,-0.949236145021184,0.0282733404264359,1.63585794128256,-0.0778404325503706,-0.0447171441162264,0,-1662450578.36273,-0.0192128993822019
1.07969920352361,-0.0462966833335179,0.281396422127511,0.0665040710282963,-0.00938531286145784,-0.0188459297215411,-0.0434727499500072,-0.0822505198262996,-0.0378169463361948,2.45764530127185,1.14912114361954,-0.0558484634753219,-107103366818.664,-0.838124509300498,6503930.83022796,0.0578886941414492,-0.0396300797234892,-0.0264968054053405,0.313397804972778,-0.0157959786538449,-0.00150344277214184,0,-1456161158.12347,-0.0452835324516984
2.69619319273023,0.54080196365635,-1.20993359673276,0.644606920404115,0.222205784043527,0.191129774150726,-0.346626694683479,-0.264257043168682,0.0268085226051558,-1.47102838054318,3.56690368986686,0.495087126936197,83548341944.3154,0.305908535210717,0.0578886941414492,189368.065850281,0.681911007557763,-0.0466441371450957,0.0136240620708455,0.0347500108215534,0.0271152634639075,0,517176861.907271,-0.0230652013682284
5.53583407124351,-0.329788577480848,29.8466070146411,-5.11607849030901,-0.36504149777427,0.687972075323989,0.628426842504689,-0.783315352440399,-0.041883219573591,18.2718920567299,-40.1299713244522,-2.26586318079791,-150779772598.18,-0.949236145021184,-0.0396300797234892,0.681911007557763,406721.957090265,0.108172878056922,0.891379075813491,-0.0292144768633156,-0.10581406063798,0,-874248806.885237,-0.0428726321920268
3.87374761798532,0.202976144457224,1.29068384129105,0.342348078647942,-0.00248486822539532,0.0206317389999821,-0.550020952303987,-0.695206592561678,-0.00841658477813929,1.87962113658864,-2.45423020028214,0.0317941277506308,-26433325723.3926,0.0282733404264359,-0.0264968054053405,-0.0466441371450957,0.108172878056922,2525317.9973298,0.256889295837161,0.0398225302109028,0.0279012694534894,0,35001269.8411706,-0.0190348303478827
-22.0962465746208,-0.42696902341126,-9.45704556387738,0.23558355746989,0.0935313412051648,-0.223105122408651,2.41665511931522,0.532092414876535,0.0266237528598822,-9.25784079522374,4.7222194830876,0.879877073594782,585030095470.524,1.63585794128256,0.313397804972778,0.0136240620708455,0.891379075813491,0.256889295837161,12757744.0068092,0.00204429363947611,0.00439513512821989,0,8260925987.69104,0.22061617107676
-1.23800359811635,-0.0433160816473319,-0.0605628851932012,-0.0697384680398316,-0.0107191077519095,-0.0116380583986595,0.0647872659879073,0.0307266954404479,-4.05285947821717e-05,0.417619622587897,-0.123870070104495,-0.0337619114992845,-9415754362.05056,-0.0778404325503706,-0.0157959786538449,0.0347500108215534,-0.0292144768633156,0.0398225302109028,0.00204429363947611,589.174603968097,-0.0177230301216248,0,-32683751.9702701,0.00399807991020516
-0.745023259880273,-0.018079239883124,-0.0159584469803684,-0.108490074944793,-0.00256328719049175,-0.00956686845770951,0.0652742889348103,0.020675086316062,-0.00364450888389962,0.296582468662571,-0.0501235608525718,-0.0705204185331036,-7929005608.7558,-0.0447171441162264,-0.00150344277214184,0.0271152634639075,-0.10581406063798,0.0279012694534894,0.00439513512821989,-0.0177230301216248,599.516531878066,0,-47927223.9032695,0.00238102972908437
0,0,0,0,0,0,0,0,0,0,0,0,0,0,0,0,0,0,0,0,0,6.65839646281854e-91,0,0
-22894830589.7231,-236110354.953221,704510926.374681,-628140821.036335,-75338541.1045634,-252500619.687478,254687490.337245,-1895084516.60795,-43153068.37395,14433492476.9298,15560526691.9253,-829830278.960839,-4.73341884764052e+21,-1662450578.36273,-1456161158.12347,517176861.907271,-874248806.885237,35001269.8411706,8260925987.69104,-32683751.9702701,-47927223.9032695,0,1.10594927908268e+27,-79242794.344581
2.56360272319024,0.008423836528162,0.771214762849461,0.360538815092046,-0.00778317712738143,0.00526791347176914,-0.140303902048796,-0.0486149927188595,-0.0105605624131071,0.242122725236624,-0.435908931535907,-0.0650138955673321,-51335729670.2176,-0.0192128993822019,-0.0452835324516984,-0.0230652013682284,-0.0428726321920268,-0.0190348303478827,0.22061617107676,0.00399807991020516,0.00238102972908437,0,-79242794.344581,132682.269299712
