0.0591053157503617,-0.00262014396518254,0.0306310827371817,-0.0135022148339316,0.0186596008976146,-0.0159083397142193,0.00959358951852712,-0.00861136043639774,0.0301732900970692,-0.0199601267112744,0.0234689608875523,-0.0142156471570553,0.00705922565841953,-0.0187821734772214,0.0106054142063486,-0.0095800528895607,0.00255990738479555
-0.00262014396518254,0.0923054478567473,0.0122444710761597,0.0592594498170994,0.0285199965035598,0.0493106889067516,0.0145645839847667,0.0510868594928547,0.0127858855204873,0.0288894476248011,0.0294312227969874,0.0416673666098571,0.013018829261121,0.0375819689565042,0.0209448112933813,0.0273428047528149,-0.00254551193438237
0.0306310827371817,0.0122444710761597,0.0660052987281931,-0.00116361347394374,0.030699787260013,-0.00709031647654803,0.00627935036179956,-0.00960276132316791,0.0315168878788448,-0.00431798988064334,0.0213743389170326,-0.0123158980505469,0.0322212041299395,-0.0242996250096362,0.0149602092066935,-0.00242660174718444,0.0158726394666096
-0.0135022148339316,0.0592594498170994,-0.00116361347394374,0.0895533347596409,0.00397085912135533,0.0502328394618814,0.0119188321787851,0.0405636983380088,0.0142441413506321,0.0322179469394434,0.00695256541350492,0.04133033013384,0.00714936712883395,0.0424991508151833,0.0137212583518775,0.0498720727385686,0.0038803473678844
0.0186596008976146,0.0285199965035598,0.030699787260013,0.00397085912135533,0.0736460227617518,0.0204046427235788,0.0287594315278179,0.0117136648299027,0.0223464860211421,-0.00572694476678781,0.0243937288808748,0.00874778489165675,0.0253987249626447,-0.00316037001977213,0.0185880209883148,-0.00261231638131157,0.00590485072360521
-0.0159083397142193,0.0493106889067516,-0.00709031647654803,0.0502328394618814,0.0204046427235788,0.0838577711763271,-0.00376009119131224,0.0435731741193448,0.00470335566287989,0.0279882991563484,0.0135244595363565,0.0408044989570109,0.0102335648183837,0.0417630459283353,0.0177498345439,0.0280136329017289,0.00502691997468023
0.00959358951852712,0.0145645839847667,0.00627935036179956,0.0119188321787851,0.0287594315278179,-0.00376009119131224,0.0729304306071464,0.00307158760514011,0.0174852290385634,-0.00422228745356138,0.0199274786366629,-0.00681842645354387,0.0155577683910476,0.00106810888004983,0.00344853155413775,-0.0053951134655553,-0.00860663066871655
-0.00861136043639774,0.0510868594928547,-0.0096027613231679,0.0405636983380088,0.0117136648299027,0.0435731741193448,0.00307158760514011,0.0749923876238982,-0.00864816893545058,0.0225357842675893,0.0225183156837529,0.0530187701722679,0.00294635571514424,0.0476930952770518,0.00689816495112296,0.034903791478073,0.00752834437747491
0.0301732900970692,0.0127858855204873,0.0315168878788448,0.0142441413506321,0.0223464860211421,0.00470335566287989,0.0174852290385634,-0.00864816893545058,0.0598941943545061,-0.00445195260652975,0.0185057391565383,-0.007091788457565,0.0176076000869289,-0.0133183977817879,0.0189768780219801,-0.00308005600715042,0.00373923876276571
-0.0199601267112744,0.0288894476248011,-0.00431798988064334,0.0322179469394434,-0.00572694476678781,0.0279882991563484,-0.00422228745356138,0.0225357842675893,-0.00445195260652975,0.049887859790383,-0.0110749056172277,0.0246981397961895,0.00801494556683083,0.0239143123999755,0.000609200709005957,0.0263239014286622,0.00859229835498038
0.0234689608875523,0.0294312227969874,0.0213743389170326,0.00695256541350492,0.0243937288808748,0.0135244595363565,0.0199274786366629,0.0225183156837529,0.0185057391565383,-0.0110749056172277,0.0766355531451604,0.00648809421789505,0.0372504576277566,-0.0101346893246152,0.0481046667800528,-0.00739556510221321,0.0260479667391699
-0.0142156471570553,0.0416673666098571,-0.0123158980505469,0.04133033013384,0.00874778489165675,0.0408044989570109,-0.00681842645354387,0.0530187701722679,-0.007091788457565,0.0246981397961895,0.00648809421789505,0.0773856221630033,0.00403937563777265,0.0360507068223325,0.00110937091355312,0.0422719081084682,0.00975697932900874
0.00705922565841953,0.013018829261121,0.0322212041299395,0.00714936712883395,0.0253987249626447,0.0102335648183837,0.0155577683910476,0.00294635571514424,0.0176076000869289,0.00801494556683083,0.0372504576277566,0.00403937563777265,0.0583462529001984,-0.0217848102668395,0.0264739783882337,-0.00632073164713771,0.0302016950853614
-0.0187821734772214,0.0375819689565042,-0.0242996250096362,0.0424991508151833,-0.00316037001977213,0.0417630459283353,0.00106810888004983,0.0476930952770518,-0.0133183977817879,0.0239143123999755,-0.0101346893246152,0.0360507068223326,-0.0217848102668395,0.0888284623263015,0.00933785808630638,0.0479410195372981,-0.00297387074799791
0.0106054142063486,0.0209448112933813,0.0149602092066935,0.0137212583518775,0.0185880209883148,0.0177498345439,0.00344853155413775,0.00689816495112296,0.0189768780219801,0.000609200709005957,0.0481046667800528,0.00110937091355312,0.0264739783882337,0.00933785808630638,0.0725162940116324,-0.00137311342690713,0.0293517694399521
-0.0095800528895607,0.0273428047528149,-0.00242660174718444,0.0498720727385686,-0.00261231638131157,0.0280136329017289,-0.0053951134655553,0.0349037914780731,-0.00308005600715042,0.0263239014286622,-0.0073955651022132,0.0422719081084682,-0.00632073164713771,0.0479410195372981,-0.00137311342690713,0.0614535279134142,0.00210058736197827
0.00255990738479555,-0.00254551193438237,0.0158726394666096,0.0038803473678844,0.00590485072360521,0.00502691997468023,-0.00860663066871655,0.00752834437747491,0.00373923876276571,0.00859229835498038,0.0260479667391699,0.00975697932900874,0.0302016950853614,-0.00297387074799791,0.0293517694399521,0.00210058736197827,0.0559108053902233
