0.177399301257283,-0.00272565925078298,0.0105553037844825,0.000672169153311055,0.0501204200517786,0.020085163422172,0.00984936157781146,0.00805912150297432,0.0126608222971571,0.00243260904633943,-0.00706020107602397,0.00450395057351948,-0.00816671651587177,0.0272550042516736,0.0019986243678752,-0.0191434094574123,0.0112856242996901,0.0251048883016685,-0.00320827343152412,-0.0132868371018002,0.0330957248638236,-0.00390156794002621,-0.0168897309487621,0.0246811490278191
-0.00272565925078298,0.0285473825313321,-0.00207713529696563,0.0166762981463437,0.00391170798693543,0.00548670925385989,-0.00111857117507872,0.00830822245867174,0.0269734869817643,0.00159101884463411,-0.0134735560407753,-0.000387981207297409,-0.00204492961060646,0.0196673757070046,-0.00841914078443166,-0.0173947659341778,0.00526601559756435,0.0008881604893216,0.00132353540307381,-0.00302229909713338,-0.0120505099814425,-0.00168219912576635,-0.0190105677367086,-0.000301077518909611
0.0105553037844825,-0.00207713529696563,0.0803857568322316,0.00161931508878807,-0.00119939736015055,0.0111708125129402,-0.00611773798618592,0.0100862236725602,-0.00791965026523403,0.00631585461958332,0.0144435888205256,0.029701589957866,-0.000701691311073038,0.0186847199136491,0.00198771729112955,0.00836440313073153,0.00505369306044149,-0.000836555420184241,0.00401813050021935,-0.00505051001634928,0.00719860850236069,0.00109538430176491,-0.0143065111818297,-0.00726359911201796
0.000672169153311055,0.0166762981463437,0.00161931508878807,0.0257390733507015,0.00779852738256648,0.00520707353388622,-0.0026579333600453,0.00209500548332594,0.0132398419470574,0.00707206663930854,-0.00325508626409465,0.00398111173202866,-0.00383014997342219,0.0119741533126652,-0.00556377195860416,-0.00566445139739691,0.00987686998222568,-0.0041814841030928,0.00659152285173278,-0.00434213213932804,-0.00274478598676893,0.00357084453575784,-0.0136056606547891,-0.014284591995716
0.0501204200517786,0.00391170798693543,-0.00119939736015055,0.00779852738256648,0.152382842819919,0.010087808289409,-0.00479712189991611,0.0275583705040887,0.00626631603063203,0.0161087514120215,0.00889350404696563,-0.0114722529140542,-0.00928292916496471,0.036647014833544,0.00427232812263098,0.00019397554904599,0.0166184417837746,0.0236474920722878,-0.0065202094629384,0.00383233484063317,0.00262262102128582,0.00658641038782843,-0.00942500507925896,-0.00517511862369816
0.020085163422172,0.00548670925385989,0.0111708125129402,0.00520707353388622,0.010087808289409,0.103675099489821,0.00881009524516746,0.0271383501151869,0.0141100735550313,0.0153121075165403,-0.0129190965201725,0.00478522424457736,0.00766878179991916,0.035120753574369,-0.00077064052954185,-0.005253493838858,-0.000134350385647854,-0.00219210896117241,-0.00671517003163019,-0.0153588169611053,-0.0082903804663786,-0.0179992235368574,-0.00117854650657061,0.0256587644148178
0.00984936157781146,-0.00111857117507872,-0.00611773798618592,-0.0026579333600453,-0.00479712189991611,0.00881009524516746,0.0611326849670821,-0.00132140724265554,0.000256809881458986,0.000182808686620556,-0.00508161746870599,-0.000855648562358094,0.00769815043879164,-0.00831499206259941,0.00627348797458822,-0.00383562669752242,0.000467964917560742,-0.000754966339979499,-0.000633294802328479,-0.00292925616108512,0.00185821579789221,-0.00365101487451451,0.0141839435473138,-0.00899044133200862
0.00805912150297432,0.00830822245867174,0.0100862236725602,0.00209500548332594,0.0275583705040887,0.0271383501151869,-0.00132140724265554,0.13804394139627,0.0250228234351257,0.0324610266946061,0.00775875421249832,-0.000928436502161241,0.0143634162916391,0.00839645598827162,-0.00732505871043216,0.0136508753880837,0.021483010370248,-0.012600627789279,0.00019027694705864,0.0121401706637602,-0.0395872084310207,-0.0038941692963876,-0.0056104182837071,0.00272263898768314
0.0126608222971571,0.0269734869817643,-0.00791965026523403,0.0132398419470574,0.00626631603063203,0.0141100735550313,0.000256809881458986,0.0250228234351257,0.115793789157792,0.00795124438705757,-0.0159611932348212,-0.00788538998979384,0.008960182498584,0.0417714350278761,-0.0104001641435973,-0.0137959380758677,0.0239777920490146,0.00788094581869026,0.00395086947402093,-0.0175721697704669,-0.0305753659852831,-0.0126852608517738,-0.0290809474483152,0.00143468026204946
0.00243260904633943,0.00159101884463411,0.00631585461958332,0.00707206663930854,0.0161087514120215,0.0153121075165403,0.000182808686620556,0.0324610266946061,0.00795124438705757,0.0440360356446759,-0.00557117785838863,0.00739177661517564,0.00546135176749317,0.0126991165824961,0.00237148253926048,0.00879722069510776,0.0222415470667607,-0.00163886546170906,0.000669703005287789,-0.0217948241957217,0.00626493198905538,0.00133996727898879,-0.00711829898994981,-0.0211074054420818
-0.00706020107602397,-0.0134735560407753,0.0144435888205256,-0.00325508626409465,0.00889350404696563,-0.0129190965201725,-0.00508161746870599,0.00775875421249832,-0.0159611932348212,-0.00557117785838863,0.1481260604893,0.00235053856828212,0.0064225730656322,-0.00972555772937323,0.00400118892611686,0.00394499145891382,0.00702808986625396,-0.00030261884200165,-0.00395309867562659,0.0132076381125305,0.00907323289039555,3.43581826430865e-05,0.00928005156812862,0.0121720732131966
0.00450395057351948,-0.000387981207297409,0.029701589957866,0.00398111173202866,-0.0114722529140542,0.00478522424457736,-0.000855648562358094,-0.000928436502161241,-0.00788538998979385,0.00739177661517564,0.00235053856828212,0.0441182600845194,0.000300188438305559,0.0124398108330811,0.000422887096597722,0.011286753928982,-0.000185052618052585,-0.00202664454320324,0.00444652517139682,-0.0164394106137135,0.0108333579469933,0.00298361991756135,-0.00456208835227748,-0.00761668736558401
-0.00816671651587178,-0.00204492961060646,-0.000701691311073038,-0.00383014997342219,-0.00928292916496471,0.00766878179991916,0.00769815043879164,0.0143634162916391,0.008960182498584,0.00546135176749317,0.0064225730656322,0.000300188438305559,0.125827086968276,-0.0269287198393672,-0.00269006171800862,0.016510686955583,-0.00221484996925546,-0.0112691843128063,-0.00125579730544936,0.00356443454435393,0.00190762374392822,-0.00280966175987668,0.0263045126849808,-0.0314234557756043
0.0272550042516736,0.0196673757070045,0.018684719913649,0.0119741533126652,0.036647014833544,0.035120753574369,-0.00831499206259941,0.00839645598827162,0.0417714350278761,0.0126991165824961,-0.00972555772937323,0.0124398108330811,-0.0269287198393672,0.245957335339594,-0.0124797028347449,-0.00044698916785372,0.0297281316674743,0.011264022691537,0.00252781559722596,-0.0222313722089964,0.00810586724032325,-0.0140879276914101,-0.0366669220253301,-0.0225167350513932
0.0019986243678752,-0.00841914078443166,0.00198771729112955,-0.00556377195860416,0.00427232812263098,-0.00077064052954185,0.00627348797458822,-0.00732505871043216,-0.0104001641435973,0.00237148253926048,0.00400118892611686,0.000422887096597722,-0.00269006171800862,-0.0124797028347449,0.0485993518570554,0.0302293485258385,-0.000986703248182315,-0.0116346241792508,0.00427631001673478,-0.00573713271834539,0.00833666162517259,0.000679270548404919,0.00190034474045176,-0.00266699237179228
-0.0191434094574123,-0.0173947659341778,0.00836440313073153,-0.0056644513973969,0.00019397554904599,-0.005253493838858,-0.00383562669752242,0.0136508753880837,-0.0137959380758677,0.00879722069510776,0.00394499145891382,0.011286753928982,0.016510686955583,-0.00044698916785372,0.0302293485258385,0.191930226760255,-0.0294096138920378,-0.00871669036446204,0.00529147564154742,-0.0226909251280767,0.0159785127050774,0.0220751152080315,0.0155039338357405,-0.0277481563218958
0.0112856242996901,0.00526601559756435,0.00505369306044149,0.00987686998222568,0.0166184417837746,-0.000134350385647854,0.000467964917560742,0.021483010370248,0.0239777920490146,0.0222415470667607,0.00702808986625396,-0.000185052618052585,-0.00221484996925546,0.0297281316674743,-0.000986703248182315,-0.0294096138920378,0.093670600943676,0.00784950793263555,-0.000881903102772816,0.00462557587187156,-0.017302926935746,-0.00103892737239758,-0.0145398815429135,-0.0118829462929864
0.0251048883016685,0.0008881604893216,-0.000836555420184241,-0.0041814841030928,0.0236474920722878,-0.00219210896117241,-0.000754966339979499,-0.012600627789279,0.00788094581869026,-0.00163886546170906,-0.00030261884200165,-0.00202664454320324,-0.0112691843128063,0.011264022691537,-0.0116346241792508,-0.00871669036446204,0.00784950793263555,0.0843042917954142,-0.0329013806857593,-0.0156029332788882,0.00867066387683223,-9.63632582954812e-05,-0.0192890182583074,0.0134495884618877
-0.00320827343152412,0.00132353540307381,0.00401813050021935,0.00659152285173278,-0.0065202094629384,-0.00671517003163019,-0.000633294802328479,0.00019027694705864,0.00395086947402093,0.000669703005287789,-0.00395309867562659,0.00444652517139682,-0.00125579730544936,0.00252781559722596,0.00427631001673478,0.00529147564154742,-0.000881903102772816,-0.0329013806857593,0.0393271841130059,-0.00220930823488875,0.00226008859930334,0.00594986390266049,0.00874623235301011,-0.0121603779146415
-0.0132868371018002,-0.00302229909713338,-0.00505051001634928,-0.00434213213932804,0.00383233484063317,-0.0153588169611053,-0.00292925616108512,0.0121401706637602,-0.0175721697704669,-0.0217948241957217,0.0132076381125305,-0.0164394106137135,0.00356443454435393,-0.0222313722089964,-0.00573713271834538,-0.0226909251280767,0.00462557587187156,-0.0156029332788882,-0.00220930823488875,0.14781688539618,-0.127730478983012,0.00333535420860777,-0.000108017168026094,-0.00872112602536208
0.0330957248638236,-0.0120505099814425,0.00719860850236068,-0.00274478598676893,0.00262262102128582,-0.0082903804663786,0.00185821579789221,-0.0395872084310207,-0.0305753659852831,0.00626493198905538,0.00907323289039555,0.0108333579469933,0.00190762374392822,0.00810586724032325,0.00833666162517259,0.0159785127050774,-0.017302926935746,0.00867066387683223,0.00226008859930334,-0.127730478983012,0.183447622665088,0.000508786458206564,0.0117595422549187,0.021372430651343
-0.00390156794002621,-0.00168219912576635,0.00109538430176491,0.00357084453575784,0.00658641038782843,-0.0179992235368574,-0.00365101487451451,-0.0038941692963876,-0.0126852608517738,0.00133996727898879,3.43581826430865e-05,0.00298361991756135,-0.00280966175987668,-0.0140879276914101,0.000679270548404919,0.0220751152080315,-0.00103892737239758,-9.63632582954812e-05,0.00594986390266049,0.00333535420860777,0.000508786458206564,0.0298132708673032,-0.00506923040707053,-0.0219602561031729
-0.0168897309487621,-0.0190105677367086,-0.0143065111818297,-0.0136056606547891,-0.00942500507925896,-0.00117854650657061,0.0141839435473138,-0.0056104182837071,-0.0290809474483152,-0.00711829898994981,0.00928005156812863,-0.00456208835227748,0.0263045126849808,-0.0366669220253301,0.00190034474045176,0.0155039338357405,-0.0145398815429135,-0.0192890182583074,0.00874623235301011,-0.000108017168026094,0.0117595422549187,-0.00506923040707053,0.157057040769839,-0.118047210654764
0.0246811490278191,-0.000301077518909611,-0.00726359911201796,-0.014284591995716,-0.00517511862369816,0.0256587644148178,-0.00899044133200862,0.00272263898768314,0.00143468026204946,-0.0211074054420818,0.0121720732131966,-0.00761668736558401,-0.0314234557756043,-0.0225167350513932,-0.00266699237179228,-0.0277481563218958,-0.0118829462929864,0.0134495884618877,-0.0121603779146415,-0.00872112602536208,0.021372430651343,-0.0219602561031729,-0.118047210654764,0.248990046248601
