0.169397845873416,0.00339181871184273,0.0159500204268873,-0.00209149406870287,-0.00106195718012859,-0.00991121711491932,0.0166370025749727,0.026585432674651,0.00335781853909981,-0.0107739823377381,-0.0409225976518738,-0.00592404811681436,-0.0891505486901842,0.0997186775353807,-0.00141108190348098,0.0151749129191161,0.00415187838201433,-0.0322411889438259,-0.0220561171648361,0.0224293318770244,0.00362345704178278,-0.000870610975265197,0.00560764805824749,0.0179619692566684
0.00339181871184273,0.0349709890401973,0.00574903043769821,0.0130034129187088,0.0377175867521771,0.026852309262892,-0.00841596126533396,0.0493473756522493,0.016986978799197,0.000556624091798565,-0.00407302591651672,-0.00589796636082017,0.0097396203570713,-0.0119596464659318,-0.0159777409750097,0.0358153213417422,-0.00940363074546,-0.000479936215480179,0.0035583877845725,0.0192697742730355,-0.0227866235822411,-0.0117736446224759,-0.0112208704223529,0.0238654705060679
0.0159500204268873,0.00574903043769821,0.0851991367095724,0.00244744132747652,-0.00988045801052937,0.0137191655756792,0.0342116420536877,0.0178347824402664,0.0329289893775632,0.00764164280287327,-0.00268946443304022,0.00910361694364487,0.0267848298946371,0.0204719865536906,-0.0151937712638465,-0.0239925739082766,0.00732989612916452,-0.00225461635400528,-0.00620314366409455,-0.0639222749082505,0.0208395574866555,-0.0111418632780333,0.0125173029697066,-0.0343032071648383
-0.00209149406870287,0.0130034129187088,0.00244744132747652,0.0179918306615388,-0.0034106227930744,-0.000478906844870419,-0.0160795640624052,0.00778280988243459,0.0184245939188595,0.0086466159915301,-0.00221367246187827,-0.00372749715797456,-0.014440810173315,-0.00190292793306626,-0.00564387708943017,0.0308202119478661,0.0156354046912353,-0.00519327345239744,-0.00291943412876204,0.00269323985422793,0.00472699566405635,-0.00420851506617548,-0.0107663183124775,0.00418197879238665
-0.00106195718012859,0.0377175867521771,-0.00988045801052937,-0.0034106227930744,0.150813409226424,0.0490987446923839,0.0148946930170108,0.0662230394904886,0.0558489407135115,-0.010685255132354,-0.0197920816238658,-0.0171978351961112,0.0458281144081681,-0.021792884154708,-0.00351828837488173,-0.00106212313369014,-0.0256808076176453,-0.0108545955945693,0.0187289261652437,0.0248550724334244,-0.0568123961875587,-0.00271531239526835,-0.0478616918826233,0.0721414441442222
-0.00991121711491932,0.026852309262892,0.0137191655756792,-0.000478906844870419,0.0490987446923839,0.0931254197205368,-0.0173799334971687,0.0615692229836161,0.0329238347675802,-0.000983650513833549,0.0057062619907804,-0.000698382187810303,0.0230519614759795,0.022735552129753,-0.0577991783832012,-0.0360980166867525,-0.00930200460125241,0.01729617069142,0.00865775739982609,-0.00746591197134455,0.00485743272383225,-0.0422705400248953,-0.00936389461220955,0.0607998879011442
0.0166370025749727,-0.00841596126533396,0.0342116420536877,-0.0160795640624052,0.0148946930170108,-0.0173799334971687,0.0627683589439618,0.0121281091009592,-0.00818623175522621,0.00295724730126387,-0.0172005262907754,0.00383208638271569,0.0132775513041357,-0.0208594198707842,0.0106829728365793,-0.0413131096845613,-0.0122954648678934,-0.0165157516910444,-0.0047306420441081,-0.0113479315296545,0.000279291099915361,0.00789166672548089,0.0282409713317324,-0.0369946912431931
0.026585432674651,0.0493473756522493,0.0178347824402664,0.00778280988243459,0.0662230394904886,0.0615692229836161,0.0121281091009592,0.15593608500166,0.0483362319994652,0.0111933586116015,-0.0101809796147113,-0.00247609155168532,0.0213852303957411,-0.0487600554601355,-0.0431256320215467,-0.0495218053811809,-0.000642034804530348,0.00840238502220594,0.00426161684039527,0.0719251440061381,-0.087458975769943,-0.0315504898311733,0.0241598574520987,0.0121068669203829
0.00335781853909981,0.016986978799197,0.0329289893775632,0.0184245939188595,0.0558489407135115,0.0329238347675802,-0.00818623175522621,0.0483362319994652,0.13953862410978,0.00937065652476663,0.00346665181137275,0.00918070250752631,0.0222069562395454,0.0628750247395051,-0.00621461827839153,-0.0494828289747445,0.0452342810834465,0.0228660745782262,-0.00347819362404421,-0.0287895679352449,-0.0382586484833488,-0.00482001107669136,-0.0787751686506728,0.0594703896078755
-0.0107739823377381,0.000556624091798565,0.00764164280287327,0.0086466159915301,-0.010685255132354,-0.000983650513833549,0.00295724730126387,0.0111933586116015,0.00937065652476663,0.0353350953623118,-0.0181930872810276,0.0128641569406691,-0.00458473259189113,-0.0142834802073729,-0.0111115217033553,-0.0137485747739307,0.018623568526635,-0.0113685231036214,-3.81339745957268e-05,0.00770153309817996,0.0395693132553789,-0.00815832365004483,0.0045617691930158,-0.00052311076557029
-0.0409225976518738,-0.00407302591651672,-0.00268946443304022,-0.00221367246187827,-0.0197920816238658,0.0057062619907804,-0.0172005262907754,-0.0101809796147113,0.00346665181137275,-0.0181930872810276,0.118358038222667,-0.029761770256823,-0.0158164423708973,-0.0349444350995894,0.00175245054230928,-0.0411202589563693,0.00388030283780268,0.0212962389172479,0.00118392330253223,-0.00382012200188695,-0.052907824497576,0.00131370905421154,-0.0309305522488081,0.0413740888020594
-0.00592404811681436,-0.00589796636082017,0.00910361694364487,-0.00372749715797456,-0.0171978351961112,-0.000698382187810303,0.00383208638271569,-0.00247609155168532,0.00918070250752631,0.0128641569406691,-0.029761770256823,0.0425539916918287,0.041558449762527,0.0413260785090792,0.00396094316201105,-0.00162814619679712,0.000882716519592381,0.0329355865029805,0.000996664469141384,-0.0134241413137172,0.0273142667907131,0.00281765343715673,0.00361575636601132,-0.0239443719374275
-0.0891505486901842,0.0097396203570713,0.0267848298946372,-0.014440810173315,0.0458281144081681,0.0230519614759795,0.0132775513041357,0.0213852303957411,0.0222069562395454,-0.00458473259189113,-0.0158164423708973,0.041558449762527,0.167771818366424,-0.0373832655487042,0.0139052769433815,-0.0083215434229679,-0.031930395793603,0.0584551131096,0.0300443466660784,-0.034197192584704,-0.0413549349631593,0.00994696625806423,0.00380866567233581,-0.0521807921068463
0.0997186775353807,-0.0119596464659318,0.0204719865536906,-0.00190292793306626,-0.021792884154708,0.022735552129753,-0.0208594198707842,-0.0487600554601355,0.0628750247395051,-0.0142834802073729,-0.0349444350995894,0.0413260785090792,-0.0373832655487042,0.284625409229602,-0.00188140849490673,0.00135042031160289,0.010589101699869,0.0262596078061926,-0.0214903240311617,-0.0778656348514308,0.0743319027787088,-0.00148724745974433,-0.090013365412285,0.10216389132005
-0.00141108190348098,-0.0159777409750096,-0.0151937712638465,-0.00564387708943017,-0.00351828837488173,-0.0577991783832012,0.0106829728365793,-0.0431256320215467,-0.00621461827839153,-0.0111115217033553,0.00175245054230928,0.00396094316201105,0.0139052769433815,-0.00188140849490673,0.0517165543645378,0.0232212994825332,-0.00475962918116067,0.00304761588400795,0.000917652420032707,0.000587973753591863,-0.0282537060472112,0.0377509605385128,-0.0195293630409998,-0.0209397852585328
0.0151749129191161,0.0358153213417422,-0.0239925739082766,0.0308202119478661,-0.00106212313369014,-0.0360980166867525,-0.0413131096845613,-0.0495218053811809,-0.0494828289747445,-0.0137485747739307,-0.0411202589563693,-0.00162814619679712,-0.0083215434229679,0.00135042031160289,0.0232212994825332,0.226225142010973,-0.0252556398195275,-0.0088127221922014,0.000853483638601903,0.00182991389844846,0.0358619522486456,0.0168069547287144,-0.00379008388920925,-0.0355653942345089
0.00415187838201433,-0.00940363074546,0.00732989612916452,0.0156354046912353,-0.0256808076176453,-0.00930200460125241,-0.0122954648678934,-0.000642034804530348,0.0452342810834465,0.018623568526635,0.00388030283780268,0.000882716519592381,-0.031930395793603,0.010589101699869,-0.00475962918116067,-0.0252556398195275,0.0478436387973867,-0.0024639992606958,-0.00942784171535714,-0.00741975689878949,0.0116418603293387,-0.00352453124011985,-0.00827941523669418,-0.00810191137537824
-0.0322411889438259,-0.000479936215480179,-0.00225461635400528,-0.00519327345239744,-0.0108545955945693,0.01729617069142,-0.0165157516910444,0.00840238502220594,0.0228660745782262,-0.0113685231036214,0.0212962389172479,0.0329355865029805,0.0584551131096,0.0262596078061926,0.00304761588400795,-0.0088127221922014,-0.0024639992606958,0.0696964769209854,0.00398677711267671,-0.0111573243903325,-0.0298045117302359,0.00212859221483225,-0.00612401708029629,-0.018707058221702
-0.0220561171648361,0.0035583877845725,-0.00620314366409455,-0.00291943412876204,0.0187289261652437,0.00865775739982609,-0.0047306420441081,0.00426161684039527,-0.00347819362404421,-3.81339745957268e-05,0.00118392330253223,0.000996664469141384,0.0300443466660784,-0.0214903240311617,0.000917652420032707,0.000853483638601904,-0.00942784171535714,0.00398677711267671,0.0114690957910066,0.00452496858430873,-0.00940170927504878,0.000639334749495792,-0.00253346283520505,0.00348713514330946
0.0224293318770244,0.0192697742730355,-0.0639222749082505,0.00269323985422793,0.0248550724334244,-0.00746591197134455,-0.0113479315296545,0.0719251440061381,-0.0287895679352449,0.00770153309817996,-0.00382012200188695,-0.0134241413137172,-0.034197192584704,-0.0778656348514308,0.000587973753591863,0.00182991389844846,-0.00741975689878949,-0.0111573243903325,0.00452496858430873,0.124001905086778,-0.0703578602988162,0.000509473598312589,0.0183981706393065,0.0198003897447153
0.00362345704178278,-0.0227866235822411,0.0208395574866555,0.00472699566405635,-0.0568123961875587,0.00485743272383225,0.000279291099915361,-0.087458975769943,-0.0382586484833488,0.0395693132553789,-0.052907824497576,0.0273142667907131,-0.0413549349631593,0.0743319027787088,-0.0282537060472112,0.0358619522486456,0.0116418603293387,-0.0298045117302359,-0.00940170927504878,-0.0703578602988162,0.195579157438092,-0.0206053435946973,0.0102859201990866,0.00527123260454787
-0.000870610975265197,-0.0117736446224759,-0.0111418632780333,-0.00420851506617548,-0.00271531239526835,-0.0422705400248953,0.00789166672548089,-0.0315504898311733,-0.00482001107669136,-0.00815832365004483,0.00131370905421154,0.00281765343715673,0.00994696625806423,-0.00148724745974433,0.0377509605385128,0.0168069547287144,-0.00352453124011985,0.00212859221483225,0.000639334749495792,0.000509473598312589,-0.0206053435946973,0.0275582222237684,-0.0140053079235856,-0.0154432583232747
0.00560764805824749,-0.0112208704223529,0.0125173029697066,-0.0107663183124775,-0.0478616918826233,-0.00936389461220955,0.0282409713317323,0.0241598574520987,-0.0787751686506728,0.0045617691930158,-0.0309305522488081,0.00361575636601132,0.00380866567233581,-0.090013365412285,-0.0195293630409998,-0.00379008388920925,-0.00827941523669418,-0.00612401708029629,-0.00253346283520505,0.0183981706393065,0.0102859201990866,-0.0140053079235856,0.136695629672731,-0.148583488028966
0.0179619692566684,0.0238654705060679,-0.0343032071648383,0.00418197879238665,0.0721414441442222,0.0607998879011442,-0.0369946912431931,0.0121068669203829,0.0594703896078755,-0.00052311076557029,0.0413740888020594,-0.0239443719374275,-0.0521807921068463,0.10216389132005,-0.0209397852585328,-0.0355653942345088,-0.00810191137537823,-0.018707058221702,0.00348713514330946,0.0198003897447153,0.00527123260454787,-0.0154432583232747,-0.148583488028966,0.245137802179468
