0.0175206110534653,0,0,0,0,0,0,0,0,0,0,0,0,0,0,0,0,0,0,0,0,0,0,0,0,0,0,0,0,0,0,0,0,0,0,0,0,0,0,0,0,0,0,0,0,0,0,0,0,0,0,0,0,0,0,0,0,0,0,0
0,1111.69271126946,0,289.06170904495,-234.520847971015,0,-110.59052978019,-549.830312056354,-27.3590557013401,-49.3196963767514,-344.852167794766,-207.483881650913,204.420256823527,-278.768274813761,-628.436824494915,540.046779325931,955.4808554584,467.086044578839,-102.823891368034,0,-320.85058791711,-248.747870870703,0,-44.5050723561031,0,0,0,0,338.307221438338,404.433348177755,-384.227913914468,-209.021875716266,-313.932087609541,37.6594844301664,0,369.377251033463,442.268834986993,184.585167474713,98.3614531858099,-212.289506843503,26.1538280673302,-75.1556621831086,-515.565473628038,104.502368004181,-319.342897724682,-152.93042512307,-78.4628983149736,-276.294968003135,0,-70.305413347645,-256.944049740456,-84.5801328815951,133.397952216298,366.253850334859,0,0,-168.436042377719,-90.4002025031084,0,0
0,0,0.00818101985478911,0,0,0,0,0,0,0,0,0,0,0,0,0,0,0,0,0,0,0,0,0,0,0,0,0,0,0,0,0,0,0,0,0,0,0,0,0,0,0,0,0,0,0,0,0,0,0,0,0,0,0,0,0,0,0,0,0
0,289.06170904495,0,4810.03660901294,-1241.9212089318,0,315.670352176103,-128.926844234902,-221.617638762554,188.719593932359,1084.16228594667,-564.310466377343,920.874019769327,-161.762790610876,-150.113624528198,-287.539622455868,1073.89388722414,-714.393355676835,298.754493017712,0,-222.636002961437,-543.165920659373,0,473.300005077129,0,0,0,0,966.957712068372,246.782209810016,627.024030411823,-542.867377760457,-477.911903550868,321.71734397838,0,83.8762476677457,447.296791949995,2185.83972180877,-906.178302289704,-218.561772784509,-726.143192058662,-1022.7168780563,-410.374109249806,496.130195114634,-264.682970863674,314.66011608159,-330.912270696862,758.737069469841,0,-118.734532728037,380.823051594442,36.060978534493,-202.89961937845,676.86871578218,0,0,431.345814258659,-1.84862392963526,0,0
0,-234.520847971015,0,-1241.9212089318,5903.2604739704,0,433.357193855379,-42.3450957035342,892.010892017824,521.88786295993,-520.067750465755,106.897267600488,812.068019277158,-165.926037135728,-480.137694684767,700.791893915017,-166.502306597368,128.19408387822,-510.739919819548,0,567.239064525181,658.528469577137,0,-1053.11637628393,0,0,0,0,-1424.87610160239,-417.764995924016,290.067253997103,1234.10560432674,1321.50610146441,-868.144342009543,0,-1560.52036104768,792.816968216697,-836.93526460397,1546.92073108237,107.909889476074,1696.23127373069,172.503073267623,304.298056436773,-70.6804581090116,-256.325138991963,-91.4595940994674,659.111101368076,209.094285172779,0,156.849201217037,-9.62490075202686,336.098688583381,898.914300357343,-1010.99690921931,0,0,621.493828321242,193.560322701159,0,0
0,0,0,0,0,0.0200610496825831,0,0,0,0,0,0,0,0,0,0,0,0,0,0,0,0,0,0,0,0,0,0,0,0,0,0,0,0,0,0,0,0,0,0,0,0,0,0,0,0,0,0,0,0,0,0,0,0,0,0,0,0,0,0
0,-110.59052978019,0,315.670352176103,433.357193855379,0,3378.33870374702,-140.0609538696,355.731824863382,70.5689862273972,-175.72173067197,232.206497900229,-513.573915318339,-574.248614728499,527.271681260741,308.489598522032,-221.603851143845,-26.7134290101595,-761.428630451512,0,276.370648893872,-606.893271551099,0,485.927608033297,0,0,0,0,-897.145915267211,-220.879477068167,-370.565274424965,350.917050248468,495.61241712038,-516.585206731601,0,-982.106418618143,-383.288484130997,-709.290487976598,-665.111984363497,235.284497761594,-342.453667728267,-282.423660664648,-131.740530360085,-189.241634495397,-338.93472293408,-125.554904998267,228.888615346282,330.161165118072,0,-197.689234390199,118.241854331752,388.529020209595,-453.019568719581,110.540675026174,0,0,674.700163326164,-419.517515098869,0,0
0,-549.830312056354,0,-128.926844234902,-42.3450957035342,0,-140.0609538696,4821.61617054754,-222.324428243668,-275.919931522234,254.331675561804,-234.638139953215,-364.069937445233,258.174364475602,822.865404117506,-316.283658125697,-575.445629119018,264.037188013503,-417.506763303823,0,-532.815474598697,1256.17898089136,0,-49.3253010683398,0,0,0,0,264.735805331367,-806.841957671867,354.234704435038,1195.61907297779,-445.975312032004,1384.41892930837,0,-791.834645627906,-686.739175611138,-188.962263681287,-103.621061530293,547.187879693663,-832.164627939321,1375.55676447987,1313.12934155847,300.729986175705,-170.555988237043,659.960267374363,398.272689558107,253.38155837435,0,-65.3478846077406,39.8907267720056,-109.673290739156,-661.007929508209,-857.001888285973,0,0,-275.159986309969,456.471351971087,0,0
0,-27.3590557013401,0,-221.617638762554,892.010892017825,0,355.731824863382,-222.324428243668,2360.444757673,-251.609605965281,314.854844962716,38.4031609738097,689.381767712213,-648.510632019483,55.8973825694965,1278.08290119354,-273.377216635162,820.657643605279,-109.757289849888,0,559.10671603938,147.215572808412,0,-644.67777880003,0,0,0,0,586.151004790503,-96.2048280004968,242.094222658626,-263.099140788048,278.771742545547,-302.731593552364,0,211.019421319087,1170.72594524918,-325.098545167911,520.966024782604,38.4131772664128,-201.70131205761,256.568134714944,-719.011336696723,-295.111788256599,138.623343610703,-158.171317003319,-501.100981658287,444.71982211585,0,-274.197063193319,-64.6533042216153,90.7943990218843,255.841621455941,-64.0327951331245,0,0,286.354413672091,-111.776967528968,0,0
0,-49.3196963767514,0,188.719593932359,521.88786295993,0,70.5689862273972,-275.919931522234,-251.609605965281,2437.77118525711,-11.2902611354399,908.546152754885,-320.72686004159,-416.168934654446,-318.987932750217,-8.1738329729553,507.033097033969,-1201.70115887,-593.843322617773,0,447.880054380889,481.530877335152,0,256.995933183557,0,0,0,0,116.776277524465,237.449492076822,172.579289460133,52.767931788599,218.172504652586,-350.788426840863,0,-1137.65759527434,-148.620421836326,-75.8598094558481,-165.029476183769,605.519439648903,314.80825731581,772.217820330099,-8.77103564318948,-87.5724461828307,-475.769946557084,-483.940931215103,315.706021938565,-141.893832909866,0,-105.519232818052,180.60191686583,54.1383006538654,927.94714637806,541.198745078721,0,0,230.221686268994,-134.643877143969,0,0
0,-344.852167794766,0,1084.16228594667,-520.067750465755,0,-175.72173067197,254.331675561804,314.854844962716,-11.2902611354399,5119.07336782423,-170.966986252214,669.294727491462,-761.629495413645,657.610261860848,-225.792483225653,729.954230149145,-604.034748416047,-690.622345653164,0,446.609496583166,553.648896725497,0,-1742.50760228291,0,0,0,0,633.319159193771,300.947511081879,739.035250027985,352.29765580996,-16.4575088909781,-1079.77063688292,0,-316.630934933076,584.773634399416,1156.40678577775,-1251.78184761562,-1276.47101781554,-61.1519347740909,-277.414922874746,236.091168239484,-305.182309497978,-214.701945742235,722.192755969376,-19.4885807992468,210.138994237517,0,-82.2865962226616,105.352889927851,80.3045104799608,-436.689867495338,-807.862841625589,0,0,-58.7797754816875,-208.731923498523,0,0
0,-207.483881650913,0,-564.310466377343,106.897267600488,0,232.206497900229,-234.638139953215,38.4031609738097,908.546152754885,-170.966986252214,4543.19258484162,181.266615299066,328.781340850451,-270.615937609969,157.746467122953,450.357438511554,2031.36680358674,-100.437191654017,0,940.753432271334,333.031987454292,0,-349.325196598146,0,0,0,0,386.809325328301,-81.8201395586851,-89.2566572714195,-306.310965927924,484.809808102689,-952.193695365797,0,423.554369681096,65.8974695761589,-307.517580097823,-531.131692057244,562.502217424198,163.823395053866,-379.580200618681,-583.616073520661,-711.513101522103,-533.167886913408,-870.171573588271,302.826786250115,-66.8407093557223,0,-337.199742843442,-37.3779394622122,181.10472200399,800.590079000349,465.579771924976,0,0,-556.068991147089,-408.937981201454,0,0
0,204.420256823527,0,920.874019769327,812.068019277158,0,-513.573915318339,-364.069937445233,689.381767712213,-320.726860041589,669.294727491462,181.266615299066,6545.11972423068,-102.174114330588,-871.982916269377,1442.51183394953,1362.48246315659,1019.8640075837,-485.088287953873,0,-1311.7146182196,-1699.44775091897,0,-1498.9778696809,0,0,0,0,1456.03304241593,146.329674337454,966.648962347397,-205.463644849193,-523.659508102179,-243.103036521121,0,959.112528465824,-201.203414486751,1854.69393334278,-122.833894599358,-735.706721667402,248.560224325153,-151.967532791869,35.227386899512,-372.843528451765,219.676459877495,772.684430572452,465.116852791127,691.744012439646,0,-372.954426856986,464.762019648681,-668.545177276565,-44.1246105633515,-510.27264729479,0,0,-322.414173013697,240.517938580411,0,0
0,-278.768274813761,0,-161.762790610876,-165.926037135728,0,-574.248614728499,258.174364475602,-648.510632019483,-416.168934654446,-761.629495413645,328.781340850451,-102.174114330588,4336.81889619685,295.575868292494,-92.3656937107317,-676.307162174503,-488.426628465713,886.452340029087,0,-158.815048621392,-1147.9618222223,0,656.504947046988,0,0,0,0,57.7816133548278,263.958432613533,621.415675117059,-459.569985868879,1095.07237092632,-531.362545086498,0,-1038.09368181549,200.342938796324,2028.0215642671,931.877810869534,-68.3137851562379,358.466748634145,-615.908285621459,-406.087882055444,778.961075867874,-323.574911439522,-719.287158167971,-503.690645646333,-248.112736742669,0,334.401630198197,-178.583656967727,-209.999321694196,179.59509895141,-226.36640802431,0,0,-387.55449817842,302.41154896342,0,0
0,-628.436824494915,0,-150.113624528198,-480.137694684767,0,527.271681260741,822.865404117506,55.8973825694965,-318.987932750217,657.610261860848,-270.615937609969,-871.982916269377,295.575868292494,6355.63574015179,-1542.40136213672,-1979.44360007833,314.88181081656,819.049323368067,0,60.7215598719761,194.998146746845,0,416.939462965082,0,0,0,0,-830.678958069904,676.521079213276,-680.942334976699,1373.95366382297,-517.150267935067,371.679592064941,0,-285.88887923426,-787.810161765691,-727.42948688973,342.099670139178,177.225662434312,-554.395801748931,285.880322358959,1136.30509281647,-11.7720180639101,1446.70660265724,-374.098700067781,139.077053951509,-885.422628719089,0,509.663534839121,870.120952616686,406.260533375896,-764.250864427497,469.628585974279,0,0,-668.903098842025,-617.900645189479,0,0
0,540.046779325931,0,-287.539622455868,700.791893915017,0,308.489598522032,-316.283658125697,1278.08290119354,-8.1738329729553,-225.792483225653,157.746467122953,1442.51183394953,-92.3656937107317,-1542.40136213672,7992.0693221348,593.859675174495,-29.1830720531415,-133.295322671936,0,349.182220725363,449.298150689288,0,-1710.42256605589,0,0,0,0,-969.970186605159,-106.617241570283,2738.49268523779,-405.545820621898,-672.108886153958,325.603888022922,0,1373.0518900937,860.882033115547,-1089.88577815382,498.83881704744,746.088466799832,216.539667007915,-1078.13593995495,-777.799238458442,-481.579553050756,-705.877938785996,-658.84398740373,398.411358656039,423.032997518125,0,-451.570738886334,-50.7351243542434,-461.260278060432,591.535867760443,-1289.91629775768,0,0,642.179742876499,-168.500579088064,0,0
0,955.4808554584,0,1073.89388722414,-166.502306597368,0,-221.603851143845,-575.445629119018,-273.377216635162,507.033097033969,729.954230149145,450.357438511554,1362.48246315659,-676.307162174503,-1979.44360007833,593.859675174495,16256.9239319137,193.558888470795,-1151.49884681061,0,-988.226428026681,1186.89539431826,0,-887.568090559565,0,0,0,0,2139.03201809394,-956.527002779834,670.818596566405,-813.884677103858,-1387.70709991275,845.214780216172,0,-1307.40424221569,1267.25928094143,52.5009696749117,-1462.89047258771,-2208.18004421733,-617.777176498206,-1615.57115933908,-1618.00669980555,-465.623837167258,341.315893196245,-206.467156438445,81.0080146507475,-95.2047970053636,0,366.066422850789,-938.472440228439,-561.206003252011,-668.924064587721,88.1855801401009,0,0,518.339609901618,938.628064631046,0,0
0,467.086044578839,0,-714.393355676835,128.19408387822,0,-26.7134290101595,264.037188013503,820.657643605279,-1201.70115887,-604.034748416047,2031.36680358674,1019.8640075837,-488.426628465713,314.88181081656,-29.1830720531415,193.558888470795,16709.6259431193,-23.9597176225311,0,-2669.74037471153,675.496850803822,0,1600.0120500767,0,0,0,0,826.240260658652,798.198151660969,-1501.06582552548,177.148552560775,346.511114521529,199.29759026597,0,905.562805180725,1768.1211646029,-1040.74693788565,-561.045401713783,-27.5310061382235,132.669807764872,1284.84801239539,817.32064929433,-300.485473791403,-30.8283927220169,685.505656359079,-156.77356341654,-1085.4365383106,0,545.746350856334,-180.933945305263,798.319203342241,105.477605422987,-404.737399629636,0,0,-299.680592423352,645.425775730436,0,0
0,-102.823891368034,0,298.754493017712,-510.739919819548,0,-761.428630451512,-417.506763303823,-109.757289849888,-593.843322617773,-690.622345653164,-100.437191654017,-485.088287953873,886.452340029087,819.049323368067,-133.295322671936,-1151.49884681061,-23.9597176225311,6718.38848525475,0,2205.16790627777,1224.60745128508,0,114.269928220386,0,0,0,0,-436.557851030899,-592.722702459155,-351.332681858712,-804.204463776994,-254.898539614775,814.742342648201,0,404.373404409005,61.5136028817042,1165.19093134176,1024.40766682715,1832.95009839599,538.25158590167,42.4524710489072,137.39375101931,330.538081847717,-321.501304542184,-117.883313899643,441.021813425009,-255.025528352056,0,652.438866171932,258.025446702466,-210.40922344892,-431.472370414192,1148.95971671013,0,0,-370.58656555213,-396.57382517138,0,0
0,0,0,0,0,0,0,0,0,0,0,0,0,0,0,0,0,0,0,0.0743462916758395,0,0,0,0,0,0,0,0,0,0,0,0,0,0,0,0,0,0,0,0,0,0,0,0,0,0,0,0,0,0,0,0,0,0,0,0,0,0,0,0
0,-320.85058791711,0,-222.636002961437,567.239064525181,0,276.370648893872,-532.815474598697,559.10671603938,447.880054380889,446.609496583166,940.753432271334,-1311.7146182196,-158.815048621392,60.7215598719761,349.182220725363,-988.226428026681,-2669.74037471153,2205.16790627777,0,14400.5900367174,1232.39052104857,0,-84.7756601626569,0,0,0,0,-2101.80403071272,214.427442050929,1428.68851085764,-298.38483873428,2236.53000459383,-347.710360188028,0,-439.479874310254,-1188.98690565436,448.124669349191,520.359998346115,272.485406553205,-833.746134525379,-215.984741047197,-1053.39047215223,-555.029203148824,-1522.15617399393,-1694.59360080215,1645.82189038364,1031.54216954011,0,-110.343730637938,-549.953819044617,212.238120246684,1013.32407426023,1429.3617355796,0,0,577.759640128015,-502.176545928965,0,0
0,-248.747870870704,0,-543.165920659373,658.528469577137,0,-606.893271551099,1256.17898089136,147.215572808412,481.530877335152,553.648896725497,333.031987454292,-1699.44775091897,-1147.9618222223,194.998146746845,449.298150689288,1186.89539431826,675.496850803822,1224.60745128508,0,1232.39052104857,11684.5535599732,0,-590.304199422232,0,0,0,0,-1002.99798779117,263.412280773924,695.598608471482,-182.975190944415,90.7600375652393,-209.388632419306,0,-233.719153382438,737.418776741088,-1502.04732926763,588.742545789772,340.269668082814,415.098461760173,-656.892151124525,670.38006532638,62.4261902200992,-160.216398833192,-370.170385338175,-1013.0752678977,502.123992350591,0,781.703639398637,-146.880496287969,-473.229399951999,-444.575633012389,86.2367310312603,0,0,153.631253941643,377.461873556767,0,0
0,0,0,0,0,0,0,0,0,0,0,0,0,0,0,0,0,0,0,0,0,0,0.0615624475094437,0,0,0,0,0,0,0,0,0,0,0,0,0,0,0,0,0,0,0,0,0,0,0,0,0,0,0,0,0,0,0,0,0,0,0,0,0
0,-44.5050723561031,0,473.300005077129,-1053.11637628393,0,485.927608033297,-49.3253010683398,-644.67777880003,256.995933183557,-1742.50760228291,-349.325196598146,-1498.9778696809,656.504947046988,416.939462965082,-1710.42256605589,-887.568090559565,1600.0120500767,114.269928220386,0,-84.7756601626569,-590.304199422232,0,7313.82746601704,0,0,0,0,199.811834450148,-471.071786726859,-254.540666699613,-842.459160047792,944.953485413881,-326.126030151648,0,-430.13485985129,-356.578922974033,152.121497638368,277.125721255102,2014.02933424914,-220.451461310394,192.263684696715,-431.606848546183,-77.9135036754211,576.647253744356,292.064434753197,-937.419536113264,-179.239232030927,0,-132.554857957054,-6.71573949417199,374.954501210119,246.374781607141,-611.304798241039,0,0,-43.001027900002,-86.1582808643277,0,0
0,0,0,0,0,0,0,0,0,0,0,0,0,0,0,0,0,0,0,0,0,0,0,0,0.0605800902671851,0,0,0,0,0,0,0,0,0,0,0,0,0,0,0,0,0,0,0,0,0,0,0,0,0,0,0,0,0,0,0,0,0,0,0
0,0,0,0,0,0,0,0,0,0,0,0,0,0,0,0,0,0,0,0,0,0,0,0,0,0.0679717631645072,0,0,0,0,0,0,0,0,0,0,0,0,0,0,0,0,0,0,0,0,0,0,0,0,0,0,0,0,0,0,0,0,0,0
0,0,0,0,0,0,0,0,0,0,0,0,0,0,0,0,0,0,0,0,0,0,0,0,0,0,0.0726821031405926,0,0,0,0,0,0,0,0,0,0,0,0,0,0,0,0,0,0,0,0,0,0,0,0,0,0,0,0,0,0,0,0,0
0,0,0,0,0,0,0,0,0,0,0,0,0,0,0,0,0,0,0,0,0,0,0,0,0,0,0,0.0566596059950548,0,0,0,0,0,0,0,0,0,0,0,0,0,0,0,0,0,0,0,0,0,0,0,0,0,0,0,0,0,0,0,0
0,338.307221438338,0,966.957712068372,-1424.87610160239,0,-897.145915267211,264.735805331367,586.151004790503,116.776277524465,633.319159193771,386.809325328301,1456.03304241593,57.7816133548278,-830.678958069904,-969.970186605159,2139.03201809394,826.240260658652,-436.557851030899,0,-2101.80403071272,-1002.99798779117,0,199.811834450148,0,0,0,0,9182.77273038224,304.389421582155,761.290315736492,-738.831510528318,-1067.57716621756,670.468126486738,0,2267.03673339604,1587.35923334461,117.979359016461,-1095.04123843044,-743.811066188585,-565.864406621032,-463.810185054487,-1140.97055854007,-757.897205048804,1499.54454890272,742.925419936793,-813.94285346061,-929.041850816971,0,-326.509081454395,456.148614465825,-27.0360232213229,1055.56132204124,184.856485970973,0,0,1115.61911252337,-331.927990307431,0,0
0,404.433348177755,0,246.782209810016,-417.764995924016,0,-220.879477068167,-806.841957671867,-96.2048280004968,237.449492076822,300.947511081879,-81.8201395586851,146.329674337454,263.958432613533,676.521079213276,-106.617241570283,-956.527002779834,798.198151660969,-592.722702459155,0,214.427442050929,263.412280773924,0,-471.071786726859,0,0,0,0,304.389421582155,4572.08976814702,-932.400739152435,-35.3945750966834,-208.972321614527,-44.0662877899863,0,336.703495042373,-649.217169782433,-247.00380466541,298.814353659384,-85.7132300964198,-27.9504929554748,-986.577743931294,115.186063090609,-150.64646915133,219.529575376357,-995.497090158873,-5.53230626260165,-669.572046608528,0,192.538905826046,460.034620549932,462.026141442876,-349.575786437172,375.293807136477,0,0,-303.100839888273,11.4417033659285,0,0
0,-384.227913914468,0,627.024030411823,290.067253997104,0,-370.565274424965,354.234704435038,242.094222658626,172.579289460133,739.035250027985,-89.2566572714195,966.648962347397,621.415675117059,-680.942334976699,2738.49268523779,670.818596566405,-1501.06582552548,-351.332681858711,0,1428.68851085764,695.598608471482,0,-254.540666699613,0,0,0,0,761.290315736492,-932.400739152435,8058.50481649962,-1253.99571062967,281.34847732809,-718.591402949136,0,1579.73207328651,1699.18574693738,-322.203959323065,712.046285866764,-633.815004851214,7.04724790139657,-1359.47841951483,-553.067537722057,199.403467927162,52.4047505013511,382.643484236117,81.3484507951897,611.996105847095,0,456.328672242894,-240.606677746025,-286.505363072959,250.463184734583,-1473.72360315022,0,0,1161.50727505321,413.281110740935,0,0
0,-209.021875716266,0,-542.867377760457,1234.10560432674,0,350.917050248468,1195.61907297779,-263.099140788048,52.767931788599,352.29765580996,-306.310965927924,-205.463644849193,-459.569985868879,1373.95366382297,-405.545820621898,-813.884677103858,177.148552560775,-804.204463776994,0,-298.38483873428,-182.975190944415,0,-842.459160047792,0,0,0,0,-738.831510528318,-35.3945750966834,-1253.99571062967,5851.13492637922,-494.818963227725,383.430524113952,0,-83.3043777010878,-1135.37872941537,-192.066177743289,1074.83827185125,-311.228294842222,254.841756783366,677.302739127247,1122.28266586818,-356.311239263671,-535.003913182823,417.357537974443,1190.39314802368,-903.795335307604,0,5.43869162468091,500.455882472363,273.426653004041,205.09429966215,80.0405660297946,0,0,-567.803267286872,-443.423192950846,0,0
0,-313.932087609541,0,-477.911903550868,1321.50610146441,0,495.61241712038,-445.975312032004,278.771742545547,218.172504652586,-16.4575088909781,484.809808102689,-523.659508102179,1095.07237092632,-517.150267935067,-672.108886153958,-1387.70709991275,346.511114521529,-254.898539614775,0,2236.53000459383,90.7600375652393,0,944.953485413881,0,0,0,0,-1067.57716621756,-208.972321614527,281.34847732809,-494.818963227725,6466.17942786906,-1246.10956674545,0,-1855.2405340685,412.456831780265,1578.47918918806,1259.99006646686,-507.900663345702,-378.380200154583,303.469130279229,-830.049839524643,646.435208816444,-314.687038910468,473.139871061614,165.168677200569,-225.041090992789,0,477.478042187109,-389.755468625021,88.8829237695441,319.449314344768,-195.50371491747,0,0,-403.384501141409,99.4104287824265,0,0
0,37.6594844301665,0,321.71734397838,-868.144342009543,0,-516.585206731601,1384.41892930837,-302.731593552364,-350.788426840863,-1079.77063688292,-952.193695365797,-243.103036521121,-531.362545086498,371.679592064941,325.603888022922,845.214780216172,199.29759026597,814.742342648201,0,-347.710360188028,-209.388632419306,0,-326.126030151648,0,0,0,0,670.468126486738,-44.0662877899863,-718.591402949136,383.430524113952,-1246.10956674545,7777.13490268976,0,2390.50712126691,-511.850780716684,-1596.72585825159,-610.794547278891,1459.74808492123,-243.275340405104,1368.21002540829,1293.72775612457,70.9640733286133,-65.8750292764377,-24.7226321575971,520.709413277679,8.73726616458278,0,3.08325309987067,299.988847173911,-400.827403011956,-249.106352621589,95.5619563809008,0,0,287.783342979482,257.611105435616,0,0
0,0,0,0,0,0,0,0,0,0,0,0,0,0,0,0,0,0,0,0,0,0,0,0,0,0,0,0,0,0,0,0,0,0,0.0775292196670986,0,0,0,0,0,0,0,0,0,0,0,0,0,0,0,0,0,0,0,0,0,0,0,0,0
0,369.377251033462,0,83.8762476677457,-1560.52036104768,0,-982.106418618143,-791.834645627906,211.019421319087,-1137.65759527434,-316.630934933076,423.554369681096,959.112528465824,-1038.09368181549,-285.888879234259,1373.0518900937,-1307.40424221569,905.562805180725,404.373404409005,0,-439.479874310254,-233.719153382438,0,-430.13485985129,0,0,0,0,2267.03673339604,336.703495042373,1579.73207328651,-83.3043777010878,-1855.2405340685,2390.50712126691,0,10987.7820283267,121.282402057685,-1281.79116664384,-1194.31131049902,-189.20282129789,-66.5315080542062,-505.382346555449,773.40023741113,-827.899805245249,-606.721316815659,-227.742631334248,-21.4845530842998,-476.921666343819,0,43.0230260420574,498.083745437335,-31.3795035128737,1152.82070145918,-1123.81675598307,0,0,249.971553656474,-365.657787353032,0,0
0,442.268834986993,0,447.296791949995,792.816968216697,0,-383.288484130997,-686.739175611138,1170.72594524918,-148.620421836326,584.773634399416,65.8974695761589,-201.203414486751,200.342938796324,-787.810161765691,860.882033115547,1267.25928094143,1768.1211646029,61.5136028817042,0,-1188.98690565436,737.418776741088,0,-356.578922974033,0,0,0,0,1587.35923334461,-649.217169782433,1699.18574693738,-1135.37872941537,412.456831780265,-511.850780716684,0,121.282402057685,11756.8510551667,-1358.94540426019,236.675933465451,-1106.8142711089,708.181638102888,-1026.51329586945,-1608.74509463375,292.377044572147,618.291438667168,723.267991474989,-21.8852516264017,198.097209924463,0,917.774306009023,-891.383639321877,401.831154009105,2082.76185237919,397.096468043856,0,0,-158.866763384406,-154.94322088562,0,0
0,184.585167474713,0,2185.83972180877,-836.93526460397,0,-709.290487976599,-188.962263681287,-325.098545167911,-75.8598094558481,1156.40678577775,-307.517580097823,1854.69393334278,2028.0215642671,-727.42948688973,-1089.88577815382,52.5009696749117,-1040.74693788565,1165.19093134176,0,448.124669349191,-1502.04732926763,0,152.121497638368,0,0,0,0,117.979359016461,-247.00380466541,-322.203959323065,-192.066177743289,1578.47918918806,-1596.72585825159,0,-1281.79116664384,-1358.94540426019,10137.2573695314,248.826360316059,-826.169912110586,-600.912272438439,-504.417381281002,-594.002781854444,1929.93118039695,82.3547029574426,888.251406186448,-836.874946070529,-674.393059933844,0,-172.623336162384,-146.158706736963,-549.982597569763,-290.929971127759,-113.114385336143,0,0,-568.954924468119,318.673799221771,0,0
0,98.3614531858099,0,-906.178302289704,1546.92073108237,0,-665.111984363497,-103.621061530293,520.966024782604,-165.029476183769,-1251.78184761562,-531.131692057244,-122.833894599358,931.877810869534,342.099670139178,498.83881704744,-1462.89047258771,-561.045401713783,1024.40766682715,0,520.359998346115,588.742545789772,0,277.125721255102,0,0,0,0,-1095.04123843044,298.814353659384,712.046285866764,1074.83827185125,1259.99006646687,-610.794547278891,0,-1194.31131049902,236.675933465451,248.826360316059,5744.73705664373,-74.6164785070111,8.191442495108,-270.649992879804,-96.1090737040657,171.357195296835,45.6326778577867,323.147449388618,-258.024994814039,512.372013951369,0,-211.452724806398,-414.935050633037,300.506146429438,-154.971367818072,234.859067035458,0,0,-93.9774546449454,-235.929349000845,0,0
0,-212.289506843503,0,-218.561772784509,107.909889476074,0,235.284497761594,547.187879693663,38.4131772664128,605.519439648903,-1276.47101781554,562.502217424198,-735.706721667402,-68.3137851562379,177.225662434312,746.088466799832,-2208.18004421733,-27.5310061382235,1832.95009839599,0,272.485406553205,340.269668082814,0,2014.02933424914,0,0,0,0,-743.811066188585,-85.7132300964198,-633.815004851214,-311.228294842222,-507.900663345702,1459.74808492123,0,-189.20282129789,-1106.8142711089,-826.169912110586,-74.6164785070111,4602.68028200912,565.039237978317,478.01202290025,144.667428612961,-361.775762138187,-536.950478025034,253.750644661126,304.703052125933,-66.7932129546581,0,-633.559740622959,373.503870752957,-85.2318379582206,449.11062112909,472.743617267833,0,0,141.168102428185,-127.349653339377,0,0
0,26.1538280673302,0,-726.143192058662,1696.23127373069,0,-342.453667728267,-832.164627939321,-201.70131205761,314.80825731581,-61.1519347740909,163.823395053866,248.560224325153,358.466748634145,-554.395801748931,216.539667007915,-617.777176498206,132.669807764872,538.25158590167,0,-833.746134525379,415.098461760173,0,-220.451461310394,0,0,0,0,-565.864406621032,-27.9504929554748,7.04724790139657,254.841756783366,-378.380200154583,-243.275340405104,0,-66.5315080542062,708.181638102888,-600.912272438439,8.191442495108,565.039237978317,3396.46334989665,522.512121188952,201.193223691749,-269.760666041401,-41.4137179847151,-14.5812057526105,63.629451055336,-339.442009822609,0,-256.22184676257,381.647942376742,-26.7597023892852,474.808034947763,-366.608719200329,0,0,-119.018028575915,-82.3227411581797,0,0
0,-75.1556621831087,0,-1022.7168780563,172.503073267623,0,-282.423660664648,1375.55676447987,256.568134714944,772.217820330099,-277.414922874746,-379.580200618681,-151.967532791869,-615.908285621459,285.880322358959,-1078.13593995495,-1615.57115933908,1284.84801239539,42.4524710489072,0,-215.984741047197,-656.892151124525,0,192.263684696715,0,0,0,0,-463.810185054487,-986.577743931294,-1359.47841951483,677.302739127247,303.469130279229,1368.21002540829,0,-505.382346555449,-1026.51329586945,-504.417381281002,-270.649992879804,478.01202290025,522.512121188952,6275.31526656818,938.485983205694,-125.340295319213,58.9040660602837,162.759782763781,892.985913710836,-603.900237575176,0,-453.059528500946,136.075257509368,-220.210170686067,-544.297908733018,287.553808354413,0,0,-1119.68896645906,160.618955932255,0,0
0,-515.565473628038,0,-410.374109249806,304.298056436773,0,-131.740530360085,1313.12934155847,-719.011336696723,-8.77103564318948,236.091168239484,-583.61607352066,35.227386899512,-406.087882055444,1136.30509281647,-777.799238458442,-1618.00669980555,817.32064929433,137.39375101931,0,-1053.39047215223,670.38006532638,0,-431.606848546183,0,0,0,0,-1140.97055854007,115.186063090609,-553.067537722057,1122.28266586818,-830.049839524643,1293.72775612457,0,773.40023741113,-1608.74509463375,-594.002781854444,-96.1090737040657,144.667428612961,201.193223691749,938.485983205694,4228.79105956737,-301.645972967775,-158.767064339476,310.568245733117,890.37897417349,-81.1994327702902,0,656.331742420342,374.002993282747,114.511012716265,-915.994255242275,-409.820011362254,0,0,-260.483535348643,-39.86508323727,0,0
0,104.502368004181,0,496.130195114634,-70.6804581090116,0,-189.241634495397,300.729986175705,-295.111788256599,-87.5724461828307,-305.182309497978,-711.513101522103,-372.843528451764,778.961075867874,-11.7720180639101,-481.579553050756,-465.623837167258,-300.485473791403,330.538081847717,0,-555.029203148824,62.4261902200992,0,-77.9135036754211,0,0,0,0,-757.897205048804,-150.64646915133,199.403467927162,-356.311239263671,646.435208816444,70.9640733286133,0,-827.899805245249,292.377044572147,1929.93118039695,171.357195296835,-361.775762138187,-269.760666041401,-125.340295319213,-301.645972967775,3270.43469472843,-225.285050463576,-560.023125247112,-634.97682381017,146.452863205819,0,107.620643078332,48.1080377778694,-147.483981192465,-55.7415836246037,-136.532235658754,0,0,-9.42431898224511,296.656186328526,0,0
0,-319.342897724682,0,-264.682970863674,-256.325138991963,0,-338.93472293408,-170.555988237043,138.623343610703,-475.769946557084,-214.701945742235,-533.167886913408,219.676459877495,-323.574911439522,1446.70660265724,-705.877938785996,341.315893196245,-30.8283927220169,-321.501304542184,0,-1522.15617399393,-160.216398833192,0,576.647253744356,0,0,0,0,1499.54454890272,219.529575376357,52.4047505013511,-535.003913182823,-314.687038910468,-65.8750292764377,0,-606.721316815659,618.291438667168,82.3547029574426,45.6326778577867,-536.950478025034,-41.4137179847151,58.9040660602837,-158.767064339476,-225.285050463576,4809.71371601704,537.915821265276,-1166.24898122327,-318.035020847544,0,295.814781725083,703.159328182919,463.976979754663,-213.777105730542,-744.929416805316,0,0,-468.302592151371,-241.579461369498,0,0
0,-152.93042512307,0,314.66011608159,-91.4595940994674,0,-125.554904998267,659.960267374363,-158.171317003319,-483.940931215103,722.192755969376,-870.171573588271,772.684430572452,-719.287158167971,-374.098700067781,-658.84398740373,-206.467156438445,685.505656359079,-117.883313899643,0,-1694.59360080215,-370.170385338175,0,292.064434753197,0,0,0,0,742.925419936793,-995.497090158873,382.643484236117,417.357537974443,473.139871061614,-24.7226321575971,0,-227.742631334248,723.267991474989,888.251406186448,323.147449388618,253.750644661126,-14.5812057526105,162.759782763781,310.568245733117,-560.023125247112,537.915821265276,5272.38123496716,846.571504286384,-379.782186379013,0,208.747312498093,-190.476788995564,125.180094880579,-379.418591041465,-1170.95378641985,0,0,-290.055636246213,54.0278144503682,0,0
0,-78.4628983149736,0,-330.912270696862,659.111101368076,0,228.888615346282,398.272689558107,-501.100981658287,315.706021938565,-19.4885807992468,302.826786250115,465.116852791127,-503.690645646333,139.077053951509,398.411358656039,81.0080146507475,-156.77356341654,441.021813425009,0,1645.82189038364,-1013.0752678977,0,-937.419536113264,0,0,0,0,-813.94285346061,-5.53230626260165,81.3484507951897,1190.39314802368,165.168677200569,520.709413277679,0,-21.4845530842998,-21.8852516264017,-836.874946070529,-258.024994814039,304.703052125933,63.629451055336,892.985913710836,890.378974173491,-634.97682381017,-1166.24898122327,846.571504286384,3500.44408099773,-492.688784183394,0,867.766306812403,-82.3626159808952,365.166970268904,47.972996636828,153.332423532186,0,0,108.457415050106,94.469905318032,0,0
0,-276.294968003135,0,758.737069469841,209.094285172779,0,330.161165118072,253.38155837435,444.71982211585,-141.893832909866,210.138994237517,-66.8407093557223,691.744012439646,-248.112736742669,-885.42262871909,423.032997518125,-95.2047970053636,-1085.4365383106,-255.025528352056,0,1031.54216954011,502.123992350592,0,-179.239232030927,0,0,0,0,-929.041850816971,-669.572046608528,611.996105847095,-903.795335307604,-225.041090992789,8.73726616458278,0,-476.921666343819,198.097209924463,-674.393059933844,512.372013951369,-66.7932129546581,-339.442009822609,-603.900237575175,-81.1994327702902,146.452863205819,-318.035020847544,-379.782186379013,-492.688784183394,4178.12646689669,0,-178.754390750871,183.820009689158,255.340556949695,176.532926998578,195.872725856029,0,0,-76.3263355449516,295.835878958537,0,0
0,0,0,0,0,0,0,0,0,0,0,0,0,0,0,0,0,0,0,0,0,0,0,0,0,0,0,0,0,0,0,0,0,0,0,0,0,0,0,0,0,0,0,0,0,0,0,0,0.0276855068828086,0,0,0,0,0,0,0,0,0,0,0
0,-70.305413347645,0,-118.734532728037,156.849201217037,0,-197.689234390199,-65.3478846077406,-274.197063193319,-105.519232818052,-82.2865962226616,-337.199742843442,-372.954426856986,334.401630198197,509.663534839121,-451.570738886334,366.066422850789,545.746350856333,652.438866171932,0,-110.343730637938,781.703639398637,0,-132.554857957054,0,0,0,0,-326.509081454395,192.538905826046,456.328672242894,5.43869162468091,477.47804218711,3.08325309987067,0,43.0230260420574,917.774306009023,-172.623336162384,-211.452724806398,-633.559740622958,-256.22184676257,-453.059528500946,656.331742420342,107.620643078332,295.814781725083,208.747312498093,867.766306812403,-178.754390750871,0,2339.9553939489,-398.759043729337,192.16007255234,-99.6243114353644,-166.174885472644,0,0,-285.176176492578,35.6505122802989,0,0
0,-256.944049740456,0,380.823051594442,-9.62490075202686,0,118.241854331752,39.8907267720056,-64.6533042216153,180.60191686583,105.352889927851,-37.3779394622122,464.762019648681,-178.583656967727,870.120952616686,-50.7351243542434,-938.472440228439,-180.933945305263,258.025446702466,0,-549.953819044617,-146.880496287969,0,-6.71573949417199,0,0,0,0,456.148614465825,460.034620549932,-240.606677746025,500.455882472363,-389.755468625021,299.988847173912,0,498.083745437335,-891.383639321877,-146.158706736963,-414.935050633037,373.503870752957,381.647942376742,136.075257509368,374.002993282747,48.1080377778694,703.159328182919,-190.476788995564,-82.3626159808952,183.820009689158,0,-398.759043729337,1520.41275376385,335.889098752681,-7.33197594445704,63.7169763454272,0,0,-124.260699509986,-216.403049471328,0,0
0,-84.5801328815951,0,36.060978534493,336.098688583381,0,388.529020209595,-109.673290739156,90.7943990218843,54.1383006538654,80.3045104799608,181.104722003991,-668.545177276565,-209.999321694196,406.260533375896,-461.260278060432,-561.206003252011,798.319203342241,-210.40922344892,0,212.238120246684,-473.229399951999,0,374.954501210119,0,0,0,0,-27.0360232213229,462.026141442876,-286.505363072959,273.426653004041,88.8829237695441,-400.827403011956,0,-31.3795035128737,401.831154009105,-549.982597569763,300.506146429438,-85.2318379582206,-26.7597023892852,-220.210170686067,114.511012716265,-147.483981192465,463.976979754663,125.180094880579,365.166970268904,255.340556949695,0,192.16007255234,335.889098752681,2033.11603744749,69.820494873601,-199.43383533058,0,0,108.067984943421,-324.966045287985,0,0
0,133.397952216298,0,-202.89961937845,898.914300357343,0,-453.019568719581,-661.007929508209,255.841621455941,927.94714637806,-436.689867495338,800.590079000349,-44.1246105633515,179.59509895141,-764.250864427497,591.535867760443,-668.924064587721,105.477605422987,-431.472370414192,0,1013.32407426023,-444.575633012389,0,246.374781607141,0,0,0,0,1055.56132204124,-349.575786437172,250.463184734583,205.09429966215,319.449314344768,-249.106352621589,0,1152.82070145918,2082.76185237919,-290.929971127759,-154.971367818072,449.11062112909,474.808034947763,-544.297908733018,-915.994255242275,-55.7415836246037,-213.777105730542,-379.418591041465,47.972996636828,176.532926998578,0,-99.6243114353644,-7.33197594445704,69.8204948736009,4183.97901690743,688.793200209806,0,0,802.985312725422,-290.818041020972,0,0
0,366.253850334859,0,676.86871578218,-1010.99690921931,0,110.540675026174,-857.001888285973,-64.0327951331245,541.198745078721,-807.862841625589,465.579771924976,-510.27264729479,-226.36640802431,469.628585974279,-1289.91629775768,88.1855801401009,-404.737399629636,1148.95971671013,0,1429.3617355796,86.2367310312603,0,-611.304798241039,0,0,0,0,184.856485970973,375.293807136477,-1473.72360315022,80.0405660297946,-195.50371491747,95.5619563809008,0,-1123.81675598307,397.096468043856,-113.114385336143,234.859067035458,472.743617267833,-366.608719200329,287.553808354413,-409.820011362254,-136.532235658754,-744.929416805316,-1170.95378641985,153.332423532186,195.872725856029,0,-166.174885472644,63.7169763454272,-199.43383533058,688.793200209806,6041.18169480101,0,0,-767.76585446874,-208.797553054147,0,0
0,0,0,0,0,0,0,0,0,0,0,0,0,0,0,0,0,0,0,0,0,0,0,0,0,0,0,0,0,0,0,0,0,0,0,0,0,0,0,0,0,0,0,0,0,0,0,0,0,0,0,0,0,0,0.0213278033838719,0,0,0,0,0
0,0,0,0,0,0,0,0,0,0,0,0,0,0,0,0,0,0,0,0,0,0,0,0,0,0,0,0,0,0,0,0,0,0,0,0,0,0,0,0,0,0,0,0,0,0,0,0,0,0,0,0,0,0,0,0.0133344095445646,0,0,0,0
0,-168.436042377719,0,431.345814258659,621.493828321242,0,674.700163326164,-275.159986309969,286.354413672091,230.221686268994,-58.7797754816875,-556.068991147089,-322.414173013697,-387.554498178421,-668.903098842025,642.179742876499,518.339609901618,-299.680592423352,-370.58656555213,0,577.759640128015,153.631253941643,0,-43.001027900002,0,0,0,0,1115.61911252337,-303.100839888273,1161.50727505321,-567.803267286872,-403.384501141409,287.783342979482,0,249.971553656474,-158.866763384406,-568.954924468119,-93.9774546449454,141.168102428185,-119.018028575915,-1119.68896645906,-260.483535348643,-9.42431898224511,-468.302592151371,-290.055636246213,108.457415050106,-76.3263355449516,0,-285.176176492578,-124.260699509986,108.067984943421,802.985312725422,-767.765854468741,0,0,3842.66633548279,187.529695097778,0,0
0,-90.4002025031084,0,-1.84862392963526,193.560322701159,0,-419.517515098869,456.471351971087,-111.776967528968,-134.643877143969,-208.731923498523,-408.937981201454,240.517938580411,302.41154896342,-617.900645189479,-168.500579088064,938.628064631046,645.425775730436,-396.57382517138,0,-502.176545928965,377.461873556767,0,-86.1582808643277,0,0,0,0,-331.927990307431,11.4417033659285,413.281110740935,-443.423192950846,99.4104287824265,257.611105435616,0,-365.657787353032,-154.94322088562,318.673799221771,-235.929349000846,-127.349653339377,-82.3227411581797,160.618955932255,-39.86508323727,296.656186328526,-241.579461369498,54.0278144503682,94.469905318032,295.835878958537,0,35.6505122802989,-216.403049471328,-324.966045287985,-290.818041020972,-208.797553054147,0,0,187.529695097778,1592.23668135991,0,0
0,0,0,0,0,0,0,0,0,0,0,0,0,0,0,0,0,0,0,0,0,0,0,0,0,0,0,0,0,0,0,0,0,0,0,0,0,0,0,0,0,0,0,0,0,0,0,0,0,0,0,0,0,0,0,0,0,0,0.03284283080616,0
0,0,0,0,0,0,0,0,0,0,0,0,0,0,0,0,0,0,0,0,0,0,0,0,0,0,0,0,0,0,0,0,0,0,0,0,0,0,0,0,0,0,0,0,0,0,0,0,0,0,0,0,0,0,0,0,0,0,0,0.0206563744267628
