0.0369284302842281,-0.0162894811501626,0.00359709689557322,0.00810981387387296,0.000463118243428499,0.0088055841655568,0.000707099534732347,-0.0151385669119753,0.00671179792419749,0.0101910619044083,0.0163130255213953,0.0195011950398137,0.0127666088254171
-0.0162894811501626,0.235608977624771,0.014652034035926,-0.0047773243387576,-0.00988838622400602,-0.0125418024562382,0.0425371245033108,-0.011367750004822,0.0251550446752037,0.00737869393939399,-0.00239825171143903,0.0119276288822766,0.0819919078594807
0.00359709689557322,0.014652034035926,0.0947956362786218,-0.00405848591694384,0.00449280232848822,-0.0211522895833417,0.0396327608285528,-0.0141446015478472,0.0364695825663115,0.0104909606547779,0.0121740774153541,0.0188722563179681,0.0444911780173573
0.00810981387387296,-0.00477732433875759,-0.00405848591694384,0.0206134244409661,0.00356941498685117,0.0156678954518725,-0.0103895632081655,-0.0019725435193039,0.00554001349469564,0.00229252665773849,0.000260138002329341,0.0073111006553328,0.0105060687705015
0.000463118243428499,-0.00988838622400602,0.00449280232848822,0.00356941498685117,0.0145080598139624,0.00970512683568628,0.000575793225166499,0.00195929176738258,0.0099046933983271,-0.00533897260455387,-0.000718698655307613,0.000977081489217606,0.00799681926831402
0.0088055841655568,-0.0125418024562382,-0.0211522895833417,0.0156678954518725,0.00970512683568628,0.111824330389652,-0.013183758905937,0.00349370094855665,0.00102723216856061,-0.00833349520634894,3.1202431403246e-05,0.0102033090406082,-0.0117227674054776
0.000707099534732347,0.0425371245033108,0.0396327608285528,-0.0103895632081655,0.000575793225166499,-0.013183758905937,0.253049048106305,-0.011153814442569,0.0170462852878383,-0.000450136833853857,0.013941557092132,-0.0149740681464977,-0.00895383935366665
-0.0151385669119753,-0.011367750004822,-0.0141446015478472,-0.0019725435193039,0.00195929176738258,0.00349370094855665,-0.011153814442569,0.0303254669186606,-0.0296862972234791,-0.012144272776577,-0.023031275654382,-0.0106286011553712,-0.00848974333486059
0.00671179792419749,0.0251550446752037,0.0364695825663115,0.00554001349469564,0.0099046933983271,0.00102723216856061,0.0170462852878383,-0.0296862972234791,0.212290863368265,0.0199893082029682,0.0413493440943782,0.0093670982705442,0.0785110442831652
0.0101910619044083,0.00737869393939399,0.0104909606547779,0.00229252665773849,-0.00533897260455387,-0.00833349520634894,-0.000450136833853857,-0.012144272776577,0.0199893082029682,0.0304258656319733,0.0274954653736622,0.0218457311920482,0.0209477771610205
0.0163130255213953,-0.00239825171143903,0.0121740774153541,0.000260138002329341,-0.000718698655307613,3.1202431403246e-05,0.013941557092132,-0.023031275654382,0.0413493440943782,0.0274954653736622,0.0947595339225513,0.0148958330116638,0.0197621442629058
0.0195011950398137,0.0119276288822766,0.0188722563179681,0.0073111006553328,0.000977081489217606,0.0102033090406082,-0.0149740681464977,-0.0106286011553712,0.0093670982705442,0.0218457311920482,0.0148958330116638,0.090681600166307,0.039031802018041
0.0127666088254171,0.0819919078594807,0.0444911780173573,0.0105060687705015,0.00799681926831403,-0.0117227674054776,-0.00895383935366665,-0.00848974333486059,0.0785110442831652,0.0209477771610205,0.0197621442629058,0.039031802018041,0.211995976668311
