0.175607834720655,-0.011828732965118,0.0466159479916975,-0.0076552778772489,0.0449078923971248,0.0179050974423728,-0.0115031636103699,0.0120047691108844,-0.0290690150359761,-0.00194080999405176,0.0469303269137217,0.00990089796245357,0.00273988813470951,-0.0384818704268534,-0.0217675254979608,0.0359480377476459,0.00652693148496443,0.0142522275065751,0.0120252602958998,0.00020002307226104,0.0382394396473865,0.0050640354855025,-0.00797394622921258,-0.0143713115161087
-0.011828732965118,0.0290758036189324,-0.0068379749343294,0.0220850254184295,0.013319578853762,-0.00745128379931933,0.00261811313709125,0.009360048086907,0.024793369271259,-0.00598931472273768,-0.000662097191985936,-0.00120675503093452,0.00469365399476453,0.0017372324946377,-0.00590292740082273,-0.0248981316386881,-0.00314277605359684,-0.00137092521452267,0.00423623513544713,0.000137701053401731,-0.0132584042971228,0.00299221402210173,-0.012785567177472,-0.00775470434161144
0.0466159479916975,-0.0068379749343294,0.0857912887826686,-5.20036375163166e-05,0.0225892404800475,0.0186068451827137,-0.00133239908447122,0.0215285197132614,-0.0276393268311816,0.0102333862968496,0.0334375866276311,0.0155283805001329,-0.010792441772092,0.00401057357014021,-0.00620377629135779,0.013576867316425,-0.00640495684638797,0.0118115644937845,0.00194581241403897,-0.00529609112542993,0.011436233977371,-0.00356293626347009,-0.00764344138968555,-0.0103188142446322
-0.0076552778772489,0.0220850254184295,-5.20036375163166e-05,0.0266863641229496,0.019631763455014,0.0125914087357388,0.00532557777170735,0.0154910578169156,0.0242092826855612,-0.000522285267901912,-0.00460709977861733,-0.00517304790634852,-0.000132621879299333,0.0164557327702865,-0.00404355590213172,-0.013959100894433,0.0047560064980008,0.00330543966401909,0.00360296248292542,-0.00698852135153641,-0.0232219095350922,0.00160943007111504,-0.0175729583272037,-0.00178671626807577
0.0449078923971248,0.013319578853762,0.0225892404800475,0.019631763455014,0.163509472385101,0.0168171432742811,-0.0115924850429072,0.0232074996267668,-0.00123908823463617,0.0126860533766412,-0.00275340592489005,0.000572390823450811,0.0177256818610706,0.0040558712182305,-0.00721030610183117,-0.0249694729561662,0.00789968368194283,0.0095664583271161,0.0261155619331972,0.00998087909597531,-0.0392463784276082,0.00984483757731651,-0.0180213497951133,0.0155204068516233
0.0179050974423728,-0.00745128379931933,0.0186068451827137,0.0125914087357388,0.0168171432742811,0.0893731225000831,-0.00789643208276464,0.04524111241405,0.0169755187256773,0.0193925250494613,0.00965842831852119,-0.0128442307239407,0.0489760494113157,0.0382614020243509,-0.00105058178240435,-0.00512298690599432,0.00454667230742269,-0.00859916453496378,0.00499431860010996,-0.026012067733695,-0.0010865814936034,-0.0169641018462712,-0.00144011408019729,0.0229815230030815
-0.0115031636103699,0.00261811313709125,-0.00133239908447122,0.00532557777170735,-0.0115924850429072,-0.00789643208276464,0.0526363139576506,-0.0152010119571938,-0.00183907469757656,-0.00507780220405491,-0.0129468598476721,-3.64805941606672e-05,0.00883241006168301,-0.00925952690205033,0.0027675121655926,-0.00803949140210623,0.00579019180128797,-0.00463428766913302,0.00504471142973174,-0.00630434757009324,0.0166263506116658,-0.000716518402093649,0.00449554952300217,-0.0073598239589025
0.0120047691108844,0.009360048086907,0.0215285197132614,0.0154910578169156,0.0232074996267668,0.04524111241405,-0.0152010119571938,0.147003098343441,0.0349061907924097,0.0169209469266221,0.0525672738528845,0.0115772189160272,0.0115285193062393,0.0433876546176487,-0.00385610063077569,-0.0178119476719853,-0.00424292202781435,-0.0123532998432702,0.000167982457913167,-0.00343945704016818,-0.0468975324399839,1.87593900548712e-05,0.00981113680453845,-0.00516551590306954
-0.0290690150359761,0.024793369271259,-0.0276393268311816,0.0242092826855612,-0.00123908823463617,0.0169755187256773,-0.00183907469757656,0.0349061907924097,0.133946753843934,-0.00216818488359722,-0.012517311058095,-0.000498290940633903,-0.0268379429964618,0.00524333377540725,0.00192832599938033,-0.0307151173302642,0.0208975229021013,-0.00208304026180607,-0.00324113666869864,-0.0101503709570628,-0.0422456621219433,-0.013420283583689,-0.051752240581018,0.00354499406502712
-0.00194080999405176,-0.00598931472273768,0.0102333862968496,-0.000522285267901912,0.0126860533766412,0.0193925250494613,-0.00507780220405491,0.0169209469266221,-0.00216818488359722,0.0403854131125353,0.0109601039458708,0.00831042338225335,0.0220607872721295,0.0113670564731749,-0.00212623127097785,0.00746056443776423,0.0104550493316907,0.000271304220132584,0.00492266564060871,-0.0206372910255795,0.000241588697424984,-0.00130138640724537,0.00772113304479605,-0.0243132793419905
0.0469303269137218,-0.000662097191985936,0.0334375866276311,-0.00460709977861733,-0.00275340592489005,0.00965842831852119,-0.0129468598476721,0.0525672738528845,-0.012517311058095,0.0109601039458708,0.12443515121341,-0.0033029521979442,0.0205569065582794,-0.0158571821182516,-0.0275504644991182,0.022142797753809,0.0195179704900332,0.0271674033239747,0.0164656978439592,0.0170988658107121,-0.0165360370490277,0.00735724470238521,0.0104119102319565,0.0221927812275308
0.00990089796245357,-0.00120675503093452,0.0155283805001329,-0.00517304790634852,0.000572390823450811,-0.0128442307239407,-3.64805941606672e-05,0.0115772189160272,-0.000498290940633903,0.00831042338225335,-0.0033029521979442,0.0413200454952204,-0.0125734766274048,0.00819285276518015,-0.0036081045064351,0.00986966853495718,-0.00530454044268817,-0.00327459463985186,0.00675893930883485,-0.00450531330505969,0.00716348400078603,-0.00250637376903044,0.00448304368576998,-0.0208527140361398
0.00273988813470951,0.00469365399476453,-0.010792441772092,-0.000132621879299333,0.0177256818610706,0.0489760494113157,0.00883241006168301,0.0115285193062393,-0.0268379429964618,0.0220607872721295,0.0205569065582794,-0.0125734766274048,0.154174316861153,-0.0274896940944846,-0.0010514053418881,-0.0291804284257619,0.0115075925946378,-0.0500440555172898,0.0172706646927971,-0.0013917221488486,0.0376144462164496,-0.00829585080813535,0.00606578060323344,0.0161273492961016
-0.0384818704268534,0.0017372324946377,0.00401057357014021,0.0164557327702865,0.0040558712182305,0.0382614020243509,-0.00925952690205033,0.0433876546176487,0.00524333377540725,0.0113670564731749,-0.0158571821182516,0.00819285276518015,-0.0274896940944846,0.235793232297538,0.0192655996626214,0.00798388288938543,0.00734559700016648,0.011932256144151,0.0071611693132989,-0.0354090418470486,-0.0414451271953117,0.0100618406542238,-0.0113986066882615,0.00581811574460785
-0.0217675254979608,-0.00590292740082273,-0.00620377629135778,-0.00404355590213172,-0.00721030610183117,-0.00105058178240435,0.0027675121655926,-0.00385610063077568,0.00192832599938033,-0.00212623127097785,-0.0275504644991182,-0.0036081045064351,-0.0010514053418881,0.0192655996626214,0.0359774303026912,0.0165754524370293,-0.000528117639743388,-0.0207667917715245,-0.000644141202301528,0.0134190186122822,-0.00578919189035802,0.00198671053605582,-0.00155833543838025,-0.00315119804129432
0.0359480377476459,-0.0248981316386881,0.013576867316425,-0.013959100894433,-0.0249694729561662,-0.00512298690599432,-0.00803949140210623,-0.0178119476719853,-0.0307151173302642,0.00746056443776423,0.022142797753809,0.00986966853495718,-0.0291804284257619,0.00798388288938543,0.0165754524370293,0.174327666367874,-0.014330665175033,0.00856590277660773,0.00237625626266028,-0.0203726793233574,0.0166082232846525,0.0207712431339683,-0.000655996133536567,-0.010592147952394
0.00652693148496443,-0.00314277605359684,-0.00640495684638797,0.0047560064980008,0.00789968368194283,0.00454667230742269,0.00579019180128797,-0.00424292202781435,0.0208975229021013,0.0104550493316907,0.0195179704900332,-0.00530454044268817,0.0115075925946378,0.00734559700016648,-0.000528117639743388,-0.014330665175033,0.0934862150149525,0.00376821113092679,0.0108610887086074,-0.00726539487256143,-0.023031504406611,-0.00123270976666872,-0.0208968281114302,-0.000767533637187953
0.0142522275065751,-0.00137092521452267,0.0118115644937845,0.00330543966401909,0.0095664583271161,-0.00859916453496378,-0.00463428766913302,-0.0123532998432702,-0.00208304026180607,0.000271304220132584,0.0271674033239747,-0.00327459463985186,-0.0500440555172898,0.011932256144151,-0.0207667917715245,0.00856590277660773,0.00376821113092679,0.0777759683196454,-0.0269599847175453,-0.0124028968791106,0.00222120866415139,0.00511907612629127,0.00338488889550675,0.015117230332025
0.0120252602958998,0.00423623513544713,0.00194581241403897,0.00360296248292542,0.0261155619331972,0.00499431860010996,0.00504471142973174,0.000167982457913167,-0.00324113666869864,0.00492266564060871,0.0164656978439592,0.00675893930883486,0.0172706646927971,0.0071611693132989,-0.000644141202301528,0.00237625626266028,0.0108610887086074,-0.0269599847175453,0.0482308337240993,0.0102904973563826,-0.0217664212956236,-0.000743874407989717,0.00192126660702259,0.0111347676360608
0.00020002307226104,0.000137701053401731,-0.00529609112542992,-0.00698852135153641,0.00998087909597531,-0.026012067733695,-0.00630434757009324,-0.00343945704016818,-0.0101503709570628,-0.0206372910255795,0.0170988658107121,-0.00450531330505969,-0.0013917221488486,-0.0354090418470486,0.0134190186122822,-0.0203726793233574,-0.00726539487256143,-0.0124028968791106,0.0102904973563826,0.15012850512725,-0.121739778002375,-0.00143752286663729,0.0139481274406642,-0.0211007264138887
0.0382394396473865,-0.0132584042971228,0.011436233977371,-0.0232219095350922,-0.0392463784276082,-0.0010865814936034,0.0166263506116658,-0.0468975324399839,-0.0422456621219433,0.000241588697424983,-0.0165360370490277,0.00716348400078603,0.0376144462164496,-0.0414451271953117,-0.00578919189035802,0.0166082232846525,-0.023031504406611,0.00222120866415139,-0.0217664212956236,-0.121739778002375,0.209005913938284,0.00292738665064794,0.0180693397047588,0.0128354109174566
0.0050640354855025,0.00299221402210173,-0.00356293626347009,0.00160943007111504,0.00984483757731651,-0.0169641018462712,-0.000716518402093649,1.87593900548712e-05,-0.013420283583689,-0.00130138640724537,0.00735724470238521,-0.00250637376903044,-0.00829585080813535,0.0100618406542238,0.00198671053605582,0.0207712431339683,-0.00123270976666872,0.00511907612629127,-0.000743874407989717,-0.00143752286663729,0.00292738665064794,0.0177422837937162,0.00353694593573903,-0.0157131981968195
-0.00797394622921259,-0.012785567177472,-0.00764344138968555,-0.0175729583272037,-0.0180213497951133,-0.00144011408019729,0.00449554952300217,0.00981113680453845,-0.051752240581018,0.00772113304479605,0.0104119102319565,0.00448304368576998,0.00606578060323344,-0.0113986066882615,-0.00155833543838025,-0.000655996133536567,-0.0208968281114302,0.00338488889550675,0.00192126660702259,0.0139481274406642,0.0180693397047588,0.00353694593573903,0.134933227903633,-0.0952427633019074
-0.0143713115161087,-0.00775470434161144,-0.0103188142446322,-0.00178671626807577,0.0155204068516233,0.0229815230030815,-0.0073598239589025,-0.00516551590306954,0.00354499406502712,-0.0243132793419905,0.0221927812275308,-0.0208527140361398,0.0161273492961016,0.00581811574460785,-0.00315119804129432,-0.010592147952394,-0.000767533637187953,0.015117230332025,0.0111347676360608,-0.0211007264138887,0.0128354109174566,-0.0157131981968195,-0.0952427633019074,0.227691692153067
