0.239300172425645,0.0253588094866345,-0.00601213662940704,-0.0211222475260726,-0.0488102003424695,-0.00382832328070508,0.0085165934609436,0.0103637286991626,0.0220898235131508,-0.00401768180186436,0.0797060742049849,-0.00752455530537543,0.0109518480707061,0.00840218510694064
0.0253588094866345,0.0358998994650632,0.0061063736099775,0.0146678253345188,0.000933573936091685,0.0225406077795436,0.0114103008468666,0.0112420692274684,0.00801591853676566,0.00230340665501825,0.00337016818697364,-0.00531160256185732,-0.00436022283819549,0.00288078145555337
-0.00601213662940704,0.0061063736099775,0.0343532876455994,0.00555184988497669,0.0148531912026802,0.0129545829356485,0.00504222736056725,0.0374541254118496,0.0354047262973943,0.00420125465740132,0.00761247571242632,0.00363932515499057,-0.00891463950364857,-0.00204877867827747
-0.0211222475260726,0.0146678253345188,0.00555184988497669,0.0567759189138529,0.00408851332777107,0.0131169426929889,0.0031194457831651,0.0204443807943227,0.0036175184461513,-0.000524360135765304,0.00788649202884286,0.00314968593748957,-0.000774395019088925,0.0059016976497321
-0.0488102003424695,0.000933573936091685,0.0148531912026802,0.00408851332777107,0.0851457976936663,0.0482267692970985,0.00294587869231925,0.0295296569954078,0.0234483955925585,0.00356747440368567,-0.0183280539214119,0.0185345137917141,0.00111031538188128,0.00282165931114394
-0.00382832328070508,0.0225406077795436,0.0129545829356485,0.0131169426929889,0.0482267692970985,0.0633199376514021,0.00993062165642307,0.0195982802608837,0.0176763492868997,0.000975157850113126,0.0203903905117776,0.00216938070784192,-0.000591777195050991,0.00145706766491503
0.0085165934609436,0.0114103008468666,0.00504222736056725,0.0031194457831651,0.00294587869231925,0.00993062165642307,0.0103303074758505,0.0116248088742557,0.0051929362242737,0.0007874965651634,0.00305027806714218,-0.0012156463598589,-0.00213528253747989,0.00117637051269205
0.0103637286991626,0.0112420692274684,0.0374541254118496,0.0204443807943227,0.0295296569954078,0.0195982802608837,0.0116248088742557,0.265242717561389,0.155684889397775,0.0243019698895249,0.0183983572552858,0.0211674933230603,-0.00735939946524217,0.00609415051355678
0.0220898235131508,0.00801591853676566,0.0354047262973943,0.0036175184461513,0.0234483955925585,0.0176763492868997,0.0051929362242737,0.155684889397775,0.293742947609567,0.044349524985089,0.08004745761496,0.0237586792174246,-0.00310412209928866,0.00483779826454477
-0.00401768180186436,0.00230340665501825,0.00420125465740132,-0.000524360135765304,0.00356747440368567,0.000975157850113126,0.0007874965651634,0.0243019698895249,0.044349524985089,0.0116279984702706,-0.0188956710665754,0.00170629538303206,-0.00105432303797968,-0.000346438350697127
0.0797060742049849,0.00337016818697364,0.00761247571242632,0.00788649202884286,-0.0183280539214119,0.0203903905117776,0.00305027806714218,0.0183983572552858,0.08004745761496,-0.0188956710665754,0.288007958618541,-0.0162097037388456,0.0104152984694722,0.00930313167085766
-0.00752455530537543,-0.00531160256185732,0.00363932515499057,0.00314968593748957,0.0185345137917141,0.00216938070784192,-0.0012156463598589,0.0211674933230603,0.0237586792174246,0.00170629538303206,-0.0162097037388456,0.0215729474988061,-0.000452786055431467,0.000837974326017735
0.0109518480707061,-0.00436022283819549,-0.00891463950364857,-0.000774395019088925,0.00111031538188128,-0.000591777195050991,-0.00213528253747989,-0.00735939946524217,-0.00310412209928866,-0.00105432303797968,0.0104152984694722,-0.000452786055431467,0.00640740923841195,0.000914866469590679
0.00840218510694064,0.00288078145555337,-0.00204877867827747,0.0059016976497321,0.00282165931114394,0.00145706766491503,0.00117637051269205,0.00609415051355678,0.00483779826454477,-0.000346438350697127,0.00930313167085766,0.000837974326017735,0.000914866469590679,0.00326627623466575
