0.160744141048268,-0.00859469557684073,0.0208365028369111,-0.00522562355662575,0.0355369784042762,0.0154693948223023,0.0175596732808409,-0.00463192696118222,-0.0111600097434568,0.014794539775496,0.00277390013951735,0.00898656764450895,0.00605231617756427,0.0137956098650211,0.00150120884781274,-0.0173106830488951,0.0167204761360085,0.0119208340592078,-0.0056111964203271,-0.0082376048983459,0.0132046814098623,-0.0022468072789431,0.0125735460931569,0.00209358576905041
-0.00859469557684073,0.0287035600322485,0.00334630380650155,0.0184357492431895,0.000691247022378021,0.000245835547375403,0.000947694650954281,0.00297062146395833,0.0175635685487935,-0.00181320706754549,-0.000344282189702084,-0.000444134965048102,-0.00766538584745069,0.0174344461105932,-0.00682549308239485,-0.000831543499724752,0.00788097772275425,-0.000294645904376162,-0.000811887461987116,-0.00491308916699358,-0.00893642720343268,0.000362964587622849,-0.0113622930175533,-0.00905333688475983
0.0208365028369111,0.00334630380650155,0.0724101588596397,0.00192405592635185,0.00412019963562855,0.00101349029600027,0.0040246423003496,0.00165393357526416,-0.00560320375929721,0.00157133749457058,0.0204757181523569,0.0221198350544977,-0.00255661396512329,0.0117250606441061,0.000392449288601335,-0.00915238869221511,-0.00162804351782272,0.00211354818838691,0.00162339303141977,-0.0117524851176952,0.0203186092925578,-0.00315646417220597,-0.00363600511565262,0.00114528226616009
-0.00522562355662575,0.0184357492431895,0.00192405592635185,0.0248151715010158,0.000337761186840171,0.00199783228502958,-0.00104365654139413,0.00297013466965881,0.0174299014922562,0.00196193420371015,-0.00116315999275498,0.00169267406353984,-0.00166957491969328,0.0215802268371277,-0.00514919352066536,-0.00509646202813771,0.01069439176443,-0.00340839839521274,0.00266794638362686,-0.00101158893646753,-0.00808825609641702,-0.00105247667244163,-0.0108742290067029,-0.0158872517184701
0.0355369784042762,0.000691247022378021,0.00412019963562855,0.000337761186840171,0.145581869174083,0.0185943001851867,-0.0122361756640657,0.017850234092683,0.00192326434893156,0.0117258809055123,0.00288317406666005,0.0026285902586671,-0.00353793399018711,0.0154033652880343,-0.000544253314828851,0.0117808091591315,0.0118116387850581,0.00586106728349259,-0.00154745147609326,0.00790816837534884,-0.00196301523028914,0.00178039949280998,-0.0064655960689339,0.0164370394439297
0.0154693948223023,0.000245835547375403,0.00101349029600027,0.00199783228502958,0.0185943001851867,0.0905368253258443,0.00588618085518375,0.0260734441141408,0.00392158520261223,0.0170015297300219,-0.00273534685141024,0.00693621909288423,0.0139957066962671,0.011125807647455,-0.00158391388676515,-0.00256971543866872,0.00476736427504571,-0.00248041593468814,0.00136426888209862,-0.00222705754405609,-0.00362867592328389,-0.011860308183323,0.00477468518920152,0.00522213294746651
0.0175596732808409,0.000947694650954281,0.0040246423003496,-0.00104365654139413,-0.0122361756640657,0.00588618085518375,0.0560617742260289,-0.00743260540084203,-0.00267732617660937,0.000426295725145092,-0.000236776723976343,0.00212635361377329,0.0133182519087694,0.0156014064118106,0.00255808986535174,-0.00283689937678315,0.000900831414542414,-0.00784184674200546,0.00713713397150233,-0.0186142957675627,0.0110387641758209,-0.000549401510097682,0.000194309852479458,-0.00926476638092432
-0.00463192696118222,0.00297062146395833,0.00165393357526416,0.00297013466965881,0.017850234092683,0.0260734441141408,-0.00743260540084203,0.142806657407543,0.0210597865114462,0.0185617432255255,0.00270117049430863,0.00887243223130249,-0.00106132153454353,0.0208084840871887,-0.00356142686674401,-0.00201287588664937,0.0203047365020094,0.000596345427097109,-0.00225542839715927,0.0287549767809712,-0.0518789764275656,-0.00364703961121942,0.0107043548300502,-0.0152632412659568
-0.0111600097434568,0.0175635685487935,-0.00560320375929721,0.0174299014922562,0.00192326434893156,0.00392158520261223,-0.00267732617660937,0.0210597865114462,0.125495625725994,0.0119234361422798,-0.00706335390270401,-0.00406026934848994,0.00297328843671397,0.0339668327392855,-0.00394178845913131,0.00326821129559636,0.0197860255613221,0.0177891091246493,0.0011847825813176,0.00588364378160944,-0.057799206066936,0.00200058101292377,-0.0253560005373649,-0.000820037831998563
0.014794539775496,-0.00181320706754549,0.00157133749457058,0.00196193420371015,0.0117258809055123,0.0170015297300219,0.000426295725145092,0.0185617432255255,0.0119234361422798,0.0410420272034447,-0.00170595908728823,0.00561542854581373,0.00802352980473749,0.0151124422830285,0.00333377392946582,-0.00373267222206549,-0.000815860205046983,0.00139423227084236,-0.00867457833357296,-0.013541700204133,0.0083765699070699,0.00529159032855578,0.00595047379221921,-0.0236600796671837
0.00277390013951735,-0.000344282189702084,0.0204757181523569,-0.00116315999275498,0.00288317406666005,-0.00273534685141024,-0.000236776723976343,0.00270117049430863,-0.00706335390270401,-0.00170595908728823,0.125562041971674,0.00407677547887964,-0.000305055987705231,0.00081632303200293,0.00284679113804895,0.00586673793557346,-0.0106968363120334,0.00636552825126571,0.00491726986179909,0.00755698665228902,-1.61927345898903e-05,-3.0930160284454e-06,0.00225599104403502,-0.00153429695521142
0.00898656764450895,-0.000444134965048102,0.0221198350544977,0.00169267406353984,0.0026285902586671,0.00693621909288423,0.00212635361377329,0.00887243223130249,-0.00406026934848994,0.00561542854581373,0.00407677547887964,0.0347140895169524,0.00399879521578532,0.0119258048054992,-0.00218579029056309,-0.00117923192157055,0.00740499016585187,-0.00312009269965769,-4.70814139384314e-06,0.000682198948304926,0.00767657724226011,-0.000366158635599903,-0.00160935991805686,0.00132764013689908
0.00605231617756427,-0.00766538584745069,-0.00255661396512329,-0.00166957491969328,-0.00353793399018711,0.0139957066962671,0.0133182519087694,-0.00106132153454353,0.00297328843671397,0.00802352980473749,-0.000305055987705231,0.00399879521578532,0.115185814217274,0.00424653209506053,0.00805433843825094,0.0100753502096218,0.00893382208729597,0.00467300460929764,-0.00685941269136643,-0.00269395692368792,0.0052365688879557,0.00547750014744332,0.00814190836895297,0.00320003722607162
0.0137956098650211,0.0174344461105932,0.0117250606441061,0.0215802268371278,0.0154033652880343,0.011125807647455,0.0156014064118106,0.0208084840871887,0.0339668327392855,0.0151124422830285,0.00081632303200293,0.0119258048054992,0.00424653209506053,0.237633395649654,-0.0141770509124293,-0.0143955666584953,0.0147702929986431,0.0169834630290083,-0.0075354978161228,-0.00419748271114081,-0.00934652656473931,-0.00257346414840824,-0.0535017891085946,-0.0239022019347326
0.00150120884781274,-0.00682549308239485,0.000392449288601335,-0.00514919352066536,-0.000544253314828851,-0.00158391388676515,0.00255808986535174,-0.00356142686674401,-0.00394178845913131,0.00333377392946582,0.00284679113804895,-0.00218579029056309,0.00805433843825093,-0.0141770509124293,0.0496582441195942,0.0225748788111939,0.00198796097854915,-0.00882865234108913,0.00615463781221982,0.00443723065232621,-0.00181081401193134,0.00291967622968411,0.00735257070200478,-0.000401513858412402
-0.0173106830488951,-0.000831543499724752,-0.00915238869221511,-0.00509646202813771,0.0117808091591315,-0.00256971543866872,-0.00283689937678315,-0.00201287588664937,0.00326821129559636,-0.00373267222206549,0.00586673793557346,-0.00117923192157055,0.0100753502096218,-0.0143955666584953,0.0225748788111939,0.178134232103507,-0.0220270122119181,0.00788069280992016,-0.00209567695775721,-0.00796695268384934,0.0187750667067647,0.00469545086652692,-0.000605430747621338,0.000163192113183837
0.0167204761360085,0.00788097772275425,-0.00162804351782272,0.01069439176443,0.0118116387850581,0.00476736427504571,0.000900831414542414,0.0203047365020094,0.0197860255613221,-0.000815860205046983,-0.0106968363120334,0.00740499016585187,0.00893382208729597,0.0147702929986431,0.00198796097854915,-0.0220270122119181,0.0806621916920823,0.000888140733233557,-0.0031507001563735,0.00208343245662381,-0.0198452218199482,-0.00482320878960018,-0.00981837471113151,0.00377122337136022
0.0119208340592078,-0.000294645904376162,0.00211354818838691,-0.00340839839521274,0.00586106728349259,-0.00248041593468814,-0.00784184674200546,0.000596345427097109,0.0177891091246493,0.00139423227084236,0.00636552825126571,-0.00312009269965769,0.00467300460929764,0.0169834630290084,-0.00882865234108913,0.00788069280992016,0.000888140733233557,0.0942447220951553,-0.0532265038669332,-0.00903444617552094,0.0098216500815094,0.00229112002532106,0.00574869981128326,-0.0141856174096522
-0.0056111964203271,-0.000811887461987116,0.00162339303141977,0.00266794638362686,-0.00154745147609326,0.00136426888209862,0.00713713397150233,-0.00225542839715927,0.0011847825813176,-0.00867457833357296,0.00491726986179909,-4.70814139384314e-06,-0.00685941269136643,-0.0075354978161228,0.00615463781221982,-0.00209567695775721,-0.0031507001563735,-0.0532265038669332,0.0554647929929634,0.0123060553318458,-0.00933272663989821,-0.00164983026318625,-0.00653220321983325,0.00284032314572818
-0.0082376048983459,-0.00491308916699358,-0.0117524851176952,-0.00101158893646753,0.00790816837534884,-0.00222705754405609,-0.0186142957675627,0.0287549767809712,0.00588364378160944,-0.013541700204133,0.00755698665228902,0.000682198948304926,-0.00269395692368792,-0.00419748271114081,0.00443723065232621,-0.00796695268384934,0.00208343245662381,-0.00903444617552094,0.0123060553318458,0.157877823520475,-0.135326884355681,-0.00383033739120599,0.00613018074664398,0.00922875464612248
0.0132046814098623,-0.00893642720343268,0.0203186092925578,-0.00808825609641702,-0.00196301523028914,-0.00362867592328389,0.0110387641758209,-0.0518789764275656,-0.057799206066936,0.0083765699070699,-1.61927345898903e-05,0.00767657724226011,0.0052365688879557,-0.00934652656473931,-0.00181081401193134,0.0187750667067647,-0.0198452218199482,0.0098216500815094,-0.00933272663989821,-0.135326884355681,0.202916843010654,0.00703797939186242,0.00967131201615982,-0.000863015121477929
-0.0022468072789431,0.000362964587622849,-0.00315646417220597,-0.00105247667244163,0.00178039949280998,-0.011860308183323,-0.000549401510097682,-0.00364703961121942,0.00200058101292377,0.00529159032855578,-3.0930160284454e-06,-0.000366158635599903,0.00547750014744332,-0.00257346414840824,0.00291967622968411,0.00469545086652692,-0.00482320878960018,0.00229112002532106,-0.00164983026318625,-0.00383033739120599,0.00703797939186242,0.0219019561816986,-0.00358000391528118,-0.00841582136834465
0.0125735460931569,-0.0113622930175533,-0.00363600511565262,-0.0108742290067029,-0.0064655960689339,0.00477468518920152,0.000194309852479458,0.0107043548300502,-0.0253560005373649,0.00595047379221921,0.00225599104403502,-0.00160935991805686,0.00814190836895297,-0.0535017891085946,0.00735257070200478,-0.000605430747621338,-0.00981837471113151,0.00574869981128326,-0.00653220321983325,0.00613018074664398,0.00967131201615982,-0.00358000391528118,0.156403067064269,-0.118140508197794
0.00209358576905041,-0.00905333688475983,0.00114528226616009,-0.0158872517184701,0.0164370394439297,0.00522213294746651,-0.00926476638092432,-0.0152632412659568,-0.000820037831998563,-0.0236600796671837,-0.00153429695521142,0.00132764013689908,0.00320003722607162,-0.0239022019347326,-0.000401513858412402,0.000163192113183837,0.00377122337136022,-0.0141856174096522,0.00284032314572818,0.00922875464612248,-0.000863015121477929,-0.00841582136834465,-0.118140508197794,0.229282563407985
