0.039401296516144,0.00621501570096936,0.0063181363316683,-0.0133304785411745,-0.00349918935279619,-0.000846886427070337,0.00186810098936061,0.0256281403704049
0.00621501570096936,0.0197990778383549,-0.001013374058701,-0.00586543034369427,0.00845489168530476,0.00248861912058986,0.00572960981550131,-0.00737207737928786
0.0063181363316683,-0.001013374058701,0.0207090191142115,0.010247947442772,-0.00105492242744016,-0.00329123628510108,0.00310175766009343,0.00425918989853468
-0.0133304785411745,-0.00586543034369427,0.010247947442772,0.0258676747347844,0.00268075695324722,0.00937019976801664,0.00313310879418968,-0.0162322470182952
-0.00349918935279619,0.00845489168530476,-0.00105492242744016,0.00268075695324722,0.0208885065892895,-0.000354831957667102,0.0174930837212955,-0.0075701541254016
-0.000846886427070337,0.00248861912058986,-0.00329123628510108,0.00937019976801664,-0.000354831957667103,0.0156446488841303,-0.000565943344978731,-0.00825612064760693
0.00186810098936061,0.00572960981550132,0.00310175766009343,0.00313310879418968,0.0174930837212955,-0.000565943344978731,0.0165839300710546,-0.00148449210486151
0.0256281403704049,-0.00737207737928786,0.00425918989853468,-0.0162322470182952,-0.0075701541254016,-0.00825612064760693,-0.00148449210486151,0.0324639130913562
