0.198982640070721,0.000918269456774163,0.0208115350429734,-0.00729303660361542,0.0250373218974149,-0.000761421495580956,0.00747809623498,-0.0261023350223227,-0.0328072908866052,0.019904414580796,0.0483491963927267,0.0197999718399265,-0.0245012678807219,0.0228032395740076,-0.00162763141559222,-0.0705285034219259,-0.00744730388582301,-0.0213209915014995,-0.019180778720911,-0.0511696425647295,0.0793836395104771,-0.012866317229342,-0.0246566831793084,0.0675905641068455
0.000918269456774164,0.0310484262173873,-0.000187832567170732,0.0200078047656092,-0.0203155963566268,-0.00782192096725187,-0.00826243180587226,0.00289339763487157,0.00757943813779251,-0.00130208572579076,-0.00183666146999196,0.00320447665390548,-0.00651513552005221,0.0150374010239165,0.00425915717160519,-0.0206575631072509,0.00132045960539193,0.00341333395360297,0.000735200367772211,-0.0129377677068809,-0.00357347173241081,-0.00011323559881176,-0.0140716456519551,0.0264697531828584
0.0208115350429734,-0.000187832567170732,0.0646532457442153,-0.00373124096752252,0.0258601285768176,0.0147220289493947,0.00991649096033039,-0.00649552080527081,0.00138302423429456,0.0164051384711559,0.0178552591776182,0.0152474763308559,-0.0114143673539038,0.015858916294207,0.00417153244708967,0.0115308635146883,0.0169357159917166,0.0091568308197644,-0.00143215444666852,-0.0247168014085359,-0.00234291165257933,-0.00158361149681834,0.00653967390889605,-0.0263436048174135
-0.00729303660361541,0.0200078047656092,-0.00373124096752252,0.0242902184163611,-0.00965401960658703,0.00318003579922048,-0.00722175210618642,-0.000450288347337335,0.0169681692604822,-0.00155898982708593,-0.0036276168714052,0.00507093325026677,-0.00654187098968478,0.0199979428233288,-0.0101227381183891,-0.0109781817930903,0.00736544519886908,-0.0128143989292841,0.0074227467091231,0.000576848775493804,-0.0173234427916162,0.000469886689962537,-0.022302158791982,0.0137793282371085
0.0250373218974149,-0.0203155963566268,0.0258601285768176,-0.00965401960658703,0.177742215829137,0.0272341488387455,0.0170058579210741,-0.00298830446018827,0.00264948477672212,0.0100013205703942,0.0339422480163276,0.0112209503244575,-0.00920865750973852,-0.0189542764354107,-0.00441119610181692,-0.00941251883428134,0.0294543108255197,0.0277148021719967,-0.006751216185896,0.00803461631195285,0.0205460963116552,-0.00572860301179938,-0.0226733696396527,-0.0036814126430957
-0.000761421495580956,-0.00782192096725186,0.0147220289493947,0.00318003579922048,0.0272341488387455,0.0908923916948671,0.00450674508559985,0.0413482879249332,0.00682936916055093,0.00903049826314943,-0.0198290658429474,0.0156863354665839,0.0175171639276203,0.0535549959904349,-0.0189450273128611,-0.0445812046156958,-0.00636988913962179,0.00414898346737195,0.00557323702238396,-0.0140347036479439,0.010857771175644,-0.000587277786177411,-0.00121204645648967,-0.0144677895905513
0.00747809623498,-0.00826243180587226,0.00991649096033039,-0.00722175210618642,0.0170058579210741,0.00450674508559985,0.0520584474713842,-0.0224696138763182,0.0010247187912247,-0.005191842990911,-0.0279400592281153,0.0103219400978123,0.0205208243710228,0.0233004066878261,0.00758338710093302,0.0141506371565207,0.0233315660903616,0.00195744319614381,0.00992700138704812,-0.0162663015263421,0.0263515150909633,0.00254144692634364,-0.0059370663380578,-0.00143207095019516
-0.0261023350223227,0.00289339763487157,-0.00649552080527081,-0.000450288347337336,-0.00298830446018827,0.0413482879249332,-0.0224696138763182,0.129489401052643,0.0207139024889312,0.00944428162333071,-8.68092598844761e-05,0.00795328629053424,-0.00556361228391805,0.0405093802161223,-0.0193550245493331,-0.0167812183621228,-0.00641133106118802,0.018451119272918,-0.0161623545490095,0.0302538350218095,-0.0546339861130155,-0.0023981548386981,-0.0112761791148706,0.0202427086624285
-0.0328072908866052,0.00757943813779251,0.00138302423429456,0.0169681692604822,0.00264948477672212,0.00682936916055093,0.0010247187912247,0.0207139024889312,0.125903605544902,-0.0185033812495906,-0.0498266947018089,0.0113775878278081,0.00912993157091837,0.0358777368812632,-0.0256119556413514,0.0429116819843517,0.0200503746075925,0.00370161705882237,0.00938047194085857,-0.00302769219073841,-0.0605049242634086,0.00515263469467169,-0.0356962250690677,-0.00407053954561194
0.019904414580796,-0.00130208572579076,0.0164051384711559,-0.00155898982708593,0.0100013205703942,0.00903049826314943,-0.005191842990911,0.00944428162333071,-0.0185033812495906,0.0469116024819188,-0.0231048996213497,0.00942678158916298,0.013437270091038,0.00202414626578077,-0.00602155711569408,0.0156319220586721,-0.00555345182502582,-0.00583091288503951,-0.00355952641848014,-0.0214005654174165,0.0113283543937889,0.000531676548524068,0.0224205753307848,-0.0447751485913664
0.0483491963927267,-0.00183666146999196,0.0178552591776182,-0.0036276168714052,0.0339422480163276,-0.0198290658429474,-0.0279400592281153,-8.68092598844761e-05,-0.0498266947018089,-0.0231048996213497,0.179779026167216,-0.0217271388290661,-0.0814769551618853,-0.0300439465801439,0.00388865954173492,-0.0305739278936657,-0.00785899024472088,-0.00676330623839641,-0.0261320413961645,-0.00775303975504321,0.0401879166036602,-0.0230544834202697,-0.0353171586390749,0.0803103113615351
0.0197999718399265,0.00320447665390548,0.0152474763308559,0.00507093325026677,0.0112209503244575,0.0156863354665839,0.0103219400978123,0.00795328629053424,0.0113775878278081,0.00942678158916298,-0.0217271388290661,0.0404238161179542,0.012279509230483,0.0149997736436608,-0.000118729894750311,0.0118795695539849,-0.00748833384157927,0.00322421040338088,0.00115720748484347,0.00343066475862565,-0.00711550282651022,-0.00102923842711179,-0.00235279532850339,0.0142551966980527
-0.0245012678807219,-0.00651513552005222,-0.0114143673539038,-0.00654187098968478,-0.00920865750973851,0.0175171639276203,0.0205208243710228,-0.00556361228391805,0.00912993157091837,0.013437270091038,-0.0814769551618853,0.012279509230483,0.137227872399293,0.00445746280249798,0.0151113900848396,0.00937663111155231,0.0116904494255314,0.0217499282649244,-0.0137825471244662,-0.0174614829815842,-0.0207384405761734,-0.00561127995654863,0.0139237457569854,-0.0318524837662487
0.0228032395740076,0.0150374010239165,0.015858916294207,0.0199979428233288,-0.0189542764354107,0.0535549959904349,0.0233004066878261,0.0405093802161223,0.0358777368812632,0.00202414626578077,-0.0300439465801439,0.0149997736436608,0.00445746280249798,0.248592184031503,-0.011947593998598,0.024881508848117,0.00417624007353338,0.00862011394338956,-0.00817186515318867,-0.0392063811407765,-0.01731325882602,0.00363292764465595,-0.01069131843825,-0.00510147677145208
-0.00162763141559222,0.00425915717160519,0.00417153244708967,-0.0101227381183891,-0.00441119610181692,-0.0189450273128611,0.00758338710093302,-0.0193550245493331,-0.0256119556413514,-0.00602155711569408,0.00388865954173492,-0.000118729894750311,0.0151113900848396,-0.011947593998598,0.0450447020001498,0.00306789305351004,-0.00212397784834284,0.00982040097763551,0.0121425242465125,-0.00271860623616508,0.00414718419927641,0.00155634965012619,0.0266051496546041,0.00714705337388923
-0.0705285034219259,-0.0206575631072509,0.0115308635146883,-0.0109781817930903,-0.00941251883428134,-0.0445812046156958,0.0141506371565207,-0.0167812183621228,0.0429116819843517,0.0156319220586721,-0.0305739278936657,0.0118795695539849,0.00937663111155231,0.024881508848117,0.00306789305351004,0.193919244074916,-0.0322964758181593,-0.00985830743071605,-0.0014208786219847,0.00706422251190515,-0.0617035841793048,0.00505326002997788,0.00638301637649086,-0.0337129775715997
-0.00744730388582301,0.00132045960539193,0.0169357159917166,0.00736544519886908,0.0294543108255197,-0.00636988913962179,0.0233315660903616,-0.00641133106118802,0.0200503746075925,-0.00555345182502582,-0.00785899024472088,-0.00748833384157927,0.0116904494255314,0.00417624007353338,-0.00212397784834284,-0.0322964758181593,0.0879410540336193,0.0125122206095613,0.00910428894842727,0.0218591785159958,-0.0215758994867461,0.00296307257700278,-0.00791308626021688,-0.0423580053839399
-0.0213209915014995,0.00341333395360297,0.0091568308197644,-0.0128143989292841,0.0277148021719967,0.00414898346737195,0.00195744319614381,0.018451119272918,0.00370161705882237,-0.00583091288503951,-0.00676330623839641,0.00322421040338088,0.0217499282649244,0.00862011394338956,0.00982040097763551,-0.00985830743071605,0.0125122206095613,0.101161403690932,-0.0474754692422189,0.00976074524895443,0.00906971247590199,-0.00296820359997809,-0.00138961200643197,-0.00776768905546268
-0.019180778720911,0.000735200367772211,-0.00143215444666852,0.0074227467091231,-0.006751216185896,0.00557323702238396,0.00992700138704811,-0.0161623545490095,0.00938047194085857,-0.00355952641848014,-0.0261320413961645,0.00115720748484347,-0.0137825471244662,-0.00817186515318867,0.0121425242465125,-0.0014208786219847,0.00910428894842727,-0.0474754692422189,0.0537477429037125,0.00165134566384672,-0.00693412893855247,0.011832470906304,0.0195436594385351,-0.0200467995235429
-0.0511696425647295,-0.0129377677068809,-0.0247168014085359,0.000576848775493804,0.00803461631195285,-0.0140347036479439,-0.0162663015263421,0.0302538350218095,-0.00302769219073841,-0.0214005654174165,-0.00775303975504321,0.00343066475862565,-0.0174614829815842,-0.0392063811407765,-0.00271860623616508,0.00706422251190515,0.0218591785159958,0.00976074524895443,0.00165134566384672,0.142707053203205,-0.114796773441307,0.00869414451484205,0.00317987101439099,-0.00490181171590512
0.0793836395104771,-0.00357347173241081,-0.00234291165257933,-0.0173234427916162,0.0205460963116552,0.010857771175644,0.0263515150909633,-0.0546339861130155,-0.0605049242634086,0.0113283543937889,0.0401879166036602,-0.00711550282651022,-0.0207384405761734,-0.01731325882602,0.00414718419927641,-0.0617035841793048,-0.0215758994867461,0.00906971247590199,-0.00693412893855247,-0.114796773441307,0.202417235678374,-0.00881673742383262,0.00993013535573864,0.018901930293496
-0.012866317229342,-0.00011323559881176,-0.00158361149681834,0.000469886689962537,-0.00572860301179938,-0.00058727778617741,0.00254144692634364,-0.0023981548386981,0.00515263469467169,0.000531676548524068,-0.0230544834202697,-0.00102923842711179,-0.00561127995654863,0.00363292764465595,0.00155634965012619,0.00505326002997788,0.00296307257700278,-0.00296820359997809,0.011832470906304,0.00869414451484205,-0.00881673742383262,0.00701911489658501,0.0110029646132799,-0.0183176854168137
-0.0246566831793084,-0.0140716456519551,0.00653967390889605,-0.022302158791982,-0.0226733696396527,-0.00121204645648967,-0.0059370663380578,-0.0112761791148706,-0.0356962250690677,0.0224205753307848,-0.0353171586390749,-0.00235279532850339,0.0139237457569854,-0.01069131843825,0.0266051496546041,0.00638301637649086,-0.00791308626021688,-0.00138961200643197,0.0195436594385351,0.00317987101439099,0.00993013535573864,0.0110029646132799,0.185762758276379,-0.171366986642236
0.0675905641068455,0.0264697531828584,-0.0263436048174135,0.0137793282371085,-0.0036814126430957,-0.0144677895905513,-0.00143207095019516,0.0202427086624285,-0.00407053954561194,-0.0447751485913664,0.0803103113615351,0.0142551966980527,-0.0318524837662487,-0.00510147677145208,0.00714705337388923,-0.0337129775715997,-0.0423580053839399,-0.00776768905546268,-0.0200467995235429,-0.00490181171590511,0.018901930293496,-0.0183176854168137,-0.171366986642236,0.26182875794052
