0.169200615888504,-0.00694077021039715,0.0355355197484205,-0.00596198415792743,0.0494375925235075,0.0182529388602653,0.019275380989365,-0.011498202725031,-0.000741504234928329,0.000617215999574564,-0.0130284956990928,0.0160002699681735,0.00682777918192692,0.00395232480488456,0.013542953025252,-0.012885106731764,0.00780619835154468,0.0162053780090788,-0.00578752872476118,-0.0105294737592367,0.00895297446911344,-0.00617226344658551,-0.0222217757178905,0.00348439393186396
-0.00694077021039715,0.0354307759721476,-0.00280557098687031,0.0204932373637876,-0.00662122119102664,-0.00802142092556781,-0.00414248663071986,0.00249798566876774,0.0280567743531306,-0.000847187100341825,-0.00437820705112211,-0.00374900199012422,-0.000908357754808881,0.0118571297240372,-0.00519102208480828,-0.00385774486476751,0.0054777421742883,0.00691672335713054,0.00378665870860791,-0.00210163908742123,-0.0146851095794747,-0.00586407487665627,-0.010687475866285,-0.00135736693611784
0.0355355197484205,-0.00280557098687031,0.0751199026209578,-0.0016422544954735,0.014610683263682,0.0288495965925091,0.00198223822506197,0.0101389462627523,-0.000616234658618503,0.0158977844095407,0.0209756416241502,0.0166407445836053,0.00347032001145153,0.0254676442948865,-0.00138431952172194,-0.00328200594221757,0.0132858865025632,-0.000535855304832145,-0.00166382397495833,0.00379760464198915,0.00782759914362308,-0.00459736787897575,-0.0222464370287112,0.0151750999449866
-0.00596198415792744,0.0204932373637876,-0.0016422544954735,0.0278362605552815,-0.00788188511474349,-0.00457548936274478,-0.00622216515025153,-0.000748513141292534,0.0201752729219851,-0.00225992076693711,0.00241508587342799,0.000797261003073003,0.00212911254186116,0.0155396868971957,-0.00251251819983983,0.00257299582565283,0.0124705391744154,-0.00548724305051537,0.00865944560835764,-0.00298480044501889,-0.0170124319731715,-0.00359584974358109,-0.00565805928681351,-0.00858156799958904
0.0494375925235075,-0.00662122119102664,0.014610683263682,-0.00788188511474349,0.154621510730011,0.0364505701302293,0.0100010611958955,0.0186030910899593,0.00426977411788558,0.0109975540971187,0.00304997889607931,0.000134942578996412,0.0083718441919087,-0.0251148988912291,0.0168715629472727,-0.0127015327607104,0.0131714818504083,-0.00238789206712047,-0.00222596224195365,-0.0124795625887719,-0.000595333804368994,-0.00282778809366849,0.00425529070873161,0.0157040957538373
0.0182529388602653,-0.00802142092556782,0.0288495965925091,-0.00457548936274478,0.0364505701302293,0.0891563674991602,0.0213528228741089,0.0328180823309349,0.00593077381139406,0.0109780676666392,0.00648814883618075,0.00726190687057849,-0.00768806154843016,0.0253217438480686,0.0019786857818435,0.0133974690802636,0.000522388781337008,-0.000175470925000977,-0.00361320967133519,-0.0144634083943932,0.013053839236455,-0.00360623876565091,0.00146905213178567,0.0344230037530436
0.019275380989365,-0.00414248663071986,0.00198223822506197,-0.00622216515025153,0.0100010611958955,0.0213528228741089,0.0608730434558532,0.00221281430766123,-0.0238458276791092,0.0100535451592762,0.00730223384947765,-0.00125419641553157,-0.0095788419438526,0.00418944722024068,-0.00182008975949772,-0.0111900673799568,-0.00730118794541571,-0.0101067540644367,0.00487580516036855,-0.0134282916996143,0.00843201733810911,-0.0037857879146626,0.005912424136323,0.00534674768153771
-0.011498202725031,0.00249798566876774,0.0101389462627523,-0.000748513141292534,0.0186030910899593,0.0328180823309349,0.00221281430766123,0.154947875883787,0.0107243848714278,0.0285100775238597,-0.0080473418972454,0.000119071170290518,-0.0102551889100512,0.0482395462430727,-0.0126663067288129,0.0260823837659752,-0.00598059754854888,0.0140753767261866,-0.0124488964390854,0.0343451292877753,-0.0495309584424281,-0.00593018117862586,0.0284537658817264,-0.0227702443063198
-0.000741504234928329,0.0280567743531306,-0.000616234658618503,0.0201752729219851,0.00426977411788559,0.00593077381139406,-0.0238458276791092,0.0107243848714278,0.116486085797249,-0.00751626183929993,-0.0195554309205238,-0.00214345254042204,0.00630841605455164,0.0250866499087335,0.00782538399627967,0.0328362558038552,0.014096810419262,0.0106225295807365,-0.00106377611265281,-0.0162368800791271,-0.0345591481402644,-0.00947425191663655,-0.0227637511930983,0.00590976575322636
0.000617215999574564,-0.000847187100341825,0.0158977844095407,-0.00225992076693711,0.0109975540971187,0.0109780676666392,0.0100535451592762,0.0285100775238597,-0.00751626183929993,0.0421126712368754,-0.0123092048374883,0.00798572593856006,0.00526885000551986,0.0135463258689469,-0.00768763678793828,0.00499413549286194,-0.00331535268898162,-0.00150519655441511,0.00133803630796069,-0.0151347560465081,0.00353768385008126,0.00358052842566267,0.00602310305743262,-0.0180422826602293
-0.0130284956990928,-0.00437820705112211,0.0209756416241502,0.00241508587342799,0.00304997889607931,0.00648814883618075,0.00730223384947765,-0.0080473418972454,-0.0195554309205238,-0.0123092048374883,0.117362397563269,-0.00339543036639073,0.00387498568325116,0.0409704123622723,0.00726777221195936,-0.000733518498838574,-0.00281015315835392,-0.00293265229623514,0.00318988674974628,0.0125775692819923,-0.0274422498437393,0.00072231711095117,0.0047080977454068,0.00823876560670123
0.0160002699681735,-0.00374900199012422,0.0166407445836053,0.000797261003073003,0.000134942578996412,0.00726190687057849,-0.00125419641553157,0.000119071170290518,-0.00214345254042204,0.00798572593856007,-0.00339543036639073,0.0376190928871167,0.011862595888416,0.00986420774747624,-0.00560073625456692,-0.00835919390210947,-0.0148456401079799,-0.000556780242307205,0.00265136280460358,-0.0101744557723051,0.019718745150582,-0.000496813254233654,-0.00796855179180779,0.00990907526791566
0.00682777918192692,-0.000908357754808881,0.00347032001145153,0.00212911254186116,0.0083718441919087,-0.00768806154843016,-0.0095788419438526,-0.0102551889100512,0.00630841605455164,0.00526885000551986,0.00387498568325116,0.011862595888416,0.127755681342013,0.00712414165513392,0.00300560421637864,0.0534536014738157,0.0003659955661784,-0.00282312060887025,0.00248122425103138,-0.0245016400757383,-0.00670406508107591,-0.0105010189705939,0.00951604076993393,0.011856406678841
0.00395232480488456,0.0118571297240372,0.0254676442948865,0.0155396868971957,-0.0251148988912291,0.0253217438480686,0.00418944722024068,0.0482395462430727,0.0250866499087335,0.0135463258689469,0.0409704123622723,0.00986420774747624,0.00712414165513392,0.246965274451052,-0.0163349855428129,0.0171016888521585,-0.015806753659157,0.0165383350281787,-0.0172901844115364,0.0164699887169785,-0.0310007199027916,-0.00849066077532537,-0.0129077450905866,-0.0403329463266271
0.013542953025252,-0.00519102208480828,-0.00138431952172194,-0.00251251819983983,0.0168715629472727,0.0019786857818435,-0.00182008975949772,-0.0126663067288129,0.00782538399627967,-0.00768763678793828,0.00726777221195936,-0.00560073625456692,0.00300560421637864,-0.0163349855428129,0.0313017997520176,0.00586288458236722,-0.00315409542795908,-0.00795195503123171,0.00388595181982867,-0.00757854498539368,0.012787560386559,0.00547233519468942,-0.0128517036062247,0.00277939340134862
-0.012885106731764,-0.00385774486476751,-0.00328200594221757,0.00257299582565283,-0.0127015327607104,0.0133974690802636,-0.0111900673799568,0.0260823837659752,0.0328362558038552,0.00499413549286194,-0.000733518498838574,-0.00835919390210947,0.0534536014738157,0.0171016888521585,0.00586288458236722,0.169375378968027,-0.0187216088263711,0.00153959725589769,0.00861399872542058,0.00353611703106985,-0.020473217244243,0.0095967161204395,-0.016200792519735,-0.0298895770773662
0.00780619835154468,0.0054777421742883,0.0132858865025632,0.0124705391744154,0.0131714818504083,0.000522388781337008,-0.00730118794541571,-0.00598059754854888,0.014096810419262,-0.00331535268898162,-0.00281015315835392,-0.0148456401079799,0.0003659955661784,-0.015806753659157,-0.00315409542795908,-0.0187216088263711,0.0900327485769466,-0.00108812650307524,0.000203898931521404,0.00800729227470293,-0.0278111468869106,-0.00298097583536139,0.000895589447086029,0.0100314940753523
0.0162053780090788,0.00691672335713054,-0.000535855304832145,-0.00548724305051537,-0.00238789206712047,-0.000175470925000977,-0.0101067540644367,0.0140753767261866,0.0106225295807365,-0.00150519655441511,-0.00293265229623514,-0.000556780242307205,-0.00282312060887025,0.0165383350281787,-0.00795195503123171,0.00153959725589769,-0.00108812650307524,0.0746242944747931,-0.0500527919734564,-0.00561824019828837,0.000537299034692266,0.00330773914715156,-0.0139167761592788,-0.00577612655907825
-0.00578752872476118,0.00378665870860791,-0.00166382397495833,0.00865944560835764,-0.00222596224195365,-0.00361320967133519,0.00487580516036855,-0.0124488964390854,-0.00106377611265281,0.00133803630796069,0.00318988674974628,0.00265136280460358,0.00248122425103138,-0.0172901844115364,0.00388595181982867,0.00861399872542058,0.000203898931521404,-0.0500527919734563,0.0507597599605002,0.00927689507250985,-0.00879644033425326,-0.00268630482728388,-0.00744562366881538,-0.00433095603246483
-0.0105294737592367,-0.00210163908742123,0.00379760464198915,-0.00298480044501889,-0.0124795625887719,-0.0144634083943932,-0.0134282916996143,0.0343451292877753,-0.0162368800791271,-0.0151347560465081,0.0125775692819923,-0.0101744557723051,-0.0245016400757383,0.0164699887169785,-0.00757854498539368,0.00353611703106985,0.00800729227470293,-0.00561824019828837,0.00927689507250985,0.145151480357056,-0.134228247161349,-0.00123128350173778,0.0229102560716243,-0.0291214306388408
0.00895297446911344,-0.0146851095794747,0.00782759914362308,-0.0170124319731715,-0.000595333804368994,0.013053839236455,0.00843201733810911,-0.0495309584424281,-0.0345591481402644,0.00353768385008126,-0.0274422498437393,0.019718745150582,-0.00670406508107591,-0.0310007199027916,0.012787560386559,-0.020473217244243,-0.0278111468869106,0.000537299034692266,-0.00879644033425326,-0.134228247161349,0.208938758380875,0.00659737774564629,-0.0268493841160321,0.0171645655973071
-0.00617226344658551,-0.00586407487665627,-0.00459736787897575,-0.00359584974358109,-0.00282778809366849,-0.00360623876565091,-0.0037857879146626,-0.00593018117862586,-0.00947425191663656,0.00358052842566267,0.00072231711095117,-0.000496813254233654,-0.0105010189705939,-0.00849066077532537,0.00547233519468942,0.0095967161204395,-0.00298097583536139,0.00330773914715156,-0.00268630482728388,-0.00123128350173778,0.00659737774564629,0.024871733102698,-0.020188511864422,-0.0239596305429081
-0.0222217757178905,-0.010687475866285,-0.0222464370287112,-0.00565805928681352,0.00425529070873161,0.00146905213178567,0.005912424136323,0.0284537658817264,-0.0227637511930983,0.00602310305743262,0.0047080977454068,-0.00796855179180779,0.00951604076993393,-0.0129077450905866,-0.0128517036062247,-0.016200792519735,0.000895589447086029,-0.0139167761592788,-0.00744562366881538,0.0229102560716243,-0.0268493841160321,-0.020188511864422,0.159226686776316,-0.0848034269937803
0.00348439393186396,-0.00135736693611784,0.0151750999449866,-0.00858156799958904,0.0157040957538373,0.0344230037530436,0.00534674768153771,-0.0227702443063198,0.00590976575322636,-0.0180422826602293,0.00823876560670123,0.00990907526791566,0.011856406678841,-0.0403329463266271,0.00277939340134862,-0.0298895770773662,0.0100314940753523,-0.00577612655907825,-0.00433095603246483,-0.0291214306388408,0.0171645655973071,-0.0239596305429081,-0.0848034269937803,0.241708451158012
