2832.94818194764,-367.888991482545,0,0,0,0,0,0,0,397.828516715011,0,0,0,-479.685891299673,0,0,-1052.9483727456,1931.72546868118,0,-175.140933545548,0,1332.74286587013,1673.38636826794,0,0,0,0,0,-157.024691526538,558.094263375755,0,-294.481790087531,-1133.65530195875,585.178716788261,160.442444942469,0,0,0,0,211.071337703095,0,115.895800385029,0,-280.016337275266,0,800.518967916992,247.108302283006,-578.890221061798,0,222.837923362744,-669.441210246591,-377.809295562153,0,0,0,0,-595.589239158425,0,-158.660294880984,0
-367.888991482545,2739.09290548416,0,0,0,0,0,0,0,681.094506895212,0,0,0,53.6013321914793,0,0,1664.55432098659,-379.376810827242,0,786.072758292481,0,418.597745548391,61.3863676543683,0,0,0,0,0,-94.4812521577352,-538.653330595115,0,1016.09274803548,330.189179728734,-236.823189190484,479.343980187454,0,0,0,0,-176.162713018413,0,-144.356710627547,0,-324.258757410633,0,-763.423016348527,357.149819436884,-466.388332982542,0,567.390854735794,35.4359673976821,540.604254572406,0,0,0,0,-132.545947407554,0,-41.846048242764,0
0,0,0.0107082198104875,0,0,0,0,0,0,0,0,0,0,0,0,0,0,0,0,0,0,0,0,0,0,0,0,0,0,0,0,0,0,0,0,0,0,0,0,0,0,0,0,0,0,0,0,0,0,0,0,0,0,0,0,0,0,0,0,0
0,0,0,0.00835392718699432,0,0,0,0,0,0,0,0,0,0,0,0,0,0,0,0,0,0,0,0,0,0,0,0,0,0,0,0,0,0,0,0,0,0,0,0,0,0,0,0,0,0,0,0,0,0,0,0,0,0,0,0,0,0,0,0
0,0,0,0,0.0130293426226262,0,0,0,0,0,0,0,0,0,0,0,0,0,0,0,0,0,0,0,0,0,0,0,0,0,0,0,0,0,0,0,0,0,0,0,0,0,0,0,0,0,0,0,0,0,0,0,0,0,0,0,0,0,0,0
0,0,0,0,0,0.024812191379683,0,0,0,0,0,0,0,0,0,0,0,0,0,0,0,0,0,0,0,0,0,0,0,0,0,0,0,0,0,0,0,0,0,0,0,0,0,0,0,0,0,0,0,0,0,0,0,0,0,0,0,0,0,0
0,0,0,0,0,0,0.0233929645480114,0,0,0,0,0,0,0,0,0,0,0,0,0,0,0,0,0,0,0,0,0,0,0,0,0,0,0,0,0,0,0,0,0,0,0,0,0,0,0,0,0,0,0,0,0,0,0,0,0,0,0,0,0
0,0,0,0,0,0,0,0.04206127276379,0,0,0,0,0,0,0,0,0,0,0,0,0,0,0,0,0,0,0,0,0,0,0,0,0,0,0,0,0,0,0,0,0,0,0,0,0,0,0,0,0,0,0,0,0,0,0,0,0,0,0,0
0,0,0,0,0,0,0,0,0.0279968780694944,0,0,0,0,0,0,0,0,0,0,0,0,0,0,0,0,0,0,0,0,0,0,0,0,0,0,0,0,0,0,0,0,0,0,0,0,0,0,0,0,0,0,0,0,0,0,0,0,0,0,0
397.828516715011,681.094506895212,0,0,0,0,0,0,0,6938.51980507437,0,0,0,-370.166145899691,0,0,393.356229003375,-1751.4281858672,0,1696.05058382351,0,870.806883022692,-1378.1765300016,0,0,0,0,0,-1549.93550427226,1305.71462876521,0,-374.327906442967,-977.377431681715,-705.135133556389,-538.546097682391,0,0,0,0,548.726195453608,0,982.628461743086,0,5.19255797982667,0,263.240585346877,1075.35538272682,-590.604757742809,0,-492.209194498711,389.959675605717,-236.052668173424,0,0,0,0,-66.5261993725311,0,406.253286314165,0
0,0,0,0,0,0,0,0,0,0,0.0418715222980025,0,0,0,0,0,0,0,0,0,0,0,0,0,0,0,0,0,0,0,0,0,0,0,0,0,0,0,0,0,0,0,0,0,0,0,0,0,0,0,0,0,0,0,0,0,0,0,0,0
0,0,0,0,0,0,0,0,0,0,0,0.0260790154092602,0,0,0,0,0,0,0,0,0,0,0,0,0,0,0,0,0,0,0,0,0,0,0,0,0,0,0,0,0,0,0,0,0,0,0,0,0,0,0,0,0,0,0,0,0,0,0,0
0,0,0,0,0,0,0,0,0,0,0,0,0.0453663498958835,0,0,0,0,0,0,0,0,0,0,0,0,0,0,0,0,0,0,0,0,0,0,0,0,0,0,0,0,0,0,0,0,0,0,0,0,0,0,0,0,0,0,0,0,0,0,0
-479.685891299673,53.6013321914793,0,0,0,0,0,0,0,-370.166145899691,0,0,0,6409.15921050184,0,0,842.176322764693,41.6591489305632,0,2353.69852644094,0,-596.512245280222,1014.33491405093,0,0,0,0,0,1200.69346864129,370.064523301381,0,-2399.6021339568,-84.280470878913,-953.592867468333,680.836189965906,0,0,0,0,1360.57379509096,0,-1388.19278420067,0,1034.18392090231,0,-909.004699087219,61.8033822143375,748.250539476032,0,336.446161574379,472.23640750816,321.337729190073,0,0,0,0,-69.1907275692351,0,-239.359207900581,0
0,0,0,0,0,0,0,0,0,0,0,0,0,0,0.0351055997019615,0,0,0,0,0,0,0,0,0,0,0,0,0,0,0,0,0,0,0,0,0,0,0,0,0,0,0,0,0,0,0,0,0,0,0,0,0,0,0,0,0,0,0,0,0
0,0,0,0,0,0,0,0,0,0,0,0,0,0,0,0.0511996817727055,0,0,0,0,0,0,0,0,0,0,0,0,0,0,0,0,0,0,0,0,0,0,0,0,0,0,0,0,0,0,0,0,0,0,0,0,0,0,0,0,0,0,0,0
-1052.9483727456,1664.55432098659,0,0,0,0,0,0,0,393.356229003376,0,0,0,842.176322764693,0,0,15780.9764417813,2411.32757498425,0,569.687103912685,0,628.935634501328,1410.42240931368,0,0,0,0,0,1726.17406748799,-2369.86579170858,0,1391.55174838708,481.101254857785,1996.19082862883,-466.799992818201,0,0,0,0,-117.727746568746,0,1323.45253472723,0,-586.281457487305,0,-153.602932085203,1092.68850049341,-781.962132099746,0,1567.02484258348,-86.8552286267125,1147.13159475397,0,0,0,0,-1826.18697940018,0,-771.958492024969,0
1931.72546868118,-379.376810827241,0,0,0,0,0,0,0,-1751.4281858672,0,0,0,41.6591489305632,0,0,2411.32757498425,15012.277786118,0,1358.00213322534,0,-413.254998748208,5293.54915374002,0,0,0,0,0,-510.685924636164,968.265343960922,0,1514.29645519033,-1033.72402345597,-1687.72513675695,-1046.2114788788,0,0,0,0,1397.4505551827,0,-87.7377435238755,0,813.633376358447,0,3571.98415603458,-650.9201550467,-949.028923331708,0,179.42884652073,-1287.98101884844,59.721357256659,0,0,0,0,-1177.73610607565,0,224.277884500681,0
0,0,0,0,0,0,0,0,0,0,0,0,0,0,0,0,0,0,0.0760148708788981,0,0,0,0,0,0,0,0,0,0,0,0,0,0,0,0,0,0,0,0,0,0,0,0,0,0,0,0,0,0,0,0,0,0,0,0,0,0,0,0,0
-175.140933545548,786.072758292481,0,0,0,0,0,0,0,1696.05058382351,0,0,0,2353.69852644094,0,0,569.687103912685,1358.00213322534,0,17624.6700365607,0,-1662.29373199172,-1084.79814278801,0,0,0,0,0,-710.068156610377,3871.04222107768,0,765.305763520847,-69.2997809087326,-1306.26296283205,-1234.90373017542,0,0,0,0,179.71854868989,0,43.1731677266866,0,-450.568785349797,0,2227.5806806661,-1005.73883393436,-608.762933492106,0,360.326320137649,-284.572893237649,344.248210625514,0,0,0,0,326.134291184221,0,420.510293269712,0
0,0,0,0,0,0,0,0,0,0,0,0,0,0,0,0,0,0,0,0,0.06925459828225,0,0,0,0,0,0,0,0,0,0,0,0,0,0,0,0,0,0,0,0,0,0,0,0,0,0,0,0,0,0,0,0,0,0,0,0,0,0,0
1332.74286587013,418.597745548391,0,0,0,0,0,0,0,870.806883022692,0,0,0,-596.512245280222,0,0,628.935634501328,-413.254998748208,0,-1662.29373199172,0,18013.5054220144,-2216.76863401722,0,0,0,0,0,-2498.91187844407,1318.14621103548,0,204.959281844704,-1578.83088816791,-1912.59478750557,-875.758346553277,0,0,0,0,-1450.66082734329,0,-512.648106354044,0,-1450.46707905568,0,1135.92501847793,1733.35520691025,2438.8851600424,0,-795.347337733153,-1026.97222645891,-9.4285042488931,0,0,0,0,-104.326091319508,0,656.574848182066,0
1673.38636826794,61.3863676543683,0,0,0,0,0,0,0,-1378.1765300016,0,0,0,1014.33491405093,0,0,1410.42240931368,5293.54915374002,0,-1084.79814278801,0,-2216.76863401722,15822.4361269196,0,0,0,0,0,-558.749464434841,438.041137520954,0,1134.65638155404,-1580.0291493464,-651.087151166346,27.94536914648,0,0,0,0,2310.08884798498,0,753.273537141831,0,2100.64638035898,0,916.354025965034,-291.497036445601,-1076.17337089817,0,2447.5524255289,46.7746703697124,184.007979805389,0,0,0,0,-1410.1978331169,0,-1055.41221967101,0
0,0,0,0,0,0,0,0,0,0,0,0,0,0,0,0,0,0,0,0,0,0,0,0.0652619597790001,0,0,0,0,0,0,0,0,0,0,0,0,0,0,0,0,0,0,0,0,0,0,0,0,0,0,0,0,0,0,0,0,0,0,0,0
0,0,0,0,0,0,0,0,0,0,0,0,0,0,0,0,0,0,0,0,0,0,0,0,0.0580768117203898,0,0,0,0,0,0,0,0,0,0,0,0,0,0,0,0,0,0,0,0,0,0,0,0,0,0,0,0,0,0,0,0,0,0,0
0,0,0,0,0,0,0,0,0,0,0,0,0,0,0,0,0,0,0,0,0,0,0,0,0,0.0591685220468503,0,0,0,0,0,0,0,0,0,0,0,0,0,0,0,0,0,0,0,0,0,0,0,0,0,0,0,0,0,0,0,0,0,0
0,0,0,0,0,0,0,0,0,0,0,0,0,0,0,0,0,0,0,0,0,0,0,0,0,0,0.0588582985262445,0,0,0,0,0,0,0,0,0,0,0,0,0,0,0,0,0,0,0,0,0,0,0,0,0,0,0,0,0,0,0,0,0
0,0,0,0,0,0,0,0,0,0,0,0,0,0,0,0,0,0,0,0,0,0,0,0,0,0,0,0.0500013744228737,0,0,0,0,0,0,0,0,0,0,0,0,0,0,0,0,0,0,0,0,0,0,0,0,0,0,0,0,0,0,0,0
-157.024691526538,-94.4812521577352,0,0,0,0,0,0,0,-1549.93550427226,0,0,0,1200.69346864129,0,0,1726.17406748799,-510.685924636164,0,-710.068156610377,0,-2498.91187844407,-558.749464434841,0,0,0,0,0,14695.9368642167,792.527516803699,0,-2213.83235145595,64.3559765104064,2612.68568361937,3809.68473776278,0,0,0,0,1445.07844432764,0,440.746289992786,0,859.479999799195,0,-1377.64037295595,432.300365025502,-1311.64593635701,0,150.530543960576,-115.487439330167,1748.80636100185,0,0,0,0,-1145.35103511801,0,-1673.71669260966,0
558.094263375755,-538.653330595115,0,0,0,0,0,0,0,1305.71462876521,0,0,0,370.064523301381,0,0,-2369.86579170858,968.265343960922,0,3871.04222107768,0,1318.14621103548,438.041137520954,0,0,0,0,0,792.527516803699,14559.3404023115,0,2602.07229903454,-1393.63674173943,-928.483437353195,-612.115156443115,0,0,0,0,342.276967184104,0,876.424221234597,0,-57.1355669112463,0,-200.329251261246,128.158711600974,-191.43762391763,0,161.041984130325,-501.036530192029,-291.419027663825,0,0,0,0,1138.38747619564,0,130.311961186889,0
0,0,0,0,0,0,0,0,0,0,0,0,0,0,0,0,0,0,0,0,0,0,0,0,0,0,0,0,0,0,0.0554270464351087,0,0,0,0,0,0,0,0,0,0,0,0,0,0,0,0,0,0,0,0,0,0,0,0,0,0,0,0,0
-294.481790087531,1016.09274803548,0,0,0,0,0,0,0,-374.327906442967,0,0,0,-2399.6021339568,0,0,1391.55174838708,1514.29645519033,0,765.305763520847,0,204.959281844704,1134.65638155404,0,0,0,0,0,-2213.83235145595,2602.07229903454,0,14792.3240923093,1621.88999561673,-733.150180736605,-822.402511142646,0,0,0,0,-1101.48116575244,0,815.281209652322,0,-1533.30412887595,0,-1159.26721141848,-1250.92781783337,2082.94404799347,0,989.996609536981,-1558.76919052114,-226.141997011215,0,0,0,0,785.248651682773,0,-114.176305764472,0
-1133.65530195875,330.189179728734,0,0,0,0,0,0,0,-977.377431681715,0,0,0,-84.2804708789129,0,0,481.101254857785,-1033.72402345597,0,-69.2997809087326,0,-1578.8308881679,-1580.0291493464,0,0,0,0,0,64.3559765104064,-1393.63674173943,0,1621.88999561673,10979.6392376295,-805.691113523353,-529.215209868572,0,0,0,0,301.810962631536,0,1172.90276345097,0,-809.393700791838,0,-1278.45909944344,1743.10523379117,895.113608925824,0,1364.94467084109,855.877116295611,331.09549099423,0,0,0,0,1704.42773988083,0,841.692825553461,0
585.178716788261,-236.823189190484,0,0,0,0,0,0,0,-705.135133556389,0,0,0,-953.592867468333,0,0,1996.19082862883,-1687.72513675695,0,-1306.26296283205,0,-1912.59478750557,-651.087151166346,0,0,0,0,0,2612.68568361937,-928.483437353195,0,-733.150180736605,-805.691113523353,13810.5060766314,-282.578520013738,0,0,0,0,-829.83022666847,0,86.5979513885133,0,509.124157768925,0,-299.260559219433,164.532262295668,-284.028218465436,0,1209.145888325,-1679.15633548151,-57.8136710162052,0,0,0,0,-492.751399458942,0,1434.96988829183,0
160.442444942469,479.343980187454,0,0,0,0,0,0,0,-538.546097682391,0,0,0,680.836189965906,0,0,-466.799992818201,-1046.2114788788,0,-1234.90373017542,0,-875.758346553277,27.94536914648,0,0,0,0,0,3809.68473776278,-612.115156443115,0,-822.402511142646,-529.215209868572,-282.578520013738,11863.3898457886,0,0,0,0,2223.44581711048,0,-839.266105936436,0,-782.401452772558,0,-1301.80200679557,2598.90843873533,462.787379677247,0,631.277438350284,192.671903806209,-338.723427157853,0,0,0,0,122.527936502715,0,-1099.98106417309,0
0,0,0,0,0,0,0,0,0,0,0,0,0,0,0,0,0,0,0,0,0,0,0,0,0,0,0,0,0,0,0,0,0,0,0,0.0635438540483332,0,0,0,0,0,0,0,0,0,0,0,0,0,0,0,0,0,0,0,0,0,0,0,0
0,0,0,0,0,0,0,0,0,0,0,0,0,0,0,0,0,0,0,0,0,0,0,0,0,0,0,0,0,0,0,0,0,0,0,0,0.0800896441185099,0,0,0,0,0,0,0,0,0,0,0,0,0,0,0,0,0,0,0,0,0,0,0
0,0,0,0,0,0,0,0,0,0,0,0,0,0,0,0,0,0,0,0,0,0,0,0,0,0,0,0,0,0,0,0,0,0,0,0,0,0.0573987435551368,0,0,0,0,0,0,0,0,0,0,0,0,0,0,0,0,0,0,0,0,0,0
0,0,0,0,0,0,0,0,0,0,0,0,0,0,0,0,0,0,0,0,0,0,0,0,0,0,0,0,0,0,0,0,0,0,0,0,0,0,0.0395147175969221,0,0,0,0,0,0,0,0,0,0,0,0,0,0,0,0,0,0,0,0,0
211.071337703095,-176.162713018413,0,0,0,0,0,0,0,548.726195453608,0,0,0,1360.57379509096,0,0,-117.727746568746,1397.4505551827,0,179.71854868989,0,-1450.66082734329,2310.08884798498,0,0,0,0,0,1445.07844432764,342.276967184104,0,-1101.48116575244,301.810962631536,-829.83022666847,2223.44581711048,0,0,0,0,7960.3222627542,0,66.3936478436294,0,57.9545437849957,0,1190.23869812446,472.137498492418,1144.0796877555,0,564.195848777121,937.22751775872,705.62830979442,0,0,0,0,-374.078353876211,0,464.114464907764,0
0,0,0,0,0,0,0,0,0,0,0,0,0,0,0,0,0,0,0,0,0,0,0,0,0,0,0,0,0,0,0,0,0,0,0,0,0,0,0,0,0.0392889505940379,0,0,0,0,0,0,0,0,0,0,0,0,0,0,0,0,0,0,0
115.895800385029,-144.356710627547,0,0,0,0,0,0,0,982.628461743085,0,0,0,-1388.19278420067,0,0,1323.45253472723,-87.7377435238755,0,43.1731677266866,0,-512.648106354044,753.273537141831,0,0,0,0,0,440.746289992786,876.424221234597,0,815.281209652322,1172.90276345097,86.5979513885132,-839.266105936436,0,0,0,0,66.3936478436294,0,6362.01281442899,0,947.504604586944,0,-419.725754941531,43.2640220429416,1230.98232735961,0,885.237427629667,-949.318198708263,-53.7129636487957,0,0,0,0,-356.442128258527,0,-566.199166221217,0
0,0,0,0,0,0,0,0,0,0,0,0,0,0,0,0,0,0,0,0,0,0,0,0,0,0,0,0,0,0,0,0,0,0,0,0,0,0,0,0,0,0,0.034231264810071,0,0,0,0,0,0,0,0,0,0,0,0,0,0,0,0,0
-280.016337275266,-324.258757410633,0,0,0,0,0,0,0,5.19255797982667,0,0,0,1034.18392090231,0,0,-586.281457487305,813.633376358447,0,-450.568785349797,0,-1450.46707905568,2100.64638035898,0,0,0,0,0,859.479999799195,-57.1355669112463,0,-1533.30412887595,-809.393700791838,509.124157768925,-782.401452772558,0,0,0,0,57.9545437849957,0,947.504604586944,0,5509.86006738042,0,798.886299927502,-254.056279110934,765.008886914659,0,529.998860477054,271.034741556934,157.4104580816,0,0,0,0,-332.583086561069,0,253.955372390979,0
0,0,0,0,0,0,0,0,0,0,0,0,0,0,0,0,0,0,0,0,0,0,0,0,0,0,0,0,0,0,0,0,0,0,0,0,0,0,0,0,0,0,0,0,0.031720885763649,0,0,0,0,0,0,0,0,0,0,0,0,0,0,0
800.518967916992,-763.423016348527,0,0,0,0,0,0,0,263.240585346877,0,0,0,-909.004699087219,0,0,-153.602932085203,3571.98415603458,0,2227.5806806661,0,1135.92501847793,916.354025965034,0,0,0,0,0,-1377.64037295595,-200.329251261246,0,-1159.26721141848,-1278.45909944344,-299.260559219433,-1301.80200679557,0,0,0,0,1190.23869812446,0,-419.725754941531,0,798.886299927502,0,11892.301341612,1833.4171817465,-227.629489970291,0,-220.409057682936,-161.244487364478,-613.19736564028,0,0,0,0,288.220478043325,0,-232.015176759129,0
247.108302283006,357.149819436884,0,0,0,0,0,0,0,1075.35538272682,0,0,0,61.8033822143375,0,0,1092.68850049341,-650.9201550467,0,-1005.73883393436,0,1733.35520691025,-291.497036445601,0,0,0,0,0,432.300365025502,128.158711600974,0,-1250.92781783337,1743.10523379117,164.532262295668,2598.90843873533,0,0,0,0,472.137498492418,0,43.2640220429416,0,-254.056279110934,0,1833.4171817465,6490.40701083089,-281.405210760228,0,516.073170202481,-160.702418864369,-253.520572557423,0,0,0,0,340.963372914165,0,-90.4170898341643,0
-578.890221061798,-466.388332982542,0,0,0,0,0,0,0,-590.604757742809,0,0,0,748.250539476032,0,0,-781.962132099746,-949.028923331708,0,-608.762933492106,0,2438.8851600424,-1076.17337089817,0,0,0,0,0,-1311.64593635701,-191.43762391763,0,2082.94404799347,895.113608925824,-284.028218465436,462.787379677247,0,0,0,0,1144.0796877555,0,1230.98232735961,0,765.008886914659,0,-227.629489970291,-281.405210760228,10848.7317867556,0,1413.42977097105,-477.867616813384,-6.41405888944413,0,0,0,0,276.958801697586,0,872.737847717312,0
0,0,0,0,0,0,0,0,0,0,0,0,0,0,0,0,0,0,0,0,0,0,0,0,0,0,0,0,0,0,0,0,0,0,0,0,0,0,0,0,0,0,0,0,0,0,0,0,0.0139238534868512,0,0,0,0,0,0,0,0,0,0,0
222.837923362744,567.390854735794,0,0,0,0,0,0,0,-492.209194498711,0,0,0,336.446161574379,0,0,1567.02484258348,179.42884652073,0,360.326320137649,0,-795.347337733153,2447.5524255289,0,0,0,0,0,150.530543960576,161.041984130325,0,989.996609536981,1364.94467084109,1209.145888325,631.277438350284,0,0,0,0,564.195848777121,0,885.237427629667,0,529.998860477054,0,-220.409057682936,516.073170202481,1413.42977097105,0,6382.0933041082,-96.4554017475497,935.7012526993,0,0,0,0,335.01357468934,0,144.881057040086,0
-669.441210246591,35.4359673976821,0,0,0,0,0,0,0,389.959675605717,0,0,0,472.23640750816,0,0,-86.8552286267125,-1287.98101884844,0,-284.572893237649,0,-1026.97222645891,46.7746703697124,0,0,0,0,0,-115.487439330167,-501.036530192029,0,-1558.76919052114,855.877116295611,-1679.15633548151,192.671903806209,0,0,0,0,937.22751775872,0,-949.318198708263,0,271.034741556934,0,-161.244487364478,-160.702418864369,-477.867616813384,0,-96.4554017475497,3995.02228562543,677.628191244503,0,0,0,0,608.381414962371,0,105.152914255656,0
-377.809295562153,540.604254572406,0,0,0,0,0,0,0,-236.052668173424,0,0,0,321.337729190073,0,0,1147.13159475397,59.721357256659,0,344.248210625514,0,-9.4285042488931,184.007979805389,0,0,0,0,0,1748.80636100185,-291.419027663825,0,-226.141997011215,331.09549099423,-57.8136710162052,-338.723427157853,0,0,0,0,705.62830979442,0,-53.7129636487957,0,157.4104580816,0,-613.19736564028,-253.520572557423,-6.41405888944413,0,935.7012526993,677.628191244503,3246.75178858869,0,0,0,0,57.9907976133312,0,406.66993536078,0
0,0,0,0,0,0,0,0,0,0,0,0,0,0,0,0,0,0,0,0,0,0,0,0,0,0,0,0,0,0,0,0,0,0,0,0,0,0,0,0,0,0,0,0,0,0,0,0,0,0,0,0,0.0297042444688123,0,0,0,0,0,0,0
0,0,0,0,0,0,0,0,0,0,0,0,0,0,0,0,0,0,0,0,0,0,0,0,0,0,0,0,0,0,0,0,0,0,0,0,0,0,0,0,0,0,0,0,0,0,0,0,0,0,0,0,0,0.0580873477934683,0,0,0,0,0,0
0,0,0,0,0,0,0,0,0,0,0,0,0,0,0,0,0,0,0,0,0,0,0,0,0,0,0,0,0,0,0,0,0,0,0,0,0,0,0,0,0,0,0,0,0,0,0,0,0,0,0,0,0,0,0.01267592481361,0,0,0,0,0
0,0,0,0,0,0,0,0,0,0,0,0,0,0,0,0,0,0,0,0,0,0,0,0,0,0,0,0,0,0,0,0,0,0,0,0,0,0,0,0,0,0,0,0,0,0,0,0,0,0,0,0,0,0,0,0.0165206581478747,0,0,0,0
-595.589239158425,-132.545947407554,0,0,0,0,0,0,0,-66.526199372531,0,0,0,-69.1907275692351,0,0,-1826.18697940018,-1177.73610607565,0,326.134291184221,0,-104.326091319508,-1410.1978331169,0,0,0,0,0,-1145.35103511801,1138.38747619564,0,785.248651682773,1704.42773988083,-492.751399458942,122.527936502715,0,0,0,0,-374.078353876211,0,-356.442128258527,0,-332.583086561069,0,288.220478043325,340.963372914165,276.958801697586,0,335.01357468934,608.381414962371,57.9907976133312,0,0,0,0,5032.85043802532,0,549.606870087457,0
0,0,0,0,0,0,0,0,0,0,0,0,0,0,0,0,0,0,0,0,0,0,0,0,0,0,0,0,0,0,0,0,0,0,0,0,0,0,0,0,0,0,0,0,0,0,0,0,0,0,0,0,0,0,0,0,0,0.0130673960744473,0,0
-158.660294880984,-41.846048242764,0,0,0,0,0,0,0,406.253286314165,0,0,0,-239.359207900581,0,0,-771.958492024969,224.277884500681,0,420.510293269712,0,656.574848182066,-1055.41221967101,0,0,0,0,0,-1673.71669260966,130.311961186889,0,-114.176305764472,841.692825553461,1434.96988829183,-1099.98106417309,0,0,0,0,464.114464907764,0,-566.199166221217,0,253.955372390979,0,-232.015176759129,-90.4170898341643,872.737847717312,0,144.881057040086,105.152914255656,406.66993536078,0,0,0,0,549.606870087457,0,5168.03142225619,0
0,0,0,0,0,0,0,0,0,0,0,0,0,0,0,0,0,0,0,0,0,0,0,0,0,0,0,0,0,0,0,0,0,0,0,0,0,0,0,0,0,0,0,0,0,0,0,0,0,0,0,0,0,0,0,0,0,0,0,0.01216008001899
