0.169443378915914,-0.00444562974189339,0.0373066825120966,0.00311993147977137,0.039416772186135,0.0101076796518973,0.00239924326041365,0.0152381921285081,-0.00875344094126396,0.012752677388194,0.00200221539577554,0.0239731740702911,0.0108819998666106,0.0426051150354086,-0.0161177019604629,-0.0083353361746546,0.0210429922766678,0.0232614154772655,-0.00322430664481017,-0.0344001796100487,0.026640900853221,-0.00257950731358329,0.010836886965413,-0.0321986283977052
-0.00444562974189339,0.0339331339570277,-0.00363111096955208,0.0193430210543511,-0.00531116469640553,0.0033527585519337,-0.000192940183142004,0.00565345753362322,0.0231864899471185,-0.000391550772355243,-0.00240045640433036,-0.00213753288636706,-0.00658332828094917,0.0158006516366398,-0.00547110388389965,-0.000647418708435991,0.0125419013089211,0.000507754313237163,0.00334933857442952,-0.00681049333289064,-0.0105017423301509,0.000279449073322119,-0.016165285862153,0.00678427741517855
0.0373066825120966,-0.00363111096955208,0.0796309161461007,0.00150995711578238,-0.010568245549345,0.011996803592135,-0.0032010641856061,0.00381961087856177,-0.0134212462386733,0.0105862978179546,0.0258639008126248,0.0366834034689649,0.00415776693433816,0.0227589623434505,0.00360619836849846,0.00563209860876796,0.0122211946604501,0.00789539905913113,0.00218081245173799,-0.00518449857964469,0.00889111754912004,-0.000264907801739932,-0.00593255948681207,-0.00634858384900339
0.00311993147977137,0.0193430210543511,0.00150995711578238,0.0213732372262414,0.000526484082086439,0.00582997922027736,-0.0011122784518209,0.00353627321968709,0.0166126123980839,0.00135249372931454,-0.00448289415856167,-0.00197599304562865,-0.00436217436685764,0.0127938758862528,-0.0003617607786945,0.00475726278466484,0.0198655052928707,0.0016999536159178,0.00259877236880728,-0.00103641300897826,-0.0100892143376924,-0.000312175692096597,-0.00937461048881324,0.00289224614932869
0.039416772186135,-0.00531116469640553,-0.010568245549345,0.000526484082086439,0.14873664010693,-0.00567832235971691,0.0149464223881972,0.0150248910828806,0.00477526864056224,0.00509793746135341,-0.00581799880838695,0.00381125209935436,0.0226090538116154,0.0297888865628266,-0.00631932732726541,0.018493984105447,0.0235014071956232,0.020307788171948,-0.0105833205898184,-0.0143520843082384,-0.00308322732923296,-0.000376637056544382,-0.0147870525788094,0.0168891824716967
0.0101076796518973,0.0033527585519337,0.011996803592135,0.00582997922027736,-0.00567832235971691,0.085524427511983,0.00573267504214618,-0.00162847727008555,0.00466449086180493,0.0119470051473014,-0.0175418984254973,0.0109323988097067,0.00294870672238085,0.00700457775235895,-0.0051010677015883,-0.0157439264504468,0.0115097513735397,-0.00851446102717753,0.00410620521916487,-0.0118314120510169,0.00619672417530995,-0.00386305639640327,0.00761451292816461,0.00317953110042423
0.00239924326041365,-0.000192940183142004,-0.0032010641856061,-0.0011122784518209,0.0149464223881972,0.00573267504214618,0.0548981517501868,-0.00827758837284542,0.00103756331947119,0.00115643818875754,0.00339141368084771,0.00358616993407427,-0.00582257361839651,0.0115948213172452,0.000309297256774031,0.00117482247084788,0.0035862697677237,-0.0066719177606298,0.0022316566206829,0.00125096086767492,-0.00226740093479736,-0.0026240288691166,-0.000737008947872273,-0.00679744531530759
0.0152381921285081,0.00565345753362322,0.00381961087856177,0.00353627321968709,0.0150248910828806,-0.00162847727008555,-0.00827758837284542,0.132993291189947,0.0302152883391735,0.0185855659680042,-0.0114493701021413,-0.000980976947393754,0.00337255270449943,0.0385561921647631,-0.00202643537786337,0.00769191801951441,-0.00427372237492975,0.00854495120778401,-0.0063460248954355,0.0102464315244251,-0.0439756405899761,0.00177613845662768,-0.0119678970404605,0.00747335969130656
-0.00875344094126396,0.0231864899471185,-0.0134212462386733,0.0166126123980839,0.00477526864056224,0.00466449086180493,0.00103756331947119,0.0302152883391735,0.134153502747912,0.00406475551338199,-0.0198041095907073,0.00369484730011526,-0.00237275126039577,0.0235981606954363,0.000474090789521126,0.0140268081935349,0.0297070461167904,0.015444912729736,-0.000998341127892853,-0.000117915690780211,-0.06977064417838,0.00401682356300716,-0.0337106671967377,0.000240457175511631
0.012752677388194,-0.000391550772355243,0.0105862978179546,0.00135249372931454,0.00509793746135341,0.0119470051473014,0.00115643818875754,0.0185855659680042,0.00406475551338199,0.0378199170616838,-0.0142629815368223,0.00606159744821653,0.0209711584315516,0.0188900588351203,-0.000810234886498025,0.0069754710053821,0.00373327308806613,-0.000337488520141859,0.00259841753722118,-0.0211354948895137,0.000236492844650349,-0.00164744241456094,0.000575503664722969,-0.0105917537270188
0.00200221539577554,-0.00240045640433036,0.0258639008126248,-0.00448289415856167,-0.00581799880838695,-0.0175418984254973,0.00339141368084771,-0.0114493701021413,-0.0198041095907073,-0.0142629815368223,0.141886100347634,0.00214742814507382,-0.00579091322536811,0.0112342537045065,-0.00414990192802367,-0.0187331004815535,0.0026304125334649,0.0257161134235316,0.00572759894287981,0.00880598055479215,-0.00170330779274185,-0.00177833881470153,-0.0363588432209192,0.0268263689090745
0.0239731740702911,-0.00213753288636706,0.0366834034689649,-0.00197599304562866,0.00381125209935436,0.0109323988097067,0.00358616993407427,-0.000980976947393754,0.00369484730011526,0.00606159744821653,0.00214742814507382,0.0555279512011718,0.00840306518298738,0.0114010519207319,-0.0031793710947916,0.00243273581382852,2.42572245674002e-05,0.00197981406040621,-0.00126934437064553,-0.00336629404211703,0.00927636709826821,-0.0111958989373884,-0.00321903507168948,-0.00334250375035927
0.0108819998666106,-0.00658332828094917,0.00415776693433816,-0.00436217436685764,0.0226090538116154,0.00294870672238085,-0.00582257361839651,0.00337255270449943,-0.00237275126039577,0.0209711584315516,-0.00579091322536811,0.00840306518298738,0.126523049964369,-0.00624666334613183,0.00686083324174882,0.0380941201521564,-0.00429194566276995,0.00527375891356042,-0.00445728217111945,-0.0108945211942489,0.00426653108166508,-0.00112095237871864,0.022969779149182,-0.0170519609882564
0.0426051150354086,0.0158006516366398,0.0227589623434505,0.0127938758862528,0.0297888865628266,0.00700457775235895,0.0115948213172452,0.0385561921647631,0.0235981606954363,0.0188900588351203,0.0112342537045065,0.0114010519207319,-0.00624666334613183,0.238687579076741,-0.0130740511515414,0.00479249044444378,0.0184199097875258,0.0104142645251578,-0.00164596110494965,0.000190790066478347,-0.0273812220675059,-0.00230773573766371,-0.0547544465135649,-0.0346767792585857
-0.0161177019604629,-0.00547110388389965,0.00360619836849846,-0.0003617607786945,-0.00631932732726541,-0.00510106770158829,0.000309297256774031,-0.00202643537786337,0.000474090789521125,-0.000810234886498025,-0.00414990192802367,-0.0031793710947916,0.00686083324174882,-0.0130740511515414,0.0336475119579408,0.0214205739986106,-0.00574073510075387,-0.00343367379515375,-0.00124377178169284,0.00839365259024108,0.000874189036504976,-0.000832540165274151,0.00955345030619905,-0.000319677641725051
-0.0083353361746546,-0.000647418708435991,0.00563209860876796,0.00475726278466484,0.018493984105447,-0.0157439264504468,0.00117482247084788,0.00769191801951441,0.0140268081935349,0.0069754710053821,-0.0187331004815535,0.00243273581382852,0.0380941201521564,0.00479249044444378,0.0214205739986106,0.194886569615395,-0.0357247460552815,0.0012837231281907,0.00537644143598641,-0.000554151848084805,-0.00484706181418115,-0.00352801317876586,0.010576864442461,-0.0087319032140118
0.0210429922766678,0.0125419013089211,0.0122211946604501,0.0198655052928707,0.0235014071956232,0.0115097513735397,0.0035862697677237,-0.00427372237492975,0.0297070461167904,0.00373327308806613,0.0026304125334649,2.42572245674002e-05,-0.00429194566276995,0.0184199097875258,-0.00574073510075387,-0.0357247460552815,0.113134335423316,0.00539835808840541,-0.00285581065481232,-0.00627856225243273,-0.0173964372715984,-0.00199032930670545,-0.00812588669723732,0.00509220958301399
0.0232614154772655,0.000507754313237163,0.00789539905913113,0.0016999536159178,0.020307788171948,-0.00851446102717753,-0.0066719177606298,0.00854495120778401,0.015444912729736,-0.000337488520141859,0.0257161134235316,0.00197981406040621,0.00527375891356042,0.0104142645251578,-0.00343367379515375,0.0012837231281907,0.00539835808840541,0.0883208160148546,-0.0228562988120625,-0.011478605944736,0.000232359960438918,0.00197193808078466,-0.0138601244235823,0.00908684596070085
-0.00322430664481017,0.00334933857442952,0.00218081245173799,0.00259877236880728,-0.0105833205898184,0.00410620521916487,0.0022316566206829,-0.0063460248954355,-0.000998341127892853,0.00259841753722118,0.00572759894287981,-0.00126934437064553,-0.00445728217111945,-0.00164596110494965,-0.00124377178169284,0.00537644143598641,-0.00285581065481232,-0.0228562988120625,0.0247948690037975,0.00294839218368779,-0.00605581547007709,-0.000379791815334108,0.00302318181555853,-0.00355025860365014
-0.0344001796100487,-0.00681049333289064,-0.00518449857964469,-0.00103641300897826,-0.0143520843082384,-0.0118314120510169,0.00125096086767492,0.0102464315244251,-0.000117915690780211,-0.0211354948895137,0.00880598055479215,-0.00336629404211703,-0.0108945211942489,0.000190790066478347,0.00839365259024108,-0.000554151848084805,-0.00627856225243273,-0.011478605944736,0.0029483921836878,0.165224010337303,-0.141326616752698,0.00427216394744255,0.00538647776264729,-0.00793752687967926
0.026640900853221,-0.0105017423301509,0.00889111754912004,-0.0100892143376924,-0.00308322732923296,0.00619672417530995,-0.00226740093479736,-0.043975640589976,-0.06977064417838,0.000236492844650349,-0.00170330779274185,0.00927636709826821,0.00426653108166508,-0.0273812220675059,0.000874189036504976,-0.00484706181418115,-0.0173964372715984,0.000232359960438918,-0.00605581547007709,-0.141326616752698,0.213085914434703,-0.00798500818375656,0.00585170010996424,-0.0171820316318897
-0.00257950731358329,0.000279449073322119,-0.000264907801739932,-0.000312175692096597,-0.000376637056544382,-0.00386305639640327,-0.0026240288691166,0.00177613845662769,0.00401682356300716,-0.00164744241456094,-0.00177833881470153,-0.0111958989373884,-0.00112095237871864,-0.00230773573766371,-0.00083254016527415,-0.00352801317876586,-0.00199032930670545,0.00197193808078466,-0.000379791815334108,0.00427216394744255,-0.00798500818375656,0.0125648123216964,-0.00316120075795723,-0.00754968233351399
0.010836886965413,-0.016165285862153,-0.00593255948681207,-0.00937461048881324,-0.0147870525788094,0.00761451292816461,-0.000737008947872273,-0.0119678970404605,-0.0337106671967377,0.000575503664722969,-0.0363588432209192,-0.00321903507168949,0.022969779149182,-0.0547544465135649,0.00955345030619905,0.010576864442461,-0.00812588669723732,-0.0138601244235823,0.00302318181555853,0.00538647776264729,0.00585170010996424,-0.00316120075795723,0.168604099832866,-0.128862887037288
-0.0321986283977052,0.00678427741517855,-0.00634858384900339,0.00289224614932869,0.0168891824716967,0.00317953110042423,-0.00679744531530759,0.00747335969130656,0.000240457175511631,-0.0105917537270188,0.0268263689090745,-0.00334250375035927,-0.0170519609882564,-0.0346767792585857,-0.000319677641725051,-0.0087319032140118,0.00509220958301399,0.00908684596070085,-0.00355025860365014,-0.00793752687967926,-0.0171820316318897,-0.00754968233351399,-0.128862887037288,0.241181374322499
