0.270122857882147,-0.0344285903673745,0.0142096456027156,-0.0485802105024471,-0.0325772754716904,-0.00214567469559048,-0.03496810016734,-0.0269906701838363,-0.180909203365892,-0.0134814652334684,-0.0862572206093382,-0.00150357465138958,0.00932619646043167,-0.00242345129128838
-0.0344285903673745,0.0326473941233092,0.00863731579039741,0.00012120283760326,0.0343908931686675,0.016276124414051,-0.00267172534181965,-0.0176218199509637,-0.0193999983105214,0.0013630502893497,-0.0126882528305046,-0.00189678498079702,0.00822971657891863,0.000741862934225791
0.0142096456027156,0.00863731579039741,0.0193706614709443,-0.000403212652107483,0.0234550885747304,-0.0192896955979848,-0.00458857155037971,0.016498088850845,-0.00946475315008048,-0.00273011222293922,-0.0200148699357327,-0.00192326574259627,-0.00118617862123163,-0.00106530770085434
-0.0485802105024471,0.00012120283760326,-0.000403212652107483,0.0364020839829194,-0.010095657628016,-0.0202929067564226,-0.00108552599915453,-0.0270159359855753,0.0764206389477096,0.00556783961650977,-0.0189751770786224,0.00141385464423116,-0.00413513629183688,0.00149322028055344
-0.0325772754716904,0.0343908931686675,0.0234550885747304,-0.010095657628016,0.0797564684420948,0.00194779242062392,0.00923620583871671,0.0781084311404736,0.0105204296804505,0.00107856214961709,-0.0149815012118137,0.000311403222365139,0.00323528040322684,0.000124693165645358
-0.00214567469559048,0.016276124414051,-0.0192896955979848,-0.0202929067564226,0.00194779242062392,0.0813882956489348,0.00691510324145796,-0.0357468979569366,-0.0486408632129296,0.0115325558652548,0.0394259029391117,0.0104612867378707,0.0190071344515886,0.0054144829528246
-0.03496810016734,-0.00267172534181965,-0.00458857155037971,-0.00108552599915453,0.00923620583871671,0.00691510324145796,0.0143538157577117,0.0426552071450154,0.0390515339277573,0.00448248796847059,0.0358167327430362,0.00458318013322282,-0.00283441316537224,0.00111505131822121
-0.0269906701838363,-0.0176218199509637,0.016498088850845,-0.0270159359855753,0.0781084311404736,-0.0357468979569366,0.0426552071450154,0.261891739187416,0.105796191084773,-0.00038957475267941,0.0457312753160705,0.00700793350215314,-0.0203764037330009,-0.00207947912512069
-0.180909203365892,-0.0193999983105214,-0.00946475315008048,0.0764206389477096,0.0105204296804505,-0.0486408632129296,0.0390515339277573,0.105796191084773,0.305772697890546,0.0205629807452444,0.0330773310158735,0.0136644031689928,-0.024107559050902,0.00458138605879276
-0.0134814652334684,0.0013630502893497,-0.00273011222293922,0.00556783961650977,0.00107856214961709,0.0115325558652548,0.00448248796847059,-0.00038957475267941,0.0205629807452444,0.00625574893400537,0.0147819546229232,0.00547089696994823,0.00226441449471245,0.00227239359494439
-0.0862572206093383,-0.0126882528305046,-0.0200148699357327,-0.0189751770786224,-0.0149815012118137,0.0394259029391117,0.0358167327430362,0.0457312753160705,0.0330773310158735,0.0147819546229232,0.245859025688369,0.0164306068282609,-0.00485699326614177,0.00379624673678679
-0.00150357465138958,-0.00189678498079702,-0.00192326574259627,0.00141385464423116,0.000311403222365139,0.0104612867378707,0.00458318013322282,0.00700793350215314,0.0136644031689928,0.00547089696994823,0.0164306068282609,0.00570687846431588,0.00177363719966315,0.00202655971392302
0.00932619646043167,0.00822971657891863,-0.00118617862123163,-0.00413513629183688,0.00323528040322684,0.0190071344515886,-0.00283441316537224,-0.0203764037330009,-0.024107559050902,0.00226441449471245,-0.00485699326614177,0.00177363719966315,0.00660587174468657,0.00132365913279774
-0.00242345129128838,0.000741862934225791,-0.00106530770085434,0.00149322028055344,0.000124693165645358,0.0054144829528246,0.00111505131822121,-0.00207947912512069,0.00458138605879276,0.00227239359494439,0.00379624673678679,0.00202655971392302,0.00132365913279774,0.000881677675055007
