0.226517732904547,0.00306112105397974,0.00546577653214273,-0.0105005589934759,0.000305114563313824,0.00236737606644493,0.00324646484153825,-0.0291516291869605,-0.0200538610032955,-0.000721325713619758,0.0283712487654445,-0.00524679460002193,-0.00138254234014327,0.000435449929899339
0.00306112105397974,0.0278997023115014,0.0090339789231759,-0.00504797327832364,-0.010147503473489,0.00817707023283867,0.00783216215921377,0.00392507267397495,0.0049326739775254,0.00215114222043095,0.00205196916203083,-0.000277998713641362,0.00139439932854283,0.000134437752956427
0.00546577653214273,0.0090339789231759,0.0353694092250242,-0.00570800350230615,0.000934148982030865,0.00104201489954381,0.00703071769397022,0.0246661645732326,0.0213933377376578,0.00406379048055753,-0.00346409753890156,0.0024162639514842,-0.00305654309574737,-0.000227360571278328
-0.0105005589934759,-0.00504797327832364,-0.00570800350230615,0.0474640526482111,0.0159838956056906,0.00276602322242217,-0.000181060892678519,0.0154241530674741,0.00684189024091342,-0.000322416635477623,0.000557895602707218,0.00202563564979159,0.000892061971907191,-0.000137702129004806
0.000305114563313824,-0.010147503473489,0.000934148982030865,0.0159838956056906,0.0775093111379851,0.0278716093354949,0.00311967264172617,0.0388534760738986,0.023149742010245,0.00290458977762514,-0.00620481154295091,0.000188858711482179,0.00252036343963795,0.000438785203677128
0.00236737606644493,0.00817707023283867,0.00104201489954381,0.00276602322242217,0.0278716093354949,0.0627170611317467,0.00930356724748652,0.0373406579899019,0.0064631487994228,0.00312747760502957,0.00481402735842685,0.00150133435655094,-0.000388982788737889,7.2318158045796e-05
0.00324646484153825,0.00783216215921377,0.00703071769397022,-0.000181060892678519,0.00311967264172617,0.00930356724748652,0.0149885525226515,0.017459854924031,0.00816732999716769,0.00523176666105582,0.00815575476680816,0.000951006348710193,-0.000856594357555713,1.8454544947698e-05
-0.0291516291869605,0.00392507267397495,0.0246661645732326,0.0154241530674741,0.0388534760738986,0.0373406579899019,0.017459854924031,0.243525787313747,0.0846763781861327,0.014710243677977,-0.0205744504401312,0.00662159010726391,-0.00640167995433666,0.00220448887104148
-0.0200538610032955,0.0049326739775254,0.0213933377376578,0.00684189024091342,0.023149742010245,0.0064631487994228,0.00816732999716769,0.0846763781861327,0.239301183312104,0.0187901718453018,-0.0181239665237996,0.0116518596371884,0.00236928809789191,0.00109174213673729
-0.000721325713619758,0.00215114222043095,0.00406379048055753,-0.000322416635477623,0.00290458977762514,0.00312747760502957,0.00523176666105582,0.014710243677977,0.0187901718453018,0.00569561163968571,-0.00404094623431597,0.00124539716030608,-0.000624109565980968,0.000380012103271559
0.0283712487654445,0.00205196916203083,-0.00346409753890156,0.000557895602707218,-0.00620481154295091,0.00481402735842685,0.00815575476680816,-0.0205744504401312,-0.0181239665237996,-0.00404094623431597,0.249607091782967,-0.00255440739144717,0.0111523323193459,0.000282535578617846
-0.00524679460002193,-0.000277998713641362,0.0024162639514842,0.00202563564979159,0.000188858711482179,0.00150133435655094,0.000951006348710193,0.00662159010726391,0.0116518596371884,0.00124539716030608,-0.00255440739144717,0.0213675203591776,0.00128428633386534,0.000205673585751879
-0.00138254234014327,0.00139439932854283,-0.00305654309574737,0.000892061971907191,0.00252036343963795,-0.000388982788737889,-0.000856594357555713,-0.00640167995433666,0.00236928809789191,-0.000624109565980968,0.0111523323193459,0.00128428633386534,0.0103458364347722,0.000236857572237789
0.000435449929899339,0.000134437752956427,-0.000227360571278328,-0.000137702129004806,0.000438785203677128,7.2318158045796e-05,1.8454544947698e-05,0.00220448887104148,0.00109174213673729,0.000380012103271559,0.000282535578617846,0.000205673585751879,0.000236857572237789,0.000255800002447079
