0.0621928689948218,0.0323616275249105,0.0181669842253468,-0.00357029970990153,-0.0119914269207576,-0.00205201651161259,-0.00374152748755114,-0.00199886730327501,-0.000918834223913107,-0.000593187380657524,-0.00121174114250216,0.00173072680495061,0.00265257098245139,-0.00121022542787923,0.00138325755546424,-0.000122178590527629,-0.0275744398170634,-0.0375340714003924,-0.0226447142767466,0.0109892419766887,0.0141805446948905,-0.0157608792337294
0.0323616275249105,0.0432191792817747,0.0133615934181225,0.0195384181999719,0.0109082372973285,0.0199031739431583,0.0154498782681653,0.0188582170032526,0.0141201156209793,0.0115079399170071,0.0180029686756485,0.0132944068511436,0.00895986077373889,0.0180037035285625,0.0201185182608599,-0.0126754897556439,-0.0156369424209923,-0.0332825370591087,0.00490326152556065,0.00111432703787946,0.00584401673080223,0.00450074448579283
0.0181669842253468,0.0133615934181225,0.0802739673240121,0.00140244290426706,-0.00774983026690537,0.00155453258558161,0.00703661071037772,0.000948712421080668,-0.0109604990815058,-0.00965586991622845,-0.0123037304557459,-0.00893871774478713,-0.00582537424287099,-0.0122987895947408,-0.00332033710292221,-0.010272493771028,-0.0597472462613307,0.00603983622301777,-0.013834411127619,-0.00656365029417695,-0.00501059269394956,-0.00883676542224579
-0.00357029970990153,0.0195384181999719,0.00140244290426706,0.0380484240053291,0.0311262781372794,0.0348912650499226,0.035122977699328,0.034637950785152,0.0326046979047614,0.0292854721452799,0.0375011596568209,0.0303134373290898,0.0264408639009264,0.0374991178948113,0.030571035249278,-0.03183546822136,0.0204766538135272,-0.00316092585889966,0.0349532771587376,0.0130074432427207,0.0132495666002634,0.0302879926859475
-0.0119914269207576,0.0109082372973285,-0.00774983026690537,0.0311262781372794,0.029851611320136,0.0288638531504212,0.0270659945883993,0.0283282733591003,0.0255634349246218,0.0226980039097357,0.0300065999429451,0.0223845823948814,0.0184828188159778,0.030003508615455,0.0265577164781615,-0.0248523422465369,0.0257917508834641,-0.00118571079011474,0.0328605864652293,0.0127854856007794,0.00725700772416817,0.0270357554791683
-0.00205201651161259,0.0199031739431583,0.00155453258558161,0.0348912650499226,0.0288638531504212,0.0326784019544895,0.0314645547529128,0.0320976627672564,0.0296294979470509,0.0263378044700342,0.0345965780096735,0.0270187804884531,0.0234534322981407,0.0345943004047253,0.0295326827264174,-0.0287159868472351,0.0188733888804569,-0.00529320469774524,0.0298303591941805,0.00996331844060767,0.0129502025240826,0.0256056623504144
-0.00374152748755114,0.0154498782681653,0.00703661071037772,0.035122977699328,0.0270659945883993,0.0314645547529128,0.0343295241618484,0.0316128177009461,0.031387788147076,0.0286121879876783,0.0355050981404053,0.0301001671232413,0.0268180604728906,0.0355040992688331,0.0259512938290898,-0.0318512764517195,0.0165343666703462,0.00262454131585854,0.0330051293010651,0.0128450057761823,0.0134488557302098,0.0297170098032119
-0.00199886730327501,0.0188582170032526,0.000948712421080668,0.034637950785152,0.0283282733591003,0.0320976627672564,0.0316128177009461,0.0317546222707522,0.0297818025444865,0.0266410147816593,0.0344055094165036,0.0274857971874914,0.0241111882757351,0.034403272547894,0.0286056393761122,-0.0287696099717229,0.0193208958101849,-0.00475820036735706,0.0304396813457741,0.0107928042386804,0.0130495724543831,0.0264371581360894
-0.000918834223913107,0.0141201156209793,-0.0109604990815058,0.0326046979047614,0.0255634349246218,0.0296294979470509,0.031387788147076,0.0297818025444865,0.0419793104463925,0.0378740914112802,0.0486107864361085,0.0399386837964548,0.0334576911890638,0.0486063263397398,0.0267354412917261,-0.0380333242924651,0.0406548370669214,-0.000326962101801043,0.0332974717110176,0.0148383423207829,0.0266806557094693,0.0313600591526233
-0.000593187380657524,0.0115079399170071,-0.00965586991622845,0.0292854721452799,0.0226980039097357,0.0263378044700342,0.0286121879876783,0.0266410147816593,0.0378740914112802,0.0343642831017024,0.0435082848516558,0.0363022276640101,0.0307560700154617,0.0435045655927413,0.0234251947802335,-0.034331703389898,0.0366837659188168,0.000578866670275761,0.0303216423102771,0.0145667884484341,0.0240946639523087,0.0287158858377317
-0.00121174114250216,0.0180029686756485,-0.0123037304557459,0.0375011596568209,0.0300065999429451,0.0345965780096736,0.0355050981404052,0.0344055094165036,0.0486107864361085,0.0435082848516558,0.057114739194868,0.0457688262352007,0.0375533836800888,0.0571090356859493,0.0318584411455673,-0.0445021893387315,0.0467197681146503,-0.000487586384520757,0.0376981887881052,0.0158936910673538,0.0314015141545698,0.0353630651358662
0.00173072680495061,0.0132944068511436,-0.00893871774478713,0.0303134373290898,0.0223845823948814,0.0270187804884531,0.0301001671232413,0.0274857971874914,0.0399386837964548,0.0363022276640101,0.0457688262352007,0.038765425851541,0.0329089916291091,0.0457652285547465,0.0235639377777248,-0.0361764258159784,0.0359065826875784,0.000938557796829905,0.0311630350818525,0.0153394462101688,0.0260424344972041,0.0300017691532603
0.00265257098245139,0.00895986077373889,-0.00582537424287099,0.0264408639009264,0.0184828188159778,0.0234534322981407,0.0268180604728906,0.0241111882757351,0.0334576911890638,0.0307560700154617,0.0375533836800888,0.0329089916291091,0.0300452961755551,0.0375503522150549,0.0199592431767911,-0.0302396861502132,0.0297519725441806,0.00249782392612881,0.0245750265632746,0.0130343496669313,0.0246231609302008,0.0244598427838526
-0.00121022542787923,0.0180037035285625,-0.0122987895947408,0.0374991178948113,0.030003508615455,0.0345943004047253,0.0355040992688331,0.034403272547894,0.0486063263397398,0.0435045655927413,0.0571090356859493,0.0457652285547465,0.0375503522150549,0.0571033356582318,0.0318552425577693,-0.0444968807024044,0.0467090828723189,-0.000486835101337885,0.0376953426311447,0.015892400531453,0.0313951270974948,0.035359795325514
0.00138325755546424,0.0201185182608599,-0.00332033710292221,0.030571035249278,0.0265577164781615,0.0295326827264174,0.0259512938290898,0.0286056393761122,0.0267354412917261,0.0234251947802335,0.0318584411455673,0.0235639377777248,0.0199592431767911,0.0318552425577693,0.0286729919033147,-0.0249963051788104,0.0215052410965293,-0.0109310991909648,0.0244107237164198,0.00908354844538016,0.0135532958050565,0.0203757372576754
-0.000122178590527629,-0.0126754897556439,-0.010272493771028,-0.03183546822136,-0.0248523422465369,-0.0287159868472351,-0.0318512764517195,-0.0287696099717229,-0.0380333242924651,-0.034331703389898,-0.0445021893387315,-0.0361764258159784,-0.0302396861502132,-0.0444968807024044,-0.0249963051788104,0.0435720222466836,-0.0283205509224272,-0.004746760637279,-0.0327072119913654,-0.0176678202279112,-0.0261343827299781,-0.0317515542511395
-0.0275744398170634,-0.0156369424209923,-0.0597472462613307,0.0204766538135272,0.0257917508834641,0.0188733888804569,0.0165343666703462,0.0193208958101849,0.0406548370669214,0.0366837659188168,0.0467197681146503,0.0359065826875784,0.0297519725441806,0.0467090828723189,0.0215052410965293,-0.0283205509224272,0.092725540042577,0.000915480782118481,0.0350018330969695,0.0141939391087364,0.0290543034025481,0.0312270595888728
-0.0375340714003924,-0.0332825370591087,0.00603983622301777,-0.00316092585889966,-0.00118571079011474,-0.00529320469774524,0.00262454131585854,-0.00475820036735706,-0.000326962101801043,0.000578866670275761,-0.000487586384520757,0.000938557796829905,0.00249782392612881,-0.000486835101337885,-0.0109310991909648,-0.004746760637279,0.000915480782118481,0.0582297380834322,0.00879072961797937,0.000975232127072888,-0.00035288682936441,0.00787076753208705
-0.0226447142767466,0.00490326152556065,-0.013834411127619,0.0349532771587376,0.0328605864652293,0.0298303591941805,0.0330051293010651,0.0304396813457741,0.0332974717110175,0.0303216423102771,0.0376981887881052,0.0311630350818525,0.0245750265632746,0.0376953426311447,0.0244107237164198,-0.0327072119913654,0.0350018330969695,0.00879072961797937,0.0487227425920899,0.0200797893768734,0.00621047694164153,0.0412983271255589
0.0109892419766887,0.00111432703787946,-0.00656365029417695,0.0130074432427207,0.0127854856007794,0.00996331844060767,0.0128450057761823,0.0107928042386804,0.0148383423207829,0.0145667884484341,0.0158936910673538,0.0153394462101688,0.0130343496669313,0.015892400531453,0.00908354844538016,-0.0176678202279112,0.0141939391087364,0.000975232127072888,0.0200797893768734,0.0318409353198695,0.00934466568240581,0.0179803098009686
0.0141805446948905,0.00584401673080223,-0.00501059269394956,0.0132495666002634,0.00725700772416817,0.0129502025240826,0.0134488557302098,0.0130495724543831,0.0266806557094693,0.0240946639523087,0.0314015141545698,0.0260424344972041,0.0246231609302008,0.0313951270974948,0.0135532958050565,-0.0261343827299781,0.0290543034025481,-0.00035288682936441,0.00621047694164153,0.00934466568240581,0.0359052562903326,0.0102004330717064
-0.0157608792337294,0.00450074448579283,-0.00883676542224579,0.0302879926859475,0.0270357554791683,0.0256056623504144,0.0297170098032119,0.0264371581360894,0.0313600591526233,0.0287158858377317,0.0353630651358662,0.0300017691532603,0.0244598427838526,0.035359795325514,0.0203757372576754,-0.0317515542511395,0.0312270595888728,0.00787076753208705,0.0412983271255589,0.0179803098009686,0.0102004330717064,0.0369726802749911
