0.0479346413041402,0.0120404332715963,0.0260245353579136,-0.00538535929459768,-0.0111014557158607,-0.00433106601663484,-0.00516988814135805,-0.00410528134389437,-0.0069795155910899,-0.00462431336288208,-0.00761127381398153,-0.00524952058028695,-0.00476871024733757,-0.00760900522149219,-0.0012941153592386,-0.00151727972788774,-0.0189692554131518,-0.0280202907202518,-0.0191232487685358,-0.0120749236900809,0.0059719063058449,-0.0148906554467622
0.0120404332715963,0.0516172230336443,-0.00514361788839847,-0.00516433837267253,-0.00699273159272388,-0.00554572362762406,-0.00547124959424952,-0.00568152948648121,-0.0105562006747254,-0.0079077851977963,-0.0141696228525026,-0.00941260762296294,-0.00554866204931075,-0.0141666984303279,0.000536701116695196,0.00506216460412979,-0.0128990445999201,-0.0242630765288281,-0.0128104686489541,-0.00665229115187883,0.00328545816043542,-0.0110816484085565
0.0260245353579136,-0.00514361788839847,0.054654210586041,-0.0108969066377725,-0.0114689452600689,-0.00820261946822383,-0.00773984849545779,-0.00836478837201151,-0.00975665472811342,-0.00863195093764187,-0.00963536152210367,-0.00681328259987976,-0.00804289968452743,-0.0096302450375312,-0.00907816524886461,0.00740318002595571,-0.0185327421140316,-0.00547543102257859,-0.0216300834556628,-0.0220651646700939,-0.00806961016826166,-0.0176433614121541
-0.00538535929459768,-0.00516433837267253,-0.0108969066377725,0.0239248065923317,0.0213909543959231,0.0235244075928567,0.0190060916571701,0.0241946603351721,0.0216120380519197,0.0201389226480449,0.0236805241403076,0.0185797320687993,0.0145533804433809,0.023677743720757,0.0211404546050651,-0.0191124903517552,0.015591440322953,-0.00422371790607357,0.0208605080002798,0.00891268430167596,0.0148991003035113,0.0178447320750806
-0.0111014557158607,-0.00699273159272388,-0.0114689452600689,0.0213909543959231,0.0206797879626151,0.0210045101369212,0.0170299251717339,0.0215157212884162,0.0190154778056643,0.0172153149715399,0.0211240806131617,0.0158137881337674,0.0123588162753992,0.0211218592986696,0.0183574463745261,-0.0164060595367232,0.0161396562626839,6.29822577137724e-05,0.0212300213797481,0.00894875597413054,0.0105640107392582,0.0172181850891139
-0.00433106601663484,-0.00554572362762406,-0.00820261946822383,0.0235244075928567,0.0210045101369212,0.0236564749344288,0.0188991387454868,0.0243064621538642,0.0220172479101859,0.0204722621999333,0.0241134520534973,0.0191655599200958,0.0148516403195527,0.0241106827651555,0.0209686860120864,-0.0191276012155258,0.0140273179830922,-0.00432731189402103,0.0202081005957021,0.00731654973597696,0.0150176287057529,0.0171587366242016
-0.00516988814135805,-0.00547124959424952,-0.00773984849545779,0.0190060916571701,0.0170299251717339,0.0188991387454868,0.0159248308300175,0.019440084403895,0.0185098870486272,0.0173065240753842,0.020158188922128,0.0165668674045189,0.0128719998548201,0.0201557786306326,0.0164747800891429,-0.0165267005053063,0.0134522740989464,-0.00145544997402982,0.0178457997508817,0.00698608505185713,0.0118125186082652,0.0163751289092671
-0.00410528134389437,-0.00568152948648121,-0.00836478837201151,0.0241946603351721,0.0215157212884163,0.0243064621538642,0.019440084403895,0.0250054432352866,0.0224524334544884,0.02089390391632,0.0246081675339333,0.0196197099612026,0.0151759550842707,0.0246053073187582,0.0216981898049149,-0.0196350939897505,0.0144020775356147,-0.00478715208465603,0.0204412963762362,0.00752090246512503,0.015535706696547,0.0175233377894727
-0.0069795155910899,-0.0105562006747254,-0.00975665472811342,0.0216120380519197,0.0190154778056643,0.0220172479101859,0.0185098870486272,0.0224524334544884,0.032309271311372,0.0295665357442589,0.0360562650173221,0.0293195929221243,0.0224109101732484,0.0360511620358052,0.0193455124817619,-0.0250140373747209,0.0178217498947817,-0.00281146520936993,0.0231680056642653,0.0146917670605908,0.0192079422239826,0.020874569047211
-0.00462431336288208,-0.0079077851977963,-0.00863195093764187,0.0201389226480449,0.0172153149715399,0.0204722621999333,0.0173065240753842,0.02089390391632,0.0295665357442589,0.0276152960973277,0.0326102575377257,0.0272011072335274,0.0208378380829387,0.0326056961984816,0.018004072069666,-0.0226703522310007,0.014920358382612,-0.00333308143942526,0.0202143950910003,0.0138417387934357,0.0189019098531063,0.0188934492168975
-0.00761127381398153,-0.0141696228525026,-0.00963536152210367,0.0236805241403076,0.0211240806131617,0.0241134520534973,0.020158188922128,0.0246081675339333,0.0360562650173221,0.0326102575377257,0.0412699278121568,0.0324670208344516,0.0240436632309159,0.0412636177071506,0.0213090065479232,-0.0283186895266861,0.0188316479561689,-0.00146563096111053,0.0243111935523077,0.0154913175080977,0.0193285194816347,0.0211619197665783
-0.00524952058028695,-0.00941260762296294,-0.00681328259987976,0.0185797320687993,0.0158137881337674,0.0191655599200958,0.0165668674045189,0.0196197099612026,0.0293195929221243,0.0272011072335274,0.0324670208344516,0.0277126451169487,0.0209570156209049,0.0324619098999415,0.0168987152212988,-0.0227627797580293,0.0161532891103136,-0.00285130796031178,0.0196866163715481,0.0137564369139407,0.0193462476940939,0.019310733358419
-0.00476871024733757,-0.00554866204931075,-0.00804289968452743,0.0145533804433809,0.0123588162753992,0.0148516403195527,0.0128719998548201,0.0151759550842707,0.0224109101732484,0.0208378380829387,0.0240436632309159,0.0209570156209049,0.0167957154332457,0.0240404171069518,0.0130707505470596,-0.0170385837254539,0.014175852489651,-0.00417731226924643,0.017428833029842,0.0119990013874548,0.015784053319103,0.0171231583992189
-0.00760900522149219,-0.0141666984303279,-0.0096302450375312,0.023677743720757,0.0211218592986696,0.0241106827651555,0.0201557786306326,0.0246053073187582,0.0360511620358052,0.0326056961984816,0.0412636177071506,0.0324619098999415,0.0240404171069518,0.0412573117608266,0.0213065265591071,-0.0283139733502016,0.0188277241897174,-0.00146432869593616,0.0243058833782965,0.0154865385016564,0.0193235065496898,0.0211578753705303
-0.0012941153592386,0.000536701116695196,-0.00907816524886461,0.0211404546050651,0.0183574463745261,0.0209686860120864,0.0164747800891429,0.0216981898049149,0.0193455124817619,0.018004072069666,0.0213090065479232,0.0168987152212988,0.0130707505470596,0.0213065265591071,0.0209620329340197,-0.0180313765779401,0.0131237029433694,-0.0110083431549848,0.0148930242960418,0.0082159648260226,0.0146544063203008,0.0129880635869155
-0.00151727972788774,0.00506216460412979,0.00740318002595571,-0.0191124903517552,-0.0164060595367232,-0.0191276012155258,-0.0165267005053063,-0.0196350939897505,-0.0250140373747209,-0.0226703522310007,-0.0283186895266861,-0.0227627797580293,-0.0170385837254539,-0.0283139733502016,-0.0180313765779401,0.0285473727422774,-0.0222679335399914,0.00932588055290155,-0.0209273041344374,-0.00722210212694627,-0.0175828876017711,-0.0188182974744763
-0.0189692554131518,-0.0128990445999201,-0.0185327421140316,0.015591440322953,0.0161396562626839,0.0140273179830922,0.0134522740989464,0.0144020775356147,0.0178217498947817,0.014920358382612,0.0188316479561689,0.0161532891103136,0.014175852489651,0.0188277241897174,0.0131237029433694,-0.0222679335399914,0.047319078849358,-0.00731879658687539,0.0290276652275372,0.0213724502360812,0.015732244038269,0.0278054462300195
-0.0280202907202518,-0.0242630765288281,-0.00547543102257859,-0.00422371790607357,6.29822577137724e-05,-0.00432731189402103,-0.00145544997402982,-0.00478715208465603,-0.00281146520936993,-0.00333308143942526,-0.00146563096111053,-0.00285130796031178,-0.00417731226924643,-0.00146432869593616,-0.0110083431549848,0.00932588055290155,-0.00731879658687539,0.0563294058605085,-0.0035830232766846,-0.0142977562676921,-0.0201567067642493,-0.00169833810816687
-0.0191232487685358,-0.0128104686489541,-0.0216300834556628,0.0208605080002798,0.0212300213797481,0.0202081005957021,0.0178457997508817,0.0204412963762362,0.0231680056642653,0.0202143950910003,0.0243111935523077,0.0196866163715481,0.017428833029842,0.0243058833782965,0.0148930242960418,-0.0209273041344374,0.0290276652275372,-0.0035830232766846,0.0465536835389907,0.0233767117351041,0.0233589984424769,0.0373019690173841
-0.0120749236900809,-0.00665229115187883,-0.0220651646700939,0.00891268430167596,0.00894875597413054,0.00731654973597696,0.00698608505185713,0.00752090246512503,0.0146917670605908,0.0138417387934357,0.0154913175080977,0.0137564369139407,0.0119990013874548,0.0154865385016564,0.0082159648260226,-0.00722210212694628,0.0213724502360812,-0.0142977562676921,0.0233767117351041,0.0480669889879411,0.0209842734215829,0.0238547735388238
0.0059719063058449,0.00328545816043542,-0.00806961016826166,0.0148991003035113,0.0105640107392582,0.0150176287057529,0.0118125186082652,0.015535706696547,0.0192079422239826,0.0189019098531063,0.0193285194816347,0.0193462476940939,0.015784053319103,0.0193235065496898,0.0146544063203008,-0.0175828876017711,0.015732244038269,-0.0201567067642493,0.0233589984424769,0.0209842734215829,0.0381902845815918,0.0204515412028032
-0.0148906554467622,-0.0110816484085565,-0.0176433614121541,0.0178447320750806,0.0172181850891139,0.0171587366242016,0.0163751289092671,0.0175233377894727,0.020874569047211,0.0188934492168975,0.0211619197665783,0.019310733358419,0.0171231583992189,0.0211578753705303,0.0129880635869155,-0.0188182974744763,0.0278054462300195,-0.00169833810816687,0.0373019690173841,0.0238547735388238,0.0204515412028032,0.0364402502027529
