0.0278755214847891,0.00161310077814912,0.00444774387485601,0.00801932784532209,0.00232681410281242,0.00694944518173555,0.012530062270145,-0.0113357269424417,0.0112827504539397,0.00560579063374453,0.00213817842456121,0.0198523893114001,0.0160071968189266
0.00161310077814912,0.205396562098427,0.00843781791127271,0.00273405808593517,-0.0145460901096429,0.0193587889862141,0.00909508828603457,-0.0203507027290716,0.0218824905607137,0.0143136750861709,0.0170456820505988,0.0184163679395175,0.0887226654301332
0.00444774387485601,0.00843781791127271,0.0959344910011044,0.0034375472079629,0.00558732789534351,-0.00247203020255916,0.0148834872984139,-0.0183128322093632,0.0428193457974031,0.0162148491433108,0.0278930819523622,0.01765726740905,0.0330955672442256
0.00801932784532209,0.00273405808593517,0.0034375472079629,0.0325435685795832,0.00425921247102631,0.0152264843845498,0.0176142298048772,-0.00401827200355023,0.012084306754625,0.0101542379150021,0.0136794773701487,0.0101820487698585,0.0186193800533051
0.00232681410281242,-0.0145460901096429,0.00558732789534351,0.00425921247102631,0.00989155451709754,-0.00243707799910812,0.0126200843202184,-0.002408352061062,0.0110749803905863,0.000165102939755451,0.0042521732149526,0.005969406737691,0.00103289599869446
0.00694944518173555,0.0193587889862141,-0.00247203020255915,0.0152264843845498,-0.00243707799910812,0.130490442446322,-0.00163429431464996,0.00578150658583212,0.00678483990323184,0.00225208912972773,0.0140990964493994,0.0226661553072176,0.00693995292072935
0.012530062270145,0.00909508828603457,0.0148834872984139,0.0176142298048772,0.0126200843202184,-0.00163429431464996,0.249928269359785,-0.0190600123134051,0.0746129736654353,0.0152850397343398,0.0393604455321029,0.0304215733561406,0.0152220243977827
-0.0113357269424417,-0.0203507027290716,-0.0183128322093632,-0.00401827200355023,-0.002408352061062,0.00578150658583212,-0.0190600123134051,0.0335946962066045,-0.0449352574129221,-0.0130644786052505,-0.0202905224751664,-0.0116825938266332,-0.021036498659949
0.0112827504539397,0.0218824905607137,0.0428193457974031,0.012084306754625,0.0110749803905863,0.00678483990323184,0.0746129736654353,-0.0449352574129221,0.230516760123109,0.0206911474868834,0.0376429126280276,0.0355278541922544,0.0339065496069589
0.00560579063374453,0.0143136750861709,0.0162148491433108,0.0101542379150021,0.000165102939755451,0.00225208912972773,0.0152850397343398,-0.0130644786052505,0.0206911474868834,0.0393427161383201,0.043609766856571,0.00790420998461667,0.0261572480118159
0.00213817842456121,0.0170456820505988,0.0278930819523622,0.0136794773701487,0.0042521732149526,0.0140990964493994,0.0393604455321029,-0.0202905224751663,0.0376429126280276,0.043609766856571,0.0986047147127698,0.0109937024036517,0.0525730446631013
0.0198523893114001,0.0184163679395175,0.01765726740905,0.0101820487698585,0.005969406737691,0.0226661553072176,0.0304215733561406,-0.0116825938266332,0.0355278541922544,0.00790420998461667,0.0109937024036517,0.0988371807510356,0.0414792138267168
0.0160071968189266,0.0887226654301332,0.0330955672442256,0.0186193800533051,0.00103289599869446,0.00693995292072935,0.0152220243977827,-0.021036498659949,0.0339065496069589,0.0261572480118159,0.0525730446631013,0.0414792138267168,0.225785495613534
