0.225866387388946,0.0200772154577645,-0.00580251898210763,-0.0110139918673272,-0.00679875318381166,0.000161677340372295,0.00104199697401271,0.017796439328364,0.00697635481058419,0.00153721336875743,0.00337179959140822,-0.0104822664537921,0.003039631097716,0.00806174506066356
0.0200772154577645,0.0413145228875555,0.00470076037412505,-0.00238519470350647,-0.0120379497064458,-0.0151790461486167,0.00593667178091901,0.00897728105266729,0.00846474826892845,-0.00144138501172657,-0.0179862925508768,0.00167771157232114,0.0014189001216107,0.00562164694250473
-0.00580251898210763,0.00470076037412505,0.0293780298294332,0.00457906014021982,0.00979787778352659,0.00364186850269652,0.00463825990296019,0.0371116269505234,0.0259820985481726,0.00217638518584819,-0.00924312121178606,0.00295055055661699,-0.00223382704400686,0.000177814257809913
-0.0110139918673272,-0.00238519470350647,0.00457906014021982,0.0507702177595788,0.00447303298128535,0.00143306504735998,-0.000559332159244832,0.00694552222632954,0.0147036591947307,0.00166121660612221,0.000734828465488935,-0.00439158667467319,0.00308037986862627,-0.00617823225343288
-0.00679875318381166,-0.0120379497064458,0.0097978777835266,0.00447303298128535,0.0874329456913309,0.0345968445300727,0.00512664529871159,0.0706896909415093,0.0108637524377402,0.000431777972703303,-0.00348178462766517,0.00512402723503018,0.00253046701752372,0.00127243020762482
0.000161677340372295,-0.0151790461486167,0.00364186850269652,0.00143306504735998,0.0345968445300727,0.0571412723333543,0.00429309800346707,0.0504504076338255,0.00294599466747113,0.00142442906285126,0.0293813821502349,-0.00480332256936663,-0.000499822726409544,0.00137823303750232
0.00104199697401271,0.00593667178091901,0.00463825990296019,-0.000559332159244832,0.00512664529871159,0.00429309800346707,0.00860205907121963,0.0276779898799698,0.0193668601520171,0.00202002204292574,0.00948278706013067,0.000573507749710429,0.0012943881602592,0.000844060624388027
0.017796439328364,0.00897728105266729,0.0371116269505234,0.00694552222632954,0.0706896909415093,0.0504504076338255,0.0276779898799698,0.285764724259944,0.0940169632626841,0.0125352137118601,0.058214480608723,0.00234105554016271,0.00425334695608242,0.00423921007139811
0.00697635481058419,0.00846474826892845,0.0259820985481726,0.0147036591947307,0.0108637524377402,0.00294599466747113,0.0193668601520171,0.0940169632626841,0.249553350867226,0.0159168371292982,0.00728148569693911,0.033231057746827,-0.0076817831842278,0.00337677930861066
0.00153721336875743,-0.00144138501172657,0.00217638518584819,0.00166121660612221,0.000431777972703303,0.00142442906285126,0.00202002204292574,0.0125352137118601,0.0159168371292982,0.00375754199316875,0.00045485246497986,0.00236283116134621,-0.000549665235978085,0.000448870583670639
0.00337179959140822,-0.0179862925508768,-0.00924312121178606,0.000734828465488935,-0.00348178462766517,0.0293813821502349,0.00948278706013067,0.0582144806087229,0.00728148569693911,0.00045485246497986,0.246922151579879,-0.00750047522216055,0.0140922752735157,-0.000292135659591418
-0.0104822664537921,0.00167771157232114,0.00295055055661699,-0.00439158667467319,0.00512402723503018,-0.00480332256936663,0.000573507749710429,0.00234105554016271,0.033231057746827,0.00236283116134621,-0.00750047522216055,0.0315285236785259,-0.00434446686069468,0.00187744920808582
0.003039631097716,0.0014189001216107,-0.00223382704400686,0.00308037986862627,0.00253046701752372,-0.000499822726409543,0.0012943881602592,0.00425334695608242,-0.0076817831842278,-0.000549665235978085,0.0140922752735157,-0.00434446686069468,0.00601192563185335,-0.000400298231165085
0.00806174506066356,0.00562164694250473,0.000177814257809913,-0.00617823225343288,0.00127243020762482,0.00137823303750232,0.000844060624388027,0.00423921007139811,0.00337677930861066,0.000448870583670639,-0.000292135659591418,0.00187744920808582,-0.000400298231165085,0.00272954083789795
