0.0468488646135558,0.00534171047736957,0.0351719383207524,-0.00526184788189276,-0.0085004382255277,-0.00274991698683461,-0.00868734007115446,-0.00489366170390485,0.00795602096466911,0.00725001336546824,0.0105831101141146,0.00876911792960905,0.0138330760001931,0.0116608046927857,-0.000667775168970341,-0.00590290819887966,-0.0198416471285501,-0.0135023666483234,-0.00952712372248534,0.0108945624527658,0.0253940176923901,-0.0116609041740888
0.00534171047736957,0.02530349593388,0.000408762830869922,0.00740484094886691,0.0110699741791372,0.00939318498541934,0.00655357075702111,0.00860439567910668,0.00509579532745186,0.00336265344245764,0.00309292073021657,0.00286631365650742,0.00289054588091609,0.00115665439834976,0.00428735759831916,-0.00928951298890405,-0.0134992368568637,-0.0116355325051999,0.00152529241618614,-0.00279059506798317,0.00564736249932633,0.000595847686101449
0.0351719383207524,0.000408762830869922,0.0532160517314662,-0.0123571938137017,-0.0135142310700995,-0.00765011877641495,-0.0180029840069669,-0.0105282154045381,-0.0125309148317711,-0.00995734451615711,-0.0130299733045858,-0.00786117636468714,-0.000177646644485308,-0.0132809328079397,-0.00648373069001986,0.0153146806179269,-0.0471606935312969,-0.00592744809820594,-0.0215112005524779,0.000657340934488015,0.0238930125809584,-0.0223518073054013
-0.00526184788189276,0.00740484094886691,-0.0123571938137017,0.0119898417225452,0.0120242256474347,0.0102878294584458,0.0102988747364469,0.0106543091079035,0.0123519226639094,0.0109586796643297,0.0117653015744566,0.0112374705471624,0.00815465894380745,0.0121605942898592,0.00453961539334176,-0.0125705362637166,0.00449658092484252,0.00898090863405582,0.0171096651722993,0.00415795645122535,-0.00367329086477726,0.0148153243490818
-0.0085004382255277,0.0110699741791372,-0.0135142310700995,0.0120242256474347,0.0162217144353107,0.011413537766389,0.0115012980696045,0.0120157003171039,0.0107478326330735,0.00875796306126116,0.0096138035954161,0.00867228498364445,0.00553430936690384,0.008987318010995,0.00652087410767827,-0.0148919005155412,0.00949026866682047,0.00564232384472466,0.0188957608701004,0.0034552925244249,-0.00330185728108705,0.0146311425610802
-0.00274991698683461,0.00939318498541934,-0.00765011877641495,0.0102878294584458,0.011413537766389,0.00952668269753034,0.00869444689762678,0.00969959785394256,0.0100278376689785,0.00870071275504089,0.00922599745093758,0.0089729702521186,0.0067238804527629,0.00918457029115841,0.00426733368494927,-0.0113253506792047,0.000508769348671109,0.00585864679264543,0.0138094331547096,0.00259635520861975,-0.00152168406015798,0.0113768190042143
-0.00868734007115446,0.00655357075702111,-0.0180029840069669,0.0102988747364469,0.0115012980696045,0.00869444689762678,0.0111793539344037,0.00982989135934683,0.0107828643256602,0.00879757243109315,0.0107170002213629,0.00912192237528491,0.00554561748391122,0.0108153840240098,0.00497702982625407,-0.0139090240389728,0.0122474112441629,0.0069042529458484,0.0159798596048027,0.000928068470157888,-0.00634786497158959,0.0141776534672692
-0.00489366170390485,0.00860439567910668,-0.0105282154045381,0.0106543091079035,0.0120157003171039,0.00969959785394256,0.00982989135934683,0.0104471095454216,0.0101287842932165,0.0084911171486587,0.00959519094219064,0.00904738639465863,0.00624047388152423,0.00956552588559665,0.00457391918638672,-0.0130567622288231,0.00376113870100017,0.00814522349703647,0.0153562488317577,0.000952938180361015,-0.00431625847186467,0.0127444226136784
0.0079560209646691,0.00509579532745186,-0.0125309148317711,0.0123519226639094,0.0107478326330735,0.0100278376689785,0.0107828643256602,0.0101287842932165,0.0227735491645689,0.0204515568186699,0.0244126000100567,0.0201750106254048,0.0171445241804962,0.0260432660157178,0.00630106440005304,-0.020476185686995,0.0154438704650474,0.00118005264728399,0.0182821963974725,0.00993426014863447,0.0011640842424993,0.015390026771839
0.00725001336546824,0.00336265344245764,-0.00995734451615711,0.0109586796643297,0.00875796306126116,0.00870071275504089,0.00879757243109315,0.0084911171486587,0.0204515568186699,0.0188364317755172,0.021796672186198,0.018387993045357,0.0158860830834174,0.0234805837188968,0.0050496766225806,-0.0163973678114273,0.0115500714865499,0.000623766567913112,0.0150997143257007,0.0087429049230265,0.00118206544775661,0.0130529125224892
0.0105831101141146,0.00309292073021657,-0.0130299733045858,0.0117653015744566,0.0096138035954161,0.00922599745093758,0.0107170002213629,0.00959519094219064,0.0244126000100567,0.021796672186198,0.0268453172294935,0.0216593303306717,0.0185280384728935,0.0288260452683818,0.00641331021148932,-0.0224409922932894,0.019310768263126,0.00111099914690556,0.0185671378167066,0.0105441778569441,0.00101414923369025,0.0155521137983681
0.00876911792960905,0.00286631365650742,-0.00786117636468714,0.0112374705471624,0.00867228498364445,0.0089729702521186,0.00912192237528491,0.00904738639465863,0.0201750106254048,0.018387993045357,0.0216593303306717,0.0189908930690679,0.0164608839597671,0.0234723243135262,0.00493192925742807,-0.0173892599408116,0.00845682814245727,0.0049221288826551,0.0165309694138042,0.00781129624660164,0.00161931594353579,0.0141954891826235
0.0138330760001931,0.00289054588091609,-0.000177646644485308,0.00815465894380745,0.00553430936690384,0.0067238804527629,0.00554561748391122,0.00624047388152423,0.0171445241804962,0.0158860830834174,0.0185280384728935,0.0164608839597671,0.0153830902764349,0.0201671092201182,0.00366529908463502,-0.0135324567990696,0.00226309940451801,0.000863557383875505,0.010864392032315,0.00740764978327419,0.00547979941194695,0.00895373889508813
0.0116608046927857,0.00115665439834976,-0.0132809328079397,0.0121605942898592,0.008987318010995,0.00918457029115841,0.0108153840240098,0.00956552588559665,0.0260432660157178,0.0234805837188968,0.0288260452683818,0.0234723243135262,0.0201671092201182,0.0312377844072207,0.00625956155634247,-0.0229799993121663,0.0199912022504872,0.00256686392691667,0.019427308691443,0.0113353305570367,0.00083835871054148,0.0165663567282433
-0.000667775168970341,0.00428735759831916,-0.00648373069001986,0.00453961539334176,0.00652087410767827,0.00426733368494927,0.00497702982625407,0.00457391918638672,0.00630106440005304,0.0050496766225806,0.00641331021148932,0.00493192925742807,0.00366529908463502,0.00625956155634247,0.00343448497257619,-0.00845452987080043,0.00884689945571462,-0.000383374156048067,0.00821577886548632,0.00307633289126319,0.000110677843302254,0.00605659207607297
-0.00590290819887966,-0.00928951298890405,0.0153146806179269,-0.0125705362637166,-0.0148919005155412,-0.0113253506792047,-0.0139090240389728,-0.0130567622288231,-0.020476185686995,-0.0163973678114273,-0.0224409922932894,-0.0173892599408116,-0.0135324567990696,-0.0229799993121663,-0.00845452987080043,0.0280941375799431,-0.0225037107774097,-0.00648303540397157,-0.0238486236088832,-0.00769463462445681,0.00176763805460993,-0.0180436402086346
-0.0198416471285501,-0.0134992368568637,-0.0471606935312969,0.00449658092484252,0.00949026866682047,0.000508769348671109,0.0122474112441629,0.00376113870100017,0.0154438704650474,0.0115500714865499,0.019310768263126,0.00845682814245727,0.00226309940451801,0.0199912022504872,0.00884689945571462,-0.0225037107774097,0.082123472155971,0.000217978649349613,0.0268346460194147,0.0192671542438861,-0.0153291934238989,0.0205296635820037
-0.0135023666483234,-0.0116355325051999,-0.00592744809820594,0.00898090863405582,0.00564232384472466,0.00585864679264543,0.0069042529458484,0.00814522349703647,0.00118005264728399,0.000623766567913112,0.00111099914690556,0.0049221288826551,0.000863557383875505,0.00256686392691667,-0.000383374156048067,-0.00648303540397157,0.000217978649349613,0.0495987353949177,0.0289577376189771,0.0113341357035478,-0.0100946274561325,0.023803049162448
-0.00952712372248535,0.00152529241618614,-0.0215112005524779,0.0171096651722993,0.0188957608701004,0.0138094331547096,0.0159798596048027,0.0153562488317577,0.0182821963974725,0.0150997143257007,0.0185671378167066,0.0165309694138042,0.010864392032315,0.019427308691443,0.00821577886548631,-0.0238486236088832,0.0268346460194147,0.0289577376189771,0.0401975414002741,0.0223246235501852,-0.00389195302261314,0.0313024879533754
0.0108945624527658,-0.00279059506798317,0.000657340934488015,0.00415795645122535,0.0034552925244249,0.00259635520861975,0.000928068470157888,0.000952938180361015,0.00993426014863447,0.0087429049230265,0.0105441778569441,0.00781129624660164,0.00740764978327418,0.0113353305570367,0.00307633289126319,-0.00769463462445681,0.0192671542438861,0.0113341357035478,0.0223246235501852,0.0401882717588149,0.0157682819886519,0.0144722631956723
0.0253940176923901,0.00564736249932633,0.0238930125809584,-0.00367329086477726,-0.00330185728108705,-0.00152168406015798,-0.00634786497158959,-0.00431625847186467,0.0011640842424993,0.00118206544775661,0.00101414923369025,0.00161931594353579,0.00547979941194695,0.00083835871054148,0.000110677843302254,0.00176763805460993,-0.0153291934238989,-0.0100946274561325,-0.00389195302261314,0.0157682819886519,0.0251362421446786,-0.00627143802232567
-0.0116609041740888,0.000595847686101449,-0.0223518073054013,0.0148153243490818,0.0146311425610802,0.0113768190042143,0.0141776534672692,0.0127444226136784,0.015390026771839,0.0130529125224892,0.0155521137983681,0.0141954891826235,0.00895373889508813,0.0165663567282433,0.00605659207607297,-0.0180436402086346,0.0205296635820037,0.023803049162448,0.0313024879533754,0.0144722631956723,-0.00627143802232567,0.0261852099488888
