0.250268126571534,-0.00145927991408318,-0.022442555469534,-0.0416566653865944,-0.0414526189747665,-0.00120416449894323,0.0102424129044957,-0.00457011537742141,-0.0718219471755032,-0.023231194110577,0.0100796828791634,-0.011277962691487,0.00290137755310645,0.00175314811887702
-0.00145927991408318,0.0317378960570537,0.00152914941155078,-0.00732961030801404,0.00311657555265344,-0.00944513296326679,0.00615989030211954,0.00362559389780699,-0.0115998787327034,1.11909173342219e-05,0.00219666699232688,-0.00218450760505399,-0.00393024228005385,0.000316650718082847
-0.022442555469534,0.00152914941155078,0.0271962474635787,0.00822433102516843,7.67199815706686e-05,0.00578757068457538,0.00772857952558126,0.0219339598940336,0.0173125580194033,0.00625078196544387,0.00592376154157066,-0.00234482078929242,-0.0011128355462972,0.00346655200763252
-0.0416566653865944,-0.00732961030801404,0.00822433102516843,0.0429913475208359,-0.000126308532178287,-0.00301311726432986,0.000548575210124778,0.0233828431778478,0.0381827658933967,0.00826281893376596,-0.00640507748736387,-0.00309711296749788,0.000917126701315414,0.000712620427958714
-0.0414526189747665,0.00311657555265344,7.67199815706686e-05,-0.000126308532178287,0.100828622703622,0.0133553460983674,-0.0114716450506083,0.0481967347104892,0.0525727856658779,0.00720934782300525,0.00165299282390869,-0.000397378262995849,-0.00698312085952257,0.00214534150919449
-0.00120416449894323,-0.0094451329632668,0.00578757068457538,-0.00301311726432986,0.0133553460983674,0.0643850779079169,0.00534854991838005,0.0417389520738572,-0.00997848872758161,1.07166265868845e-05,0.0150079915264951,0.00672963962184628,-0.00108581134146221,-0.00387443923008217
0.0102424129044957,0.00615989030211954,0.00772857952558126,0.000548575210124778,-0.0114716450506083,0.00534854991838005,0.0114208864076121,0.0175521189878727,0.0101503613019547,-0.000203305368545807,0.00648609046809045,-0.00138564565150018,0.00115920699528182,0.00116734494457428
-0.00457011537742141,0.00362559389780699,0.0219339598940336,0.0233828431778478,0.0481967347104892,0.0417389520738572,0.0175521189878727,0.251492508967347,0.108961945616268,0.0112015586913838,0.0582838389814149,0.0111670979380898,-0.0143585405148947,0.00234726610136062
-0.0718219471755032,-0.0115998787327034,0.0173125580194033,0.0381827658933967,0.0525727856658779,-0.00997848872758161,0.0101503613019547,0.108961945616268,0.326557583080895,0.0447807310931912,-0.0239022368942392,0.0123481235341124,0.00368389745669372,0.00315414686124401
-0.023231194110577,1.11909173342219e-05,0.00625078196544387,0.00826281893376596,0.00720934782300526,1.07166265868845e-05,-0.000203305368545807,0.0112015586913838,0.0447807310931912,0.0097051259919103,-0.00550902359650917,0.000962282226582834,0.000510932527439183,-4.0652217501914e-05
0.0100796828791634,0.00219666699232688,0.00592376154157066,-0.00640507748736387,0.00165299282390869,0.0150079915264951,0.00648609046809045,0.0582838389814149,-0.0239022368942392,-0.00550902359650917,0.247269066286832,-0.00205955544815693,-0.00250920774168912,0.00265642296372531
-0.011277962691487,-0.00218450760505399,-0.00234482078929242,-0.00309711296749788,-0.000397378262995849,0.00672963962184628,-0.00138564565150018,0.0111670979380898,0.0123481235341124,0.000962282226582835,-0.00205955544815693,0.0131436630908723,-0.00394862672044713,-0.00362975616687049
0.00290137755310645,-0.00393024228005385,-0.0011128355462972,0.000917126701315414,-0.00698312085952257,-0.00108581134146221,0.00115920699528182,-0.0143585405148947,0.00368389745669372,0.000510932527439183,-0.00250920774168912,-0.00394862672044713,0.00456243935693106,9.17139065177916e-05
0.00175314811887702,0.000316650718082847,0.00346655200763252,0.000712620427958714,0.00214534150919449,-0.00387443923008217,0.00116734494457428,0.00234726610136062,0.00315414686124401,-4.0652217501914e-05,0.00265642296372531,-0.00362975616687049,9.17139065177916e-05,0.00255101293868594
