1819.71557160696,-2.74229770055051,-184.033698281916,-107.02168221429,-226.76590210318,381.521909293725,106.766608204083,155.768625892068,448.683336486696,89.0916377064928,-0.0386479637600097,0.0441621185636708,128.908484233646,-164.698480635339,0.0596560706708798,529.776124384053,-297.228979536301,572.520235501808,0.379110247904189,-49.0570763578691,-167.213007716347,202.516076145996,-242.218964026801,0.276392974444629,-139.915750075593,-185.2322458221,-508.796320293484,573.85365527942,172.550498201625,-386.335919644554,-223.214163276978,108.736081813864,-447.941721635045,-382.444401075331,-483.980030771996,-8.56221219399756,-284.924463750528,-248.997250946687,-0.0303157491184692,434.702711061192,-186.263347476737,-258.888188231853,165.742330891116,-114.847832917844,200.797090699987,135.266095559799,396.95996747458,-0.0282473489578707,-274.737213743137,154.0604083486,-97.8954995339175,268.995536126035,-120.342795982389,-252.271656857021,48.1158930756803,-173.545826745263,112.547293680415,-172.339154897781,23.0046761162823,-190.386299115484
-2.74229770055051,2077.69004031931,237.231579386902,142.38606098747,-123.282960023468,224.660508412695,-224.625536047767,-221.816514045262,-2.13522493351417,-92.5378496891225,-0.0501520180233449,0.0723761533112719,-42.7614393416579,230.558823416178,0.0778027851909395,248.934291305093,427.26831428841,649.263371347218,0.54331684697017,-823.359784402475,177.152866602171,-4.86501268396183,54.8730873800926,0.393676219118928,148.074871417349,-266.910884149067,-343.402897563747,-435.785859502643,-359.695941182077,598.315828247041,-321.166809332202,-490.786072554494,469.908471876875,-170.967261392606,106.410485682715,111.409954465059,-5.74907775650383,-49.2627059549022,-0.0355149618792799,-456.029551218296,42.3868148726543,-52.1180444905566,608.958184124514,-166.814976856451,46.4791025245687,-2.10489798183342,213.065725933787,-0.033545175726956,1434.16642032309,-230.488117094082,-142.612714670235,158.96393584528,65.6472796022226,192.628734247851,-51.8136185992522,-59.3908410902132,227.600941020076,-252.110652565316,114.479241724721,361.671437969939
-184.033698281916,237.231579386902,1340.33404108391,-119.358765155369,-79.7666330826805,394.440055597019,13.2871509179545,48.0167615646031,-205.576450868899,-303.644334022343,-0.0526131390122205,0.0305267563266867,258.512768185897,13.9599240268667,0.0804477772151739,-357.675508788563,-328.883992766223,-459.372841481339,0.415234688858764,102.324967430195,513.303821661575,-319.049838752981,408.957844706018,0.307507339033599,-155.034267893271,-205.081056089637,-235.903797506251,-334.014597130729,22.3899472465056,216.330987884929,-245.956978011207,255.108095486859,125.907349883863,-423.302626156346,805.945681050417,-560.785433851916,363.152063398615,241.178122591428,-0.0487813132937551,-347.628086054486,313.611894201788,-16.6003848026384,48.0336791354954,112.367378993948,-225.961698843712,479.589495495755,197.630812182024,-0.0445627092002132,458.339280822734,266.845803674249,-6.31937195624549,-124.698277688195,271.507479674332,-44.5087469806316,-26.7079563796668,130.560747371001,207.663022316699,-190.764754005078,-105.474694752763,-210.8434559642
-107.02168221429,142.38606098747,-119.358765155369,709.773637644577,-146.526177671952,66.423576276578,227.384943202927,94.0121006721591,-122.650801354814,49.3762728015709,-0.641978412162654,-1.13132018181622,70.2748438437632,68.0763334561648,0.942758730189341,-207.34987480059,-190.887103138918,659.586625704508,-0.0589019347017799,-39.3433151161593,-107.710728828201,122.057940111892,-155.079813911055,0.390249341688138,169.51347975451,-118.34401996639,-36.0645136517058,-193.894697144511,-159.610868467511,320.668950121236,131.253224080972,62.0859086395383,-285.751163074776,37.9178821523924,283.430964766019,300.211957329245,-182.596853181643,68.6175060564423,-0.976911901945491,31.1523317649614,110.86620474874,-168.588385865426,100.254677121827,-73.725579880777,-132.554099855439,80.0309804432459,-131.129013875597,-0.854152115780612,48.066465756826,-101.604459022429,27.4075428936406,46.7059939781304,-77.9090803968784,252.448769210286,27.0397918537984,-111.862313776501,-103.798091722248,-110.903974029833,-195.617033492336,-122.715933600224
-226.76590210318,-123.282960023468,-79.7666330826804,-146.526177671952,2041.95107228843,-216.690832522897,-209.436505870189,-205.914840127059,-251.119106298347,-58.4508250030384,-0.035448191734322,0.0885679252710674,-10.0903832188051,-222.757817065793,0.0559587729185471,-440.590465883976,-406.594922748635,-137.896337778104,0.511536776144593,126.672796429944,-228.859300030707,-395.207552944043,-335.3583559928,0.365180169306779,-191.672382418772,128.711991091316,922.427169394376,-31.7592080028497,396.659347811084,-524.086335513428,459.657144828726,703.74926877951,-227.433580298689,-520.763761559219,-655.637401050805,-254.13466162536,449.416201036187,-337.70319595246,-0.0156069071319642,542.934093694162,66.4075656344524,-356.640865992729,61.0092382193968,-154.062601911029,74.7626348062138,21.3187397995489,-277.282594271852,-0.0159880485907378,-60.5453862187269,55.5874449782357,244.383576104502,177.930717737115,-165.636467053336,232.738753205104,139.643660967492,-37.7944515390964,-219.853731366533,209.489038597641,-130.726196941483,-41.9872937887364
381.521909293725,224.660508412695,394.440055597019,66.423576276578,-216.690832522897,1654.60872912496,102.927755746384,442.173964853837,124.459696517357,-262.077715610962,-0.02917548088704,0.0545860633363704,123.576852558935,109.413429944463,0.04558356153534,98.0615856049638,201.906434424311,73.2463119350679,0.358612723115063,-47.4431272512923,314.264403132786,191.836257908405,226.625074075942,0.258018781916067,258.90130188322,-177.972923169091,-42.3869952459572,-290.110650354851,-240.544195180938,-367.252551986227,-211.692702341633,103.379460160208,413.696683034811,-363.786538306273,901.896360742411,-483.744814265339,190.198834023189,112.056807717088,-0.0174924061884138,-296.517716154574,177.102914673549,-247.570452797295,481.677382455202,-108.516233079987,-196.491793126834,130.010027114195,-191.602851487329,-0.016938181437955,-259.367339289147,150.880747061769,183.794432449485,73.9116259579807,159.372749069291,-239.437131892945,45.9349743974437,-165.048515006377,106.717153631733,-163.230963240789,-291.863633141914,-181.590158023888
106.766608204083,-224.625536047766,13.2871509179545,227.384943202927,-209.436505870189,102.927755746384,1542.80888929593,708.752685924014,704.290024957965,80.1218677309939,-0.00647037856763593,0.0902176342991763,-233.388692799562,-150.860958592612,0.0121274694200481,93.9079120068801,192.443641352273,67.5915503402579,0.345766277483716,913.266981739217,303.223023166633,186.496849510744,664.937661972447,0.238711952469416,-129.059315342687,-169.029936349376,387.101545173038,-277.623302251554,159.928112943813,64.8596811249586,-205.911973642094,-313.617024830777,-410.933624333411,483.318382258845,-440.896265326948,-5.98761392726587,-261.281288749001,109.502365969382,0.0159466381255389,57.414447565396,-171.4603729058,115.390725813638,-156.504894390759,206.484131691408,-192.40958387376,426.904382727267,-185.257029286876,0.0123668079158686,-252.569887438777,-145.796551362695,43.9168796887812,71.0973221132854,-110.803218390238,687.213052754212,45.0502537100279,-158.841454411309,104.181096625755,313.985046692866,-283.102975326975,-175.998812632932
155.768625892068,-221.816514045262,48.0167615646031,94.0121006721591,-205.914840127059,442.173964853837,708.752685924014,1871.95686980145,517.911334262572,142.02724218062,-1.00227902485048,-1.50446587914103,183.710405553161,-149.140044232994,1.478631670752,168.245113680215,282.069514575933,156.6453740611,0.800322850591662,49.3054334026559,387.430585560418,269.911366249435,302.730560607812,0.970928764317672,321.770848036958,-165.487934400336,547.730199297068,198.968284997229,-227.518192669381,636.554258493844,-203.042318168889,178.345882822811,547.044386266244,142.369738762853,-437.334969461793,82.9407166769922,-257.390099051967,-226.686273216454,-1.45874229654308,-281.535536656945,-171.888886546388,180.963388103226,-155.882907192334,626.743014726369,-189.498221005553,534.070295132997,-184.512793169341,-1.2794951317206,-251.088657542882,-144.393330183726,68.6390317820397,103.429421857821,-109.715919507158,491.532796841161,79.9843268712048,-157.030886737225,149.717180990618,122.052611311592,-278.547775816464,-173.959863832591
448.683336486696,-2.13522493351417,-205.576450868899,-122.650801354814,-251.119106298347,124.459696517357,704.290024957965,517.911334262572,2285.79209761404,907.986416936823,0.0519921826357169,0.256218713014966,-276.771654717622,128.386442397886,-0.0720988970366365,117.5879764316,807.441773347252,89.4329435159565,0.565776634159553,1113.39418876098,368.261370747335,227.37536167961,-271.484059188073,0.274923669513041,-156.451917748699,-204.097888353359,473.863642657436,645.067110531866,-277.804619452306,590.894183271783,-245.228588717464,-376.118143892759,-4.89507613266755,80.7744611628248,525.484458130931,554.103871951784,-315.692284778954,-275.596209221655,0.120894629793871,490.30239864098,-206.582434059907,143.572806197962,-188.834350892109,-125.693682596727,228.92616760887,153.148854207732,112.465125284251,0.103150269543956,-304.079676643022,-176.51551035783,54.4684540361192,88.0204528513271,187.403566915191,461.406391312731,56.1259112491302,64.9536186539847,126.200518442008,382.542848946476,-340.430566109654,68.1911105392933
89.0916377064928,-92.5378496891225,-303.644334022343,49.3762728015709,-58.4508250030384,-262.077715610962,80.1218677309939,142.02724218062,907.986416936822,3705.41611403428,-0.0605677220687468,0.0746813372378402,561.250257303739,-268.110351847064,0.0936322665194018,557.972985434195,811.490986290399,578.220215897699,0.612778940694823,-265.598263949616,-274.737248340014,152.768613717032,-401.232031310664,0.4458673468486,826.651603247984,-300.95019712487,948.067116499024,623.646131104985,130.635271788035,529.470584188684,196.351214256086,-555.423360474018,-732.154848745608,-49.0157885738833,418.927305492265,443.11162118101,144.752619365019,-409.994833696016,-0.0461208837762674,437.884774219079,164.612640621597,558.283832491318,-281.390324473454,242.809043330427,702.815719286216,-319.140408907258,431.233211780513,-0.0431387512213976,8.13567543495915,-261.698384512536,-160.084724348578,58.2701439112793,167.793787381522,432.573420152087,6.55077381436169,886.620270940178,434.992703838571,370.675887960287,-81.0262305469964,6.07547686412854
-0.0386479637600097,-0.0501520180233449,-0.0526131390122205,-0.641978412162655,-0.035448191734322,-0.02917548088704,-0.00647037856763593,-1.00227902485048,0.0519921826357169,-0.0605677220687468,0.00767726209013843,0.0131062700320527,1.00142445071446,-0.0537735472572209,-0.0112851468473997,-0.0852629113697633,-0.640574739227154,-0.0840902095302784,-0.000737045941907786,-0.15488079072856,-0.062482998333859,-0.0989189508841696,-0.0932429711028339,-0.00456867178252022,-0.0474136141122964,-0.0352534498786515,-0.101532796671039,1.49409528800304,-0.066896207526436,-0.0886793543758419,-0.0496618432790593,-0.0720895701565416,-0.100774303083261,-0.078719097447571,-0.0855744667311044,-0.0892621779332118,-0.0184791688388402,-0.0156896928354227,0.0115753081983018,-0.0343636568130659,-0.00994146360102691,-0.0373189278347875,-0.0145815747795279,0.0191592780153033,0.00951661557276496,-0.0143757103062974,-0.0284748277240998,0.0101273013260993,-0.0250823352780561,-0.0318916118598286,-0.0357137934100409,-0.0286127463734719,-0.0403590123444837,-0.0452888962384505,-0.0428485500719276,-0.0352821571775928,-0.0311969841491421,-0.0407696982445011,-0.122762341681201,-0.0624121064135815
0.0441621185636708,0.0723761533112719,0.0305267563266867,-1.13132018181622,0.0885679252710674,0.0545860633363704,0.0902176342991763,-1.50446587914103,0.256218713014966,0.0746813372378402,0.0131062700320527,0.0229737862844171,2.14309159236738,0.0148575418778646,-0.0192499996675722,0.0654934192736596,-0.828336132550308,0.129621213804767,0.000784606918099194,0.109222892575853,0.0061583160298347,0.0222710273671088,0.000853318190086043,-0.0063921706249058,0.0101685956585184,0.0608925571186033,0.158366684498477,2.51367884160573,0.0460097795986589,0.0946086283636437,0.0559711648447826,0.0949199974786664,0.11484423410206,0.112243269523719,0.165449969681559,0.175692044172264,0.15279753646578,0.134082824914739,0.01991296336476,0.146871166288018,0.105687727312624,0.105863154457394,0.0854020095151538,0.106093071039828,0.151112393450012,0.102205701921828,0.083400485118319,0.0174125807381319,0.136123078204732,0.0483474403452529,0.00245944926170598,0.0237356119866684,0.00891637417915157,0.087419236699848,0.0263067031209597,0.0529427456815133,0.052671412919934,0.0434288584239979,-0.0116923888013345,0.01729637167385
128.908484233646,-42.7614393416579,258.512768185897,70.2748438437632,-10.0903832188051,123.576852558935,-233.388692799562,183.710405553161,-276.771654717622,561.250257303739,1.00142445071446,2.14309159236738,3718.43152466628,127.560033853934,-1.46083745669629,88.3441394269954,-445.457568760299,1361.9051451905,1.3814131320196,1234.9613014416,-252.737073541437,220.255187042454,-369.474535222987,0.0548629027128702,1451.82168194504,309.874800626435,-140.315167142516,-452.954480166392,763.38456355208,34.897215663889,252.708893634855,694.072100039894,-667.160589472444,-568.799817988254,-721.184399948114,1253.85438346079,220.40809721694,-372.913926646748,1.61991732707841,27.4812051904425,214.278609140853,644.323507083879,-256.470950787415,-172.50154911251,236.591640395002,148.657562086041,97.5779544607304,1.41048934901233,71.0204499133655,182.261569506228,242.91482432736,-169.803497124093,-180.723723094411,-377.378867562544,308.57729586507,662.357729815729,127.464181538183,-255.90810460111,870.536122405087,-285.499886485548
-164.698480635339,230.558823416178,13.9599240268667,68.0763334561648,-222.757817065793,109.413429944463,-150.860958592612,-149.140044232994,128.386442397886,-268.110351847064,-0.0537735472572209,0.0148575418778646,127.560033853934,1746.39666899612,0.081799846398332,100.149840701375,-291.560470085829,78.3281170748384,0.36869139073867,-46.6530877548183,321.801994994632,-282.164715472723,-240.822840629348,0.276318375900181,-137.565147157704,249.362020073397,-501.72085657518,131.44851439947,-244.874892879652,69.2052032222672,212.050164049969,105.360950051154,-8.85180519549786,71.0018821365389,-6.73695769870152,975.792983382776,193.837600308913,-244.847234131531,-0.0540051906278466,57.6112652884652,181.673757834359,123.880040099528,-167.713197263781,-111.93973233115,-202.679011046793,133.152488544773,-197.89623096946,-0.0489188581713675,-270.369633089604,-154.941178743236,-96.1075588250727,-110.829164654814,163.721010893063,-248.735510631641,242.973127856256,54.5473734121167,-159.426157429055,-168.24248548986,23.7858537000838,553.467295285196
0.0596560706708798,0.0778027851909395,0.0804477772151739,0.942758730189341,0.0559587729185471,0.04558356153534,0.0121274694200481,1.478631670752,-0.0720988970366365,0.0936322665194018,-0.0112851468473997,-0.0192499996675722,-1.46083745669629,0.081799846398332,0.016588936220885,0.13078468636186,0.948461776055674,0.130666041378274,0.00113619827438696,0.237319653596268,0.0947616474399551,0.150343897171181,0.141196791276943,0.00675205223280529,0.0720494248154591,0.0549488676269186,0.157817736686924,-2.19719195636651,0.102473130359922,0.136709617558431,0.0766367748524723,0.111599859929289,0.155544836414916,0.122084897644232,0.133839001736689,0.13968701694907,0.031926300846867,0.0272193509909495,-0.017011126537695,0.0558231267156045,0.0177825789809223,0.059238026875559,0.0242838228934027,-0.0262669956318436,-0.0105043231292276,0.0244062948072358,0.0452672218876252,-0.0148833713198507,0.0414930183639286,0.0495347371667685,0.0541360999556744,0.0439344606009105,0.061336034119064,0.0708284361823773,0.0655546432803047,0.0547869305688781,0.0485947540571623,0.0628495424130199,0.185566518247395,0.0949420902926464
529.776124384053,248.934291305093,-357.675508788563,-207.34987480059,-440.590465883976,98.0615856049638,93.9079120068801,168.245113680215,117.5879764316,557.972985434195,-0.0852629113697633,0.0654934192736596,88.3441394269954,100.149840701375,0.13078468636186,5127.56966027839,188.416003443591,-64.8621847685427,0.727526151258166,-1101.47531254547,419.623182163199,174.609263285198,-475.186746894462,0.535563624004293,350.433770617033,-359.771526273384,1113.07640186937,72.8089195477004,152.793139156515,-742.162230112789,-426.66772250006,-652.47151224359,460.621877222306,622.482713853859,-928.902002085151,520.81650277985,-547.484492708141,-479.975997701222,-0.0749863367669229,-45.0254508964121,-358.621146998343,77.1282183686935,177.263841886907,287.438795664878,216.114921905376,-370.558199609255,61.1660185687051,-0.0689093570588365,-530.482353831938,-304.008522942656,27.4410350027565,355.308450500852,-236.168641068636,-486.600897963799,-294.641163532031,6.66456485195567,922.046139316453,438.9513551988,-99.1014211667048,6.97349801730715
-297.228979536301,427.26831428841,-328.883992766223,-190.887103138918,-406.594922748635,201.906434424311,192.443641352273,282.069514575933,807.441773347253,811.490986290399,-0.640574739227154,-0.828336132550308,-445.457568760299,-291.560470085829,0.948461776055674,188.416003443591,5880.23171448006,144.880262251301,0.965481745747429,-84.1162849256146,589.481210233457,361.402865480906,-439.113723262172,0.964124677745855,-250.07381213142,-331.713721084078,2433.42680174366,-546.038313108773,-444.237859716106,132.009047750238,-395.019148855305,204.246286823136,1574.66828255216,946.873350793733,-6.09404715939309,-11.5501220922091,-503.299690760805,214.468968728018,-0.898501643478266,-557.838214822744,335.450580582635,228.292131304425,303.111061030766,401.244215004013,1832.90280337286,-339.986273128115,-354.828583656828,-0.790255395513375,162.699737477692,-277.432661586553,-173.870296254591,142.338811825816,-214.309199660919,147.176518844565,445.181753831193,101.54904157285,202.176478757293,154.615770876678,45.5204166340692,-340.630832310857
572.520235501808,649.263371347218,-459.372841481339,659.586625704508,-137.896337778104,73.2463119350679,67.5915503402579,156.6453740611,89.4329435159565,578.220215897699,-0.0840902095302784,0.129621213804767,1361.9051451905,78.3281170748384,0.130666041378274,-64.8621847685427,144.880262251301,7576.71923154468,0.939162172628801,-1418.86340648224,-421.627845344081,-720.134311008608,-613.241841107454,0.679289024599018,1088.80725664716,-464.625536677652,-1272.38564475629,779.580737878613,857.246319004358,-955.157307781814,-553.314583723408,1499.10253778082,-346.001063445368,-160.182629785115,-1199.34617406016,1353.4466433161,-704.536690334846,22.9830571740343,-0.0574497035472262,-134.47710120345,181.406842002407,-648.321587673413,-426.326674113263,-285.833606824781,907.716306982288,92.2419914991012,19.1603272959412,-0.0545388629494131,-55.1838099860529,153.199485528671,8.10944354043075,-281.207726223825,-301.512013560834,-50.3428182386141,-32.2247115336564,-34.6106356699889,-403.398320728855,18.4973388566682,387.884943832318,-37.4178163936267
0.379110247904189,0.54331684697017,0.415234688858764,-0.0589019347017799,0.511536776144593,0.358612723115063,0.345766277483716,0.800322850591662,0.565776634159553,0.612778940694823,-0.000737045941907786,0.000784606918099194,1.3814131320196,0.36869139073867,0.00113619827438696,0.727526151258166,0.965481745747429,0.939162172628801,0.00703360304061295,1.28833768737477,0.390554360858959,0.660978215291802,0.554407065554906,0.00523507971244408,0.315092946228027,0.416056673875523,1.14030439489202,-0.269454084140992,0.552485985212099,0.846968987229195,0.484503144085721,0.749907647202555,0.987476966811337,0.848163274555847,1.07005916823934,1.12677957329005,0.630090271485307,0.549804606272461,-0.000592763606507807,0.703841959744876,0.419024509897872,0.581550284767337,0.377327587943247,0.248285659247873,0.458761664209277,0.433383405276548,0.452679217815666,-0.000550587318761785,0.612312673396968,0.353414039648359,0.21961698673519,0.250134174782222,0.269099463374372,0.565825831648068,0.343097097463995,0.389130459343373,0.364043324361956,0.389160312159457,0.686242939410017,0.428097828181744
-49.0570763578691,-823.359784402475,102.324967430195,-39.3433151161593,126.672796429944,-47.4431272512923,913.266981739217,49.3054334026559,1113.39418876098,-265.598263949616,-0.15488079072856,0.109222892575853,1234.9613014416,-46.6530877548183,0.237319653596268,-1101.47531254547,-84.1162849256146,-1418.86340648224,1.28833768737477,10447.4184282271,340.083497544823,818.929225060444,50.3157242111295,0.950210279560999,-479.088663568692,984.177272185284,-888.528599372421,-232.304947211286,698.195193155295,358.716620777778,-760.117787977944,487.145000429624,-1517.90025205959,-1292.04362209936,106.226793196787,1944.9397109764,799.367360945922,-169.088846941062,-0.138687109059221,1666.02906423379,44.057397510306,-177.878516889057,-582.218234925464,-389.537457202446,794.868398626191,544.149386354172,-686.057239886429,-0.127186212685561,-932.705457469785,36.6977113560497,-66.1106438478499,-34.6363110879719,117.301420853978,-246.384248515653,-146.636224031528,249.08545800388,-547.939337429937,-586.200856153356,-436.684331157399,-186.912654188435
-167.213007716347,177.152866602171,513.303821661575,-107.710728828201,-228.859300030707,314.264403132786,303.223023166633,387.430585560418,368.261370747334,-274.737248340014,-0.062482998333859,0.0061583160298347,-252.737073541437,321.801994994632,0.0947616474399551,419.623182163199,589.481210233457,-421.627845344081,0.390554360858959,340.083497544823,3304.53985583405,-286.478790250043,1442.44160691883,0.295268850224479,-142.666191487288,-182.680344334041,305.085762808497,-302.942039121215,-252.05318533532,414.541134781412,-220.329486808661,-338.592035617668,1091.52244529581,-377.883239936857,1182.10826934413,364.083627470642,558.168900234554,-249.659105024285,-0.0655709435664064,337.919799249787,462.914092829472,-256.916988048632,423.59069287796,478.942209492712,512.76577837934,384.153229438933,-199.595324121309,-0.0591343601078627,-274.446180196398,-155.533694645087,154.967407218372,221.46999310222,-122.197898830699,330.252813132238,198.500336456321,-173.931602447994,-162.371893832381,-171.275431014784,-305.65808081728,250.38367941463
202.516076145996,-4.86501268396183,-319.049838752981,122.057940111892,-395.207552944043,191.836257908405,186.496849510744,269.911366249435,227.37536167961,152.768613717032,-0.0989189508841696,0.0222710273671088,220.255187042454,-282.164715472723,0.150343897171181,174.609263285198,361.402865480906,-720.134311008608,0.660978215291802,818.929225060444,-286.478790250043,5442.73519504491,-418.956888781919,0.496543564890199,-242.938011997075,443.364791157264,724.529316706947,-524.988116013974,-442.692249842746,118.706277837415,-387.861153381149,-588.818105429449,-775.444498521894,125.214700653555,-11.3788285105557,-881.486794714948,-492.349810074514,-427.523415489077,-0.100629406086381,100.584458544748,314.407710150401,213.132130436507,287.709694153895,383.94514542424,348.713295029784,231.51673218113,-349.05136047424,-0.0910329949319137,147.08094615323,269.560349963783,331.902886295355,134.856771532341,-209.56393590955,-435.522818435322,82.2437856446943,94.0196918812564,194.00864621866,-297.625904748372,40.3046695287492,-329.657844505135
-242.218964026801,54.8730873800926,408.957844706018,-155.079813911055,-335.3583559928,226.625074075942,664.937661972447,302.730560607812,-271.484059188073,-401.232031310664,-0.0932429711028339,0.000853318190086043,-369.474535222987,-240.822840629348,0.141196791276943,-475.186746894462,-439.113723262172,-613.241841107454,0.554407065554906,50.3157242111295,1442.44160691883,-418.956888781919,4573.06410585409,0.421257774339359,498.903836833298,-272.552571722727,-747.964261288028,-436.396130218363,1076.53359398373,217.512471682408,424.536866223188,-495.495591612795,846.508325166393,218.648712369615,918.330296103348,-741.996982981688,404.075643129828,-360.197083990706,-0.0999670759354524,-460.590809880195,356.624353334738,-379.637103049982,327.14116929816,407.883946857454,-298.707209395634,277.587178865428,-290.654794695433,-0.0899666191343821,-399.422422833927,-226.401554120188,103.845934586382,-163.933227247208,313.498708814286,767.69669507658,117.504491765793,-255.617220127039,230.682082276119,-252.054214010436,678.616436150912,149.507501693785
0.276392974444629,0.393676219118928,0.307507339033599,0.390249341688138,0.365180169306779,0.258018781916067,0.238711952469416,0.970928764317672,0.274923669513041,0.4458673468486,-0.00456867178252022,-0.00639217062490581,0.0548629027128702,0.276318375900181,0.00675205223280529,0.535563624004293,0.964124677745855,0.679289024599018,0.00523507971244408,0.950210279560999,0.295268850224479,0.496543564890199,0.421257774339359,0.00622509245754318,0.236825790985621,0.30000180238985,0.824510170080442,-0.68154120533544,0.4077066289381,0.618574067175578,0.353355722472769,0.544700115616116,0.719976735651276,0.614760342312061,0.769209903810391,0.809589098516762,0.438112607034554,0.382086546426134,-0.006531181306826,0.495768885669298,0.290264176260289,0.413776921395321,0.263995725098737,0.160351964263867,0.308311762565688,0.302112794770744,0.321817476268793,-0.00573619335224691,0.429061832244448,0.255736891291003,0.166304614414582,0.183808515786334,0.202194670943076,0.406760816767856,0.253794879073562,0.28165979471628,0.262660027621712,0.284229835118637,0.524844703280891,0.320828938455979
-139.915750075593,148.074871417349,-155.034267893271,169.51347975451,-191.672382418772,258.90130188322,-129.059315342687,321.770848036958,-156.451917748699,826.651603247984,-0.0474136141122964,0.0101685956585184,1451.82168194504,-137.565147157704,0.072049424815459,350.433770617033,-250.07381213142,1088.80725664716,0.315092946228027,-479.088663568692,-142.666191487288,-242.938011997075,498.903836833298,0.236825790985621,2294.44942565299,-157.845582740971,-425.500194794549,-249.395483663964,405.736186847425,-314.955312251557,-183.686503375341,369.052975403639,-371.117091427421,-313.972669108345,291.238437117006,309.627743973448,-237.119736844738,-207.799093002525,-0.0483619736891708,-264.649605204384,-158.66778286667,346.336800870674,-142.282207253563,-94.7488851553632,-170.498415807962,-162.814450369328,269.075293192498,-0.0437382425978944,299.678851573386,-130.963189748037,129.962680491124,-94.0955000047863,318.96519247254,277.570946566638,-127.5324213419,522.886939866563,665.196825826777,-144.82277453673,228.043787082053,-159.920251353102
-185.2322458221,-266.910884149067,-205.081056089637,-118.34401996639,128.711991091316,-177.972923169091,-169.029936349376,-165.487934400336,-204.097888353359,-300.95019712487,-0.0352534498786515,0.0608925571186033,309.874800626435,249.362020073397,0.0549488676269186,-359.771526273384,-331.713721084078,-464.625536677652,0.416056673875523,984.177272185284,-182.680344334041,443.364791157265,-272.552571722727,0.30000180238985,-157.845582740971,3223.07913125572,156.246096694572,344.092642630238,-285.741475442738,-423.098496485368,-247.886173364107,1015.38898644125,-493.748413296367,-419.865829125929,206.02005994303,-562.336212022185,-315.44002429532,-274.482703240352,-0.0224221115930337,230.642252327193,-211.379906105374,310.79457844817,334.437907176193,-127.109874758399,-227.749600254733,-215.745981907429,-222.931713099952,-0.021512325668788,-302.311545457357,-175.192446773725,342.646104740114,-124.845128044638,-134.958026970096,-277.280215984036,142.079414770779,163.665910686231,-180.701728318617,-192.38190188552,171.935616646134,180.079354857553
-508.796320293484,-343.402897563747,-235.903797506251,-36.0645136517058,922.427169394376,-42.3869952459572,387.101545173038,547.730199297068,473.863642657436,948.067116499024,-0.101532796671039,0.158366684498477,-140.315167142516,-501.72085657518,0.157817736686924,1113.07640186937,2433.42680174366,-1272.38564475629,1.14030439489202,-888.528599372421,305.085762808497,724.529316706947,-747.964261288028,0.824510170080442,-425.500194794549,156.246096694572,8394.48765160414,-202.829383716971,-75.6812724547375,-425.678621411292,765.324414363472,-299.531659977823,89.3002151376301,323.39161665305,-685.252015818914,97.9986782170357,-76.2007039871226,-151.001716458114,-0.0688946066482285,-346.837361896575,648.237837489261,472.371455279108,-520.429780062446,763.454480056184,713.503962261406,-50.2090547717915,-122.47695962264,-0.0654680784759195,-833.989609626401,-484.26035350161,417.37905761655,-29.3323495862395,104.3908428931,323.154609434455,194.591158078833,-151.579062517015,-43.0238182354968,313.599050592672,-936.526607496406,-168.091903901098
573.85365527942,-435.785859502643,-334.014597130729,-193.894697144511,-31.7592080028496,-290.110650354851,-277.623302251554,198.968284997229,645.067110531866,623.646131104985,1.49409528800304,2.51367884160573,-452.954480166392,131.44851439947,-2.19719195636651,72.8089195477004,-546.038313108773,779.580737878613,-0.269454084140993,-232.304947211286,-302.942039121215,-524.988116013974,-436.396130218363,-0.68154120533544,-249.395483663964,344.092642630238,-202.829383716971,4910.00327868018,858.728469181091,716.934831391343,-397.296387944933,79.2263811675067,-120.749301514283,10.5997969535935,-132.438873575424,-914.459377168297,-516.754277442269,120.856150654475,2.24332176239306,5.09583146497198,-341.47063483919,123.514319094881,-310.219501762262,-208.104486654334,254.796170367817,-352.469844396322,98.9979836469209,1.96327334333026,-491.556483473392,-290.015785332406,48.7747565476539,-203.662596639304,226.608526708984,60.8284208065856,36.7813386032823,39.9242384777472,-292.653644246784,-314.176677913012,-41.6836797480405,-346.048196772838
172.550498201625,-359.695941182077,22.3899472465056,-159.610868467511,396.659347811084,-240.544195180938,159.928112943813,-227.518192669381,-277.804619452306,130.635271788035,-0.0668962075264359,0.0460097795986589,763.38456355208,-244.874892879652,0.102473130359922,152.793139156515,-444.237859716105,857.246319004358,0.552485985212099,698.195193155295,-252.05318533532,-442.692249842746,1076.53359398373,0.4077066289381,405.736186847425,-285.741475442738,-75.6812724547375,858.728469181091,4070.78297112959,-572.914299287785,323.973187942283,834.589414632299,-6.61531757920097,-572.38046020224,-715.934016515479,-755.812644999276,292.385139975718,179.646327452821,-0.06019773096309,84.3556442052082,273.599436974432,187.258763699715,-255.499236043807,-172.508406045678,-312.901731467373,200.731870426595,-302.146637359715,-0.0551749922069584,-407.492899555336,-240.164570914612,-145.454603782772,-170.361769790885,-182.605426841971,-376.188489270589,-225.836591555025,84.6752292427164,169.466539104065,124.414996458631,1025.5107347258,-286.718169164361
-386.335919644554,598.315828247041,216.330987884929,320.668950121236,-524.086335513428,-367.252551986227,64.8596811249586,636.554258493844,590.894183271783,529.470584188684,-0.0886793543758419,0.0946086283636437,34.897215663889,69.2052032222672,0.136709617558431,-742.162230112789,132.009047750238,-955.157307781814,0.846968987229195,358.716620777778,414.541134781412,118.706277837415,217.512471682408,0.618574067175578,-314.955312251557,-423.098496485368,-425.678621411292,716.934831391343,-572.914299287785,6426.63441086661,-509.701643265641,-782.441511398462,-311.881359191654,575.212094426514,1946.61870792686,442.89602364836,117.022452818803,23.2356810986856,-0.0712671917586302,-124.619038389414,-432.236813297601,641.286881101196,152.971210143456,-262.518058858635,-478.585516035022,80.9632975847612,17.2246205531963,-0.0662024621770633,532.115307268451,-366.028173188329,-224.736434167901,45.6652143552565,-280.022833806073,-44.4045848418157,-346.04231060049,-396.359643401305,68.572571529868,426.318448494239,359.022100858152,368.012004805788
-223.214163276978,-321.166809332202,-245.956978011207,131.253224080972,459.657144828726,-211.692702341633,-205.911973642094,-203.042318168889,-245.228588717464,196.351214256086,-0.0496618432790593,0.0559711648447826,252.708893634855,212.050164049969,0.0766367748524723,-426.66772250006,-395.019148855305,-553.314583723408,0.484503144085721,-760.117787977944,-220.329486808661,-387.861153381149,424.536866223188,0.353355722472769,-183.686503375341,-247.886173364107,765.324414363472,-397.296387944933,323.973187942283,-509.701643265641,3788.80594424785,-455.051893805502,91.469255396824,192.743293242287,-635.561426466499,880.799616076019,370.04794683567,-326.509955659435,-0.0391521434060535,-414.740687437156,-248.172596332138,252.142174445886,-225.728548418949,-150.987672369037,-277.912412010914,-257.210883431796,-268.727767405016,-0.0364574946125702,-362.118307337003,273.853844062082,-129.104259126669,441.293810376681,-161.753201516327,181.421554809576,107.651629692824,125.273200674858,-212.890213439511,166.615065407156,103.78959429289,135.505917943933
108.736081813864,-490.786072554494,255.108095486859,62.0859086395383,703.74926877951,103.379460160208,-313.617024830776,178.345882822811,-376.118143892759,-555.423360474018,-0.0720895701565416,0.0949199974786664,694.072100039894,105.360950051154,0.111599859929289,-652.47151224359,204.246286823136,1499.10253778082,0.749907647202554,487.145000429624,-338.592035617668,-588.818105429449,-495.495591612795,0.544700115616116,369.052975403639,1015.38898644125,-299.531659977823,79.2263811675067,834.589414632299,-782.441511398462,-455.051893805502,5687.61728108386,-905.75676182851,-781.427251526662,-224.325220271351,-239.887897974169,-575.979948117381,77.9355784453644,-0.0533634899346453,-638.243855518868,204.621863893532,-529.790763063522,188.31077255028,-231.979267359208,867.772331082482,642.451822224977,59.501421083061,-0.0500999977795774,-555.976414995813,168.438072997456,260.142452671015,-230.763581498432,208.57318092156,-511.543722780153,8.2505129410952,8.90788321453113,-327.544753203007,-354.057205240277,-101.990801039594,7.18500843789501
-447.941721635045,469.908471876875,125.907349883863,-285.751163074776,-227.433580298689,413.696683034811,-410.933624333411,547.044386266244,-4.89507613266755,-732.154848745608,-0.100774303083261,0.11484423410206,-667.160589472444,-8.85180519549786,0.155544836414916,460.621877222306,1574.66828255216,-346.001063445368,0.987476966811337,-1517.90025205959,1091.52244529581,-775.444498521894,846.508325166393,0.719976735651276,-371.117091427421,-493.748413296367,89.3002151376301,-120.749301514283,-6.61531757920097,-311.881359191654,91.469255396824,-905.75676182851,7002.56159257672,383.159503544224,197.128167392255,-570.419248186914,-7.0363613050993,481.934501527906,-0.07912633348264,-256.641641274726,652.879937432071,-689.486244650728,596.994222802101,223.366038128954,83.4673268094862,-514.098819551428,-71.3255496531114,-0.0737183849379333,-166.625112967508,-423.007520117794,189.111811130644,-3.15660719192903,124.384936384769,-156.308157499628,-93.3912180135745,-105.799319050833,-430.998822087808,-65.5262796321733,208.390745567701,-510.559812553199
-382.444401075331,-170.967261392606,-423.302626156346,37.9178821523924,-520.763761559219,-363.786538306273,483.318382258845,142.369738762853,80.7744611628248,-49.0157885738833,-0.078719097447571,0.112243269523719,-568.799817988254,71.0018821365389,0.122084897644232,622.482713853859,946.873350793733,-160.182629785115,0.848163274555847,-1292.04362209936,-377.883239936857,125.214700653555,218.648712369615,0.614760342312061,-313.972669108345,-419.865829125929,323.39161665305,10.5997969535935,-572.38046020224,575.212094426514,192.743293242287,-781.427251526662,383.159503544224,6350.16807176508,-1097.74866701394,-358.255009992664,-648.409484923186,-561.378836523139,-0.0560895787593192,-716.648406393146,-431.016566519321,636.537290686525,150.692614227068,-258.389624537051,-472.225529357257,82.5050485395263,496.290824286879,-0.052933360092917,-47.7441775117267,-364.331019851453,-222.178549332064,46.6937408923788,184.056298759502,486.55833616438,-26.1879240200611,-395.872994075281,507.270122676166,423.099826653388,356.157500342938,768.840974813421
-483.980030771996,106.410485682715,805.945681050417,283.430964766019,-655.637401050805,901.896360742411,-440.896265326948,-437.334969461793,525.484458130931,418.927305492265,-0.0855744667311044,0.165449969681559,-721.184399948114,-6.73695769870152,0.133839001736689,-928.902002085151,-6.09404715939309,-1199.34617406016,1.07005916823934,106.226793196787,1182.10826934413,-11.3788285105557,918.330296103348,0.769209903810391,291.238437117006,206.02005994303,-685.252015818914,-132.438873575424,-715.934016515479,1946.61870792686,-635.561426466499,-224.325220271351,197.128167392255,-1097.74866701394,8177.13575948799,225.399254301731,-5.40704337908894,1135.16358314597,-0.0499505439717844,-276.277925374074,86.0145447784313,-745.371641397462,1211.09797799328,-323.737801849527,94.6615421623965,-553.048581681725,424.85608392999,-0.048578264631637,1031.28877312488,73.844341327171,-37.1286458306537,-3.44945826640455,616.682660510646,390.058057688622,-99.8646043214665,-114.024443862878,451.785917234801,-497.238531678207,-324.749490475733,-129.610924528313
-8.56221219399756,111.409954465059,-560.785433851916,300.211957329245,-254.13466162536,-483.744814265339,-5.98761392726587,82.9407166769922,554.103871951784,443.11162118101,-0.0892621779332118,0.175692044172264,1253.85438346079,975.792983382775,0.13968701694907,520.81650277985,-11.5501220922091,1353.4466433161,1.12677957329005,1944.9397109764,364.083627470642,-881.486794714948,-741.996982981688,0.809589098516762,309.627743973448,-562.336212022185,97.9986782170357,-914.459377168297,-755.812644999276,442.89602364836,880.799616076019,-239.887897974169,-570.419248186914,-358.255009992664,225.399254301731,9078.61405437241,-859.223341651464,-739.60353694797,-0.0513131568351528,-290.979077195464,88.7087596675358,-103.899147544681,-516.294673621311,253.598591748732,816.858342833567,-5.89310857141885,-81.0403286650012,-0.0500292709147193,-191.32748592658,628.212372372467,-39.6576750975768,333.659107710825,-366.150831191668,-763.009972402548,248.957639772206,284.993113201186,-491.593051871723,-72.0313995246409,-344.815229797238,307.639307609844
-284.924463750528,-5.74907775650383,363.152063398615,-182.596853181643,449.416201036187,190.198834023189,-261.281288749001,-257.390099051967,-315.692284778954,144.752619365019,-0.0184791688388402,0.15279753646578,220.40809721694,193.837600308913,0.031926300846867,-547.484492708141,-503.299690760805,-704.536690334846,0.630090271485307,799.367360945922,558.168900234554,-492.349810074514,404.075643129828,0.438112607034554,-237.119736844738,-315.44002429532,-76.2007039871226,-516.754277442269,292.385139975718,117.022452818803,370.04794683567,-575.979948117381,-7.03636130509931,-648.409484923186,-5.40704337908894,-859.223341651464,5248.43422123627,-417.011852320204,0.0189277143461018,734.739086098704,311.914284411953,-441.488525145949,280.959362273562,-192.917795474047,-352.381768420964,-329.663380686684,-341.466203463593,0.0136745741853776,149.046545049581,-267.258172689603,79.5377206494918,-191.165641519607,-206.020399825524,137.502509817206,-256.076261097186,-293.498824893564,-273.685922982511,143.722443048667,40.2490990206521,530.593965032215
