0.17676182968958,-0.000672671741909539,0.016367600274695,-0.00287690807998298,0.0371201244894445,0.00717544650021352,-0.000996859426644142,-0.00650968261843747,-0.00219828642329902,0.000554227651274053,0.000825025265016261,-6.68390882163711e-05,-0.00682372567820417,-0.000758545671258845,-0.00743523629886317,-0.0305264432942104,0.00135542728914687,0.0135814671021444,0.000493835207596699,-0.0100791495450542,0.0208637150388017,-0.00414211830246748,0.0108435553917727,-0.000311655359545691
-0.000672671741909538,0.0368676094328026,-0.00213772735792472,0.0174591506769954,-0.000325425739244015,0.00169818895113723,0.00346460325750707,-0.000719905967077094,0.0190045930372192,-0.00399381920869348,-0.00358203496198413,0.00101078992078092,0.00496941582687702,0.0120124297148393,-0.00690398383536988,-0.0128600617368082,0.0119710305551874,0.00377075455622884,-0.00115664498349012,-0.00815727675461486,0.000574843978398042,-0.00285135197799695,-0.0128073284550952,0.0084500357130906
0.016367600274695,-0.00213772735792472,0.0730970405368769,-0.000667157819709824,0.000232510922066978,0.00674843453615532,0.000387730542365587,0.00622781915387794,-0.00512858387172898,0.00877749372078285,0.0156663393317883,0.0235230189934934,-0.0128356936036694,0.00985630639342224,0.00331234761524033,0.0025561381753608,0.00139320492846842,0.00227399053295303,0.00265424118593878,-0.0119904209673677,0.0104343102440776,0.00308544663925834,-0.00344650633673381,-0.00183930045103037
-0.00287690807998298,0.0174591506769954,-0.000667157819709824,0.0231488320350452,-0.00191423066937247,-0.0013037242192603,0.00152866797209632,0.00140554658061087,0.0147390157114996,-0.003684010523976,-0.00316998557512316,0.00172667717881888,0.00139316207816087,0.0207000594000296,-0.00286904894357647,-0.00408512197215256,0.0162700221910555,0.00218690035835394,0.000500653621783416,-0.00141824023411729,-0.002242057348413,0.000542056229439986,-0.0107658905588878,-0.00554655448084103
0.0371201244894445,-0.000325425739244015,0.000232510922066978,-0.00191423066937247,0.148784398053171,0.00945565807083705,-7.67654289192254e-05,0.00375130991163505,-0.00833771084314862,0.0104986975847703,-0.00183521370133008,-0.00917577094091592,0.00503460489096348,0.0160301051984908,0.00107906338565269,0.0110737472487329,0.00701454639023106,0.00676635954217007,-0.00384601305973832,-0.00731663231527782,0.0104747976335301,0.00136611336011941,-0.00190681253176546,0.00333328859683735
0.00717544650021352,0.00169818895113723,0.00674843453615532,-0.0013037242192603,0.00945565807083706,0.0916949285092393,0.0038863800428109,0.0252735691508001,0.00526962068176619,0.0134873252788615,-0.0122352294114573,0.00841661473214026,0.0168600464092258,0.00730853523446164,0.000150173709836809,0.000176839427784968,0.00010634429612636,0.00209437380441195,-0.00108073913582668,-0.0106224504343222,9.72360319682278e-05,-0.0164456476381239,-0.0065410747069744,0.0283736947695832
-0.000996859426644142,0.00346460325750707,0.000387730542365587,0.00152866797209632,-7.67654289192254e-05,0.0038863800428109,0.0512016905541859,-0.00581560641702184,0.00607255759466631,-0.000740605570053601,-0.00633539463030325,0.00143497572408322,0.0127774173195019,0.00202723888116534,0.000718277216479839,-0.0016338806548134,0.000705179327779206,-0.00352935132251881,0.000112818756260091,-0.00636116729279621,0.00320252044928619,-5.26758208192759e-05,0.00720744356179166,-0.000907149751651366
-0.00650968261843747,-0.000719905967077094,0.00622781915387794,0.00140554658061087,0.00375130991163505,0.0252735691508001,-0.00581560641702184,0.127677231424664,0.0246631630435453,0.0239479997022562,0.00188640532859203,0.00985471920830329,0.00890418060041848,0.0274300798118603,-0.00205870654644447,0.00586029201008305,0.0146983957974545,0.00312847442185869,-0.000634719876207003,0.0191288444289036,-0.0482523557573721,-0.000259716717143643,-0.00847438779851434,0.000771685531336958
-0.00219828642329902,0.0190045930372192,-0.00512858387172898,0.0147390157114996,-0.00833771084314862,0.00526962068176619,0.00607255759466631,0.0246631630435453,0.125291531394334,0.00309571010141919,-0.00839797735748384,0.0016758141957853,0.0024450408342049,0.027143352791899,-0.0151457310252814,0.00263363228490997,0.0196706516805102,0.0195815538230847,-0.00417734215774941,-0.0102025235962226,-0.0489293211579561,0.00286145580645069,-0.0397015557015928,-0.00197217655175908
0.000554227651274053,-0.00399381920869348,0.00877749372078285,-0.003684010523976,0.0104986975847703,0.0134873252788615,-0.000740605570053601,0.0239479997022562,0.00309571010141919,0.0410714679526672,0.00200983524749559,0.00850565396375374,0.0054755357493255,0.00716624664629289,-5.28443738033e-05,0.00770060388161734,-0.00289752777337193,0.000299828414211878,0.00142748871322543,-0.0151008358035359,-0.00182445909866563,0.00104474334547985,0.0013398499725524,-0.00747647905521322
0.000825025265016261,-0.00358203496198413,0.0156663393317883,-0.00316998557512316,-0.00183521370133008,-0.0122352294114573,-0.00633539463030325,0.00188640532859203,-0.00839797735748384,0.00200983524749559,0.117865458232294,0.000150329029791759,-0.0235069063630118,-0.00537316623559306,0.0063431401034887,0.00837816272770016,0.00189877470683784,0.00187782733303994,-0.00308179648414661,0.00246602502611918,-0.00284266427545464,0.00427844326837761,-0.0064207452856241,0.00784182251179002
-6.68390882163711e-05,0.00101078992078092,0.0235230189934934,0.00172667717881888,-0.00917577094091592,0.00841661473214026,0.00143497572408322,0.00985471920830329,0.0016758141957853,0.00850565396375374,0.000150329029791759,0.0350975138260576,0.0041844583206633,0.00611596664818266,0.000721581994280849,0.00308428184716096,0.00251235547704219,0.00170536986254295,0.000160378046860048,-0.00568854984099683,0.000326994522155774,0.00103413629298237,-5.63413574584007e-05,-0.00489285888086312
-0.00682372567820417,0.00496941582687702,-0.0128356936036694,0.00139316207816087,0.00503460489096348,0.0168600464092258,0.0127774173195019,0.00890418060041848,0.0024450408342049,0.0054755357493255,-0.0235069063630118,0.0041844583206633,0.133109277418715,-0.00723494349459898,0.00416155594399115,0.020951348335917,0.0108110791125161,-0.00852899716117234,0.000596083735442488,-0.00948540424689344,-0.00539312190759664,-0.00431025020820788,0.0284865528562454,-0.0206378420126549
-0.000758545671258845,0.0120124297148393,0.00985630639342224,0.0207000594000296,0.0160301051984908,0.00730853523446164,0.00202723888116534,0.0274300798118603,0.027143352791899,0.00716624664629289,-0.00537316623559306,0.00611596664818266,-0.00723494349459898,0.24246138389628,-0.0110399006633041,-0.0140789405133297,0.0233029590667716,0.0142766598956465,-0.00455410122796648,0.00207906397095709,-0.0147607656170664,-0.00520800626054307,-0.0568238903293441,-0.0147438166531055
-0.00743523629886317,-0.00690398383536988,0.00331234761524033,-0.00286904894357647,0.00107906338565269,0.000150173709836809,0.000718277216479839,-0.00205870654644447,-0.0151457310252814,-5.28443738033e-05,0.0063431401034887,0.000721581994280849,0.00416155594399115,-0.0110399006633041,0.0414302807113569,0.0144531169883019,-0.00515488624984703,-0.00436019594209796,0.000637681088854439,0.0030585895052895,0.00162484069160469,0.00150289553262623,0.00835468452039452,-0.00451631723112043
-0.0305264432942104,-0.0128600617368082,0.0025561381753608,-0.00408512197215256,0.0110737472487329,0.000176839427784968,-0.0016338806548134,0.00586029201008306,0.00263363228490997,0.00770060388161734,0.00837816272770016,0.00308428184716096,0.020951348335917,-0.0140789405133297,0.0144531169883019,0.176717707150498,-0.0269740136911323,0.010140152963711,-0.00729305910141468,-0.00508076100155936,-0.00152748916005393,0.0087146865580514,0.013489793580306,-0.0268388288763032
0.00135542728914687,0.0119710305551874,0.00139320492846842,0.0162700221910555,0.00701454639023106,0.00010634429612636,0.000705179327779206,0.0146983957974545,0.0196706516805102,-0.00289752777337193,0.00189877470683784,0.00251235547704219,0.0108110791125161,0.0233029590667716,-0.00515488624984703,-0.0269740136911323,0.101952305549203,0.00781605759315845,-0.00332260904706829,0.00660323213949047,-0.0181169566929767,8.85438061011142e-05,-0.0136353827050739,-0.0114870376648751
0.0135814671021444,0.00377075455622884,0.00227399053295303,0.00218690035835394,0.00676635954217007,0.00209437380441195,-0.00352935132251881,0.00312847442185869,0.0195815538230847,0.000299828414211878,0.00187782733303994,0.00170536986254295,-0.00852899716117234,0.0142766598956465,-0.00436019594209796,0.010140152963711,0.00781605759315845,0.08205157740837,-0.0360383891621016,0.0135690170277716,-0.0179892286697516,1.20876747393443e-05,-0.00581203005854856,-0.00330976354556071
0.000493835207596699,-0.00115664498349012,0.00265424118593878,0.000500653621783416,-0.00384601305973832,-0.00108073913582668,0.000112818756260091,-0.000634719876207003,-0.00417734215774941,0.00142748871322543,-0.00308179648414661,0.000160378046860048,0.000596083735442489,-0.00455410122796648,0.000637681088854439,-0.00729305910141468,-0.00332260904706829,-0.0360383891621016,0.0379327450970581,-0.00365667194066038,0.00585727443870561,0.00152841830336344,-0.00252616806041946,0.00139186253584309
-0.0100791495450542,-0.00815727675461486,-0.0119904209673677,-0.00141824023411729,-0.00731663231527783,-0.0106224504343222,-0.00636116729279621,0.0191288444289036,-0.0102025235962226,-0.0151008358035359,0.00246602502611918,-0.00568854984099683,-0.00948540424689344,0.00207906397095709,0.0030585895052895,-0.00508076100155936,0.00660323213949047,0.0135690170277716,-0.00365667194066038,0.136794250043425,-0.115526080042359,0.00433670429838353,-0.00206905782542643,-0.00888910784646142
0.0208637150388017,0.000574843978398042,0.0104343102440776,-0.002242057348413,0.0104747976335301,9.72360319682278e-05,0.00320252044928619,-0.048252355757372,-0.0489293211579561,-0.00182445909866563,-0.00284266427545464,0.000326994522155774,-0.00539312190759664,-0.0147607656170664,0.00162484069160469,-0.00152748916005393,-0.0181169566929767,-0.0179892286697516,0.00585727443870561,-0.115526080042359,0.201083886292152,-0.005811198143068,0.0176713369524709,0.0105863187207247
-0.00414211830246748,-0.00285135197799695,0.00308544663925834,0.000542056229439986,0.00136611336011941,-0.0164456476381239,-5.26758208192759e-05,-0.000259716717143643,0.00286145580645069,0.00104474334547985,0.00427844326837761,0.00103413629298237,-0.00431025020820788,-0.00520800626054307,0.00150289553262623,0.0087146865580514,8.85438061011142e-05,1.20876747393443e-05,0.00152841830336344,0.00433670429838353,-0.005811198143068,0.0251735348318346,-0.00452940559188678,-0.017410503364269
0.0108435553917727,-0.0128073284550952,-0.00344650633673381,-0.0107658905588878,-0.00190681253176546,-0.0065410747069744,0.00720744356179166,-0.00847438779851434,-0.0397015557015928,0.0013398499725524,-0.0064207452856241,-5.63413574584007e-05,0.0284865528562454,-0.0568238903293441,0.00835468452039452,0.013489793580306,-0.0136353827050739,-0.00581203005854856,-0.00252616806041946,-0.00206905782542643,0.0176713369524709,-0.00452940559188678,0.14809516203335,-0.111729234206937
-0.000311655359545691,0.0084500357130906,-0.00183930045103037,-0.00554655448084102,0.00333328859683735,0.0283736947695832,-0.000907149751651366,0.000771685531336958,-0.00197217655175908,-0.00747647905521322,0.00784182251179002,-0.00489285888086312,-0.0206378420126549,-0.0147438166531055,-0.00451631723112043,-0.0268388288763032,-0.0114870376648751,-0.00330976354556071,0.00139186253584309,-0.00888910784646142,0.0105863187207247,-0.017410503364269,-0.111729234206937,0.232656050443169
