0.0405211048693903,-0.010390863992001,-0.00223274745841535,0.00415401149514365,-0.0186171862198979,0.0243604017388904,-0.0474106212595511,-0.00702055473924978,0.0481164087898453,0.0229795855742828,0.0104806820701703,0.0354254885563911,0.016371115877539
-0.010390863992001,0.311996971142717,0.0439552108282725,0.00617276827843129,0.00221528884496936,0.080646222196186,-0.0511504449121323,0.00046907064071271,-0.125808257690123,-0.0082517817885528,-0.0526247064158984,0.148914695166594,0.168468242202324
-0.00223274745841535,0.0439552108282725,0.140538941204314,-0.0183831777388213,-0.00485567571085081,-0.0421614471792527,0.0889827482913354,-0.0113065386055012,0.0481340504204248,0.00984800357025853,0.0285755802173115,0.109329541330728,0.07340821785052
0.00415401149514365,0.00617276827843128,-0.0183831777388213,0.0104702376845724,-0.00350400824055023,0.0206186757009118,0.00433196134030877,-0.00689880710765386,-0.00708084977098753,0.00444108839621539,0.00536817483856091,-0.0127223038776256,0.0103789281361283
-0.0186171862198979,0.00221528884496936,-0.00485567571085081,-0.00350400824055023,0.0229580731060549,-0.0116349236763142,3.95934773029522e-05,0.00723438551442768,-0.0269990175358492,-0.0126504508977207,-0.0313781589620369,-0.0169821055297459,0.000283480227390748
0.0243604017388904,0.080646222196186,-0.0421614471792527,0.0206186757009118,-0.0116349236763142,0.0880226649349909,-0.080541832558094,-0.026864270376512,0.00581958634314253,-0.000486949782074317,-0.0249407238248013,0.0225909834615609,0.0279764640811157
-0.0474106212595511,-0.0511504449121323,0.0889827482913354,0.00433196134030877,3.95934773029522e-05,-0.080541832558094,0.261598087626893,-0.00232372973957649,-0.0319689605334197,0.0139104966609685,0.0967851116684127,-0.0380114060251053,0.0452804663986571
-0.00702055473924978,0.00046907064071271,-0.0113065386055012,-0.00689880710765386,0.00723438551442768,-0.026864270376512,-0.00232372973957649,0.0284370304900937,-0.0497198681202883,0.00453510988136498,-0.00391136100637961,-0.00653433322736669,0.00702343225753005
0.0481164087898453,-0.125808257690123,0.0481340504204248,-0.00708084977098753,-0.0269990175358492,0.00581958634314253,-0.0319689605334197,-0.0497198681202883,0.205764178026457,0.00643848515780542,0.025970996041365,0.0274755251105538,-0.0775058862477801
0.0229795855742828,-0.0082517817885528,0.00984800357025853,0.00444108839621539,-0.0126504508977207,-0.000486949782074317,0.0139104966609685,0.00453510988136498,0.00643848515780542,0.0265689247616279,0.0265423618480619,0.0223262549689939,0.0385325454706902
0.0104806820701703,-0.0526247064158984,0.0285755802173115,0.00536817483856091,-0.0313781589620369,-0.0249407238248013,0.0967851116684127,-0.00391136100637961,0.025970996041365,0.0265423618480619,0.0838496253400263,-0.0069169976216114,0.00301538462996956
0.0354254885563911,0.148914695166594,0.109329541330728,-0.0127223038776256,-0.0169821055297459,0.0225909834615609,-0.0380114060251053,-0.00653433322736669,0.0274755251105538,0.0223262549689939,-0.0069169976216114,0.179332289283857,0.126670139029554
0.016371115877539,0.168468242202324,0.07340821785052,0.0103789281361283,0.000283480227390748,0.0279764640811157,0.0452804663986571,0.00702343225753004,-0.0775058862477801,0.0385325454706902,0.00301538462996956,0.126670139029554,0.200820500930287
