0.2398941878716,-0.0387993258351005,0.00570142516166429,-0.0252978169492298,0.038880488879482,-0.0237826097322688,-0.012910157777965,-0.020949471449845,0.00872876528198569,0.01764854974774,-0.0197573270090517,0.0450356618116239,0.0232007160023516,0.012694879057467,-0.0405543097559182,-0.0237304604275141,0.0193487840211398,-0.00189244705177615,-0.00607161121503028,0.0252427938285715,-0.0428261794914414,0.0291339117593092,0.0193696660315009,0.0258277710879692
-0.0387993258351005,0.0314883751978615,-0.00812143634434972,0.0206095621065982,-0.00354773150266533,-0.00184028021373986,-0.00650557717753656,-0.00135811496493259,0.0168338139438476,-0.00690953213348469,-4.37387509677616e-05,-0.012513858620964,-0.0129930839234229,0.0227898965595484,-0.000794389215838172,-0.00196783319868792,0.0208453041801616,0.0101149027781635,0.00871937784073732,0.00123080933421728,-0.0284475248315628,0.000569873880362648,-0.0170921976467824,0.0304485431889161
0.00570142516166429,-0.00812143634434973,0.0642935204869979,-0.00279218853901313,0.0133233851640018,0.00222299993877071,0.00245908746536788,-0.0240521721694128,0.000873220620188505,0.00566030575057327,0.0314401367499217,0.0110803276272537,0.00600394667665599,0.0278665121516568,-0.00387730496559683,-0.00228359367844286,0.0141993954669376,0.00605462653115995,0.00308492090786493,-0.0350668428122973,0.05837060664492,0.00278289202065389,-0.0312211519073806,-0.00762582659885668
-0.0252978169492298,0.0206095621065982,-0.00279218853901313,0.0303259947627503,-0.0073010924400496,0.00777851213187225,-0.00301504028213266,-0.00323471731368698,0.0267347574712451,-0.00732367203503481,0.0078614698192587,-0.00743846040346534,-0.00431949909816796,0.0255407447895007,-0.0022803631078696,0.0150630487265864,0.0247859128037514,0.0119057929264066,-0.00309933111727256,-0.011690185887406,-0.0320844336337541,0.00164508364712709,-0.00653892336475612,-0.00271021609877121
0.038880488879482,-0.00354773150266533,0.0133233851640018,-0.0073010924400496,0.171876193321431,0.0171545959651088,-0.0348179200565285,-0.00885639814960563,-0.0328068217332068,0.0207107467647332,0.0229127463343213,0.0162339931167059,-0.0436899603074531,0.0357826846886203,-0.00565265038717901,0.0145049595423943,0.00996758636772683,0.020900475997427,-0.00909178889270327,-0.0310030214328667,0.0358403460721309,0.00405412431994288,-0.0180510601584442,0.085567223149262
-0.0237826097322688,-0.00184028021373986,0.00222299993877071,0.00777851213187225,0.0171545959651088,0.0898474306972382,0.0270893044944185,0.0185465716243456,0.0379726808170106,0.0227134124430795,0.0249300379748656,0.0186571883258455,-0.0229781561337724,0.0152187376888762,0.000856086848842072,-0.00291613323857962,0.00202177049834425,-0.000619636324257749,-0.0114746322038324,0.00316029237764626,-0.0521860391675713,-0.000612075834907356,-0.0310167820457312,0.0132318867323148
-0.012910157777965,-0.00650557717753656,0.00245908746536788,-0.00301504028213266,-0.0348179200565285,0.0270893044944185,0.0638570017146373,-0.00629001320877089,0.00132227283283226,0.003104009753015,-0.00145430115491114,0.00765795957056719,0.0263746695649548,-0.0271780142714469,0.00418607331968562,-0.00291435099505965,0.00768427231659667,-0.0204424413274571,1.85388253661301e-06,-0.0116282210155389,0.000608924890813309,-0.00300420919872953,-0.0337888444688896,-0.00488599106222487
-0.020949471449845,-0.00135811496493259,-0.0240521721694128,-0.00323471731368698,-0.00885639814960563,0.0185465716243456,-0.00629001320877089,0.118421752286132,0.0138535325114529,-0.00597624065834524,-0.00163000908701414,-0.00653000163947709,0.00167106832787408,-0.00363189908140205,-0.00562264040152682,0.00134560116370384,-0.00642957949205579,-0.000750074574311784,0.00095950608888219,0.0157452951887412,-0.0335240202082952,0.00404551512344568,0.0251467910715476,-0.0550961851485392
0.00872876528198569,0.0168338139438476,0.000873220620188505,0.0267347574712451,-0.0328068217332068,0.0379726808170106,0.00132227283283226,0.0138535325114529,0.124690691717514,-0.00125044944800095,-0.029128085403477,0.0220595586595802,-0.00126452121061666,0.0779811093712729,-0.010109334492598,0.00448174107443242,0.0281435240941092,0.027870098332395,-0.0162034416543105,0.00331603395165649,-0.0801269915086688,0.00727240317029281,-0.0194458855354457,-0.0233461979055022
0.01764854974774,-0.00690953213348469,0.00566030575057327,-0.00732367203503481,0.0207107467647332,0.0227134124430795,0.003104009753015,-0.00597624065834524,-0.00125044944800095,0.0467276690894719,-0.00874480599546606,0.00300245046222897,0.0231337733071875,0.0336720300969314,-3.33397784229529e-06,0.00319920718631289,0.0105752697524755,0.0132057994374408,0.000774644724306744,0.000833580858293225,-0.00496315500384714,-3.8892736920515e-07,0.0127584644770647,0.0103730250633952
-0.0197573270090517,-4.37387509677616e-05,0.0314401367499217,0.0078614698192587,0.0229127463343213,0.0249300379748656,-0.00145430115491114,-0.00163000908701414,-0.029128085403477,-0.00874480599546606,0.0967610367536263,0.0168077518476934,-0.0263912042913515,-0.0390032865676225,-0.00101509170038773,-0.0256400963522403,0.011026627436196,-0.00221034688618126,-0.00298545889587926,-0.0176343761662964,0.0181601603447674,0.000726040853279842,-0.049741130012435,0.0156365931320836
0.0450356618116239,-0.012513858620964,0.0110803276272537,-0.00743846040346533,0.0162339931167059,0.0186571883258455,0.00765795957056719,-0.00653000163947709,0.0220595586595802,0.00300245046222897,0.0168077518476934,0.0491601529028161,0.0106526533236383,-0.000628246367658968,-0.00229818867386988,-0.00838179214247928,0.00485903284354547,-0.00681901649837848,-0.00723111125115389,-0.00763843715183282,-0.00141794892860121,0.00165001100541477,-0.0344614645513625,0.0127336914529983
0.0232007160023516,-0.0129930839234229,0.00600394667665599,-0.00431949909816796,-0.0436899603074531,-0.0229781561337724,0.0263746695649548,0.00167106832787408,-0.00126452121061666,0.0231337733071875,-0.0263912042913515,0.0106526533236383,0.162309178483203,-0.0341078666454234,-0.0017084131220678,0.0392995222841244,-0.0246619245710606,0.0193548182340651,-0.000562367233351518,-0.0458482010871315,0.0474107498445039,0.00123827826339124,0.0288265085163326,-0.0330679507386899
0.012694879057467,0.0227898965595484,0.0278665121516568,0.0255407447895007,0.0357826846886203,0.0152187376888762,-0.0271780142714469,-0.00363189908140205,0.0779811093712729,0.0336720300969314,-0.0390032865676225,-0.000628246367658968,-0.0341078666454234,0.232024795215697,-0.0090385310318477,0.0385546114014959,0.0942347985332121,0.00211836611202484,0.00257115309565653,-0.0275882414764052,-0.0180267034248592,0.00649746394306759,0.0103107542693772,-0.0249422749580544
-0.0405543097559182,-0.000794389215838172,-0.00387730496559683,-0.0022803631078696,-0.00565265038717901,0.000856086848842072,0.00418607331968562,-0.00562264040152682,-0.010109334492598,-3.33397784229529e-06,-0.00101509170038773,-0.00229818867386988,-0.0017084131220678,-0.0090385310318477,0.0203256453339995,0.0193489774755396,-0.0132514125179224,0.000221287343370122,-0.000942384309459762,0.0062296410673721,0.0136602120439589,-0.0146032627257739,0.00534850834807626,-0.0132205104134156
-0.0237304604275141,-0.00196783319868792,-0.00228359367844286,0.0150630487265864,0.0145049595423943,-0.00291613323857962,-0.00291435099505965,0.00134560116370384,0.00448174107443242,0.00319920718631289,-0.0256400963522403,-0.00838179214247928,0.0392995222841244,0.0385546114014959,0.0193489774755396,0.136949685124098,-0.0509200987427973,0.00282104279405447,-0.000217614595002231,-0.012099190921192,0.0110027242233105,-0.0138857037678997,0.0368542913465957,0.00303945192056168
0.0193487840211398,0.0208453041801616,0.0141993954669376,0.0247859128037514,0.00996758636772683,0.00202177049834425,0.00768427231659667,-0.00642957949205579,0.0281435240941092,0.0105752697524755,0.011026627436196,0.00485903284354547,-0.0246619245710606,0.0942347985332121,-0.0132514125179224,-0.0509200987427973,0.136569609555765,0.00714102849575466,-0.001097839429358,-0.0167429536106345,-0.0336178337648496,0.00951908654665412,-0.0184078922997745,-0.0419036263630299
-0.00189244705177615,0.0101149027781635,0.00605462653115995,0.0119057929264066,0.020900475997427,-0.000619636324257749,-0.0204424413274571,-0.000750074574311784,0.027870098332395,0.0132057994374408,-0.00221034688618126,-0.00681901649837848,0.0193548182340651,0.00211836611202484,0.000221287343370122,0.00282104279405446,0.00714102849575466,0.0817768478458225,-0.0153262563884295,0.0122447246653304,-0.026978860666326,-0.000158428524732383,0.0142814019603923,0.0087317215444512
-0.00607161121503028,0.00871937784073732,0.00308492090786493,-0.00309933111727256,-0.00909178889270327,-0.0114746322038324,1.85388253661301e-06,0.00095950608888219,-0.0162034416543105,0.000774644724306744,-0.00298545889587926,-0.00723111125115389,-0.000562367233351518,0.00257115309565653,-0.000942384309459762,-0.000217614595002231,-0.001097839429358,-0.0153262563884295,0.0239660337880819,0.00781681996600171,0.00400667120669236,0.000671996269459013,-0.00509687685192541,0.0245950398017194
0.0252427938285715,0.00123080933421728,-0.0350668428122973,-0.011690185887406,-0.0310030214328667,0.00316029237764626,-0.0116282210155389,0.0157452951887412,0.00331603395165649,0.000833580858293225,-0.0176343761662964,-0.00763843715183282,-0.0458482010871315,-0.0275882414764052,0.0062296410673721,-0.012099190921192,-0.0167429536106345,0.0122447246653304,0.00781681996600171,0.124516340698704,-0.124496881849703,-0.00448332669726314,0.0383549317234068,0.0264701981923375
-0.0428261794914414,-0.0284475248315628,0.05837060664492,-0.0320844336337541,0.0358403460721309,-0.0521860391675713,0.000608924890813309,-0.0335240202082952,-0.0801269915086688,-0.00496315500384714,0.0181601603447674,-0.00141794892860121,0.0474107498445039,-0.0180267034248592,0.0136602120439589,0.0110027242233105,-0.0336178337648496,-0.026978860666326,0.00400667120669236,-0.124496881849703,0.243890628837847,-0.00981845904112214,-0.0188423339309375,-0.0399975367117848
0.0291339117593092,0.000569873880362648,0.00278289202065389,0.00164508364712709,0.00405412431994288,-0.000612075834907356,-0.00300420919872953,0.00404551512344568,0.00727240317029281,-3.8892736920515e-07,0.000726040853279842,0.00165001100541477,0.00123827826339124,0.00649746394306759,-0.0146032627257739,-0.0138857037678997,0.00951908654665412,-0.000158428524732383,0.000671996269459013,-0.00448332669726313,-0.00981845904112214,0.0104919381819032,-0.00383528788813375,0.0094812863562172
0.0193696660315009,-0.0170921976467824,-0.0312211519073806,-0.00653892336475612,-0.0180510601584442,-0.0310167820457312,-0.0337888444688896,0.0251467910715476,-0.0194458855354457,0.0127584644770647,-0.049741130012435,-0.0344614645513625,0.0288265085163326,0.0103107542693772,0.00534850834807626,0.0368542913465957,-0.0184078922997745,0.0142814019603923,-0.00509687685192541,0.0383549317234068,-0.0188423339309375,-0.00383528788813375,0.123913475145541,-0.0821240944681317
0.0258277710879692,0.0304485431889161,-0.00762582659885668,-0.00271021609877121,0.085567223149262,0.0132318867323148,-0.00488599106222487,-0.0550961851485392,-0.0233461979055022,0.0103730250633952,0.0156365931320836,0.0127336914529983,-0.0330679507386899,-0.0249422749580544,-0.0132205104134156,0.00303945192056168,-0.0419036263630299,0.0087317215444512,0.0245950398017194,0.0264701981923375,-0.0399975367117848,0.0094812863562172,-0.0821240944681317,0.248875953807572
