0.0612030124308511,0.00586404246644983,0.0431956234153729,-0.0239081871747922,-0.0256126502875492,-0.0137101554721525,-0.0281586775640034,-0.0184006021207254,-0.0279691346605003,-0.0263707677431143,-0.030948187725391,-0.0208566562778386,-0.0151621450240283,-0.0315399397109179,-0.00683224068057257,0.0215384534060204,-0.00963046752557883,-0.0271997065262096,-0.0376388328357388,-0.0089876211471114,-0.0108785406253195,-0.0372247418879082
0.00586404246644983,0.0455558922062681,-0.0409995092231237,-0.0164495370481073,-0.0159292590615988,-0.00652613010340328,-0.0187804729003583,-0.0101662818879835,-0.0224161199642444,-0.0171946862565694,-0.0213575404744468,-0.0151744714405321,-0.0103085960516607,-0.0239970543784796,-0.00674876830102722,0.0224247848208748,-0.00670456267523074,-0.036616664585655,-0.0246291171984529,0.010818906450624,0.0123527996106666,-0.00616366871163633
0.0431956234153729,-0.0409995092231237,0.0889495034087879,0.00199101344023905,0.00019321278342461,-0.00164195284406072,0.00280818815920053,-0.00225915759075113,0.00532400729250055,0.0010731980385287,0.00170008505796374,0.00211798541199841,0.000544517286354695,0.00581117315743177,0.00396529834969919,-0.0189801295438212,-0.0024606463411604,0.0309100866236301,-0.00192613386683418,-0.00625820684087892,-0.0159622136254467,-0.0123921667372745
-0.0239081871747922,-0.0164495370481073,0.00199101344023905,0.0163631395640317,0.0167376975835576,0.00942087324013148,0.0219276423805496,0.0110144135786746,0.0209963914153147,0.0182901059355804,0.0205613644499514,0.0144956161227443,0.0103937071798961,0.0224038658838061,0.00662392294051651,-0.0226964045116132,0.00832705159637971,0.028172628534832,0.0251048263298048,0.00600526068902343,0.00543482740086116,0.0211613917726505
-0.0256126502875492,-0.0159292590615988,0.00019321278342461,0.0167376975835576,0.0172395900804212,0.00985540089708641,0.0226413902563837,0.0114474225756589,0.0216268546151971,0.0189349071104047,0.0212254249505662,0.0150370987488843,0.0107928273308126,0.0230543019324159,0.00687369641481464,-0.0232658446111692,0.00923496983554332,0.0284994388454586,0.0261154509902513,0.00695979929683753,0.00597174347960512,0.0225641967153738
-0.0137101554721525,-0.00652613010340328,-0.00164195284406072,0.00942087324013148,0.00985540089708641,0.0079429011170995,0.0179596837587999,0.00646911830411982,0.0143193308666278,0.0124141771927865,0.0121212311751235,0.00934382091882463,0.00707861665155447,0.0129000717008139,0.00575687588213517,-0.0171050120563059,0.013461859112142,0.0161365836161651,0.0185258487610423,0.00976194735061273,0.00943997510612296,0.0165840091765888
-0.0281586775640034,-0.0187804729003583,0.00280818815920053,0.0219276423805496,0.0226413902563837,0.0179596837587999,0.0416505418711588,0.0143054594107393,0.0321619319307722,0.0274467627973629,0.0271883925640105,0.0201510854326162,0.0155061355807324,0.0280179879728544,0.0129511663341765,-0.0382444773132322,0.0305640805446733,0.0400398748693797,0.0427854868750756,0.0204852048352214,0.019249439896169,0.0358670440336698
-0.0184006021207254,-0.0101662818879835,-0.00225915759075113,0.0110144135786746,0.0114474225756589,0.00646911830411982,0.0143054594107393,0.0081400689274569,0.0155399985643632,0.0137761447295847,0.0150304350806933,0.0116167819405571,0.0080457552691808,0.0175884650856818,0.00485641480177526,-0.0168004970705669,0.00564680321142927,0.0165794710735062,0.0168711470947367,0.00409006857168741,0.00484221181629756,0.0152025145821212
-0.0279691346605003,-0.0224161199642444,0.00532400729250055,0.0209963914153147,0.0216268546151971,0.0143193308666278,0.0321619319307722,0.0155399985643632,0.0341199564169106,0.029674878666468,0.0298344327426302,0.0253090114791657,0.0174624058503038,0.0371663627772485,0.0121875836337064,-0.0412451180111927,0.0175728224768329,0.0326125569555443,0.0343763749652904,0.0116191480417782,0.0153330821354531,0.0303085090490152
-0.0263707677431143,-0.0171946862565694,0.0010731980385287,0.0182901059355804,0.0189349071104047,0.0124141771927865,0.0274467627973629,0.0137761447295847,0.029674878666468,0.026082139523034,0.0262021708016753,0.0223525718669235,0.0153459841142301,0.0329394974474258,0.0104692016217871,-0.0359637776973407,0.0142204996801105,0.0272636140791323,0.0293751214450601,0.0108839989207449,0.014348179567088,0.02742911773608
-0.030948187725391,-0.0213575404744468,0.00170008505796374,0.0205613644499514,0.0212254249505662,0.0121212311751235,0.0271883925640105,0.0150304350806933,0.0298344327426302,0.0262021708016753,0.0282317271172813,0.0222643350270168,0.0153213324985316,0.0337493098125567,0.00961429351511514,-0.033638583169428,0.0108392447826696,0.0322899065417914,0.0312612797847175,0.00761135538400242,0.00913355984910154,0.0276511753104253
-0.0208566562778386,-0.0151744714405321,0.00211798541199841,0.0144956161227443,0.0150370987488843,0.00934382091882463,0.0201510854326162,0.0116167819405571,0.0253090114791657,0.0223525718669235,0.0222643350270168,0.0201877092880428,0.0133897198356763,0.0299403716223855,0.00870960824293867,-0.0312238940061952,0.00911137519227905,0.0198056458571099,0.0218706470095438,0.00700351179239616,0.0113166529536629,0.0211165278280603
-0.0151621450240283,-0.0103085960516607,0.000544517286354695,0.0103937071798961,0.0107928273308126,0.00707861665155447,0.0155061355807324,0.0080457552691808,0.0174624058503038,0.0153459841142301,0.0153213324985316,0.0133897198356763,0.00910973187435998,0.0196288950803065,0.00614793817917965,-0.0210772850369203,0.00828891920501885,0.0149034376169326,0.0167742605038164,0.00581340966529631,0.00821545449830392,0.0155243308035703
-0.0315399397109179,-0.0239970543784796,0.00581117315743177,0.0224038658838061,0.0230543019324159,0.0129000717008139,0.0280179879728544,0.0175884650856818,0.0371663627772485,0.0329394974474258,0.0337493098125567,0.0299403716223855,0.0196288950803065,0.0455616012688885,0.0121652005446633,-0.0459814344229772,0.00808397330574707,0.0316829138716619,0.0307884103257872,0.00828108281198107,0.0142881264326525,0.0304977825268083
-0.00683224068057257,-0.00674876830102722,0.00396529834969919,0.00662392294051651,0.00687369641481464,0.00575687588213517,0.0129511663341765,0.00485641480177526,0.0121875836337064,0.0104692016217871,0.00961429351511514,0.00870960824293867,0.00614793817917965,0.0121652005446633,0.00508303599884109,-0.0163360934252359,0.00978472966812353,0.0114125913831903,0.0126013403641398,0.00716583760591803,0.00787695805649014,0.0115972076117273
0.0215384534060204,0.0224247848208748,-0.0189801295438212,-0.0226964045116132,-0.0232658446111692,-0.0171050120563059,-0.0382444773132322,-0.0168004970705669,-0.0412451180111927,-0.0359637776973407,-0.033638583169428,-0.0312238940061952,-0.0210772850369203,-0.0459814344229772,-0.0163360934252359,0.0585416596783998,-0.0208665257204807,-0.0389078122287183,-0.0358125329222867,-0.0220844395296586,-0.0254986265895186,-0.0377486984717515
-0.00963046752557883,-0.00670456267523074,-0.0024606463411604,0.00832705159637971,0.00923496983554332,0.013461859112142,0.0305640805446733,0.00564680321142927,0.0175728224768329,0.0142204996801105,0.0108392447826696,0.00911137519227905,0.00828891920501885,0.00808397330574707,0.00978472966812353,-0.0208665257204807,0.0388702088751823,0.0166685970155626,0.0302516031396791,0.0199230699043346,0.0177649965547391,0.022072489782874
-0.0271997065262096,-0.036616664585655,0.0309100866236301,0.028172628534832,0.0284994388454586,0.0161365836161651,0.0400398748693797,0.0165794710735062,0.0326125569555443,0.0272636140791323,0.0322899065417914,0.0198056458571099,0.0149034376169326,0.0316829138716619,0.0114125913831903,-0.0389078122287183,0.0166685970155626,0.0638536307868532,0.0440627721273485,0.014243453978795,0.00229430725076509,0.0353196191403541
-0.0376388328357388,-0.0246291171984529,-0.00192613386683418,0.0251048263298048,0.0261154509902513,0.0185258487610423,0.0427854868750756,0.0168711470947366,0.0343763749652904,0.0293751214450601,0.0312612797847175,0.0218706470095438,0.0167742605038164,0.0307884103257872,0.0126013403641398,-0.0358125329222867,0.0302516031396791,0.0440627721273485,0.0479594527625974,0.0159604752177758,0.0135174274672937,0.0373529163063965
-0.0089876211471114,0.010818906450624,-0.00625820684087892,0.00600526068902343,0.00695979929683753,0.00976194735061273,0.0204852048352213,0.00409006857168741,0.0116191480417782,0.0108839989207449,0.00761135538400242,0.00700351179239616,0.00581340966529631,0.00828108281198107,0.00716583760591803,-0.0220844395296586,0.0199230699043346,0.014243453978795,0.0159604752177758,0.0276845343516698,0.0218867432385721,0.0253864884287588
-0.0108785406253195,0.0123527996106666,-0.0159622136254467,0.00543482740086116,0.00597174347960512,0.00943997510612296,0.019249439896169,0.00484221181629756,0.0153330821354531,0.014348179567088,0.00913355984910154,0.0113166529536629,0.00821545449830393,0.0142881264326525,0.00787695805649014,-0.0254986265895186,0.0177649965547391,0.00229430725076509,0.0135174274672937,0.0218867432385721,0.0285272248463831,0.0216450059371436
-0.0372247418879082,-0.00616366871163632,-0.0123921667372745,0.0211613917726505,0.0225641967153738,0.0165840091765888,0.0358670440336698,0.0152025145821212,0.0303085090490152,0.02742911773608,0.0276511753104253,0.0211165278280603,0.0155243308035703,0.0304977825268083,0.0115972076117273,-0.0377486984717515,0.022072489782874,0.0353196191403541,0.0373529163063965,0.0253864884287588,0.0216450059371436,0.0413016417113209
