0.181532434827082,-0.0118965282106786,0.0228704724593174,-0.00682017195111334,0.0537741316015999,0.00240827890811202,0.0106312896893715,-0.0104373156813529,-0.00324133967351413,0.00145627912524496,0.00201141177215279,0.00157471873461076,-0.0111211939676619,0.0180491311639876,-0.0038807841516037,-0.0263912491810203,0.00565305460957206,0.0121902347220712,-0.00280029122189313,-0.0210371969026599,0.026336986092969,-0.00618938629641066,-0.0119432532742493,0.030994375709065
-0.0118965282106786,0.0290289316960059,-0.00147061344931914,0.014821283921019,0.00146991720169887,0.00804627690730329,0.00137405153657849,0.00284762945961378,0.0154876997691493,-0.00162308689931163,0.000575256296014676,0.000598503231207003,-0.00668788636190101,0.00765557891035738,-0.00496774387355848,-0.00869340579534985,0.00732908585101218,0.000623697841139871,0.00125193562469376,-0.00139358788447013,-0.00604079776429167,-0.00224128936489117,-0.0099794919979155,0.0117439353705807
0.0228704724593174,-0.00147061344931914,0.0711315243421036,-0.000196275935078185,0.010945803781913,0.0133525472164983,0.00560298173882314,-0.00104868279383301,-0.00896931774648666,0.00731159755710901,0.00228926724172394,0.0231312869681232,0.00173088877816963,0.0191332242326299,0.000305729319599737,-0.00993463923939474,0.00261797347585426,0.0011832197576487,0.000148395238082036,-0.0110638318518562,0.00950686854498883,-0.00150169250087246,-0.000854155095107929,-0.000291154061845176
-0.00682017195111334,0.014821283921019,-0.000196275935078185,0.0227508524475283,0.00349682852936895,0.000948786284894038,0.000909291458736824,-0.000868824295124777,0.0159470585608361,0.000885982815241553,-0.00332108657302718,0.0042789552449346,-0.00364867066454329,0.0141034945213965,-0.00267129358576178,-0.00360696599146081,0.00942026869803113,0.000691056786785028,0.00336754048000563,0.00225061887004731,-0.00693303516746401,-0.00222593878633329,-0.0118428695945769,0.00220167523782178
0.0537741316015999,0.00146991720169887,0.010945803781913,0.00349682852936895,0.156408666198473,0.0114608210603122,0.000326403253174203,0.00811307443142756,0.0100910293444314,0.00812835863716498,0.00817287095944629,-0.00511298324190375,0.0015305443642356,0.0215710949012452,-0.00403992646163067,0.00479924747418745,0.0201746951390542,0.0150756756231695,-0.00364424050614385,-0.00194307450517417,0.00817447659445818,0.00363608266035364,-0.0148650116407307,0.0127069270737069
0.00240827890811202,0.00804627690730329,0.0133525472164983,0.000948786284894037,0.0114608210603122,0.0881183834345052,0.00694557901358933,0.0282922347633913,0.00623839246395462,0.0175942245993825,-0.0064419162939033,0.0116234665933953,0.014570327435098,0.0225228369690443,0.00172946352703348,-0.00735107862487585,0.00208270288523913,-0.00295995727148071,0.00377252967735615,-0.00492832782729278,-0.00887783594838256,-0.0148001421619583,1.03530212231919e-05,0.0191675319878554
0.0106312896893715,0.00137405153657849,0.00560298173882314,0.000909291458736825,0.000326403253174203,0.00694557901358933,0.0550134913656742,-0.0076310470310055,0.00226911492606638,-0.00246182459456161,-0.00472718950198965,0.00568342679959301,0.0132606511072315,0.0075147905279317,0.00622931966039061,-1.21157143165436e-05,0.00739981859653822,-0.00527032256660732,-0.00120988474185771,-0.00969158035966439,0.00230384541078845,-0.00112831019837019,-0.00283938336451954,-0.00212950589817455
-0.0104373156813529,0.00284762945961378,-0.00104868279383301,-0.000868824295124777,0.00811307443142756,0.0282922347633913,-0.00763104703100551,0.130877215029269,0.0145623032109326,0.0119310946879065,0.00437636639737021,0.00328610545010996,0.00644308778392804,0.0147432155995365,-0.00817294325828746,-0.000117956639064396,0.00692553790767934,0.00303554693203274,-0.00412619794302341,0.0253754430111199,-0.0513736099687503,-0.00911275634518201,-0.000395673968683779,0.0105947887801413
-0.00324133967351413,0.0154876997691493,-0.00896931774648666,0.0159470585608361,0.0100910293444314,0.00623839246395462,0.00226911492606638,0.0145623032109326,0.12028063516646,0.00496538950123817,-0.0117972132700402,0.00637002886461435,-0.00552446515206388,0.0349295026365375,-0.00837995345213229,-0.00335859892150743,0.018090743610125,0.0143079047813539,0.00204030504876605,0.00373572078829617,-0.0508677399226434,0.00415347794627677,-0.0365877865557281,0.0133552620562005
0.00145627912524496,-0.00162308689931163,0.00731159755710901,0.000885982815241553,0.00812835863716498,0.0175942245993825,-0.00246182459456161,0.0119310946879065,0.00496538950123816,0.0431173299128271,-0.00580753303336421,0.00904811124225377,0.0110310909439818,0.0106904086117854,0.000275082964760466,0.01681389527532,-0.0044234023462801,0.000113668819085361,-0.00132971773073236,-0.0176558952897507,-0.000934495969993589,0.00273779183316085,0.00428481453119214,-0.0135001793232583
0.00201141177215279,0.000575256296014676,0.00228926724172394,-0.00332108657302718,0.00817287095944629,-0.0064419162939033,-0.00472718950198965,0.00437636639737021,-0.0117972132700402,-0.00580753303336421,0.119578793069489,-0.0113344667295772,-0.0161496136931874,-0.00288237495128437,-0.000342307360988906,0.00212880366577486,-0.00970983744309856,-0.000629400373296198,-0.000661426234068247,0.00135067143112006,0.00408194572452329,-0.00293240263648876,-0.00923556219976887,0.021889837951101
0.00157471873461076,0.000598503231207003,0.0231312869681232,0.0042789552449346,-0.00511298324190375,0.0116234665933953,0.00568342679959301,0.00328610545010996,0.00637002886461435,0.00904811124225377,-0.0113344667295772,0.0374052786532462,0.0113492034640836,0.00732801979374208,0.000606507413949914,0.000210999300058262,0.000283435151007444,0.00404898729845736,3.93393239470367e-05,-0.00404914957643374,-0.00630327173442081,0.00339521299027033,-0.000474645810450516,-0.00459916460532834
-0.0111211939676619,-0.00668788636190101,0.00173088877816963,-0.00364867066454329,0.0015305443642356,0.014570327435098,0.0132606511072315,0.00644308778392804,-0.00552446515206388,0.0110310909439818,-0.0161496136931874,0.0113492034640836,0.153041980740913,0.00688802291433697,0.00507820663557545,0.0278044892359941,0.0102132767991696,-0.00535970578890572,-0.00588883774616912,-0.0164429461541619,0.00287617364856606,-0.00274718668465246,0.0159481817634531,-0.0333409098280126
0.0180491311639876,0.00765557891035738,0.0191332242326299,0.0141034945213965,0.0215710949012452,0.0225228369690443,0.0075147905279317,0.0147432155995365,0.0349295026365375,0.0106904086117854,-0.00288237495128437,0.00732801979374208,0.00688802291433697,0.244318864588361,-0.00886847981612742,-0.0198009212765286,0.0243818849447791,0.0144664877156931,0.00491194326678034,-0.00289103814485349,-0.021943651607842,-0.00359564683638812,-0.056595504994776,0.00660836144220017
-0.0038807841516037,-0.00496774387355848,0.000305729319599737,-0.00267129358576178,-0.00403992646163067,0.00172946352703348,0.00622931966039061,-0.00817294325828746,-0.00837995345213229,0.000275082964760466,-0.000342307360988906,0.000606507413949914,0.00507820663557545,-0.00886847981612742,0.0362055245903216,0.0135820869056734,-0.00401663221016015,-0.0117561767551458,0.00704309095290829,8.42066406985197e-05,0.00439969787110794,0.00369218657721104,0.00470398221216435,-0.00704544891481765
-0.0263912491810203,-0.00869340579534984,-0.00993463923939474,-0.00360696599146081,0.00479924747418745,-0.00735107862487585,-1.21157143165436e-05,-0.000117956639064396,-0.00335859892150743,0.01681389527532,0.00212880366577486,0.000210999300058262,0.0278044892359941,-0.0198009212765286,0.0135820869056734,0.179924612450927,-0.0192368717807133,-0.00715871204641325,0.00407093140542648,0.00885996209302708,-0.0117751246287445,0.00748905644034663,0.0138162496211697,-0.0176454194407295
0.00565305460957206,0.00732908585101218,0.00261797347585426,0.00942026869803113,0.0201746951390542,0.00208270288523914,0.00739981859653822,0.00692553790767934,0.018090743610125,-0.0044234023462801,-0.00970983744309856,0.000283435151007444,0.0102132767991696,0.0243818849447791,-0.00401663221016015,-0.0192368717807133,0.0769581096459698,0.0072735510596439,2.42007460333684e-05,0.0110222871852439,-0.0207037652552579,0.000499096694562269,-0.0153124920015408,0.00127049914399949
0.0121902347220712,0.000623697841139871,0.0011832197576487,0.000691056786785028,0.0150756756231695,-0.00295995727148071,-0.00527032256660732,0.00303554693203274,0.0143079047813539,0.000113668819085361,-0.000629400373296198,0.00404898729845736,-0.00535970578890572,0.0144664877156931,-0.0117561767551458,-0.00715871204641325,0.0072735510596439,0.0975627617074343,-0.0401394523503872,8.93060132936334e-05,-0.00908019307471829,-0.00049980676086578,-0.0115249148185855,0.00446816300008556
-0.00280029122189313,0.00125193562469376,0.000148395238082036,0.00336754048000563,-0.00364424050614385,0.00377252967735615,-0.00120988474185771,-0.00412619794302341,0.00204030504876605,-0.00132971773073236,-0.000661426234068247,3.93393239470367e-05,-0.00588883774616912,0.00491194326678034,0.00704309095290829,0.00407093140542648,2.42007460333684e-05,-0.0401394523503872,0.0419057859718988,0.0021289896333012,0.000350302802673166,0.00223898643631576,0.0011074697967869,-0.00317946139384173
-0.0210371969026599,-0.00139358788447013,-0.0110638318518562,0.00225061887004731,-0.00194307450517417,-0.00492832782729278,-0.00969158035966439,0.0253754430111199,0.00373572078829617,-0.0176558952897507,0.00135067143112006,-0.00404914957643374,-0.0164429461541619,-0.00289103814485349,8.42066406985197e-05,0.00885996209302708,0.0110222871852439,8.93060132936334e-05,0.0021289896333012,0.154213210206176,-0.128944595068915,0.00511396194277858,-0.011208534541572,0.00525413585695043
0.026336986092969,-0.00604079776429167,0.00950686854498883,-0.00693303516746401,0.00817447659445818,-0.00887783594838256,0.00230384541078845,-0.0513736099687503,-0.0508677399226434,-0.000934495969993588,0.00408194572452329,-0.00630327173442081,0.00287617364856606,-0.021943651607842,0.00439969787110794,-0.0117751246287445,-0.0207037652552579,-0.00908019307471829,0.000350302802673166,-0.128944595068915,0.203841785751647,-0.00741737017236331,0.0299614201596218,-0.0145574801012357
-0.00618938629641066,-0.00224128936489117,-0.00150169250087246,-0.00222593878633329,0.00363608266035364,-0.0148001421619583,-0.00112831019837019,-0.009112756345182,0.00415347794627677,0.00273779183316085,-0.00293240263648876,0.00339521299027033,-0.00274718668465246,-0.00359564683638812,0.00369218657721104,0.00748905644034663,0.000499096694562269,-0.00049980676086578,0.00223898643631576,0.00511396194277858,-0.00741737017236331,0.0251677639239874,-0.00479676974237237,-0.0145471533180805
-0.0119432532742493,-0.0099794919979155,-0.000854155095107929,-0.0118428695945769,-0.0148650116407307,1.03530212231919e-05,-0.00283938336451954,-0.000395673968683779,-0.0365877865557281,0.00428481453119214,-0.00923556219976887,-0.000474645810450516,0.0159481817634531,-0.056595504994776,0.00470398221216435,0.0138162496211697,-0.0153124920015408,-0.0115249148185855,0.0011074697967869,-0.011208534541572,0.0299614201596218,-0.00479676974237237,0.161446861086841,-0.136725327799068
0.030994375709065,0.0117439353705807,-0.000291154061845176,0.00220167523782178,0.0127069270737069,0.0191675319878554,-0.00212950589817455,0.0105947887801413,0.0133552620562005,-0.0135001793232583,0.021889837951101,-0.00459916460532834,-0.0333409098280126,0.00660836144220017,-0.00704544891481765,-0.0176454194407295,0.00127049914399949,0.00446816300008556,-0.00317946139384173,0.00525413585695043,-0.0145574801012357,-0.0145471533180805,-0.136725327799068,0.223559285217853
