0.00238141001114436,-0.000647023785124892,-0.00172274358636951,-0.00171110176323857,-1.22448992515857e-05,-0.00430185806257923,0.000825746552113475,-0.004576089428528,-0.00181722468928259,0.00187582384423404
-0.000647023785124892,0.0931001076556782,0.0669821569637365,0.056150620340964,0.0326621129762121,0.0358460806289767,0.0622741605725963,0.046674072469009,0.0563208118843675,0.0228251412377972
-0.00172274358636951,0.0669821569637365,0.098551377198692,0.0893017492600665,0.0542488593800052,0.0462420187056841,0.0807825401099783,0.0631442480726513,0.077921533839958,0.0215735977440605
-0.00171110176323857,0.056150620340964,0.0893017492600665,0.0966248150582868,0.0556474976320031,0.0441414344149686,0.086005437521481,0.0557968061965372,0.0760770180125732,0.0155259514504083
-1.22448992515857e-05,0.0326621129762121,0.0542488593800052,0.0556474976320031,0.0649204392134442,0.0220484573977093,0.0673742157093982,0.0316541179859383,0.0456103576401179,0.00355529458214665
-0.00430185806257923,0.0358460806289767,0.0462420187056841,0.0441414344149686,0.0220484573977093,0.0511422030534523,0.0488665974169491,0.0383793567484403,0.0508154532497365,0.0208116843652189
0.000825746552113475,0.0622741605725963,0.0807825401099783,0.086005437521481,0.0673742157093982,0.0488665974169491,0.145590232108235,0.0639779917435513,0.0777247227294366,0.0306542802490796
-0.004576089428528,0.046674072469009,0.0631442480726513,0.0557968061965372,0.0316541179859383,0.0383793567484403,0.0639779917435513,0.0691283469130755,0.0558730527942434,0.0222671921726035
-0.00181722468928259,0.0563208118843675,0.077921533839958,0.0760770180125732,0.0456103576401179,0.0508154532497365,0.0777247227294366,0.0558730527942434,0.107585478793389,0.0271137944960835
0.00187582384423404,0.0228251412377972,0.0215735977440605,0.0155259514504083,0.00355529458214665,0.0208116843652189,0.0306542802490796,0.0222671921726035,0.0271137944960835,0.0297635007938947
