0.0171974911129593,0,0,0,0,0,0,0,0,0,0,0,0,0,0,0,0,0,0,0,0,0,0,0,0,0,0,0,0,0,0,0,0,0,0,0,0,0,0,0,0,0,0,0,0,0,0,0,0,0,0,0,0,0,0,0,0,0,0,0
0,1407.60598064331,-25.4132137645122,-83.3694561109556,-270.675247785615,270.875041894292,198.940685570064,69.5157344470768,307.934024162007,0,4.139339156175,-409.78669054014,-514.26272158751,385.84845300873,-134.713910665178,0,-11.247841331022,-61.9315431653514,252.585784640286,-568.638469509441,105.411180814467,225.497725612725,437.607657579924,-536.295724996674,-9.35833669975314,0,-392.823256938324,0,202.258064394897,-410.087391682892,352.845345913293,-300.050363136169,207.174106550371,221.491080911051,-237.91073067925,-350.687511474127,188.765365927987,349.465704415163,-35.1293011245841,-208.022882293553,-341.861453078126,-388.661861250666,-29.8366039089779,0,-742.11477690783,79.4653948954483,-298.450180589204,259.971497154767,-114.117514961591,-163.025950279552,0,262.745625030875,-44.0883650545024,-336.646740045495,-54.9717931115242,-160.810170078843,0,45.1244579832501,0,137.406183208036
0,-25.4132137645122,1598.75737416551,-102.328667834967,663.284422739401,-7.57146006178807,-41.3069513951841,28.5345318398237,90.2319085870818,0,-259.75092774876,-221.023039312391,-11.4650351525253,140.821451397464,356.204419948918,0,-68.5858259133048,214.547275589173,-764.737055647327,1107.9114930258,1038.41529666113,-512.864388632407,-816.45280254889,-7.24061025408652,259.127240771701,0,440.823517523551,0,151.045980276398,476.792788098525,-631.596234086882,-102.661977377134,169.413006603817,1028.49558099672,-910.63150267242,-415.749073080909,-160.273066512887,-236.114257546427,-102.290983931299,-273.068602323552,-446.785395680289,439.899207902384,-86.1222794055025,0,902.254272881013,32.2192760794395,-554.084860246129,54.8050124211686,65.1453975917481,-34.5837805486172,0,55.2274722527498,151.524894720874,-653.438508304178,240.869754108786,-36.1133406439282,0,-262.441611405789,0,-124.390399410379
0,-83.3694561109556,-102.328667834967,1005.91762141699,52.6702499973122,-286.814986856877,86.1508434091694,519.612631386416,-167.731519522967,0,90.9881748533358,166.402935831287,-97.5725982614181,-165.872758736049,211.66012106237,0,91.2386861238215,-248.571044577122,326.150291001998,-77.8540196499446,-73.2580500465949,-520.188993354687,234.48934070039,-152.400840628969,78.6357725148221,0,2.32200541485295,0,-278.569492012452,-804.773186011775,-106.23251974193,84.405487461168,-435.05592688631,36.2765655516941,-99.6590643717367,-228.294715854753,269.364316666556,179.061515561261,84.7492033862866,-88.5786163595137,358.412850479146,264.687492874027,274.709070000417,0,-63.457298082036,377.091897126228,-8.59105359403139,-176.580701788676,-59.1633240283208,74.3064173074533,0,139.589166144413,-178.417527486425,2.89748239341884,1.66278784513406,71.8705467568037,0,-31.3510813829793,0,-145.185337514126
0,-270.675247785615,663.284422739401,52.6702499973122,5526.66930127602,-25.5878002415587,-120.412333754989,720.17349367631,265.18976261635,0,-131.378245608358,97.8688260346146,-460.153352011899,741.977604577465,243.056811578257,0,334.450263648566,625.344172797287,-826.300089855704,-382.9522515316,123.175338524185,-1026.83542587681,-179.591811970723,-23.5673116875358,286.747567850535,0,-27.771081763365,0,1389.62027796472,-1494.70926543305,-944.648338477185,506.528931668227,107.3789765705,114.204009654109,-476.063205581355,-324.565416766214,-912.797079656894,103.062854833687,-699.370520598806,-1192.04708372555,1226.21923581574,853.778223201163,87.1608632292271,0,958.032670305647,-267.302816493778,-497.443246786914,-103.471480470475,191.307878778464,405.895691855855,0,695.724515111462,799.623607514565,-1543.37444348732,-16.1886210057091,147.284131463312,0,-567.202636092179,0,342.263618486547
0,270.875041894292,-7.57146006178807,-286.814986856877,-25.5878002415587,5819.31116648496,-392.250218720344,-1008.22088215459,-84.0513410673284,0,698.968637509126,136.919741612196,1056.73237861478,-398.256117791429,-223.247576528856,0,121.138675667668,-21.4542050082357,-1145.85830413605,-1035.44589716533,178.076759212461,255.563914765196,277.700669394958,-818.442179503782,-453.099825555288,0,-1180.46483567372,0,-141.189379111561,-315.822961763567,-488.088874022462,-162.900930786344,-483.531247884672,-14.9060001155543,568.484636594707,-550.744985822084,389.530705562052,613.962304927672,313.805998746995,41.4245060480418,-427.171394585178,-644.281014816001,-135.583433156863,0,154.652213635185,134.953796781098,-663.06317212466,-148.284672004463,-59.8739830700502,-337.381509667208,0,800.092597160983,397.573978966187,333.67355635833,212.055665153558,258.806480006267,0,-168.161804263556,0,20.4395188171764
0,198.940685570064,-41.3069513951841,86.1508434091694,-120.412333754989,-392.250218720344,4333.43573115484,352.110092797365,-406.211488524025,0,521.097540476508,40.1319862105829,-51.8343920941642,907.160452243032,-265.12442374727,0,559.549098483842,391.346436782262,-97.0364170034596,-465.148044951566,-1408.00389879401,-400.876987500468,-297.937031934789,-754.789577118074,-922.709808927526,0,-193.893113382732,0,265.39740485652,-872.671775626777,397.128255824347,-1042.01326764971,702.492647822522,332.764447321975,386.67809374256,-541.355543799651,1135.89129935307,-352.745346930216,965.078084626769,-817.816108855205,344.471341779939,-187.551692393998,-538.753474426573,0,45.8764712655912,764.995189419222,490.151159856353,-704.214841594815,-87.3901550000674,-343.723542464449,0,-175.745222967373,278.991081307446,-541.948208828926,-103.765855841994,412.456587279809,0,-184.902785188019,0,156.950098711854
0,69.5157344470768,28.5345318398237,519.612631386416,720.17349367631,-1008.22088215459,352.110092797365,4588.50660397348,885.176284981185,0,374.840760179946,607.398452811706,144.780047432423,393.549403735533,309.466379439051,0,779.346314161745,590.215353249655,65.8858943788264,284.473311102756,786.531833970064,-684.589563117172,821.385093191865,-212.755716282157,166.774749805711,0,-35.7537364707817,0,970.412330748081,-1189.44804784962,149.069743623633,818.102959926989,-784.271441049149,-381.866006933863,-791.916742824663,64.1989432858646,1388.34179400955,-204.553288287851,815.345308453009,129.217759868959,1570.02808928582,-30.64889138541,330.702966352251,0,-670.31149943341,1364.36012249408,387.176394562492,201.660709961215,-340.948632157659,-516.373087141981,0,-77.5981011362632,425.201995248103,-841.359331932475,237.625897571447,27.4832660624534,0,112.138337071517,0,248.740567786906
0,307.934024162007,90.2319085870818,-167.731519522967,265.18976261635,-84.0513410673284,-406.211488524025,885.176284981185,3319.48912304889,0,170.017705843039,-27.8775101214564,302.934048730687,143.640234699084,426.107349187829,0,857.118808205069,-248.985662089738,-243.625517580047,-37.1701072472056,-35.1956467261722,-840.993755670505,-379.421336397774,-69.4412208888048,289.145106054812,0,120.341570470251,0,578.299353066638,558.323611227711,-112.198877193191,-240.435690292221,-576.470899128564,185.051688761512,-103.089481450126,-228.183238717691,-301.259134637858,-787.822899222117,146.133646265719,1010.62333880791,-762.558190445053,120.286483001802,446.676696508422,0,-435.562523646802,-25.5489163703037,1034.92817096641,24.8830135141701,-233.350478213403,136.314093598369,0,283.187316872126,825.080583189492,103.315902191038,65.4987687436455,-344.679143005979,0,-212.587503453515,0,-42.6470198648615
0,0,0,0,0,0,0,0,0,0.0334541350007143,0,0,0,0,0,0,0,0,0,0,0,0,0,0,0,0,0,0,0,0,0,0,0,0,0,0,0,0,0,0,0,0,0,0,0,0,0,0,0,0,0,0,0,0,0,0,0,0,0,0
0,4.139339156175,-259.75092774876,90.9881748533358,-131.378245608358,698.968637509126,521.097540476508,374.840760179946,170.017705843039,0,4952.3632355692,441.427262143531,856.624633365981,-419.319159585264,-1145.64713079384,0,-1145.76362528128,-108.533942864931,-104.018891325447,-493.883484189739,1099.64663361103,-945.334751834052,638.172873979953,115.86789255337,-485.939406030663,0,-204.897165064374,0,-217.977582018483,98.8782711874395,1394.43357092506,-1115.85232206297,331.106830223868,-92.3314249871612,416.442975325796,-1535.36272914029,1210.80134348894,-801.513037850051,-671.264172595964,-871.85382978636,1274.76200736156,-202.541364727208,514.852580359212,0,44.8642515692742,1588.53761317381,823.340154502658,-470.902429408153,-418.184932268455,-95.1878714445317,0,-191.171290926865,670.384621170213,631.979398237208,-111.863742947244,173.109116180616,0,242.721047543262,0,-400.657590553501
0,-409.78669054014,-221.023039312391,166.402935831287,97.8688260346146,136.919741612196,40.1319862105829,607.398452811707,-27.8775101214564,0,441.427262143531,6355.19911315373,705.614284471386,51.1991327003395,363.221109615681,0,-1142.08586221724,697.336562147042,80.5489651402943,338.657632136783,-1521.0351811988,-802.400719505473,-719.103561561664,839.727345273044,199.283528677619,0,-1155.75192972674,0,1145.56053051115,-791.381343668376,752.539754121897,-560.750587802055,-432.075510717836,593.839738083007,-379.076602971343,1202.00544247471,-35.7860970641521,-740.857681098565,958.480739658781,1123.25769945548,2385.24227161669,-592.474832341779,-45.113943375459,0,275.29482456798,-672.017854834454,-252.933522668939,-92.3136858688772,-18.4440684479177,-606.65223137135,0,-432.07057889622,-381.197963289807,439.936778862129,-24.0634968164338,-280.315557057948,0,-905.050391160117,0,70.5638395854598
0,-514.26272158751,-11.4650351525253,-97.5725982614181,-460.153352011899,1056.73237861478,-51.8343920941643,144.780047432423,302.934048730687,0,856.624633365981,705.614284471386,8698.40525025794,-959.156618061062,-1441.42971783802,0,-1426.88448183377,-734.722722364033,659.276338160019,230.587722991797,223.050963935456,1020.44149457962,-945.58053813801,870.862818344084,-548.830019201322,0,-163.512672435573,0,-854.140752171252,2402.73692322785,-1248.91421734252,381.708309276949,543.915808923282,-1222.29821292248,66.8178848959422,-1318.01448570433,475.508226677554,1326.14197053318,-771.536215723546,608.962171680242,91.1912970645326,1105.71967172126,322.472277139705,0,-1031.76928145059,1210.67902005324,412.922327429362,204.923325554505,-511.352957746278,689.261954617648,0,-182.693188655252,992.090914450974,949.349347620978,-440.279775837764,319.026674572027,0,-1096.00335460118,0,535.891446069241
0,385.84845300873,140.821451397464,-165.872758736049,741.977604577465,-398.256117791429,907.160452243032,393.549403735533,143.640234699084,0,-419.319159585264,51.1991327003395,-959.156618061062,4154.84889080632,575.08508093904,0,480.676369228569,1417.71135841255,-192.557008372793,-1069.35686065463,-467.064828118868,-297.938690701934,-344.894258987456,-15.6497011616994,-99.3609676428062,0,226.902736775797,0,-274.885056864391,-818.366311601722,-517.954924543798,-610.520402463843,704.644823972211,290.29387272353,-498.97173510839,-177.639165752831,-740.161699538845,495.331352383526,1153.675800739,-864.767547469727,-258.372239581081,-256.66357407469,605.271235981542,0,1449.24388947941,52.4419460151742,-274.767706695524,-495.066238077076,103.612396991468,-337.593891180303,0,86.7952594986296,-137.761260499496,-635.079547833372,-405.491184823658,220.444298098798,0,256.997087677671,0,-6.30042124535275
0,-134.713910665178,356.204419948918,211.66012106237,243.056811578257,-223.247576528856,-265.12442374727,309.466379439051,426.107349187829,0,-1145.64713079384,363.221109615681,-1441.42971783802,575.08508093904,7067.48688288858,0,367.82572415877,-463.076082342522,-1744.99026844733,-192.826984175536,-843.186302202368,-1364.77103005064,-1262.25446736187,-183.233252196865,315.680587814493,0,667.312002906259,0,64.381601007644,621.57024137643,-293.754501979608,-1021.84066544603,-911.248844492748,730.359653229798,-878.640495979366,790.727729389384,67.1070970649668,-151.894408046323,-466.229339808348,-772.176655860038,454.883680025731,660.938494980583,-399.708196847531,0,410.868605305435,-628.312439000795,-552.659632590315,-751.13034231557,28.5610758958235,114.6280794154,0,-394.314185952859,-332.427021520413,-971.915580246802,33.6457979678804,114.70392601041,0,762.164958226583,0,367.480614423552
0,0,0,0,0,0,0,0,0,0,0,0,0,0,0,0.0622556571847756,0,0,0,0,0,0,0,0,0,0,0,0,0,0,0,0,0,0,0,0,0,0,0,0,0,0,0,0,0,0,0,0,0,0,0,0,0,0,0,0,0,0,0,0
0,-11.247841331022,-68.5858259133048,91.2386861238215,334.450263648566,121.138675667668,559.549098483842,779.346314161745,857.118808205069,0,-1145.76362528128,-1142.08586221724,-1426.88448183377,480.676369228569,367.82572415877,0,10955.3485143005,-180.139026382563,703.123475038476,-632.851111429997,-1489.68311415249,633.741065355429,1218.83196398246,-1492.54789642901,820.822306739862,0,1337.99490992001,0,2287.39587435949,-257.704937442942,-682.424990963634,-837.587102600736,-861.255917254416,618.101111094987,149.242649223635,1480.63478171856,-280.72740435243,-1211.78723495318,1372.85700722276,127.625181612944,597.821985401567,-275.505080778429,-84.5341658655876,0,1037.36953330772,228.05996408259,722.963125303918,238.168401915751,-315.577652785262,-459.721924983973,0,-245.145324959448,-124.659063287999,-935.192051417068,-154.930805932956,-448.370159232016,0,127.360764045729,0,56.9947932709023
0,-61.9315431653514,214.547275589173,-248.571044577122,625.344172797287,-21.4542050082357,391.346436782262,590.215353249655,-248.985662089738,0,-108.533942864931,697.336562147042,-734.722722364033,1417.71135841255,-463.076082342522,0,-180.139026382563,9417.89206305662,-287.772526018245,974.547328334354,108.45030810878,-1251.52231031237,219.929477930157,691.978212833321,618.879640410399,0,-1119.12908344715,0,366.845821820704,-2027.60319125844,-26.7495365329159,417.143945460287,414.390689706498,1814.21573885227,-20.4455432390551,471.57354593772,-1116.76232966705,745.273846117994,415.347321777266,-1302.01188370326,-386.834377583774,-1825.14455524643,-774.318383487281,0,95.2416445736407,-514.67102322181,990.879198394918,130.558454666746,158.685473726333,-88.1346647172615,0,-308.320546491918,369.633158408877,-327.666992317231,588.28573117731,-496.189035200838,0,-635.146526007165,0,-10.9499856267025
0,252.585784640286,-764.737055647327,326.150291001998,-826.300089855704,-1145.85830413605,-97.0364170034596,65.8858943788264,-243.625517580047,0,-104.018891325447,80.5489651402943,659.276338160019,-192.557008372793,-1744.99026844733,0,703.123475038475,-287.772526018245,8896.44363696828,-725.656409725024,96.212319759164,-434.81024413687,214.278473389112,672.296774294397,-890.224184330674,0,337.368609959167,0,-397.546532962321,-1971.64666934708,1441.25383088181,406.104600971379,405.244255980167,-1576.00052174217,-20.1181169822566,461.511533341974,-373.907359738674,1362.20574620591,-1519.61396729659,1216.69523953382,-376.436206612732,-1075.09165578025,890.526458724124,0,-587.087827985644,658.498286658903,-399.96346276383,1829.72516547967,-332.41536656054,321.3862021926,0,129.731532634091,355.826254706985,284.152251607087,-592.547711081666,-79.5353326992797,0,377.818530331778,0,-578.607044790469
0,-568.638469509441,1107.9114930258,-77.8540196499446,-382.9522515316,-1035.44589716533,-465.148044951566,284.473311102756,-37.1701072472056,0,-493.883484189739,338.657632136783,230.587722991797,-1069.35686065463,-192.826984175536,0,-632.851111429997,974.547328334354,-725.656409725024,12324.1999368592,-406.350231062005,601.609657109516,1353.89018612567,-349.247690200187,281.01941414175,0,1493.33512769491,0,-60.7270463275634,1438.5892577844,-2140.24900884487,2050.41503722803,784.265390300425,1557.57302921282,-1296.71650106515,106.606509940888,-1599.18740864531,361.426422804663,1334.11708855148,892.209795263935,1097.64186531915,-50.6085038353011,-653.490843216792,0,-353.331349485067,-1573.26292185904,-354.529864185096,-129.868033260692,1570.75171247577,47.4446487352429,0,-1534.78243228709,82.8971337829128,-48.3127037710468,-31.679800540304,-388.7719714877,0,-531.772165874842,0,-213.160783066469
0,105.411180814467,1038.41529666113,-73.2580500465949,123.175338524185,178.076759212461,-1408.00389879401,786.531833970064,-35.1956467261722,0,1099.64663361103,-1521.0351811988,223.050963935456,-467.064828118868,-843.186302202368,0,-1489.68311415249,108.45030810878,96.212319759164,-406.350231062005,10808.6615864936,559.031835472105,527.738588935054,-332.437702195328,258.930304133707,0,-56.871439152732,0,1488.40220125229,557.117951131399,234.840524224702,598.431834642275,734.787526935846,95.2801949627594,-490.916476290577,94.2021463326451,-53.7867103249298,336.28638474492,-55.6198502397143,198.815807490476,-367.281432234963,1388.51274355305,-1174.90194200758,0,1746.47859785716,1498.07675995308,-330.271161203112,1618.35397723025,-23.0763130570867,467.017137781289,0,-122.73417914369,1799.50773235145,-42.2433581309392,-27.3794450126997,45.9214530736965,0,515.077431366284,0,-490.662304590407
0,225.497725612725,-512.864388632407,-520.188993354687,-1026.83542587681,255.563914765196,-400.876987500468,-684.589563117172,-840.993755670505,0,-945.334751834052,-802.400719505473,1020.44149457962,-297.938690701934,-1364.77103005064,0,633.741065355429,-1251.52231031237,-434.81024413687,601.609657109516,559.031835472105,12725.8665816691,2177.64647074318,-27.3509305974878,-2534.41373662536,0,146.240986020103,0,-620.606138314444,2149.77290058262,-415.225192389199,2631.12885921539,954.57053247013,-366.731951527485,329.418077332615,1081.26031372841,155.457499833597,1116.59292019409,1286.7199643562,288.10712754474,-580.184606911329,877.595054677326,529.756057535878,0,-909.379998197952,-181.680923129434,-853.15862280976,416.949060339734,235.847103002353,922.459183126671,0,418.462519695126,-892.844397000289,755.264089496313,-315.517221302873,-331.11390173208,0,-441.83863113194,0,423.130972166294
0,437.607657579924,-816.45280254889,234.48934070039,-179.591811970723,277.700669394958,-297.937031934789,821.385093191865,-379.421336397774,0,638.172873979953,-719.103561561664,-945.58053813801,-344.894258987456,-1262.25446736187,0,1218.83196398246,219.929477930157,214.278473389112,1353.89018612567,527.738588935054,2177.64647074318,8682.81693475017,-855.629653482395,-355.693248391201,0,-1257.89776720851,0,1494.68053822843,-1487.93621621466,1049.35253607414,1303.038848798,-1003.46793893896,-1060.69021302952,1020.28507074976,-467.898051634172,1410.6733825979,-762.237882202247,1293.70082058794,311.683707208571,-132.628178918505,77.6161726582665,-950.071657669754,0,-171.936398427424,-151.098200436155,664.882618456122,364.715245303572,489.373583373969,512.567048137378,0,773.416309131355,159.806688852584,1204.6981560382,-322.125848846807,-1002.14440978014,0,-85.1262873087186,0,140.366539537855
0,-536.295724996674,-7.24061025408652,-152.400840628969,-23.5673116875358,-818.442179503782,-754.789577118074,-212.755716282157,-69.4412208888048,0,115.86789255337,839.727345273044,870.862818344084,-15.6497011616994,-183.233252196865,0,-1492.54789642901,691.978212833321,672.296774294397,-349.247690200187,-332.437702195328,-27.3509305974878,-855.629653482395,6451.50067618577,87.342240482978,0,-1392.94789542321,0,-798.544483938215,-2127.82091252024,266.076864921428,649.80466560709,-586.719016074068,-619.582220452597,-386.184691226693,636.905518274594,-104.095140566972,2052.75092026401,-1684.2818417284,1349.41359514052,-561.182665610577,529.543581489155,551.045906164318,0,337.319939930153,-765.670448201006,-543.980311592949,264.304545225555,246.004015930086,463.702608112519,0,-121.981779560592,494.782835416193,1561.75812778792,293.539767898919,93.7006099221899,0,-136.139903427333,0,-413.48093722813
0,-9.35833669975314,259.127240771701,78.6357725148222,286.747567850535,-453.099825555288,-922.709808927526,166.774749805711,289.145106054812,0,-485.939406030663,199.283528677619,-548.830019201322,-99.3609676428062,315.680587814493,0,820.822306739862,618.879640410399,-890.224184330674,281.01941414175,258.930304133707,-2534.41373662536,-355.693248391201,87.342240482978,8034.64789578237,0,-932.126984227117,0,1222.58224517635,-213.254783804781,-586.28232966707,-86.2922567085353,-741.146677313519,-127.213845534952,1511.10162679882,568.112866099157,454.34152426038,-411.742722206267,543.372431628222,718.71663605555,-1487.15610949009,-929.569649939267,465.932121620491,0,228.032792449915,-1513.54264171059,176.755434721138,-207.761595967332,686.135548901695,809.358535663112,0,-212.014053204541,443.876655941917,-206.119562586996,247.284561909895,13.2940924700898,0,-212.125417244672,0,-228.489394541075
0,0,0,0,0,0,0,0,0,0,0,0,0,0,0,0,0,0,0,0,0,0,0,0,0,0.0625838005695297,0,0,0,0,0,0,0,0,0,0,0,0,0,0,0,0,0,0,0,0,0,0,0,0,0,0,0,0,0,0,0,0,0,0
0,-392.823256938324,440.82351752355,2.32200541485295,-27.771081763365,-1180.46483567372,-193.893113382732,-35.7537364707817,120.341570470251,0,-204.897165064374,-1155.75192972674,-163.512672435573,226.902736775797,667.312002906259,0,1337.99490992001,-1119.12908344715,337.368609959167,1493.33512769491,-56.871439152732,146.240986020103,-1257.89776720851,-1392.94789542321,-932.126984227117,0,8116.89456002782,0,-501.946168407709,3032.83028770496,1190.10161120029,-973.206577116249,858.544965882649,910.646553298291,-172.703858674247,310.530672129693,-1129.76157062193,-43.1232023043225,-968.826127747588,-721.061777822449,703.839546574433,184.554477056075,2229.50766674783,0,1217.06906741359,497.158011133648,-66.6010498649943,435.723952873917,-365.954820524348,-165.044798060943,0,-1152.7500469772,-797.112526337988,-403.675801575923,462.54817870101,212.617868493332,0,594.460998065377,0,-67.8809677636382
0,0,0,0,0,0,0,0,0,0,0,0,0,0,0,0,0,0,0,0,0,0,0,0,0,0,0,0.0576542295546485,0,0,0,0,0,0,0,0,0,0,0,0,0,0,0,0,0,0,0,0,0,0,0,0,0,0,0,0,0,0,0,0
0,202.258064394897,151.045980276398,-278.569492012452,1389.62027796472,-141.189379111561,265.39740485652,970.412330748081,578.299353066638,0,-217.977582018483,1145.56053051115,-854.140752171252,-274.885056864391,64.381601007644,0,2287.39587435949,366.845821820704,-397.546532962321,-60.7270463275634,1488.40220125229,-620.606138314444,1494.68053822843,-798.544483938215,1222.58224517635,0,-501.946168407709,0,9179.61090149536,-1383.24635310733,-181.083519256207,-392.078555425644,-329.925664067476,1631.91168526147,1925.08505408192,333.635608867599,-1203.96591344336,-676.05030185823,240.803192942157,1072.50371202656,755.620149046694,-1190.1115550187,-332.323208836163,0,622.414276600439,-618.648293894607,-70.9138951752512,886.381127271589,-385.5488393595,230.137773517083,0,50.7818422664423,1370.48278656915,-1029.20910479223,110.651171197895,-172.165553905451,0,-350.96992525328,0,-71.2714691851153
0,-410.087391682892,476.792788098525,-804.773186011775,-1494.70926543305,-315.822961763567,-872.671775626777,-1189.44804784962,558.323611227711,0,98.8782711874395,-791.381343668376,2402.73692322785,-818.366311601722,621.57024137643,0,-257.704937442942,-2027.60319125844,-1971.64666934708,1438.5892577844,557.117951131399,2149.77290058262,-1487.93621621466,-2127.82091252024,-213.254783804781,0,3032.83028770496,0,-1383.24635310733,12354.6045228115,330.469788771787,-40.7292200547754,-349.119712195395,306.963716135246,-401.608554975148,-397.385838733219,143.215925929846,-197.98828702644,-47.3558177822209,280.790075674496,108.964840704952,135.077704775459,-1148.27273579941,0,-903.456881291645,410.37588404945,78.5146970941321,-887.643363143649,-757.158897251537,80.5167319171148,0,-890.968123257534,-309.930104126178,-494.842601626809,-315.447029031551,486.192147151261,0,-438.865937464159,0,-160.711094266591
0,352.845345913293,-631.596234086882,-106.23251974193,-944.648338477185,-488.088874022462,397.128255824347,149.069743623633,-112.198877193191,0,1394.43357092506,752.539754121897,-1248.91421734252,-517.954924543798,-293.754501979608,0,-682.424990963634,-26.7495365329159,1441.25383088181,-2140.24900884487,234.840524224702,-415.225192389199,1049.35253607414,266.076864921428,-586.282329667069,0,1190.1016112003,0,-181.083519256207,330.469788771787,9840.50566339196,-208.568562836467,580.85971993704,-659.150785788535,-615.28655459774,661.506618849489,2541.76025538329,-1026.44956586313,-212.786252190149,59.7734631298005,-1208.59151123831,-2192.13858482275,869.470676478118,0,203.614069993086,-385.22127169922,438.02073541881,216.151607337643,-546.17819067559,-437.177259342342,0,-598.897287675515,517.880256068929,-728.470114804344,-93.7278621026698,-433.804389452952,0,1046.47639063631,0,297.222126132659
0,-300.050363136169,-102.661977377134,84.405487461168,506.528931668227,-162.900930786344,-1042.01326764971,818.102959926989,-240.435690292221,0,-1115.85232206297,-560.750587802055,381.70830927695,-610.520402463843,-1021.84066544603,0,-837.587102600736,417.143945460287,406.104600971379,2050.41503722803,598.431834642275,2631.12885921539,1303.038848798,649.80466560709,-86.2922567085354,0,-973.206577116249,0,-392.078555425644,-40.7292200547753,-208.568562836467,8339.48745523178,-195.601495831653,-210.035249348485,-197.362128621858,997.503917522067,230.950452211446,492.572030118395,-449.059685612324,875.356631665988,-870.392752820634,826.008897632551,547.981710391771,0,-49.6332335898036,-1030.64134400696,176.797848160993,776.338766599581,246.536390114658,146.246347498097,0,785.515713089857,776.42777755223,-829.944068858319,782.352431548706,-540.730344437041,0,-586.857587046104,0,-321.075000415614
0,207.174106550371,169.413006603817,-435.05592688631,107.3789765705,-483.531247884672,702.492647822522,-784.271441049149,-576.470899128564,0,331.106830223868,-432.075510717836,543.915808923282,704.644823972211,-911.248844492748,0,-861.255917254416,414.390689706498,405.244255980167,784.265390300425,734.787526935846,954.57053247013,-1003.46793893896,-586.719016074068,-741.146677313519,0,858.544965882649,0,-329.925664067476,-349.119712195395,580.85971993704,-195.601495831653,6053.86895013854,349.805281027656,-26.0247947916777,378.378196499858,-309.648376978323,-454.223472672687,328.551408132707,-1039.23088570733,-871.443994312246,-310.994311090471,282.591029239021,0,632.277395825084,62.4495237235776,-705.877469423937,808.261680052624,526.44282377961,-407.059039259245,0,-246.535152370593,-630.74333354322,236.810461992049,-170.864371239912,-67.9980921496282,0,35.0760499327173,0,-9.21298755843611
0,221.491080911051,1028.49558099672,36.2765655516941,114.204009654109,-14.9060001155543,332.764447321975,-381.866006933863,185.051688761512,0,-92.3314249871611,593.839738083007,-1222.29821292248,290.29387272353,730.359653229798,0,618.101111094987,1814.21573885227,-1576.00052174217,1557.57302921282,95.2801949627594,-366.731951527485,-1060.69021302952,-619.582220452597,-127.213845534952,0,910.646553298291,0,1631.91168526147,306.963716135246,-659.150785788535,-210.035249348485,349.805281027656,6783.71437471777,-1257.42538319308,-855.210244215861,-329.445090636635,73.2285794399591,-212.31751437437,-1100.74418931406,1455.60941654672,288.706691846599,-177.090324354229,0,672.03419421933,1082.76523327434,-1538.74489329786,-261.00296782581,132.247394474812,-786.861562092672,0,113.236026435765,313.755225574217,249.855684473751,498.669137919772,-424.998503875581,0,-828.187033992283,0,-7.87320914437794
0,-237.91073067925,-910.63150267242,-99.6590643717367,-476.063205581355,568.484636594707,386.67809374256,-791.916742824663,-103.089481450126,0,416.442975325796,-379.076602971343,66.8178848959422,-498.97173510839,-878.640495979366,0,149.242649223635,-20.4455432390551,-20.1181169822566,-1296.71650106515,-490.916476290578,329.418077332616,1020.28507074976,-386.184691226693,1511.10162679882,0,-172.703858674247,0,1925.08505408192,-401.608554975148,-615.28655459774,-197.362128621858,-26.0247947916777,-1257.42538319308,9249.86384238602,-1357.77775632909,-168.333317139385,1372.71560788458,-796.237658929155,57.79580135568,89.6511886108392,-817.395137317381,-170.662924579221,0,193.682537530054,-367.166570207967,848.410573497123,-182.778853363449,-77.509525621827,711.282118832401,0,214.151817077687,503.824560532459,-140.382836750824,-451.458618627505,1072.20998338981,0,94.2551068119449,0,288.229534094582
0,-350.687511474127,-415.749073080909,-228.294715854753,-324.565416766214,-550.744985822084,-541.355543799651,64.1989432858646,-228.183238717691,0,-1535.36272914029,1202.00544247471,-1318.01448570433,-177.639165752831,790.727729389384,0,1480.63478171856,471.57354593772,461.511533341974,106.606509940888,94.202146332645,1081.26031372841,-467.898051634172,636.905518274594,568.112866099157,0,310.530672129693,0,333.635608867599,-397.385838733219,661.506618849489,997.503917522067,378.378196499858,-855.210244215861,-1357.77775632909,7872.46259908467,-1691.69462207933,-1122.27988438108,983.594649225074,1142.49790777676,-994.528163925177,310.69851640217,-189.630773227725,0,-553.257302785845,-1565.76719863672,909.202611803604,1320.10358463113,1519.53048499641,-460.72991223469,0,934.417175650606,-719.401214281422,-301.800935084093,170.68759730187,676.379546275568,0,352.874436097123,0,258.032521673699
0,188.765365927987,-160.273066512887,269.364316666556,-912.797079656894,389.530705562052,1135.89129935307,1388.34179400956,-301.259134637858,0,1210.80134348894,-35.7860970641521,475.508226677554,-740.161699538845,67.1070970649668,0,-280.72740435243,-1116.76232966705,-373.907359738674,-1599.18740864531,-53.7867103249298,155.457499833597,1410.6733825979,-104.095140566972,454.34152426038,0,-1129.76157062193,0,-1203.96591344336,143.215925929846,2541.76025538329,230.950452211446,-309.648376978323,-329.445090636635,-168.333317139385,-1691.69462207933,8116.20970591643,-636.368659549886,-362.989074683978,432.529320463899,77.4853016283306,185.593839886159,707.593121016393,0,587.49074549111,500.112215089904,356.395599451911,-353.6619401997,-366.741010668911,-164.393636805308,0,-355.10080061561,765.752265524995,728.043212913422,-258.154579309239,207.625576968076,0,592.784405253522,0,461.006819261942
0,349.465704415163,-236.114257546427,179.061515561261,103.062854833687,613.962304927672,-352.745346930216,-204.553288287851,-787.822899222117,0,-801.513037850051,-740.857681098565,1326.14197053318,495.331352383526,-151.894408046323,0,-1211.78723495318,745.273846117994,1362.20574620591,361.426422804663,336.28638474492,1116.59292019409,-762.237882202247,2052.75092026401,-411.742722206267,0,-43.1232023043225,0,-676.05030185823,-197.98828702644,-1026.44956586313,492.572030118395,-454.223472672687,73.2285794399591,1372.71560788458,-1122.27988438108,-636.368659549886,7215.90977838666,-2197.26270023354,-355.114832669929,270.319261861978,-47.5605478920313,-502.43385893738,0,-837.364677363802,253.550094643773,-1025.00041394865,612.324216402772,-423.024491642554,39.7499348644466,0,-100.404847448606,528.103576892187,467.94472972972,-348.334908895105,371.092587542588,0,-131.19532203807,0,73.9521690507438
0,-35.1293011245841,-102.290983931299,84.7492033862866,-699.370520598806,313.805998746995,965.078084626769,815.345308453009,146.133646265719,0,-671.264172595964,958.48073965878,-771.536215723546,1153.675800739,-466.229339808348,0,1372.85700722276,415.347321777266,-1519.61396729659,1334.11708855148,-55.6198502397143,1286.7199643562,1293.70082058794,-1684.2818417284,543.372431628222,0,-968.826127747588,0,240.803192942157,-47.3558177822209,-212.786252190149,-449.059685612324,328.551408132707,-212.31751437437,-796.237658929156,983.594649225074,-362.989074683978,-2197.26270023354,8194.91833903145,-695.16812855358,282.314660451501,226.918277803875,-834.580531106856,0,516.836435831792,-538.112700948309,938.736179450343,-305.491389090075,649.998621554601,-539.498901880195,0,-669.065396702551,298.982661749102,200.486843065661,-525.276901201781,-873.10527116292,0,-26.0822951781519,0,-81.3195032575942
0,-208.022882293553,-273.068602323552,-88.5786163595137,-1192.04708372555,41.4245060480418,-817.816108855205,129.217759868959,1010.62333880791,0,-871.85382978636,1123.25769945548,608.962171680242,-864.767547469726,-772.176655860038,0,127.625181612944,-1302.01188370326,1216.69523953382,892.209795263935,198.815807490476,288.10712754474,311.683707208571,1349.41359514052,718.71663605555,0,-721.061777822449,0,1072.50371202656,280.790075674496,59.7734631298005,875.356631665988,-1039.23088570733,-1100.74418931406,57.79580135568,1142.49790777676,432.529320463899,-355.114832669929,-695.16812855358,7081.94516310023,-1020.89836430258,-1287.64396192023,296.935796862007,0,-375.345789753853,-320.646733905595,375.955784703531,181.488407311485,-64.6462057440029,292.5158524973,0,186.31572751848,441.222208357995,1846.92188916235,-80.430339147616,-367.070108583303,0,-184.367343479372,0,-669.168877961278
0,-341.861453078126,-446.785395680289,358.412850479146,1226.21923581574,-427.171394585178,344.471341779939,1570.02808928582,-762.558190445053,0,1274.76200736156,2385.24227161669,91.1912970645326,-258.372239581081,454.883680025731,0,597.821985401567,-386.834377583774,-376.436206612732,1097.64186531915,-367.281432234963,-580.184606911329,-132.628178918505,-561.182665610577,-1487.15610949009,0,703.839546574433,0,755.620149046694,108.964840704952,-1208.59151123831,-870.392752820634,-871.443994312246,1455.60941654672,89.6511886108392,-994.528163925177,77.4853016283306,270.319261861978,282.314660451501,-1020.89836430258,11011.5270570189,1951.83336031965,238.328315513489,0,-322.828433696647,1274.59832833656,208.734908297821,-456.007405828007,-545.683095599899,-1153.98926443724,0,-1223.62152517719,-771.619683599608,-1014.35056418798,-647.950490448849,290.163770400461,0,-452.292108295876,0,-470.002156957626
0,-388.661861250666,439.899207902384,264.687492874027,853.778223201163,-644.281014816001,-187.551692393998,-30.64889138541,120.286483001802,0,-202.541364727208,-592.474832341779,1105.71967172126,-256.66357407469,660.938494980583,0,-275.505080778429,-1825.14455524643,-1075.09165578025,-50.6085038353011,1388.51274355305,877.595054677326,77.6161726582665,529.543581489155,-929.569649939267,0,184.554477056075,0,-1190.1115550187,135.077704775459,-2192.13858482275,826.008897632551,-310.994311090471,288.706691846599,-817.395137317381,310.69851640217,185.593839886159,-47.5605478920313,226.918277803875,-1287.64396192023,1951.83336031965,7957.80165038213,195.380582304203,0,-672.654239107083,-40.6208846671075,-483.394381830579,436.417379482619,-361.499191739759,-158.411584397774,0,42.8182011763209,246.148567252843,158.878731153345,103.319689524507,-163.520130317958,0,-327.369203837651,0,-65.9396146013886
0,-29.8366039089779,-86.1222794055026,274.709070000417,87.1608632292271,-135.583433156863,-538.753474426573,330.702966352251,446.676696508422,0,514.852580359212,-45.113943375459,322.472277139705,605.271235981542,-399.708196847531,0,-84.5341658655876,-774.318383487281,890.526458724124,-653.490843216792,-1174.90194200758,529.756057535878,-950.071657669754,551.045906164318,465.932121620491,0,2229.50766674783,0,-332.323208836163,-1148.27273579941,869.470676478118,547.981710391771,282.591029239021,-177.090324354229,-170.662924579221,-189.630773227725,707.593121016393,-502.43385893738,-834.580531106856,296.935796862007,238.328315513489,195.380582304203,5954.77332053007,0,-46.1588961126717,-39.3704496921823,150.010288207096,350.190423383188,-490.888407736681,711.472758996294,0,351.833727473772,-548.624627635883,170.163287702217,662.948639023595,408.139817483946,0,215.350452865066,0,-476.046276399181
0,0,0,0,0,0,0,0,0,0,0,0,0,0,0,0,0,0,0,0,0,0,0,0,0,0,0,0,0,0,0,0,0,0,0,0,0,0,0,0,0,0,0,0.0347133567371706,0,0,0,0,0,0,0,0,0,0,0,0,0,0,0,0
0,-742.11477690783,902.254272881013,-63.457298082036,958.032670305647,154.652213635185,45.8764712655912,-670.31149943341,-435.562523646802,0,44.8642515692742,275.29482456798,-1031.76928145059,1449.24388947941,410.868605305435,0,1037.36953330772,95.2416445736407,-587.087827985644,-353.331349485067,1746.47859785716,-909.379998197952,-171.936398427424,337.319939930153,228.032792449915,0,1217.06906741359,0,622.414276600439,-903.456881291645,203.614069993086,-49.6332335898036,632.277395825084,672.03419421933,193.682537530054,-553.257302785845,587.49074549111,-837.364677363802,516.836435831792,-375.345789753853,-322.828433696647,-672.654239107083,-46.1588961126717,0,8148.82232681631,-1283.18556042427,519.575989038673,-100.642675313532,-20.6774680706293,43.521074290208,0,-103.814597756317,1063.85856292776,-579.206035894531,-712.089283967014,-321.676066281914,0,151.131612416057,0,-174.538742519798
0,79.4653948954483,32.2192760794395,377.091897126228,-267.302816493778,134.953796781098,764.995189419222,1364.36012249408,-25.5489163703037,0,1588.53761317381,-672.017854834454,1210.67902005324,52.4419460151742,-628.312439000795,0,228.05996408259,-514.67102322181,658.498286658903,-1573.26292185904,1498.07675995308,-181.680923129434,-151.098200436155,-765.670448201006,-1513.54264171059,0,497.158011133648,0,-618.648293894607,410.37588404945,-385.22127169922,-1030.64134400696,62.4495237235776,1082.76523327434,-367.166570207967,-1565.76719863672,500.112215089904,253.550094643773,-538.112700948309,-320.646733905595,1274.59832833656,-40.6208846671075,-39.3704496921823,0,-1283.18556042427,5969.72776611856,-590.907343890788,232.957601655641,-760.417453804382,-583.45717678323,0,560.063472970474,485.028671039052,429.64371416979,-20.9799966805318,340.937835857234,0,-123.7052982342,0,67.5898539419219
0,-298.450180589204,-554.084860246129,-8.59105359403139,-497.443246786914,-663.06317212466,490.151159856353,387.176394562492,1034.92817096641,0,823.340154502658,-252.933522668939,412.922327429362,-274.767706695524,-552.659632590315,0,722.963125303918,990.879198394918,-399.96346276383,-354.529864185096,-330.271161203112,-853.15862280976,664.882618456122,-543.980311592949,176.755434721138,0,-66.6010498649943,0,-70.9138951752512,78.5146970941321,438.02073541881,176.797848160993,-705.877469423937,-1538.74489329786,848.410573497123,909.202611803604,356.395599451911,-1025.00041394865,938.736179450343,375.955784703531,208.734908297821,-483.394381830579,150.010288207096,0,519.575989038673,-590.907343890788,4484.18036166402,144.693348051426,355.820780917894,423.896765464483,0,-108.309828635859,374.796661748916,305.31873315875,-35.6693999874269,-542.606212321117,0,251.675873188759,0,171.505674045659
0,259.971497154767,54.8050124211686,-176.580701788676,-103.471480470475,-148.284672004463,-704.214841594815,201.660709961215,24.8830135141701,0,-470.902429408153,-92.3136858688772,204.923325554504,-495.066238077076,-751.13034231557,0,238.168401915751,130.558454666746,1829.72516547967,-129.868033260692,1618.35397723025,416.949060339734,364.715245303572,264.304545225555,-207.761595967332,0,435.723952873917,0,886.381127271589,-887.643363143649,216.151607337643,776.338766599581,808.261680052624,-261.00296782581,-182.778853363449,1320.10358463113,-353.6619401997,612.324216402772,-305.491389090075,181.488407311485,-456.007405828007,436.417379482619,350.190423383188,0,-100.642675313532,232.957601655641,144.693348051426,3056.99846257722,-249.337697088788,534.934105380698,0,-256.699133173563,95.2627467601026,374.259884979661,22.6780590243737,75.2604703285921,0,-52.4490626454168,0,-74.4452901680328
0,-114.117514961591,65.1453975917481,-59.1633240283208,191.307878778464,-59.8739830700501,-87.3901550000674,-340.948632157659,-233.350478213403,0,-418.184932268455,-18.4440684479177,-511.352957746278,103.612396991468,28.5610758958235,0,-315.577652785262,158.685473726333,-332.41536656054,1570.75171247577,-23.0763130570867,235.847103002353,489.373583373969,246.004015930086,686.135548901695,0,-365.954820524348,0,-385.5488393595,-757.158897251537,-546.17819067559,246.536390114658,526.44282377961,132.247394474812,-77.509525621827,1519.53048499641,-366.741010668911,-423.024491642554,649.998621554601,-64.6462057440029,-545.683095599899,-361.499191739759,-490.888407736681,0,-20.6774680706293,-760.417453804382,355.820780917894,-249.337697088788,2722.0515143553,-72.0445203921462,0,292.236960003598,-242.101440491797,462.569342055477,294.187755793829,181.232956141906,0,-222.146189295405,0,150.630328699314
