0.05152098316848,-3.09417518909347e-05,0.0207665839448504,0.0101451603512539,0.0166372674979047,-0.00536759854208648,0.0110633572523253,-0.0154669932300732,0.00742088544513535,-0.0175230890876189,0.000204900746252785,-0.0107767593848101,0.00598121924654785,0.0112110961351047,0.00868119896755713,0.0061580580248079,-0.013759869478356
-3.09417518909347e-05,0.0968195707124266,0.00532497426144908,0.0734539617566324,0.0134744435423778,0.0608036999440934,0.00575659644390524,0.0674628520859833,0.00216154420738113,0.0295487641798457,0.0182781722256802,0.0586244976780248,0.00276539930876377,0.0263468148236912,0.014112717224907,0.0365515281821463,-0.000140340120390667
0.0207665839448504,0.00532497426144908,0.0657134497504504,-0.00439852509651137,0.0296396509804667,0.00353187073937542,0.0188280653401338,-0.00212250744085439,0.033346415269442,-0.0149787621240945,0.0253864653986277,-0.00268270957413497,0.0286854887948982,-0.0150067055949127,0.00710738805888563,-0.00464993165968609,0.00916939923263971
0.0101451603512539,0.0734539617566323,-0.00439852509651137,0.114175932358598,-0.00834606617032082,0.0638616018085943,0.0135106940080136,0.0505508075420994,0.00894941198892889,0.0323956617743692,0.00939486790737057,0.0523416829770771,0.00902524102845008,0.0520505344396036,0.00685939750497671,0.0629488815266599,-0.0109180231806147
0.0166372674979047,0.0134744435423778,0.0296396509804667,-0.00834606617032082,0.0634351781071968,0.0257689550996687,0.0226707333176934,0.00717113519233936,0.0320415957467892,-0.00170485340378481,0.0380704063014769,-0.00496827589824341,0.0213714854127133,-0.00474850017984095,0.0169034269721883,-0.00555280130536863,0.000318985215412251
-0.00536759854208648,0.0608036999440934,0.00353187073937542,0.0638616018085943,0.0257689550996687,0.11306492750562,-0.0109883961339444,0.0439754415788659,0.00563881471782623,0.0379238810341816,0.0188607535921226,0.0380063906150236,0.0255491859004414,0.0509855655306218,0.00818917050348846,0.037747270273695,-0.00344272714840925
0.0110633572523253,0.00575659644390524,0.0188280653401338,0.0135106940080136,0.0226707333176934,-0.0109883961339444,0.0765395329610879,-0.00800868666116278,0.0257356863315584,-0.00356412118642475,0.0302288345201573,-0.0187941639169023,0.0138025898490693,-0.00535062337842635,0.00837961186287858,-0.00719531947794475,0.00300691778496579
-0.0154669932300732,0.0674628520859833,-0.00212250744085439,0.0505508075420994,0.00717113519233936,0.0439754415788659,-0.00800868666116278,0.09366007519207,-0.0028164920709517,0.0393795287058516,0.00700163301887354,0.0763151516181652,-1.66951013910491e-05,0.0262345096659669,0.00366674677211173,0.0370153800458531,0.00987881035490836
0.00742088544513535,0.00216154420738113,0.033346415269442,0.00894941198892889,0.0320415957467892,0.00563881471782623,0.0257356863315584,-0.0028164920709517,0.081119357843933,0.0168595286989591,0.0374751896674369,0.00224498684375728,0.0301445055627192,-0.00986415629612158,0.0245909431949364,-0.0100356815019382,0.0132015743225348
-0.0175230890876189,0.0295487641798457,-0.0149787621240945,0.0323956617743693,-0.00170485340378481,0.0379238810341816,-0.00356412118642475,0.0393795287058516,0.0168595286989591,0.0617461152556095,0.00426458879343558,0.0331846745546462,0.00299332591070936,0.0272910401207095,0.0167752526136749,0.0289206922331569,0.010947516382565
0.000204900746252785,0.0182781722256802,0.0253864653986277,0.00939486790737057,0.0380704063014769,0.0188607535921226,0.0302288345201573,0.00700163301887354,0.0374751896674369,0.00426458879343558,0.0669767509680472,0.00599479287088441,0.0291693040219402,-0.00748194680607846,0.0295379759732047,-0.0059022346910939,0.0185973438495511
-0.0107767593848101,0.0586244976780248,-0.00268270957413497,0.0523416829770771,-0.00496827589824341,0.0380063906150236,-0.0187941639169023,0.0763151516181652,0.00224498684375728,0.0331846745546462,0.00599479287088441,0.0930295165012839,-0.00255507264435985,0.0310305112971845,-0.00961243994559645,0.0380541927304913,0.00944663308110723
0.00598121924654785,0.00276539930876377,0.0286854887948982,0.00902524102845008,0.0213714854127133,0.0255491859004414,0.0138025898490692,-1.66951013910491e-05,0.0301445055627192,0.00299332591070936,0.0291693040219402,-0.00255507264435985,0.0664201992646283,0.00157829194705344,0.00864452960640097,-0.0117728042368147,0.00745404532120286
0.0112110961351047,0.0263468148236912,-0.0150067055949127,0.0520505344396036,-0.00474850017984095,0.0509855655306219,-0.00535062337842635,0.0262345096659669,-0.00986415629612158,0.0272910401207095,-0.00748194680607845,0.0310305112971845,0.00157829194705344,0.0817089383113264,-0.0154639444042721,0.056653412871897,-0.00906605969298529
0.00868119896755713,0.014112717224907,0.00710738805888563,0.00685939750497671,0.0169034269721883,0.00818917050348846,0.00837961186287858,0.00366674677211173,0.0245909431949364,0.0167752526136749,0.0295379759732047,-0.00961243994559645,0.00864452960640097,-0.0154639444042721,0.0689270997132245,-0.00837775392292032,0.0305263772001466
0.0061580580248079,0.0365515281821463,-0.00464993165968609,0.0629488815266599,-0.00555280130536863,0.037747270273695,-0.00719531947794475,0.0370153800458531,-0.0100356815019382,0.0289206922331569,-0.0059022346910939,0.0380541927304913,-0.0117728042368147,0.056653412871897,-0.00837775392292032,0.0689320484406081,-0.0107008353362347
-0.013759869478356,-0.000140340120390667,0.00916939923263971,-0.0109180231806147,0.000318985215412251,-0.00344272714840925,0.00300691778496579,0.00987881035490836,0.0132015743225348,0.010947516382565,0.0185973438495511,0.00944663308110723,0.00745404532120286,-0.00906605969298529,0.0305263772001465,-0.0107008353362347,0.0491825872161641
