0.0232763748010943,0,0,0,0,0,0,0,0,0,0,0,0,0,0,0,0,0,0,0,0,0,0,0,0,0,0,0,0,0,0,0,0,0,0,0,0,0,0,0,0,0,0,0,0,0,0,0,0,0,0,0,0,0,0,0,0,0,0,0
0,0.00957050442705325,0,0,0,0,0,0,0,0,0,0,0,0,0,0,0,0,0,0,0,0,0,0,0,0,0,0,0,0,0,0,0,0,0,0,0,0,0,0,0,0,0,0,0,0,0,0,0,0,0,0,0,0,0,0,0,0,0,0
0,0,1796.44392915649,29.9654083401602,-16.3041178529733,533.617833205179,0,-703.9743140654,-206.621119530597,-442.215591040069,0,145.65930709982,-545.907494557728,269.065934663267,-492.856830232325,0,-805.247178215852,0,343.26726426045,127.857751767893,0,-321.754884689436,62.3748766012719,0,-18.1329160257561,-149.164320641469,0,396.974224952369,-454.114269653877,0,830.3715612812,0,-354.721718810241,139.601427030178,0,0,29.5174864579433,-194.569469279695,554.497377127499,-41.4594247402606,0,224.020169007361,0,81.5601106779957,-238.952611470237,-515.549242025265,0,232.349386694585,0,-497.591015758608,-388.855074331332,272.334968939537,443.241270429895,0,0,0,0,86.4230767679858,437.001974814883,0
0,0,29.9654083401602,762.021961398925,112.491895329076,-97.3614406679289,0,24.1766583558477,87.5271575046565,165.319682806162,0,105.796287093628,400.729121716943,164.867947896877,67.5456262207687,0,443.42310599361,0,-120.472448075533,147.607963517502,0,-70.4434958382845,176.918345677348,0,-422.454699918861,184.967597062721,0,-60.8447289520777,-431.74478322746,0,164.178249291183,0,-174.968528606872,-577.154532460422,0,0,-308.849350062401,-379.295457030627,-12.3891862360101,318.577097742393,0,497.319601048146,0,-126.796628983493,382.790019292233,-10.0870357516255,0,92.6531823024913,0,-258.720959765103,208.127607638845,-50.7254071354963,155.663145050731,0,0,0,0,-26.657047610539,-225.080016390356,0
0,0,-16.3041178529733,112.491895329076,2301.90213703454,10.0600985112975,0,-105.755313636505,-233.689186118815,180.002293131384,0,-80.4060730523473,1170.0302539549,-74.0514173478913,224.262416004015,0,98.2798260080616,0,41.6605825324345,840.862494373833,0,643.083651322315,-558.191743404787,0,579.529079398304,-170.277545427138,0,446.862205167637,502.976015808929,0,1228.81696744931,0,128.400027682849,420.91530288901,0,0,-285.10466117862,46.2238577267028,884.173648035499,906.569698576479,0,-572.74695086387,0,-290.63516934942,582.255750634372,344.201199453109,0,264.070395249663,0,-791.584457442144,435.717453975428,161.843521025235,-376.562908912421,0,0,0,0,97.3079360683176,-677.327799896177,0
0,0,533.617833205179,-97.3614406679289,10.0600985112975,4476.46545346599,0,-63.4445307092611,-210.28545781532,-790.758783803657,0,-336.7157255756,-485.288548641946,-546.71137359129,-381.617317061288,0,2010.45985129602,0,-21.6963661860798,99.4016827126799,0,-1366.91840458819,-1161.41221945315,0,-453.469732406891,1255.01220781935,0,96.9760316831682,265.302573083489,0,267.146650888592,0,-199.143260894567,456.949769569133,0,0,473.58756564783,-1115.05172928034,-188.266235575433,-828.557208446026,0,-767.312082447975,0,443.258733429822,-150.960413567878,1254.98495181323,0,-596.611896304031,0,-768.930317652984,677.76517037743,218.822984501572,-370.236807911869,0,0,0,0,-639.480827034073,707.93563071347,0
0,0,0,0,0,0,0.0221332993744384,0,0,0,0,0,0,0,0,0,0,0,0,0,0,0,0,0,0,0,0,0,0,0,0,0,0,0,0,0,0,0,0,0,0,0,0,0,0,0,0,0,0,0,0,0,0,0,0,0,0,0,0,0
0,0,-703.9743140654,24.1766583558477,-105.755313636505,-63.4445307092611,0,7468.86417810058,985.571067356945,-196.663829271787,0,1080.73816857928,-843.896526856333,80.9645558688026,-1140.84576653937,0,1146.72978097191,0,-718.159278835602,1960.09687592287,0,-260.398109316936,501.679091691277,0,-658.141659272138,113.25169686663,0,100.168591243126,118.310399011527,0,-1092.06650266221,0,1037.24237640162,-350.978640178287,0,0,1048.3143392012,-536.270824840749,537.878710675458,-205.878818744597,0,326.972559992927,0,406.536100489693,415.541520617503,492.855446400835,0,-457.835390084062,0,2134.4048354213,-251.744125588026,-302.277132302869,-34.5701057770454,0,0,0,0,375.860798482413,-68.1110431021596,0
0,0,-206.621119530597,87.5271575046565,-233.689186118815,-210.28545781532,0,985.571067356945,6763.53985190745,-13.5279941256372,0,840.518518547984,-1412.67416660012,1115.16701032339,1266.43777947381,0,1212.98494819324,0,182.04977256589,-779.317191513613,0,-1197.60026608445,1690.96284360601,0,-271.156075258182,1418.40500391733,0,-173.428803626068,-223.77957499688,0,-2317.52025091441,0,272.009581877675,-211.750608644342,0,0,-367.176006741112,115.756986475028,680.39614653091,-13.1505387876465,0,74.7022789178585,0,833.833180034376,-778.28955143311,1014.1339416566,0,-653.25840337489,0,599.299715627922,-111.505908437114,1050.89282296438,425.352055407408,0,0,0,0,-464.481385264124,123.109016548222,0
0,0,-442.215591040069,165.319682806162,180.002293131384,-790.758783803657,0,-196.663829271787,-13.5279941256372,6648.18627268403,0,-307.727426181866,-691.119857103919,-102.62773260756,365.40253702316,0,2606.71687944429,0,1175.24435825804,-504.365063489842,0,1161.17151272548,1244.21085860375,0,-851.334677408966,-373.848016119965,0,652.556403331127,802.633510757471,0,124.169747228131,0,1565.66264085701,315.383064736511,0,0,-615.479125677748,-897.765212184493,-1180.76599584371,262.820139758417,0,-275.738218914987,0,-218.370453363992,373.403265064171,146.807804890578,0,423.864083427072,0,-195.498107282717,111.323228094427,-538.663245907448,541.623473878158,0,0,0,0,-432.902272610601,-1272.94235596774,0
0,0,0,0,0,0,0,0,0,0,0.0333570135916305,0,0,0,0,0,0,0,0,0,0,0,0,0,0,0,0,0,0,0,0,0,0,0,0,0,0,0,0,0,0,0,0,0,0,0,0,0,0,0,0,0,0,0,0,0,0,0,0,0
0,0,145.65930709982,105.796287093628,-80.4060730523473,-336.7157255756,0,1080.73816857928,840.518518547985,-307.727426181866,0,6314.80720724788,540.551029801396,-774.19550779327,-656.489987036211,0,-856.231593070202,0,330.163347914556,1123.41792641579,0,681.6296880788,160.393182259354,0,195.988490619092,673.205301880592,0,-1984.13918522763,-1242.14990859618,0,142.893712642671,0,547.07722493271,-575.031262420132,0,0,3951.46677542083,948.415346699231,-444.559858094152,1491.41819479763,0,101.711309038832,0,27.3008879387996,-485.459228266429,923.799498072621,0,1660.35820520801,0,-231.53243483366,-639.627106195777,694.971662745028,-976.48024040546,0,0,0,0,416.073680769908,664.241137236455,0
0,0,-545.907494557728,400.729121716943,1170.0302539549,-485.288548641946,0,-843.896526856333,-1412.67416660012,-691.119857103919,0,540.551029801395,7203.33079128442,-369.817667984686,-348.247975220225,0,312.890189021115,0,348.270815999444,1153.33438739527,0,708.746103108247,-791.326933528911,0,1362.35472114858,514.718632632854,0,500.295935708634,-1826.31512276966,0,280.262519005134,0,-43.7220971325133,-511.265643445585,0,0,-234.794212275382,723.239741680947,838.556084265237,1341.27063769852,0,-157.468249523402,0,-34.9279113421895,290.442011496571,1976.8595424353,0,-951.77331652437,0,-1240.27826684655,578.923895628281,-1120.6577941552,206.875445933062,0,0,0,0,315.096716161704,-577.063738113944,0
0,0,269.065934663267,164.867947896877,-74.0514173478913,-546.71137359129,0,80.9645558688026,1115.16701032339,-102.62773260756,0,-774.19550779327,-369.817667984686,5361.57432697399,-156.125633305109,0,-98.7025226538384,0,1571.95717605159,212.042002121062,0,-234.724049718385,1800.31638056207,0,132.178485175849,-1281.3020143812,0,2045.82045047752,-840.02246135556,0,-907.738712360457,0,-265.418414386304,445.159750542018,0,0,-921.173542417392,377.22397941259,866.414725890198,-461.044462072673,0,-342.424286603047,0,-470.675663610717,892.664382509655,1140.48130026979,0,319.110630066337,0,-257.639288313193,342.25031929172,13.7294569714872,579.63515196389,0,0,0,0,182.674533037408,-328.406041319809,0
0,0,-492.856830232325,67.5456262207687,224.262416004015,-381.617317061288,0,-1140.84576653937,1266.43777947381,365.40253702316,0,-656.489987036211,-348.247975220225,-156.125633305109,9401.76993513672,0,-1158.44698451342,0,776.418334789452,-1809.05722232466,0,-738.123982404543,147.946985773672,0,-48.2519976856033,320.039003797931,0,-366.778200766213,4454.50882863881,0,1305.48450818469,0,1327.90076419675,319.605185077474,0,0,72.4565681708966,89.5162233419311,757.190752421093,-98.8561925158006,0,-1157.97042177815,0,570.888549235712,26.8668663175832,-242.853524369596,0,531.634955145561,0,1644.71141512761,882.115903972929,32.8538970633112,-761.074681112802,0,0,0,0,-383.500999439099,523.958728168211,0
0,0,0,0,0,0,0,0,0,0,0,0,0,0,0,0.0517016974941872,0,0,0,0,0,0,0,0,0,0,0,0,0,0,0,0,0,0,0,0,0,0,0,0,0,0,0,0,0,0,0,0,0,0,0,0,0,0,0,0,0,0,0,0
0,0,-805.247178215852,443.42310599361,98.2798260080616,2010.45985129602,0,1146.72978097191,1212.98494819324,2606.71687944429,0,-856.231593070202,312.890189021115,-98.7025226538384,-1158.44698451342,0,16920.4247148329,0,-2020.85535956774,144.273167174598,0,152.602237533096,1269.13639387389,0,-673.462156748528,879.5373048236,0,1760.04902716875,28.8954666901329,0,-342.416259419555,0,-662.519400957119,-821.351130472257,0,0,-2673.87759382658,-922.229071163746,20.148491654619,-1598.06468274487,0,293.041063943814,0,-981.344722600461,668.29913493917,622.513047258916,0,-784.991864597234,0,1145.46047594158,1382.54496987376,-462.771299176187,-2612.10512400036,0,0,0,0,-504.544046532566,-743.867878331371,0
0,0,0,0,0,0,0,0,0,0,0,0,0,0,0,0,0,0.0706430803085395,0,0,0,0,0,0,0,0,0,0,0,0,0,0,0,0,0,0,0,0,0,0,0,0,0,0,0,0,0,0,0,0,0,0,0,0,0,0,0,0,0,0
0,0,343.26726426045,-120.472448075533,41.6605825324345,-21.6963661860798,0,-718.159278835602,182.04977256589,1175.24435825804,0,330.163347914556,348.270815999444,1571.95717605159,776.418334789452,0,-2020.85535956774,0,15318.0993878647,-532.578715487615,0,284.334489328493,494.820239303354,0,-370.724438241468,-1202.7810305564,0,2930.59451697146,-1253.6159967514,0,-1117.62425156337,0,457.747237460101,747.729919861525,0,0,-1581.86866124591,995.554850903216,1124.51161201062,588.082633143882,0,-238.027588889566,0,-706.365154780383,-1565.11105062516,1668.50755684069,0,-373.588828356385,0,-94.5348693690599,781.587098471193,-720.690635604362,-128.776087420232,0,0,0,0,-1362.10889742767,-521.876106205585,0
0,0,127.857751767893,147.607963517502,840.862494373833,99.4016827126799,0,1960.09687592287,-779.317191513613,-504.365063489842,0,1123.41792641579,1153.33438739527,212.042002121062,-1809.05722232466,0,144.273167174598,0,-532.578715487615,14660.9685380735,0,2416.12509709059,-918.190325616906,0,-1850.68546317111,-939.144286542165,0,-275.600229754578,-63.5673266439119,0,712.20589404386,0,1373.14403565379,996.133382392639,0,0,-485.883203731395,-2374.07158280545,-2775.31632081571,-1803.75501704188,0,1068.45264744167,0,-556.529827599744,-619.663740838564,581.22223392759,0,1013.50639917024,0,1338.80429925137,-508.222592713719,-1007.41913888811,93.6163039222017,0,0,0,0,273.044918504789,274.138296094022,0
0,0,0,0,0,0,0,0,0,0,0,0,0,0,0,0,0,0,0,0,0.0673336952615308,0,0,0,0,0,0,0,0,0,0,0,0,0,0,0,0,0,0,0,0,0,0,0,0,0,0,0,0,0,0,0,0,0,0,0,0,0,0,0
0,0,-321.754884689436,-70.4434958382845,643.083651322315,-1366.91840458819,0,-260.398109316936,-1197.60026608445,1161.17151272548,0,681.6296880788,708.746103108247,-234.724049718385,-738.123982404543,0,152.602237533096,0,284.334489328493,2416.12509709059,0,16561.2448399466,178.270363309197,0,-1209.5114604354,-2023.35927572629,0,-285.985020898076,-2111.94511498211,0,1676.40129460214,0,-1653.1571527712,-1010.37685932224,0,0,-3071.79743217232,-1890.28232151053,-1576.57566501425,1221.73766412482,0,1735.3006347431,0,-195.415891550673,1755.22368954642,-841.672105012699,0,155.27191576579,0,-260.803798655013,-1094.01272175756,1266.29653504176,1809.82620461818,0,0,0,0,775.305828234939,797.354732601286,0
0,0,62.3748766012719,176.918345677348,-558.191743404787,-1161.41221945315,0,501.679091691277,1690.96284360601,1244.21085860375,0,160.393182259354,-791.326933528911,1800.31638056207,147.946985773672,0,1269.13639387389,0,494.820239303354,-918.190325616906,0,178.270363309197,14267.5269047255,0,-1753.56380699669,719.064066682308,0,-835.2419105645,-80.7266243055274,0,-312.641120750698,0,584.014877890159,-715.077576828226,0,0,-1890.64317193388,-929.717810662656,1173.0650373653,-445.579680302091,0,777.95579072222,0,-1443.96143914847,414.190265243266,511.756998995009,0,-784.944506474254,0,1619.32798412597,386.82420548934,-148.640772716496,-780.450123899562,0,0,0,0,798.134401591696,-1956.81301671711,0
0,0,0,0,0,0,0,0,0,0,0,0,0,0,0,0,0,0,0,0,0,0,0,0.0590574377431563,0,0,0,0,0,0,0,0,0,0,0,0,0,0,0,0,0,0,0,0,0,0,0,0,0,0,0,0,0,0,0,0,0,0,0,0
0,0,-18.1329160257561,-422.454699918861,579.529079398304,-453.469732406891,0,-658.141659272138,-271.156075258182,-851.334677408966,0,195.988490619092,1362.35472114858,132.178485175849,-48.2519976856033,0,-673.462156748528,0,-370.724438241468,-1850.68546317111,0,-1209.5114604354,-1753.56380699669,0,7688.81672545268,-1334.43483278119,0,1254.1914691822,976.218070731793,0,-263.041353101166,0,1388.51616517727,1402.74986143207,0,0,2652.49313901952,668.478844958476,1325.41333365776,2441.73553142318,0,-667.372080573376,0,108.80831962718,-1310.24956233834,1216.8663732039,0,1096.47290355297,0,-1727.33433251426,-722.23814177163,-491.63099665666,76.6572352790344,0,0,0,0,116.29954068126,-241.213957705953,0
0,0,-149.164320641469,184.967597062721,-170.277545427138,1255.01220781935,0,113.25169686663,1418.40500391733,-373.848016119965,0,673.205301880592,514.718632632854,-1281.3020143812,320.039003797931,0,879.5373048236,0,-1202.7810305564,-939.144286542165,0,-2023.35927572629,719.064066682308,0,-1334.43483278119,14019.4703816265,0,-2448.00843723491,-1677.38286503227,0,-71.8191651744479,0,-625.060501983369,211.040135736051,0,0,-1096.36344857069,1857.93199564069,-2513.01075792935,208.009005703827,0,-52.72610455922,0,-936.660903637802,-1793.23139506684,1210.40748415936,0,-1269.63702270247,0,-471.776059209381,1796.26453970084,606.147317811543,-532.841947977185,0,0,0,0,-694.409441676609,-803.987022886613,0
0,0,0,0,0,0,0,0,0,0,0,0,0,0,0,0,0,0,0,0,0,0,0,0,0,0,0.0708686840385277,0,0,0,0,0,0,0,0,0,0,0,0,0,0,0,0,0,0,0,0,0,0,0,0,0,0,0,0,0,0,0,0,0
0,0,396.974224952369,-60.8447289520776,446.862205167637,96.9760316831682,0,100.168591243126,-173.428803626068,652.556403331127,0,-1984.13918522763,500.295935708634,2045.82045047752,-366.778200766213,0,1760.04902716875,0,2930.59451697146,-275.600229754578,0,-285.985020898076,-835.2419105645,0,1254.1914691822,-2448.00843723491,0,12090.1063069426,774.122894084496,0,652.804653097794,0,606.839731017253,1546.39699141631,0,0,-1221.94118143433,-2157.51153126484,3055.93505308134,-473.913560893907,0,1474.12476363438,0,908.74449140917,139.098098286995,1670.10675894916,0,-728.909148223357,0,-462.261478045659,398.707772038191,512.400716617387,76.9186390434594,0,0,0,0,-452.739129736276,-894.574400857562,0
0,0,-454.114269653877,-431.74478322746,502.976015808929,265.302573083489,0,118.310399011527,-223.77957499688,802.633510757471,0,-1242.14990859618,-1826.31512276966,-840.02246135556,4454.50882863881,0,28.8954666901329,0,-1253.6159967514,-63.5673266439119,0,-2111.94511498211,-80.7266243055274,0,976.218070731793,-1677.38286503227,0,774.122894084496,15271.8860357007,0,691.894200367011,0,2137.26287198992,914.056771687055,0,0,537.169528107955,535.720496741937,-1285.69320288556,-408.067068779181,0,-1143.0805398662,0,1041.09863565871,-363.79512041909,650.490198202452,0,-731.079228645614,0,1328.37318778926,954.071332823994,-139.32190408713,-1715.10605155775,0,0,0,0,-1104.63291279236,-220.218822073189,0
0,0,0,0,0,0,0,0,0,0,0,0,0,0,0,0,0,0,0,0,0,0,0,0,0,0,0,0,0,0.0597857405114636,0,0,0,0,0,0,0,0,0,0,0,0,0,0,0,0,0,0,0,0,0,0,0,0,0,0,0,0,0,0
0,0,830.3715612812,164.178249291183,1228.81696744931,267.146650888592,0,-1092.06650266221,-2317.52025091441,124.169747228131,0,142.893712642671,280.262519005134,-907.738712360457,1305.48450818469,0,-342.416259419555,0,-1117.62425156337,712.20589404386,0,1676.40129460214,-312.641120750698,0,-263.041353101166,-71.8191651744479,0,652.804653097794,691.894200367011,0,12110.5284971055,0,-56.2560772604809,519.152791752709,0,0,418.382157842644,-260.339573021196,1655.57098446432,1202.54943802227,0,-205.991197201757,0,-469.243197760217,-262.054305245963,-49.8947149409717,0,1300.59309452071,0,979.169419454726,-431.237293278243,189.940752936199,267.419839160489,0,0,0,0,-562.622492352318,-1274.7271557696,0
0,0,0,0,0,0,0,0,0,0,0,0,0,0,0,0,0,0,0,0,0,0,0,0,0,0,0,0,0,0,0,0.0540306786860268,0,0,0,0,0,0,0,0,0,0,0,0,0,0,0,0,0,0,0,0,0,0,0,0,0,0,0,0
0,0,-354.721718810241,-174.968528606872,128.400027682849,-199.143260894567,0,1037.24237640162,272.009581877675,1565.66264085701,0,547.07722493271,-43.7220971325133,-265.418414386304,1327.90076419675,0,-662.519400957119,0,457.747237460101,1373.14403565379,0,-1653.1571527712,584.014877890159,0,1388.51616517727,-625.060501983369,0,606.839731017253,2137.26287198992,0,-56.2560772604808,0,9296.3211361704,722.47483650334,0,0,1072.80298165851,-125.873177648295,-1526.72139800748,-320.336057735521,0,384.242501661077,0,813.548603689972,-2041.00832793461,513.726691379961,0,-105.529420762756,0,-1323.06949076213,-335.896158703382,190.917025530121,-434.225257461713,0,0,0,0,-274.585004654542,308.015716234784,0
0,0,139.601427030178,-577.154532460422,420.91530288901,456.949769569133,0,-350.978640178287,-211.750608644343,315.383064736511,0,-575.031262420132,-511.265643445585,445.159750542018,319.605185077474,0,-821.351130472257,0,747.729919861525,996.133382392639,0,-1010.37685932224,-715.077576828226,0,1402.74986143207,211.040135736051,0,1546.39699141631,914.056771687055,0,519.152791752709,0,722.47483650334,10191.1554223825,0,0,-616.893673480247,518.433546386026,-345.469593569866,-150.4981388108,0,-464.792680367367,0,-646.957639458095,652.957665037283,629.34196327329,0,-470.078948195218,0,117.020832758851,-236.23183130283,310.188238767315,-90.6777284358433,0,0,0,0,-625.585271766215,-449.464785592215,0
0,0,0,0,0,0,0,0,0,0,0,0,0,0,0,0,0,0,0,0,0,0,0,0,0,0,0,0,0,0,0,0,0,0,0.0600312746148607,0,0,0,0,0,0,0,0,0,0,0,0,0,0,0,0,0,0,0,0,0,0,0,0,0
0,0,0,0,0,0,0,0,0,0,0,0,0,0,0,0,0,0,0,0,0,0,0,0,0,0,0,0,0,0,0,0,0,0,0,0.0681385439369432,0,0,0,0,0,0,0,0,0,0,0,0,0,0,0,0,0,0,0,0,0,0,0,0
0,0,29.5174864579433,-308.849350062401,-285.10466117862,473.58756564783,0,1048.3143392012,-367.176006741112,-615.479125677748,0,3951.46677542083,-234.794212275382,-921.173542417392,72.4565681708966,0,-2673.87759382658,0,-1581.86866124591,-485.883203731395,0,-3071.79743217232,-1890.64317193388,0,2652.49313901952,-1096.36344857069,0,-1221.94118143433,537.169528107955,0,418.382157842644,0,1072.80298165851,-616.893673480247,0,0,12820.5331539096,245.917629754145,397.977405701526,529.641101780846,0,-733.160899640939,0,776.311228981254,-734.890743966135,-785.520881933624,0,1327.85323462621,0,-85.3260895027833,-1899.24961869572,1146.51682865248,-116.460254471223,0,0,0,0,-183.270304738479,3580.55905266682,0
0,0,-194.569469279695,-379.295457030627,46.2238577267028,-1115.05172928034,0,-536.270824840749,115.756986475028,-897.765212184493,0,948.415346699231,723.239741680947,377.22397941259,89.5162233419311,0,-922.229071163746,0,995.554850903216,-2374.07158280545,0,-1890.28232151053,-929.717810662655,0,668.478844958476,1857.93199564069,0,-2157.51153126484,535.720496741937,0,-260.339573021196,0,-125.873177648295,518.433546386026,0,0,245.917629754145,9550.6384767023,-638.508060376598,1508.56637843605,0,-186.414816190354,0,304.939459395434,748.478575522714,847.138674741147,0,217.536338793623,0,-61.4022860825083,1003.81599401511,111.947461796566,-150.052617891844,0,0,0,0,-332.630132431023,-300.767393578495,0
0,0,554.497377127499,-12.3891862360101,884.173648035499,-188.266235575433,0,537.878710675458,680.39614653091,-1180.76599584371,0,-444.559858094152,838.556084265237,866.414725890199,757.190752421093,0,20.148491654619,0,1124.51161201062,-2775.31632081571,0,-1576.57566501425,1173.0650373653,0,1325.41333365776,-2513.01075792935,0,3055.93505308134,-1285.69320288556,0,1655.57098446432,0,-1526.72139800748,-345.469593569866,0,0,397.977405701526,-638.508060376598,8471.01883934805,-301.395572657461,0,771.644691875582,0,23.9913442390272,280.266608681046,483.936344600594,0,-101.853382410052,0,85.6299742359143,21.3915523890784,467.814509501418,-418.331663914384,0,0,0,0,588.483237222506,-170.036032166167,0
0,0,-41.4594247402606,318.577097742393,906.569698576479,-828.557208446026,0,-205.878818744597,-13.1505387876465,262.820139758417,0,1491.41819479763,1341.27063769852,-461.044462072673,-98.8561925158006,0,-1598.06468274487,0,588.082633143882,-1803.75501704188,0,1221.73766412482,-445.579680302091,0,2441.73553142318,208.009005703827,0,-473.913560893907,-408.067068779181,0,1202.54943802227,0,-320.336057735521,-150.4981388108,0,0,529.641101780846,1508.56637843605,-301.395572657461,7318.16047900638,0,854.870470799913,0,-583.320729491158,1434.89288322316,579.557200911276,0,1277.63889204657,0,-629.8325734065,-534.684101479187,-297.748090414984,-241.903658620897,0,0,0,0,-186.832162831879,-1771.99976988935,0
0,0,0,0,0,0,0,0,0,0,0,0,0,0,0,0,0,0,0,0,0,0,0,0,0,0,0,0,0,0,0,0,0,0,0,0,0,0,0,0,0.0358531250371669,0,0,0,0,0,0,0,0,0,0,0,0,0,0,0,0,0,0,0
0,0,224.020169007361,497.319601048146,-572.74695086387,-767.312082447974,0,326.972559992927,74.7022789178585,-275.738218914987,0,101.711309038832,-157.468249523402,-342.424286603047,-1157.97042177815,0,293.041063943814,0,-238.027588889566,1068.45264744167,0,1735.3006347431,777.95579072222,0,-667.372080573377,-52.72610455922,0,1474.12476363438,-1143.0805398662,0,-205.991197201757,0,384.242501661077,-464.792680367367,0,0,-733.160899640939,-186.414816190354,771.644691875582,854.870470799913,0,6161.59940698591,0,-28.5598852410089,-642.962340759388,-1530.10398864007,0,-158.453003565756,0,-778.404775066058,537.776715851172,134.857493007764,892.018220570353,0,0,0,0,61.8984548889557,968.493376980326,0
0,0,0,0,0,0,0,0,0,0,0,0,0,0,0,0,0,0,0,0,0,0,0,0,0,0,0,0,0,0,0,0,0,0,0,0,0,0,0,0,0,0,0.0288389985369925,0,0,0,0,0,0,0,0,0,0,0,0,0,0,0,0,0
0,0,81.5601106779957,-126.796628983493,-290.63516934942,443.258733429822,0,406.536100489693,833.833180034376,-218.370453363992,0,27.3008879387996,-34.9279113421895,-470.675663610717,570.888549235712,0,-981.344722600461,0,-706.365154780383,-556.529827599744,0,-195.415891550673,-1443.96143914847,0,108.80831962718,-936.660903637802,0,908.74449140917,1041.09863565871,0,-469.243197760217,0,813.548603689972,-646.957639458095,0,0,776.311228981254,304.939459395434,23.9913442390272,-583.320729491158,0,-28.5598852410089,0,4840.61337884441,-1472.15578973812,21.2564812995533,0,-411.360758765717,0,63.9152242618363,16.0640682548438,138.001139958576,336.483779895271,0,0,0,0,229.958388700056,565.582419549317,0
0,0,-238.952611470237,382.790019292233,582.255750634372,-150.960413567878,0,415.541520617503,-778.28955143311,373.403265064171,0,-485.459228266429,290.442011496571,892.664382509655,26.8668663175832,0,668.29913493917,0,-1565.11105062516,-619.663740838564,0,1755.22368954642,414.190265243266,0,-1310.24956233834,-1793.23139506684,0,139.098098286995,-363.79512041909,0,-262.054305245963,0,-2041.00832793461,652.957665037283,0,0,-734.890743966135,748.478575522714,280.266608681046,1434.89288322316,0,-642.962340759388,0,-1472.15578973812,9207.54565030135,-253.432042002807,0,-364.199341636952,0,922.875533548654,586.856585654749,311.338305600735,923.127980610015,0,0,0,0,34.5831889897845,-1054.5032660093,0
0,0,-515.549242025265,-10.0870357516255,344.201199453109,1254.98495181323,0,492.855446400835,1014.1339416566,146.807804890578,0,923.799498072621,1976.8595424353,1140.48130026979,-242.853524369596,0,622.513047258916,0,1668.50755684069,581.22223392759,0,-841.672105012699,511.756998995009,0,1216.8663732039,1210.40748415936,0,1670.10675894916,650.490198202452,0,-49.8947149409717,0,513.726691379961,629.341963273291,0,0,-785.520881933624,847.138674741147,483.936344600594,579.557200911276,0,-1530.10398864007,0,21.2564812995533,-253.432042002807,7155.34791288348,0,-499.981165612937,0,-1164.83911208038,967.697114865855,-356.697000617414,-774.48337690946,0,0,0,0,-1015.03584192707,-1418.71525552079,0
0,0,0,0,0,0,0,0,0,0,0,0,0,0,0,0,0,0,0,0,0,0,0,0,0,0,0,0,0,0,0,0,0,0,0,0,0,0,0,0,0,0,0,0,0,0,0.0251488309312066,0,0,0,0,0,0,0,0,0,0,0,0,0
0,0,232.349386694585,92.6531823024913,264.070395249663,-596.611896304031,0,-457.835390084062,-653.25840337489,423.864083427072,0,1660.35820520801,-951.77331652437,319.110630066337,531.634955145561,0,-784.991864597234,0,-373.588828356385,1013.50639917024,0,155.27191576579,-784.944506474254,0,1096.47290355297,-1269.63702270247,0,-728.909148223357,-731.079228645614,0,1300.59309452071,0,-105.529420762756,-470.078948195218,0,0,1327.85323462621,217.536338793623,-101.853382410052,1277.63889204657,0,-158.453003565756,0,-411.360758765717,-364.199341636952,-499.981165612937,0,6855.86127322438,0,-454.89985425107,-989.44952302528,-413.665993223149,-508.852343917237,0,0,0,0,221.466937106625,-668.44277468651,0
0,0,0,0,0,0,0,0,0,0,0,0,0,0,0,0,0,0,0,0,0,0,0,0,0,0,0,0,0,0,0,0,0,0,0,0,0,0,0,0,0,0,0,0,0,0,0,0,0.0239825320018725,0,0,0,0,0,0,0,0,0,0,0
0,0,-497.591015758608,-258.720959765103,-791.584457442144,-768.930317652984,0,2134.4048354213,599.299715627922,-195.498107282717,0,-231.53243483366,-1240.27826684655,-257.639288313193,1644.71141512761,0,1145.46047594158,0,-94.5348693690599,1338.80429925137,0,-260.803798655013,1619.32798412597,0,-1727.33433251426,-471.776059209381,0,-462.261478045659,1328.37318778926,0,979.169419454726,0,-1323.06949076213,117.020832758851,0,0,-85.3260895027833,-61.4022860825083,85.6299742359143,-629.8325734065,0,-778.404775066058,0,63.9152242618363,922.875533548654,-1164.83911208038,0,-454.89985425107,0,7443.27351257767,-252.540627486911,-302.011942539247,-35.8204041504506,0,0,0,0,377.324461187771,764.6654086659,0
0,0,-388.855074331332,208.127607638845,435.717453975428,677.76517037743,0,-251.744125588026,-111.505908437114,111.323228094427,0,-639.627106195777,578.923895628281,342.25031929172,882.115903972929,0,1382.54496987376,0,781.587098471193,-508.222592713719,0,-1094.01272175756,386.82420548934,0,-722.23814177163,1796.26453970084,0,398.707772038191,954.071332823994,0,-431.237293278243,0,-335.896158703382,-236.23183130283,0,0,-1899.24961869572,1003.81599401511,21.3915523890784,-534.684101479187,0,537.776715851172,0,16.0640682548438,586.856585654749,967.697114865855,0,-989.44952302528,0,-252.540627486911,4076.81215165983,-469.176288437095,11.9515726242634,0,0,0,0,-178.721427603687,204.142074288312,0
0,0,272.334968939537,-50.7254071354963,161.843521025235,218.822984501572,0,-302.277132302869,1050.89282296438,-538.663245907448,0,694.971662745028,-1120.6577941552,13.7294569714872,32.8538970633112,0,-462.771299176187,0,-720.690635604362,-1007.41913888811,0,1266.29653504176,-148.640772716496,0,-491.63099665666,606.147317811543,0,512.400716617387,-139.32190408713,0,189.940752936199,0,190.917025530121,310.188238767315,0,0,1146.51682865248,111.947461796566,467.814509501418,-297.748090414984,0,134.857493007763,0,138.001139958576,311.338305600735,-356.697000617414,0,-413.665993223149,0,-302.011942539247,-469.176288437095,2679.37845730559,194.598055301073,0,0,0,0,243.328537620437,841.218658986126,0
0,0,443.241270429895,155.663145050731,-376.562908912421,-370.236807911869,0,-34.5701057770454,425.352055407408,541.623473878158,0,-976.48024040546,206.875445933062,579.63515196389,-761.074681112802,0,-2612.10512400036,0,-128.776087420232,93.6163039222017,0,1809.82620461818,-780.450123899562,0,76.6572352790344,-532.841947977185,0,76.9186390434594,-1715.10605155775,0,267.419839160489,0,-434.225257461713,-90.6777284358433,0,0,-116.460254471223,-150.052617891844,-418.331663914384,-241.903658620897,0,892.018220570353,0,336.483779895271,923.127980610014,-774.48337690946,0,-508.852343917237,0,-35.8204041504506,11.9515726242634,194.598055301073,7224.68727800207,0,0,0,0,-329.482271850618,1106.52965591097,0
0,0,0,0,0,0,0,0,0,0,0,0,0,0,0,0,0,0,0,0,0,0,0,0,0,0,0,0,0,0,0,0,0,0,0,0,0,0,0,0,0,0,0,0,0,0,0,0,0,0,0,0,0,0.0586725118398609,0,0,0,0,0,0
0,0,0,0,0,0,0,0,0,0,0,0,0,0,0,0,0,0,0,0,0,0,0,0,0,0,0,0,0,0,0,0,0,0,0,0,0,0,0,0,0,0,0,0,0,0,0,0,0,0,0,0,0,0,0.0295789924089293,0,0,0,0,0
0,0,0,0,0,0,0,0,0,0,0,0,0,0,0,0,0,0,0,0,0,0,0,0,0,0,0,0,0,0,0,0,0,0,0,0,0,0,0,0,0,0,0,0,0,0,0,0,0,0,0,0,0,0,0,0.0272743797608395,0,0,0,0
0,0,0,0,0,0,0,0,0,0,0,0,0,0,0,0,0,0,0,0,0,0,0,0,0,0,0,0,0,0,0,0,0,0,0,0,0,0,0,0,0,0,0,0,0,0,0,0,0,0,0,0,0,0,0,0,0.0270121212277052,0,0,0
0,0,86.4230767679858,-26.657047610539,97.3079360683176,-639.480827034073,0,375.860798482413,-464.481385264124,-432.902272610601,0,416.073680769908,315.096716161704,182.674533037408,-383.500999439099,0,-504.544046532566,0,-1362.10889742767,273.044918504789,0,775.305828234939,798.134401591696,0,116.29954068126,-694.409441676608,0,-452.739129736276,-1104.63291279236,0,-562.622492352318,0,-274.585004654542,-625.585271766215,0,0,-183.270304738479,-332.630132431023,588.483237222506,-186.832162831879,0,61.8984548889557,0,229.958388700056,34.5831889897845,-1015.03584192707,0,221.466937106625,0,377.324461187771,-178.721427603687,243.328537620437,-329.482271850618,0,0,0,0,2171.38790120403,-134.175752425601,0
0,0,437.001974814883,-225.080016390356,-677.327799896177,707.93563071347,0,-68.1110431021596,123.109016548222,-1272.94235596774,0,664.241137236455,-577.063738113944,-328.406041319809,523.95872816821,0,-743.867878331371,0,-521.876106205585,274.138296094022,0,797.354732601286,-1956.81301671711,0,-241.213957705953,-803.987022886613,0,-894.574400857562,-220.218822073189,0,-1274.7271557696,0,308.015716234784,-449.464785592215,0,0,3580.55905266682,-300.767393578495,-170.036032166167,-1771.99976988935,0,968.493376980326,0,565.582419549317,-1054.5032660093,-1418.71525552079,0,-668.44277468651,0,764.6654086659,204.142074288312,841.218658986126,1106.52965591097,0,0,0,0,-134.175752425601,6863.53031286352,0
0,0,0,0,0,0,0,0,0,0,0,0,0,0,0,0,0,0,0,0,0,0,0,0,0,0,0,0,0,0,0,0,0,0,0,0,0,0,0,0,0,0,0,0,0,0,0,0,0,0,0,0,0,0,0,0,0,0,0,0.00863886615883129
