0.0681767685987427,-0.00903479339392458,0.0378187621169075,-0.0360273641937363,0.0398944113326448,-0.00428237277457676,0.0234667408184068,-0.00670723921201383,0.0366167434897353,-0.0272768921278462,0.0458829438953368,0.0289475879388613,0.0228979927106795,0.0516456285134649,0.00048620932238729,0.0426139758829743,-0.0107724625034823
-0.00903479339392458,0.0487939533592042,-0.0036344354325117,-0.00493504727490502,-0.0156884107180402,0.0543392972121019,-0.0171266232881452,0.0295116752810166,-0.0169319055383048,0.0477080266328822,-0.00842788964641796,0.0438978887147528,-0.0289805750939986,0.0197317282470478,-0.0432407019290186,0.0205388553662006,-0.0103600310753153
0.0378187621169075,-0.0036344354325117,0.0627699589841593,-0.0541834342031462,0.0506291388643715,0.00378923913396491,0.05077950494634,0.0427562570101554,0.0298408270243978,-0.00482662739093298,0.061331777531189,0.0403401019840483,0.0565127018039286,0.0400545799965538,0.0415786996861823,0.0318931302746851,0.0203365110668107
-0.0360273641937363,-0.00493504727490502,-0.0541834342031462,0.104069480262062,-0.0269168667744149,0.00646835321450181,-0.0614328213716155,-0.00633997019308935,-0.0527497684026351,0.0127915196661703,-0.0700097070870486,-0.0240418037227106,-0.0471321818319505,-0.00142416785588997,-0.0173027121540154,0.00514923760838099,-0.0159976811821581
0.0398944113326448,-0.0156884107180402,0.0506291388643715,-0.0269168667744149,0.0581799192824472,-0.0098563959179365,0.0503009776491717,0.0258349626028679,0.0320611005888073,-0.0133449600153323,0.0520329345306769,0.0293971911079106,0.0541162022706444,0.0420419542610386,0.0484004416600266,0.0327682594024548,0.0303845199124348
-0.00428237277457676,0.0543392972121019,0.00378923913396491,0.00646835321450181,-0.0098563959179365,0.0703423299355863,-0.0248350814696479,0.0507818405784715,-0.0274724874715386,0.0570094549793547,-0.00723784188354566,0.0622072165062114,-0.0296054451078743,0.0422466566841218,-0.0447148305593223,0.042302169522295,-0.0191075246790308
0.0234667408184068,-0.0171266232881452,0.05077950494634,-0.0614328213716155,0.0503009776491717,-0.0248350814696479,0.0867170243302866,0.00708719914666106,0.05779077697432,-0.0142693394823602,0.079697680908273,0.0232315266187214,0.0693408822399008,0.00468998413664739,0.0591840695205616,-0.00519345911662983,0.0455394712461392
-0.00670723921201383,0.0295116752810166,0.0427562570101554,-0.00633997019308935,0.0258349626028679,0.0507818405784715,0.00708719914666106,0.0916895558460902,-0.0246554930166396,0.0459514899154524,0.0145839504047809,0.057676308799068,0.0242905661726301,0.0463293696656558,0.0219017711753859,0.0446192049808069,0.0143029476900474
0.0366167434897353,-0.0169319055383048,0.0298408270243978,-0.0527497684026351,0.0320611005888073,-0.0274724874715386,0.05779077697432,-0.0246554930166396,0.0544695695554252,-0.0273432570399854,0.0591341571718342,0.00871380059346479,0.0394251982490539,0.00352592265479471,0.0241578305079219,-0.00457107162155339,0.018735043559801
-0.0272768921278462,0.0477080266328822,-0.00482662739093298,0.0127915196661703,-0.0133449600153323,0.0570094549793547,-0.0142693394823602,0.0459514899154524,-0.0273432570399854,0.0586361176977835,-0.0127219500730501,0.0456040581338812,-0.0227131312149544,0.0169726114942175,-0.0270417192894542,0.0185788109869067,0.00126099843613077
0.0458829438953368,-0.00842788964641796,0.061331777531189,-0.0700097070870486,0.0520329345306769,-0.00723784188354566,0.079697680908273,0.0145839504047809,0.0591341571718342,-0.0127219500730501,0.0940364866459232,0.0480299711183076,0.0638965134349095,0.0318657423403442,0.0403737342330517,0.019923686608575,0.0188567558056336
0.0289475879388613,0.0438978887147528,0.0403401019840483,-0.0240418037227106,0.0293971911079106,0.0622072165062114,0.0232315266187214,0.057676308799068,0.00871380059346479,0.0456040581338812,0.0480299711183076,0.0911183232844203,0.0108880034318808,0.0697537231159972,-0.0151425297797367,0.0614988217038883,-0.00421981236344489
0.0228979927106795,-0.0289805750939986,0.0565127018039287,-0.0471321818319505,0.0541162022706444,-0.0296054451078743,0.0693408822399008,0.0242905661726301,0.0394251982490539,-0.0227131312149544,0.0638965134349095,0.0108880034318808,0.0745520727590471,0.011011424640278,0.073594519189613,0.00334933128457451,0.0407107308802711
0.0516456285134649,0.0197317282470478,0.0400545799965538,-0.00142416785588997,0.0420419542610385,0.0422466566841218,0.00468998413664739,0.0463293696656559,0.00352592265479471,0.0169726114942175,0.0318657423403442,0.0697537231159972,0.011011424640278,0.0857497539598712,-0.00737657017869433,0.0772499423605986,-0.0119679856062437
0.00048620932238729,-0.0432407019290186,0.0415786996861823,-0.0173027121540154,0.0484004416600266,-0.0447148305593223,0.0591840695205616,0.0219017711753859,0.0241578305079219,-0.0270417192894542,0.0403737342330517,-0.0151425297797367,0.0735945191896129,-0.00737657017869433,0.0904390302836248,-0.0117982978449716,0.0507585435326324
0.0426139758829743,0.0205388553662006,0.0318931302746851,0.00514923760838099,0.0327682594024548,0.042302169522295,-0.00519345911662983,0.0446192049808069,-0.00457107162155339,0.0185788109869067,0.019923686608575,0.0614988217038883,0.00334933128457451,0.0772499423605986,-0.0117982978449716,0.0707938716080142,-0.014946892429448
-0.0107724625034823,-0.0103600310753153,0.0203365110668107,-0.0159976811821581,0.0303845199124348,-0.0191075246790308,0.0455394712461392,0.0143029476900474,0.018735043559801,0.00126099843613077,0.0188567558056336,-0.00421981236344489,0.0407107308802711,-0.0119679856062437,0.0507585435326324,-0.014946892429448,0.0560851020025353
