0.0356703794420088,0.0511534148841277,0.001511902207576,-0.00280924883212961,-0.00270481479658129,-0.00208765359376847,-0.0200579616048018,-0.0171021960619454,0.0204780596299179,0.00261314886865672,0.0175243432671655,0.023484884197496,0.0535501057340661
0.0511534148841277,0.291869286689735,0.0217421513233109,-0.0194718912582904,0.0130065568291716,-0.0493479253880551,-0.00983726405960428,-0.0538401124010558,0.0524883374377986,-0.00128302487936026,0.0133354108840085,0.079925361673555,0.116697016696827
0.001511902207576,0.0217421513233109,0.108017666956061,0.0203149730380883,0.00698970884396166,-0.00113205298291088,0.0895975500064979,-0.010940704400244,0.0489165964101994,0.0381880900286553,0.0218196299549586,0.0010517709129934,0.117181520701812
-0.00280924883212961,-0.0194718912582904,0.0203149730380883,0.0399105592333489,0.00405946165031829,0.000636842844326504,-0.0186049303244869,0.0134552211659188,0.0166549590738708,0.0117425058606588,0.0394978278329137,-0.0323145896869003,-0.00765326319520635
-0.00270481479658129,0.0130065568291716,0.00698970884396166,0.00405946165031829,0.0085978743114928,0.000319709492106807,0.0127333657110562,0.00921217436547509,0.0123799531288308,-0.00207432244798271,-0.00832945811225399,0.000520328038369284,0.00819092785535693
-0.00208765359376847,-0.0493479253880551,-0.00113205298291088,0.000636842844326504,0.000319709492106807,0.108724908785621,0.0772420518093708,0.0134033010105892,0.120637884484191,0.00399242146195528,0.0289710396881234,-0.000772214409231646,0.0181197471602486
-0.0200579616048018,-0.00983726405960428,0.0895975500064979,-0.0186049303244869,0.0127333657110562,0.0772420518093708,0.220462126394277,-0.0025855952097968,0.0773576212278508,0.0340782726913938,-0.0198986259248716,0.0279948163338321,0.0995368724965493
-0.0171021960619454,-0.0538401124010558,-0.010940704400244,0.0134552211659188,0.00921217436547509,0.0134033010105892,-0.0025855952097968,0.031135677874013,0.00887596891827956,-0.0095389779981331,-0.0123065641100257,-0.0239462587240267,-0.0351057542941891
0.0204780596299179,0.0524883374377986,0.0489165964101994,0.0166549590738708,0.0123799531288308,0.120637884484191,0.0773576212278508,0.00887596891827956,0.249333298017167,0.00701791836821033,0.0601634844773931,0.0141466377798772,0.128628764930852
0.00261314886865672,-0.00128302487936026,0.0381880900286553,0.0117425058606588,-0.00207432244798271,0.00399242146195528,0.0340782726913938,-0.0095389779981331,0.00701791836821033,0.0206790223634921,0.0226353978173626,-0.0031188595145544,0.0331262469683238
0.0175243432671655,0.0133354108840085,0.0218196299549586,0.0394978278329137,-0.00832945811225399,0.0289710396881234,-0.0198986259248716,-0.0123065641100257,0.0601634844773931,0.0226353978173626,0.0856335169151737,-0.0199512206002228,0.0196979165176325
0.023484884197496,0.079925361673555,0.0010517709129934,-0.0323145896869003,0.000520328038369284,-0.000772214409231646,0.0279948163338321,-0.0239462587240267,0.0141466377798772,-0.0031188595145544,-0.0199512206002228,0.0474846697644036,0.0586379780713338
0.0535501057340661,0.116697016696827,0.117181520701812,-0.00765326319520635,0.00819092785535693,0.0181197471602486,0.0995368724965493,-0.0351057542941891,0.128628764930852,0.0331262469683238,0.0196979165176325,0.0586379780713339,0.239239275548582
