0.240427033014405,0.0288358437742414,0.0114781370497099,0.000776964480570048,0.00823187838626497,0.00373852561315325,0.0267587352818059,0.00668195049901383,-0.0181597106565987,-0.00314776538207195,0.0679040522409256,-0.00237096890941469,-0.00145426089147806,0.0139851068602925
0.0288358437742414,0.0289334345227036,0.00486991808320952,0.000928076328004896,-0.00494861528818358,0.00851474035164369,0.00949631209505133,0.0302903308231643,0.0157321310744733,0.0009679744237023,0.0393661164787915,0.00313744786412068,-0.00248734228007245,0.000577451428935001
0.0114781370497099,0.00486991808320952,0.0305122019738534,0.00157099650875562,0.0146727879187245,0.0170182459576144,0.017362383061676,0.0193173159938321,0.0329543995338843,0.00130637769436552,0.0454802087658661,0.00187852886149016,-0.00344062899048132,-0.00041869147775064
0.000776964480570048,0.000928076328004896,0.00157099650875562,0.0405844241133687,0.0211141012370341,0.00733033651305867,-0.00259372340987891,-0.0047996406915031,0.000428598093112644,0.0040810236666091,-0.0279594158971598,-0.00217053929126636,0.00229025518981177,0.000856904192460271
0.00823187838626497,-0.00494861528818358,0.0146727879187245,0.0211141012370341,0.108329145828754,0.027424909935444,0.00434252268021408,0.0787720550889998,0.0133036787513853,0.00511801978798839,0.0623996274168674,0.0138286243864627,-0.00190537991113274,0.00954556069240678
0.00373852561315325,0.00851474035164369,0.0170182459576144,0.00733033651305867,0.027424909935444,0.0680567233286598,0.015552962365948,0.0477243523286239,0.0361834286720945,0.00189762325237958,0.0229760209360235,-0.000822854140146986,0.0080443828932661,-0.000465248327265472
0.0267587352818059,0.00949631209505133,0.017362383061676,-0.00259372340987891,0.00434252268021408,0.015552962365948,0.0196470940607193,0.0223211143728472,0.0447351365896881,0.00103848773594252,0.0283328858052142,0.00148135752358536,-0.000462711198257693,0.00259643359945042
0.00668195049901383,0.0302903308231643,0.0193173159938321,-0.0047996406915031,0.0787720550889998,0.0477243523286239,0.0223211143728472,0.226094688242702,0.129565872451763,0.00926627064629916,0.0663981266913697,0.0190245467198671,-0.00179890008436011,0.00497536193982275
-0.0181597106565987,0.0157321310744733,0.0329543995338843,0.000428598093112644,0.0133036787513853,0.0361834286720945,0.0447351365896881,0.129565872451763,0.289932298697085,0.0254877793450716,-0.0512854044995073,0.0121541228162182,-0.00570447160090837,0.00614018703761368
-0.00314776538207195,0.0009679744237023,0.00130637769436552,0.0040810236666091,0.00511801978798839,0.00189762325237958,0.00103848773594252,0.00926627064629916,0.0254877793450716,0.00429815306525683,-0.010917147751802,0.00101469766061411,-0.0010559902146185,0.000999582068876988
0.0679040522409256,0.0393661164787915,0.0454802087658661,-0.0279594158971598,0.0623996274168674,0.0229760209360235,0.0283328858052142,0.0663981266913697,-0.0512854044995073,-0.010917147751802,0.259075563408063,0.0122237913527804,-0.0146301577897787,0.00562375474820296
-0.00237096890941469,0.00313744786412068,0.00187852886149016,-0.00217053929126636,0.0138286243864627,-0.000822854140146986,0.00148135752358536,0.0190245467198671,0.0121541228162182,0.00101469766061411,0.0122237913527804,0.0120212796462625,-0.00192573524129014,0.000170236338699307
-0.00145426089147806,-0.00248734228007245,-0.00344062899048132,0.00229025518981177,-0.00190537991113274,0.0080443828932661,-0.000462711198257693,-0.0017989000843601,-0.00570447160090837,-0.0010559902146185,-0.0146301577897787,-0.00192573524129014,0.00446016092100381,-0.00029612098768895
0.0139851068602925,0.000577451428935001,-0.00041869147775064,0.000856904192460271,0.00954556069240678,-0.000465248327265472,0.00259643359945042,0.00497536193982275,0.00614018703761368,0.000999582068876988,0.00562375474820296,0.000170236338699307,-0.00029612098768895,0.00327674422409294
