0.0690713088868662,-0.00329919072538679,0.0420596437222927,-0.00824929575460632,0.0340283722619148,-0.0165750939711584,0.0213307604175312,-0.023148750985945,0.0240370219950953,-0.0161597673328552,0.0139441999870669,-0.00564186014523908,0.00699970598536465,-0.0111006500547534,-0.00245443706880935,-0.0116081386572154,0.0175275869340461
-0.00329919072538679,0.0899531903520962,0.0109607118489968,0.0673316458001216,0.00261775571004481,0.0518692534788853,0.00615802961688713,0.0413346353014662,0.00141037460854822,0.053385431914907,0.0102745640224938,0.047834834495118,0.00394538073884435,0.0345337139502114,0.0155452834001374,0.0396916553109958,0.0011870016530321
0.0420596437222927,0.0109607118489968,0.0764764275522129,-0.00619314079895397,0.0410720507925873,-0.0101979218200473,0.0278340998562078,-0.0222326386044333,0.0309884603582798,-0.0142653538813802,0.0301474222760642,-0.024530909479333,0.0339537930361805,-0.0301307492224566,0.0251122798350285,-0.0092585839690607,0.0100539813622985
-0.00824929575460632,0.0673316458001216,-0.00619314079895397,0.0925480821978321,-0.00855327023990264,0.0560788262134542,-0.0122224378851764,0.0610293449212815,0.00493203163872209,0.0373142293647314,0.00732484692785133,0.0538309746677894,0.00395418627500681,0.0512179683842081,0.0068190146094674,0.0549252890675342,0.00582573277864981
0.0340283722619148,0.00261775571004481,0.0410720507925873,-0.00855327023990264,0.0700928214627619,0.00384999977250538,0.0288466823925641,-0.00744438448847,0.0430411482561033,-0.00518782936873216,0.03847134987509,-0.0110383733804851,0.0170822355562034,-0.0121352587769501,0.0150661237810498,-0.0136406928841618,0.0135646381676983
-0.0165750939711584,0.0518692534788853,-0.0101979218200473,0.0560788262134542,0.00384999977250538,0.0858668086498139,-0.00834725336324492,0.0551384853399966,-0.00475411542549379,0.0571838922040073,0.0140228764857961,0.0509021905469904,0.00399700803142837,0.0500021630414517,0.00169921266923571,0.038970056360815,0.00250400513103099
0.0213307604175312,0.00615802961688713,0.0278340998562078,-0.0122224378851764,0.0288466823925641,-0.00834725336324492,0.0698622267845722,-0.00721581721179122,0.0130355859894548,-0.00574890952422597,0.0158632086293458,-0.0110901930462289,0.0309393099110906,-0.0241526913755594,0.00775338020613735,-0.021190788966849,0.0156656176066763
-0.023148750985945,0.0413346353014662,-0.0222326386044333,0.0610293449212815,-0.00744438448847,0.0551384853399966,-0.00721581721179122,0.099853699064507,-0.0134305182097054,0.0470777937354989,0.0052212424384996,0.0695266527666942,-0.00615850160151892,0.0552408744681284,0.00619859205569299,0.0541460813554594,0.0100303694785025
0.0240370219950953,0.00141037460854822,0.0309884603582798,0.00493203163872209,0.0430411482561033,-0.00475411542549379,0.0130355859894548,-0.0134305182097054,0.0635258273661418,-0.013035257800551,0.0325642426927604,-0.00908142323659831,0.0231707616476537,-0.0101432545196199,0.0368785155944883,-0.0161970182823285,0.0168040639843509
-0.0161597673328552,0.053385431914907,-0.0142653538813802,0.0373142293647314,-0.00518782936873216,0.0571838922040073,-0.00574890952422597,0.0470777937354989,-0.013035257800551,0.086135962481062,0.00814688343344373,0.0517480106255568,0.0034534522695132,0.0375485089704478,0.00482127353872343,0.0417308519796792,0.0148602095869534
0.0139441999870669,0.0102745640224938,0.0301474222760642,0.00732484692785133,0.03847134987509,0.0140228764857961,0.0158632086293458,0.0052212424384996,0.0325642426927604,0.00814688343344373,0.0742554299350703,-0.00276883190763616,0.0346366814037969,-0.0183511950844733,0.0421390067876583,-0.00384732295871838,0.0295869019708047
-0.00564186014523908,0.047834834495118,-0.024530909479333,0.0538309746677894,-0.0110383733804851,0.0509021905469904,-0.0110901930462289,0.0695266527666942,-0.00908142323659831,0.0517480106255568,-0.00276883190763616,0.0866705389941539,-0.00841606906253789,0.0592693265731399,-0.000919086718682652,0.0459246929238146,0.0130713850327219
0.00699970598536465,0.00394538073884435,0.0339537930361805,0.00395418627500681,0.0170822355562034,0.00399700803142837,0.0309393099110906,-0.00615850160151892,0.0231707616476537,0.00345345226951321,0.0346366814037969,-0.00841606906253789,0.0586229025510467,-0.0168484161504698,0.0292279434912951,-0.00550741197530683,0.0245086418531349
-0.0111006500547534,0.0345337139502114,-0.0301307492224566,0.0512179683842081,-0.0121352587769501,0.0500021630414517,-0.0241526913755594,0.0552408744681284,-0.0101432545196199,0.0375485089704478,-0.0183511950844733,0.0592693265731399,-0.0168484161504698,0.0727763115506388,-0.0100848184884626,0.0554000014035777,-0.00191775360766077
-0.00245443706880935,0.0155452834001374,0.0251122798350285,0.0068190146094674,0.0150661237810498,0.00169921266923571,0.00775338020613734,0.00619859205569299,0.0368785155944883,0.00482127353872343,0.0421390067876583,-0.000919086718682651,0.0292279434912951,-0.0100848184884626,0.0673918290165974,-0.00465765693516551,0.0314427220219027
-0.0116081386572154,0.0396916553109958,-0.0092585839690607,0.0549252890675342,-0.0136406928841618,0.038970056360815,-0.021190788966849,0.0541460813554594,-0.0161970182823285,0.0417308519796792,-0.00384732295871838,0.0459246929238146,-0.00550741197530683,0.0554000014035777,-0.00465765693516551,0.066641330933207,0.00551732628578497
0.0175275869340461,0.0011870016530321,0.0100539813622985,0.00582573277864981,0.0135646381676983,0.00250400513103099,0.0156656176066763,0.0100303694785025,0.0168040639843509,0.0148602095869534,0.0295869019708047,0.0130713850327219,0.0245086418531349,-0.00191775360766077,0.0314427220219027,0.00551732628578497,0.0582510407209967
