0.0425523352749015,0.0121058859509793,0.0177383033466484,0.00847459005587318,-0.00236862742947439,0.000251275040847815,-0.0158077782664511,0.0237924858481615
0.0121058859509793,0.0244497698668499,0.000345797194885919,0.0181131599277256,-0.000547000487349791,0.0127061559766222,-0.00501356859396443,0.000987546347236208
0.0177383033466484,0.000345797194885919,0.0391273679488866,0.00994063022020723,0.00747869348959105,0.00125248237528714,-0.00694079475520973,0.0313817592469747
0.00847459005587318,0.0181131599277256,0.00994063022020723,0.0380108214048757,0.0101919907635917,0.00849082918259807,0.0152831987364317,-0.00273885060919222
-0.00236862742947439,-0.000547000487349791,0.00747869348959105,0.0101919907635917,0.00722896042797363,0.00123978763842135,0.0057982489016816,-0.00213827971465728
0.000251275040847815,0.0127061559766222,0.00125248237528714,0.00849082918259807,0.00123978763842135,0.00916656484153892,-0.00341906261951547,-0.00138840622748118
-0.0158077782664511,-0.00501356859396443,-0.00694079475520973,0.0152831987364317,0.0057982489016816,-0.00341906261951547,0.02626745253167,-0.0146004992672855
0.0237924858481615,0.000987546347236209,0.0313817592469747,-0.00273885060919222,-0.00213827971465728,-0.00138840622748118,-0.0146004992672855,0.0389739540401859
