0.0718318106403968,-0.0142050147652208,0.0686677689059038,-2.55289965023084e-05,0.0516201447465824,-0.0249260266778679,0.0374184765343607,-0.0434220869889987,0.0309224711643262,-0.000230839120078131,0.0267610611353397,-0.0206897729274521,0.039858374339438,-0.0136348603375838,0.0138268803460729,-0.00116549808254917,0.00174919710110737
-0.0142050147652208,0.113605598933798,0.00316381235404608,0.0575946363222331,0.0170684310547568,0.0750570377277703,0.0218641280977495,0.0732207734952448,-0.0112144097955299,0.0209083975692836,0.0293366535684238,0.0401052409609557,-0.000352240015399165,0.0511162913369972,-0.00142806700120807,0.0442446835694859,-0.0367239996430484
0.0686677689059038,0.00316381235404608,0.0775475541615948,0.00754767333797362,0.0522355531473695,-0.0106815307849921,0.0269838488155967,-0.0256711878651456,0.028424079054508,-0.00187860228855265,0.0239968559079334,-0.0170271615515083,0.0304555015563313,-0.00592187394586742,0.0205384122896816,0.00860867225911012,-0.00362805744269821
-2.55289965023084e-05,0.0575946363222331,0.00754767333797362,0.0855214843430297,0.0024733990862139,0.0595693303113718,0.0228444439677724,0.0470412628774853,0.00667205585006254,0.0225970074987256,-0.00215547521694081,0.0531721006477817,0.0115648159427389,0.0295666594401806,-0.00499196950924777,0.0351331750460077,0.00337993724388525
0.0516201447465824,0.0170684310547568,0.0522355531473695,0.0024733990862139,0.0768929350107958,-0.00252867369994413,0.029441712262725,-0.0105478284134558,0.0136657179386916,0.0330967277344495,0.0300214507623577,-0.0228323213033312,0.0365739039963546,-0.0173151858670028,0.0196003281479473,0.0184576882677281,-0.0100167032475928
-0.0249260266778679,0.0750570377277703,-0.0106815307849921,0.0595693303113718,-0.00252867369994413,0.0886116482152016,0.000160351576858235,0.0665203010739736,-0.0137227208629187,0.0363486514897485,0.00185407655143146,0.0345719316478414,0.00122275001841686,0.0558391526856408,0.00893560333479535,0.04380158959065,-0.0103448185807223
0.0374184765343607,0.0218641280977495,0.0269838488155967,0.0228444439677724,0.029441712262725,0.000160351576858235,0.0761828133477516,-0.012669368100182,0.0312170028996926,0.00198159666875916,0.0543909635947967,-0.0110423725373496,0.0347157690391057,-0.00532054875825495,0.0038504370905331,-0.0218719484469573,0.00378235184622295
-0.0434220869889987,0.0732207734952448,-0.0256711878651456,0.0470412628774853,-0.0105478284134558,0.0665203010739736,-0.012669368100182,0.0899863653238695,-0.0140405695523517,0.0395847674571561,0.00743071480645802,0.0520995950344336,-0.0109785879382865,0.0335911057294973,0.0199952044744525,0.039190170677753,-0.000444675711103173
0.0309224711643262,-0.0112144097955299,0.028424079054508,0.00667205585006254,0.0136657179386916,-0.0137227208629187,0.0312170028996926,-0.0140405695523517,0.071137859509921,0.0099963912316496,0.0332251239621182,-0.000681607820866729,0.0163785710517793,-0.0114637872538071,0.0293576044698284,-0.00937827638883577,0.0439417933250658
-0.000230839120078131,0.0209083975692836,-0.00187860228855265,0.0225970074987256,0.0330967277344495,0.0363486514897485,0.00198159666875916,0.0395847674571561,0.0099963912316496,0.0776656148615526,0.00929915824289166,0.0239483352014736,0.0165999367093236,0.0160410120324685,0.0280052423693997,0.0398162077880522,0.0180968638356398
0.0267610611353397,0.0293366535684238,0.0239968559079334,-0.00215547521694081,0.0300214507623577,0.00185407655143146,0.0543909635947967,0.00743071480645802,0.0332251239621182,0.00929915824289166,0.077726271107739,-0.0133398537372772,0.0459567913627371,-0.00462323820359783,0.0429830850504002,-0.0109703500780191,0.0176904615818234
-0.0206897729274521,0.0401052409609557,-0.0170271615515083,0.0531721006477817,-0.0228323213033312,0.0345719316478414,-0.0110423725373496,0.0520995950344336,-0.000681607820866729,0.0239483352014736,-0.0133398537372772,0.0785580092385476,-0.00179161078567747,0.0289985531618774,-0.00445879848042337,0.0371609669655541,0.00473005757128347
0.039858374339438,-0.000352240015399165,0.0304555015563313,0.0115648159427389,0.0365739039963546,0.00122275001841686,0.0347157690391057,-0.0109785879382865,0.0163785710517793,0.0165999367093236,0.0459567913627371,-0.00179161078567747,0.0770884418349214,-0.0224980788912937,0.0426073195901726,-0.00130029068948799,0.0229508906562193
-0.0136348603375838,0.0511162913369972,-0.00592187394586742,0.0295666594401806,-0.0173151858670028,0.0558391526856408,-0.00532054875825495,0.0335911057294973,-0.0114637872538071,0.0160410120324685,-0.00462323820359783,0.0289985531618774,-0.0224980788912937,0.0815831282756393,-0.01450694567325,0.0467327999756018,-0.0192452295459788
0.0138268803460729,-0.00142806700120807,0.0205384122896816,-0.00499196950924777,0.0196003281479473,0.00893560333479535,0.0038504370905331,0.0199952044744525,0.0293576044698284,0.0280052423693997,0.0429830850504002,-0.00445879848042337,0.0426073195901726,-0.01450694567325,0.0687734191388818,0.00402542987562881,0.0430640959842041
-0.00116549808254917,0.0442446835694859,0.00860867225911012,0.0351331750460077,0.0184576882677281,0.04380158959065,-0.0218719484469573,0.039190170677753,-0.00937827638883577,0.0398162077880522,-0.0109703500780191,0.0371609669655541,-0.00130029068948799,0.0467327999756018,0.00402542987562881,0.0681092566335437,-0.00714067998625457
0.00174919710110737,-0.0367239996430484,-0.00362805744269821,0.00337993724388525,-0.0100167032475928,-0.0103448185807223,0.00378235184622295,-0.000444675711103173,0.0439417933250658,0.0180968638356398,0.0176904615818234,0.00473005757128347,0.0229508906562193,-0.0192452295459788,0.0430640959842041,-0.00714067998625457,0.0654700588930039
