0.0322278121941102,0.000205335199666658,0.0159003593634838,-0.00429076981595748,-0.00613833809511709,-0.00783529799980603,-0.00128702413828034,0.0320771065307033
0.000205335199666658,0.021992915032997,-0.000862341828238389,0.00388249194103484,0.00975488148653479,-0.00125189558049955,0.00392826508687486,0.0038634999452826
0.0159003593634838,-0.000862341828238389,0.0217017824891747,0.00809969333423132,-0.00434989704143059,0.00608651431025544,-0.00657557031506016,0.0214481910977979
-0.00429076981595748,0.00388249194103484,0.00809969333423132,0.0221254312183081,0.00669655021718664,0.0119046976065047,0.00422806555102774,0.00343088239783801
-0.00613833809511709,0.00975488148653479,-0.00434989704143059,0.00669655021718664,0.0154010533913322,-0.000894482819440429,0.0029905439028727,-0.00503753333745726
-0.00783529799980604,-0.00125189558049955,0.00608651431025544,0.0119046976065047,-0.000894482819440428,0.0114871852487464,-0.000685505468827179,-0.00244425873878042
-0.00128702413828034,0.00392826508687486,-0.00657557031506016,0.00422806555102774,0.0029905439028727,-0.000685505468827179,0.01104566867437,0.00192178024054909
0.0320771065307033,0.0038634999452826,0.0214481910977979,0.00343088239783801,-0.00503753333745726,-0.00244425873878042,0.00192178024054909,0.0393452304418438
