0.0669680593704385,0.00455104446337804,0.0360506207372617,-0.011463104015898,0.0172616160378226,-0.0107658529806416,0.00642258309891584,-0.00833636683427436,0.0326341875654358,-0.0100206622049115,0.0164830904815634,-0.0139619996476672,0.0109709040428586,-0.0164208657728137,0.0157009715478473,-0.00543874642510282,0.000963597870150942
0.00455104446337804,0.0955704253174809,0.00759743077126169,0.051466054584299,0.0151435826795378,0.046469373902364,0.0124169926970776,0.0362098096052772,0.0198151803913613,0.0285617015928027,0.0189560756557594,0.0307429963545964,0.0137133129259917,0.0341226408201388,0.00452587054520674,0.0354087845073544,-0.00467870047642371
0.0360506207372617,0.00759743077126169,0.0708222546597466,0.00269533272204293,0.0492230709544743,-0.00207997837803883,0.026362195279443,-0.00655152926264814,0.0324362531589194,-0.00115838472056017,0.0203123781011301,-0.018520329725757,0.0324049619272844,-0.0190684760761488,-0.00335423306775459,-0.0032059910276428,0.00387637108561312
-0.011463104015898,0.051466054584299,0.00269533272204293,0.0800019877088564,0.0152444792903991,0.0515301328449454,0.00188829408653848,0.0357064780688997,0.0144307577224613,0.0234721035893125,0.0102052200102412,0.0324036262997969,0.006800397799588,0.030433263910557,0.00377856563513601,0.0451937055858443,-0.0113605840641377
0.0172616160378226,0.0151435826795378,0.0492230709544743,0.0152444792903991,0.0692611885520953,0.0103031266550923,0.0316952681107378,-0.00193033837331846,0.0288513582136517,0.00364220770111822,0.0252077305455027,-0.019899905401936,0.0415898270784497,-0.0149281976182474,-0.0108003291626114,0.000508047657824455,0.00296625647246505
-0.0107658529806416,0.046469373902364,-0.00207997837803883,0.0515301328449454,0.0103031266550923,0.0792238647830301,-0.00359839146470336,0.047499862141072,0.010415797126195,0.0373641656736648,0.0236733996688263,0.0412918804755016,0.0142513697960966,0.0409913888486978,-0.00453344311699047,0.03836493650067,0.00182376934597697
0.00642258309891584,0.0124169926970776,0.026362195279443,0.00188829408653848,0.0316952681107378,-0.00359839146470336,0.0713053428413316,-0.00604937258157523,0.0164857850792837,0.00187260370471189,0.0313198290354017,-0.0146984880860252,0.0301613577390074,-0.00296360116608003,0.0148672131347841,-0.01374113994524,0.0190834664375159
-0.00833636683427436,0.0362098096052772,-0.00655152926264814,0.0357064780688997,-0.00193033837331846,0.047499862141072,-0.00604937258157523,0.0685888606657565,0.00652718741849737,0.0300906793027186,0.0228453063875743,0.0475870459924356,0.00593168524564156,0.0283529087850582,0.00959215770661474,0.0270164617260877,0.00766100784592042
0.0326341875654358,0.0198151803913613,0.0324362531589194,0.0144307577224613,0.0288513582136517,0.010415797126195,0.0164857850792837,0.00652718741849737,0.0668078136361645,0.00425971110158167,0.0348546577505721,-0.00699319991665437,0.02115372461274,-0.016051674750454,0.0276564052505797,-0.00396088417083608,0.00755869239509499
-0.0100206622049115,0.0285617015928027,-0.00115838472056017,0.0234721035893125,0.00364220770111822,0.0373641656736648,0.00187260370471189,0.0300906793027186,0.00425971110158167,0.0671597539977981,0.00224746052144832,0.0262926881123126,0.0103649837098377,0.0248685004067932,0.00723018333576878,0.0328651454007708,0.00123679932010177
0.0164830904815634,0.0189560756557594,0.0203123781011301,0.0102052200102412,0.0252077305455027,0.0236733996688263,0.0313198290354017,0.0228453063875743,0.0348546577505721,0.00224746052144832,0.0745523809345481,0.0100000952867942,0.035340410252576,0.00272297312706475,0.0330625209405974,-0.0118636065901363,0.029600687850852
-0.0139619996476672,0.0307429963545964,-0.018520329725757,0.0324036262997969,-0.019899905401936,0.0412918804755016,-0.0146984880860252,0.0475870459924356,-0.00699319991665437,0.0262926881123126,0.0100000952867942,0.0652586256654064,-0.0109392831986481,0.042359339617298,0.00807048365653084,0.0322684490664703,0.00456710382588536
0.0109709040428586,0.0137133129259917,0.0324049619272844,0.006800397799588,0.0415898270784497,0.0142513697960966,0.0301613577390074,0.00593168524564155,0.02115372461274,0.0103649837098377,0.035340410252576,-0.0109392831986481,0.0619823833054393,-0.00925382526576282,0.0108301600018749,-0.00457841811126268,0.022446094916109
-0.0164208657728137,0.0341226408201388,-0.0190684760761488,0.030433263910557,-0.0149281976182474,0.0409913888486978,-0.00296360116608003,0.0283529087850582,-0.016051674750454,0.0248685004067932,0.00272297312706475,0.042359339617298,-0.00925382526576282,0.0703933488586975,-0.0129220625644508,0.0418647496332924,-0.00411135294518711
0.0157009715478473,0.00452587054520674,-0.00335423306775459,0.00377856563513601,-0.0108003291626114,-0.00453344311699046,0.0148672131347841,0.00959215770661474,0.0276564052505797,0.00723018333576878,0.0330625209405974,0.00807048365653084,0.0108301600018749,-0.0129220625644508,0.0748373462971397,-0.00943555479820238,0.0364080765820046
-0.00543874642510282,0.0354087845073544,-0.0032059910276428,0.0451937055858443,0.000508047657824455,0.03836493650067,-0.01374113994524,0.0270164617260877,-0.00396088417083608,0.0328651454007708,-0.0118636065901363,0.0322684490664703,-0.00457841811126268,0.0418647496332924,-0.00943555479820238,0.067560868038032,-0.0216136935913483
0.000963597870150942,-0.00467870047642371,0.00387637108561312,-0.0113605840641377,0.00296625647246505,0.00182376934597697,0.0190834664375159,0.00766100784592042,0.00755869239509499,0.00123679932010177,0.029600687850852,0.00456710382588536,0.022446094916109,-0.00411135294518711,0.0364080765820046,-0.0216136935913483,0.0534700838863104
