0.199790163236654,-0.0169223246664906,-0.0120449490277717,0.0109712977780233,0.045302185532111,-0.00720302936138127,-0.00757582901300532,0.0265692394172882,0.019811392831444,-0.0309966715053302,0.0457653305423983,0.00872149627214577,-0.0427854745909363,0.0115652479676003,0.0304713268595226,0.0387894870325168,0.00423431688556969,0.00812131658454398,-0.00769147110940757,0.0322778007986613,0.00874031421008509,-0.00462007876158449,-0.0410889711121027,0.0594500544918584
-0.0169223246664907,0.0385726488235599,0.016326874378666,0.0124470747521579,0.00716261013418576,-0.0075220462113839,0.00549951117225428,-0.0128279806218161,0.0231798072891795,0.00802098066110107,-0.0119540395337191,0.00405798278942138,-0.027936547613057,0.0339745047427417,-0.00743624029627205,-0.0245006860927621,0.0202528050457878,0.00406706359617456,0.00441223063996698,-0.00429788305631312,-0.0161580290285976,0.0111969236361648,-0.0249700721013677,0.00763922670611365
-0.0120449490277717,0.016326874378666,0.0720120502937262,-0.00170230523285983,-0.00390202447796165,0.0148022276772172,0.0139589654869688,-0.00651895462960076,0.0206106114041497,0.00516462325616998,0.0171590685547169,0.00880852596295244,-0.0098248464347917,0.0436964900824074,-0.00508540963502996,0.00988713401518524,0.00967967779428531,0.0103235207597605,-0.00318455110231693,-0.0510149686984389,0.0522558687732067,-0.000266946349371717,0.0309827604146825,0.00752466784766373
0.0109712977780233,0.0124470747521579,-0.00170230523285983,0.0237756677555486,0.00959696987952404,-0.0060181482062837,0.00241288988671863,0.000859100439702043,0.0136309446790305,0.0133698419025785,-0.0129749516305187,-0.00143891668358122,-0.00881877113203069,0.0178474801077057,0.0151849348452265,-0.00559580078988147,0.0241721858533577,0.00411438333746348,0.00115772320548566,-0.0220216769944278,-0.00144319343641119,0.00685462508380476,-0.0160924547492784,-0.00825983773926234
0.045302185532111,0.00716261013418576,-0.00390202447796165,0.00959696987952405,0.130602177197188,-0.00231825062948671,0.0279331798765982,-0.0130905818526324,-0.0202229488821148,0.0093769452946716,-0.0349797719884252,0.0197748297676417,-0.0360238308306323,-0.00374400127124433,-0.0230212884344813,-0.00831806014473656,0.0230031363262667,0.00770084679490526,-0.00137101674596016,0.0326823754110286,-0.0676225285399004,0.000452948826411791,-0.0148156858408181,0.0505104537434126
-0.00720302936138127,-0.0075220462113839,0.0148022276772172,-0.0060181482062837,-0.00231825062948671,0.0956226824231704,-0.0177797365384115,0.0200690163859409,0.0136944730243059,0.0155460309510242,-0.00848397371189254,0.00373021549125123,0.054676553030876,-0.0242101928090493,0.00886085469884934,0.0416024926387594,0.00866165101361659,-0.020860203805327,-0.00720391082844409,-0.0382814114138504,0.0183591668333197,-0.0134025404247226,-0.0238712648001347,0.0855418184982097
-0.00757582901300532,0.00549951117225428,0.0139589654869688,0.00241288988671863,0.0279331798765982,-0.0177797365384115,0.069598172116816,-0.0340241565253389,-0.0101206457442996,-0.00952093497205902,0.0114997592165738,-0.0029259626504748,0.0042612277313892,-0.00749403300256703,-0.0267744326131111,-0.0120048450987445,0.00478818868101518,-0.00622739971511503,0.000466782010811731,-0.0506099479640396,0.0258281221836397,0.00873078117666647,0.0036856566425731,-0.0119944562568065
0.0265692394172882,-0.0128279806218161,-0.00651895462960076,0.000859100439702043,-0.0130905818526324,0.0200690163859409,-0.0340241565253389,0.155479588183281,0.0337265725595723,0.0221663604846554,-0.00179708220587846,0.00541309627383551,0.0146682077634972,0.0829240831709714,-0.0170910680773825,0.0152087638073484,0.0545367245244029,0.0155801174626139,-0.0226682461856984,0.0283018110999112,-0.0713104265485328,-0.0124602742256342,0.0149191796321784,-0.0413829852786807
0.019811392831444,0.0231798072891795,0.0206106114041497,0.0136309446790305,-0.0202229488821148,0.0136944730243059,-0.0101206457442996,0.0337265725595723,0.143282317121896,0.0082017098970391,0.0219686335046184,-0.0177502516894827,-0.00679936226482408,0.088701481496406,-0.0152913693444232,0.0101624812223389,0.0314147143976764,0.0291976405056204,0.000714784312503334,-0.00672234931029844,-0.053280290551336,-0.00915257910558671,-0.0309237868157778,0.0481267802689963
-0.0309966715053302,0.00802098066110107,0.00516462325616997,0.0133698419025785,0.0093769452946716,0.0155460309510242,-0.00952093497205902,0.0221663604846554,0.0082017098970391,0.0426544134403059,-0.0296300746246028,0.0146771074257303,0.0290041481895108,0.0289050612366948,0.00139888570089708,-0.0152286198802313,0.0172654415001233,0.00842487246235572,6.42867104051466e-05,-0.0197199375547811,-0.0188413851753739,0.000951300863845468,0.00359034786516081,-0.0101400529970908
0.0457653305423983,-0.0119540395337191,0.0171590685547169,-0.0129749516305187,-0.0349797719884252,-0.00848397371189254,0.0114997592165738,-0.00179708220587846,0.0219686335046184,-0.0296300746246028,0.116238577419199,-0.0189204432569705,0.00472152993609556,0.0270208530895606,-0.0127013870584611,0.0203241397576852,-0.0251214222230943,-0.0288205279131406,0.0174623571084312,0.00282305180818844,0.0167410953267432,-0.00484122380026175,-0.0376085996302738,0.0322019977039116
0.00872149627214577,0.00405798278942138,0.00880852596295244,-0.00143891668358122,0.0197748297676417,0.00373021549125123,-0.0029259626504748,0.00541309627383551,-0.0177502516894827,0.0146771074257303,-0.0189204432569705,0.0378182739097018,0.0108547420913996,-0.0261029004389154,-0.00474799156394413,0.000594570221584038,-0.00111906261362921,0.0238793726919761,-0.0119432033195375,0.0175686057941367,-0.0137460795245008,0.00440269076570334,0.0104404061646581,-0.00378472685068299
-0.0427854745909363,-0.027936547613057,-0.00982484643479169,-0.00881877113203069,-0.0360238308306323,0.054676553030876,0.0042612277313892,0.0146682077634972,-0.00679936226482408,0.0290041481895108,0.00472152993609556,0.0108547420913996,0.147093300817036,-0.0772769109271863,0.00331163321659818,0.0543956974979108,-0.0375492084799722,-0.00825571655263362,-0.00553333295786008,-0.0530602374693498,0.0294656207597248,-0.00699346672431492,0.0090352753728841,0.00442314931369079
0.0115652479676003,0.0339745047427417,0.0436964900824074,0.0178474801077057,-0.00374400127124433,-0.0242101928090493,-0.00749403300256703,0.0829240831709714,0.088701481496406,0.0289050612366948,0.0270208530895606,-0.0261029004389154,-0.0772769109271863,0.269373327491425,-0.0189933438801299,-0.0464604890279965,0.0610387347556091,0.0128322063889099,0.0219911033018261,-0.00368599386339164,-0.0415076601537929,-0.00390352173332473,-0.0511747130179923,0.00583727531929891
0.0304713268595226,-0.00743624029627205,-0.00508540963502996,0.0151849348452265,-0.0230212884344813,0.00886085469884934,-0.0267744326131111,-0.0170910680773825,-0.0152913693444232,0.00139888570089708,-0.0127013870584611,-0.00474799156394413,0.00331163321659818,-0.0189933438801299,0.0574862368784435,0.0116393003365274,-0.00999238627533083,-0.000683448673264286,0.00221422561876829,-0.0325883326078708,0.0699793071675726,0.00133135222480449,-0.00682341370215224,0.00824309256635023
0.0387894870325168,-0.0245006860927621,0.00988713401518524,-0.00559580078988147,-0.00831806014473655,0.0416024926387594,-0.0120048450987445,0.0152087638073484,0.0101624812223389,-0.0152286198802313,0.0203241397576852,0.000594570221584038,0.0543956974979108,-0.0464604890279965,0.0116393003365274,0.186575720781365,-0.0111903535764427,0.00771432772992913,-0.0101942875661015,0.0407851701329973,-0.024394100604758,-0.00850334342028009,-0.0198399254093519,0.0203175080460103
0.00423431688556969,0.0202528050457878,0.00967967779428531,0.0241721858533576,0.0230031363262667,0.00866165101361658,0.00478818868101518,0.0545367245244029,0.0314147143976764,0.0172654415001233,-0.0251214222230943,-0.00111906261362921,-0.0375492084799722,0.0610387347556091,-0.00999238627533083,-0.0111903535764427,0.0880556011651417,-0.000344563318026476,-0.0113333816675797,-0.0231115683178941,-0.0405924460072775,0.00377162563339461,0.0020793700690346,-0.0339081570774421
0.00812131658454398,0.00406706359617456,0.0103235207597605,0.00411438333746348,0.00770084679490526,-0.020860203805327,-0.00622739971511503,0.0155801174626139,0.0291976405056204,0.00842487246235572,-0.0288205279131406,0.0238793726919761,-0.00825571655263362,0.0128322063889099,-0.000683448673264287,0.00771432772992913,-0.000344563318026476,0.0624386180159765,-0.0135848411882927,0.0271810739227658,-0.0263270895916658,0.000435346381031247,0.0136826767267006,-0.00835969154741835
-0.00769147110940757,0.00441223063996698,-0.00318455110231693,0.00115772320548566,-0.00137101674596016,-0.00720391082844409,0.000466782010811731,-0.0226682461856984,0.000714784312503334,6.42867104051466e-05,0.0174623571084312,-0.0119432033195375,-0.00553333295786008,0.0219911033018261,0.00221422561876829,-0.0101942875661015,-0.0113333816675797,-0.0135848411882927,0.0168698315213795,0.00226383067095382,0.000500082765235364,0.000798607777883234,-0.0286840615384408,0.0214219370571021
0.0322778007986613,-0.00429788305631312,-0.0510149686984389,-0.0220216769944278,0.0326823754110286,-0.0382814114138504,-0.0506099479640396,0.0283018110999112,-0.00672234931029844,-0.0197199375547811,0.00282305180818844,0.0175686057941367,-0.0530602374693498,-0.00368599386339164,-0.0325883326078707,0.0407851701329973,-0.0231115683178941,0.0271810739227658,0.00226383067095382,0.209234244551117,-0.177558495234589,-0.00474215696500736,-0.0432604993261103,0.0160046544726846
0.00874031421008509,-0.0161580290285976,0.0522558687732067,-0.00144319343641119,-0.0676225285399004,0.0183591668333197,0.0258281221836397,-0.0713104265485328,-0.053280290551336,-0.0188413851753739,0.0167410953267432,-0.0137460795245008,0.0294656207597248,-0.0415076601537929,0.0699793071675726,-0.024394100604758,-0.0405924460072775,-0.0263270895916658,0.000500082765235364,-0.177558495234589,0.261014502041913,0.00405163432715172,0.0582831064554202,-0.0125867151536744
-0.00462007876158449,0.0111969236361648,-0.000266946349371717,0.00685462508380476,0.000452948826411791,-0.0134025404247226,0.00873078117666647,-0.0124602742256342,-0.00915257910558671,0.000951300863845468,-0.00484122380026175,0.00440269076570334,-0.00699346672431492,-0.00390352173332473,0.00133135222480449,-0.00850334342028009,0.00377162563339461,0.000435346381031247,0.000798607777883234,-0.00474215696500736,0.00405163432715172,0.00855727560382417,-0.00705496147445627,-0.0165778188647493
-0.0410889711121027,-0.0249700721013677,0.0309827604146825,-0.0160924547492784,-0.0148156858408181,-0.0238712648001347,0.0036856566425731,0.0149191796321784,-0.0309237868157778,0.00359034786516081,-0.0376085996302738,0.0104404061646581,0.0090352753728841,-0.0511747130179923,-0.00682341370215224,-0.0198399254093519,0.0020793700690346,0.0136826767267006,-0.0286840615384408,-0.0432604993261103,0.0582831064554202,-0.00705496147445627,0.192075323628889,-0.142130438610537
0.0594500544918584,0.00763922670611365,0.00752466784766373,-0.00825983773926234,0.0505104537434126,0.0855418184982097,-0.0119944562568065,-0.0413829852786807,0.0481267802689963,-0.0101400529970908,0.0322019977039116,-0.00378472685068299,0.00442314931369079,0.00583727531929891,0.00824309256635023,0.0203175080460103,-0.0339081570774421,-0.00835969154741835,0.0214219370571021,0.0160046544726846,-0.0125867151536744,-0.0165778188647493,-0.142130438610537,0.25089525129397
