0.0686073327697889,0.0168363079409625,-0.0219461823245427,0.0172039579324659,0.0115041264064706,0.0130133673727403,0.010847465426372,0.00540824678033107,0.00754152404797714,0.00869373251641776,0.00927874588060615,0.0100078393684469,0.00720132645471233,0.0100219915265927,0.00942416351665672,0.0105493895418396,-0.0299592114018004,-0.00890294835985221,0.0122201984943319,-0.0133891705580158,0.0202785246617362,0.0104745258670167
0.0168363079409625,0.0217341720985567,-0.00630576357799384,-0.0028034779094077,-0.00605178875682694,-0.00482356465192385,-0.00482656242595218,-0.00662782715480952,-0.00887616969685194,-0.00577327228424086,-0.0114076662705036,-0.00852301954136348,-0.00528677776962416,-0.0108616784526165,-0.000917065305633461,0.00871608250265025,-0.0228102815330962,-0.0160874565473146,-0.00118988311597083,-0.0059963614632906,0.00419064502795129,-0.00319077324974807
-0.0219461823245427,-0.00630576357799384,0.0432463811376285,-0.0101598609561381,-0.00917691768798574,-0.0129743011400238,-0.00755563350470218,-0.00512666427882773,-0.0057261399282041,-0.00545906567568375,-0.00727072417690358,-0.00492919553879715,-0.00385048137048496,-0.0057081018817587,-0.00775145127207987,-0.00351299352558794,-0.00836374658977421,-0.00786492291967433,0.0050862378741967,-0.0153552964867096,-0.00999130412710804,0.00331001743191359
0.0172039579324659,-0.0028034779094077,-0.0101598609561381,0.0272852461953304,0.0248221372970081,0.0222628566908799,0.0255918908440105,0.0232827093536644,0.0217792176464865,0.016386684439082,0.0220234939769389,0.0211489401448639,0.018293166023315,0.0229515450244465,0.0170229280826449,-0.0204578465773157,0.043006053793352,0.00026885529007738,0.0208579876628425,0.0228920219881621,0.0152615201785,0.02242206122437
0.0115041264064706,-0.00605178875682694,-0.00917691768798574,0.0248221372970081,0.0247547102540258,0.02142655232776,0.0240969910828653,0.0240969719319635,0.0198409110879689,0.0146978122636296,0.020568059143489,0.0188063979862565,0.0158415695900353,0.0208886086900513,0.0149927516487793,-0.0168175964207574,0.0414932346716542,0.0075239425748242,0.0186227039114224,0.0212313720448204,0.0105464475447231,0.0210247179560078
0.0130133673727403,-0.00482356465192385,-0.0129743011400238,0.0222628566908799,0.02142655232776,0.0197291418583775,0.021212768256901,0.0200671658330968,0.0187660164623032,0.0140535325700946,0.0196496954312503,0.0180635583706741,0.0150066040117066,0.0199697057648598,0.0136137669140666,-0.0153598877901437,0.0361670955680274,0.00625609597138031,0.015190285191638,0.0209454249537877,0.0124834820838077,0.0174270218507708
0.010847465426372,-0.00482656242595218,-0.00755563350470218,0.0255918908440105,0.0240969910828653,0.021212768256901,0.0251031258194683,0.0236184056799177,0.0208783923271291,0.0152365375834496,0.0206483224352343,0.0198432991284884,0.0174542930125594,0.0216775225835051,0.0166185596262994,-0.0197316870726609,0.0466134377236777,0.000907562370064121,0.0182577956635656,0.0218001747352278,0.0124610222225476,0.020029181503512
0.00540824678033107,-0.00662782715480952,-0.00512666427882773,0.0232827093536644,0.0240969719319635,0.0200671658330968,0.0236184056799177,0.0247899414849362,0.0177206396979794,0.012743231424592,0.017679089408128,0.0163011102846374,0.0144243702607246,0.0179725438359592,0.0143185679351119,-0.0157627902208584,0.0436987096932118,0.0075503628084071,0.017113988185691,0.0198680273809161,0.00715955391962379,0.019620927696478
0.00754152404797714,-0.00887616969685194,-0.00572613992820409,0.0217792176464865,0.0198409110879689,0.0187660164623032,0.0208783923271291,0.0177206396979794,0.0266958114444791,0.0192223240387758,0.0283084210048084,0.0265154254349103,0.0200893458866267,0.0303109036949344,0.0134304622163387,-0.025147357159337,0.0411790489732159,0.00267152279956156,0.0194650094826257,0.0270686559808421,0.0197564633515846,0.0216285450416854
0.00869373251641776,-0.00577327228424086,-0.00545906567568375,0.016386684439082,0.0146978122636296,0.0140535325700946,0.0152365375834496,0.012743231424592,0.0192223240387758,0.0141042638090137,0.0206339397000296,0.0192850342401357,0.014561491510412,0.0219141105911522,0.00975165838120221,-0.0176668165527599,0.0274564915621151,0.00230931907751551,0.0147866030550079,0.019190413419313,0.0149762630579128,0.0162988550624115
0.00927874588060615,-0.0114076662705036,-0.00727072417690358,0.0220234939769389,0.020568059143489,0.0196496954312503,0.0206483224352342,0.017679089408128,0.0283084210048084,0.0206339397000296,0.0310947047118636,0.0284014227184531,0.0206224778489334,0.0327981469700875,0.0126724827831793,-0.0252896333515862,0.0386447034397329,0.00734753838681146,0.0206278770582225,0.0280201227980756,0.0207008961331583,0.0232418706987594
0.0100078393684469,-0.00852301954136348,-0.00492919553879715,0.0211489401448639,0.0188063979862565,0.0180635583706741,0.0198432991284884,0.0163011102846374,0.0265154254349103,0.0192850342401357,0.0284014227184531,0.0267160393014956,0.0199785346027918,0.030432454221043,0.012568976762647,-0.0247139708124046,0.0366311432444074,0.00239071323008235,0.0199575419242028,0.0258057945185758,0.0209114199417392,0.021973394739943
0.00720132645471233,-0.00528677776962416,-0.00385048137048496,0.018293166023315,0.0158415695900353,0.0150066040117066,0.0174542930125594,0.0144243702607246,0.0200893458866267,0.014561491510412,0.0206224778489333,0.0199785346027918,0.016093996991343,0.0222328814758512,0.0115662211208473,-0.0203881027858759,0.0341672293691133,-0.00150514191109298,0.0155899724748307,0.0208800461945146,0.0156344088126999,0.0168535334753373
0.0100219915265927,-0.0108616784526165,-0.0057081018817587,0.0229515450244465,0.0208886086900513,0.0199697057648598,0.0216775225835051,0.0179725438359592,0.0303109036949344,0.0219141105911522,0.0327981469700875,0.030432454221043,0.0222328814758512,0.0351506517482045,0.0137849395703061,-0.0272945333776567,0.0409735696684268,0.00402701023802724,0.0217870958138864,0.0285167659844743,0.0228496112994791,0.0241368896537468
0.00942416351665672,-0.000917065305633461,-0.00775145127207987,0.0170229280826449,0.0149927516487793,0.0136137669140666,0.0166185596262994,0.0143185679351119,0.0134304622163387,0.00975165838120221,0.0126724827831793,0.012568976762647,0.0115662211208473,0.0137849395703061,0.0126565643769465,-0.012607482316017,0.0328864432389187,-0.0052817885780957,0.00970990824980397,0.0124218649079786,0.00837600831249266,0.0100114516821298
0.0105493895418396,0.00871608250265026,-0.00351299352558794,-0.0204578465773157,-0.0168175964207574,-0.0153598877901437,-0.0197316870726609,-0.0157627902208584,-0.025147357159337,-0.0176668165527599,-0.0252896333515862,-0.0247139708124046,-0.0203881027858759,-0.0272945333776567,-0.012607482316017,0.0367652266568654,-0.0552171513458544,0.00393205206146269,-0.022354479882586,-0.0369423886255339,-0.0176821143387809,-0.0239187461633552
-0.0299592114018004,-0.0228102815330962,-0.00836374658977421,0.043006053793352,0.0414932346716542,0.0361670955680274,0.0466134377236777,0.0436987096932118,0.0411790489732159,0.0274564915621151,0.038644703439733,0.0366311432444074,0.0341672293691133,0.0409735696684268,0.0328864432389187,-0.0552171513458544,0.137520105952901,-0.00166520343532449,0.0241682977464804,0.0593881281429213,0.0126312458544168,0.027891886823702
-0.00890294835985221,-0.0160874565473146,-0.00786492291967433,0.00026885529007738,0.0075239425748242,0.00625609597138031,0.000907562370064121,0.00755036280840711,0.00267152279956156,0.00230931907751551,0.00734753838681146,0.00239071323008235,-0.00150514191109298,0.00402701023802724,-0.0052817885780957,0.00393205206146269,-0.00166520343532449,0.0382857365574984,0.00155512765854615,0.00977104867827248,-0.00531261529853887,0.00664227426177617
0.0122201984943319,-0.00118988311597083,0.00508623787419669,0.0208579876628425,0.0186227039114224,0.015190285191638,0.0182577956635656,0.017113988185691,0.0194650094826257,0.0147866030550079,0.0206278770582225,0.0199575419242028,0.0155899724748307,0.0217870958138864,0.00970990824980397,-0.022354479882586,0.0241682977464804,0.00155512765854615,0.0277570874575694,0.0221380358305136,0.0161676016652876,0.0291350822404604
-0.0133891705580158,-0.0059963614632906,-0.0153552964867096,0.0228920219881621,0.0212313720448204,0.0209454249537877,0.0218001747352278,0.0198680273809161,0.0270686559808421,0.019190413419313,0.0280201227980756,0.0258057945185758,0.0208800461945146,0.0285167659844743,0.0124218649079786,-0.0369423886255339,0.0593881281429213,0.00977104867827248,0.0221380358305136,0.0555653417256511,0.0223037783584191,0.0266947218242607
0.0202785246617362,0.00419064502795129,-0.00999130412710804,0.0152615201785,0.0105464475447231,0.0124834820838077,0.0124610222225476,0.00715955391962379,0.0197564633515846,0.0149762630579128,0.0207008961331583,0.0209114199417392,0.0156344088126999,0.0228496112994791,0.00837600831249266,-0.0176821143387809,0.0126312458544168,-0.00531261529853887,0.0161676016652876,0.0223037783584191,0.0262085067653794,0.0173021687294878
0.0104745258670167,-0.00319077324974807,0.00331001743191359,0.02242206122437,0.0210247179560078,0.0174270218507708,0.020029181503512,0.019620927696478,0.0216285450416854,0.0162988550624115,0.0232418706987594,0.021973394739943,0.0168535334753373,0.0241368896537468,0.0100114516821298,-0.0239187461633552,0.027891886823702,0.00664227426177617,0.0291350822404604,0.0266947218242607,0.0173021687294878,0.0315223092888665
