0.233393044091454,-0.00484084630939498,0.00766352225794078,-0.00153312942683446,-0.0101577061760275,0.0517611941426389,0.00505202327919874,0.00103889435752931,-0.00301932640836661,0.000158904207951206,0.0634698291992605,-0.00429145185943054,-0.0010064562603076,-0.000122288395939833
-0.00484084630939498,0.0379585520466139,0.015049969465432,-0.0142236652779742,-0.00267442429937481,-0.0122255046945242,0.0113926159936642,0.0436154379678614,-0.0111950117604709,0.00160326346500563,-0.00531584170402399,0.00269320023663093,-5.1695656191525e-05,0.000940695158664495
0.00766352225794078,0.015049969465432,0.0291217714578442,-0.00425867818462035,-0.00760643598280663,0.00215849152319958,0.00765818326501978,0.0117233471596002,0.0172375678263396,-0.000681563143284424,0.00584685077960717,0.00370908341668656,-0.00470840410443406,6.8757582127053e-05
-0.00153312942683446,-0.0142236652779742,-0.00425867818462035,0.0537294886907943,0.00660912810127132,0.0176740112008686,0.00859784898384557,0.010864059400961,0.00263188026596392,-0.00192549951975683,0.0231975188763097,-0.00913955238183998,0.00354082129538558,-0.00034903288873263
-0.0101577061760275,-0.00267442429937481,-0.00760643598280663,0.00660912810127132,0.0710047515415018,0.0153589890953712,0.000198599600301441,0.0552150377606053,0.0403743017488315,0.0040165031959189,-0.0188688601182501,-0.00311883359032559,0.0085480294885623,0.00105598756888076
0.0517611941426389,-0.0122255046945242,0.00215849152319958,0.0176740112008686,0.0153589890953712,0.0720859361145379,0.0180697709926608,0.0385847589552128,0.0356013817921195,-0.00279456498765674,0.0262027060573703,-0.00566139683697519,-0.00932941797850912,-0.00284220058262873
0.00505202327919874,0.0113926159936642,0.00765818326501978,0.00859784898384557,0.000198599600301441,0.0180697709926608,0.0226287147003797,0.0239936963767023,0.0112605861991947,0.00181781761082591,0.0142739001417183,-0.00386869980296539,-0.00326347470600464,-0.000186238852552938
0.00103889435752931,0.0436154379678614,0.0117233471596002,0.010864059400961,0.0552150377606053,0.0385847589552128,0.0239936963767023,0.252453119466737,0.137054759454102,0.011698693750575,-0.0156723324051129,0.00119371767060353,-0.00934677070010392,-0.000756132194495873
-0.00301932640836661,-0.0111950117604709,0.0172375678263396,0.00263188026596392,0.0403743017488315,0.0356013817921195,0.0112605861991947,0.137054759454102,0.236679472799882,0.0177029837949234,0.0706465394973141,0.0080663609348355,-0.0114581286954671,0.000897475571963686
0.000158904207951206,0.00160326346500563,-0.000681563143284424,-0.00192549951975682,0.0040165031959189,-0.00279456498765674,0.00181781761082591,0.011698693750575,0.0177029837949234,0.00328925155312047,0.00320124917300241,0.00260675885026598,-0.000540140740531341,0.000501628250870136
0.0634698291992605,-0.00531584170402399,0.00584685077960717,0.0231975188763097,-0.0188688601182501,0.0262027060573703,0.0142739001417183,-0.0156723324051129,0.0706465394973141,0.00320124917300241,0.243902845237579,0.00633695606547642,0.0067163682812003,0.0038388502548912
-0.00429145185943054,0.00269320023663093,0.00370908341668656,-0.00913955238183998,-0.00311883359032559,-0.00566139683697519,-0.00386869980296539,0.00119371767060353,0.0080663609348355,0.00260675885026598,0.00633695606547641,0.0273149465658912,-0.0101286275812811,0.000121497993406543
-0.0010064562603076,-5.1695656191525e-05,-0.00470840410443406,0.00354082129538558,0.0085480294885623,-0.00932941797850912,-0.00326347470600464,-0.00934677070010392,-0.0114581286954671,-0.000540140740531341,0.00671636828120029,-0.0101286275812811,0.00980593004116223,0.00111989997583393
-0.000122288395939833,0.000940695158664495,6.8757582127053e-05,-0.00034903288873263,0.00105598756888076,-0.00284220058262873,-0.000186238852552938,-0.000756132194495872,0.000897475571963686,0.000501628250870136,0.0038388502548912,0.000121497993406543,0.00111989997583393,0.000334021689053823
