0.0814488849790521,0.00883348520666902,0.0371718265201189,0.00976383912898957,0.0188708367961458,0.0148703342386515,0.0455960418618498,-0.0213075606109097,0.0338425858790971,-0.0163753579599342,0.028469178198961,0.00470491086967818,0.00496826793964064,-0.0108226661472719,0.0104590239159184,-0.0176646101194431,-0.00345889833579589
0.00883348520666902,0.103851674806371,0.0119342050623284,0.095730953891336,0.00975164263944451,0.0985773215130881,-0.000998783650284154,0.0588684392306435,0.047107228563796,0.0498453529418129,0.0317521934001318,0.0828600569882355,0.0217988665041389,0.0666465356038944,0.0133440375611851,0.0401346196157296,-0.010556475278743
0.0371718265201189,0.0119342050623284,0.061531037905968,0.0269082234981267,0.0502146553704614,-0.00613191885041415,0.0376517716744988,-0.0146896369143242,0.0281863339477583,-0.0170446574282072,0.0263724382350222,-0.0156215188645801,0.0315204419390456,-0.0182493745100792,0.0236107009453465,-0.0232042232594313,-0.0159942795800139
0.00976383912898957,0.095730953891336,0.0269082234981267,0.111888346642766,0.0206219683746924,0.0721506689207065,0.0292848221282389,0.0656868673903942,0.0278335382998664,0.0531479768354518,0.0270846107286083,0.0513532391046301,0.0396082963214971,0.0585481811016519,0.0301532139692142,0.0336486280648702,-0.0217113984019403
0.0188708367961458,0.00975164263944451,0.0502146553704614,0.0206219683746924,0.0452512466173436,-0.00282148368501343,0.0235892207968929,-0.0127097165183897,0.0250599126491467,-0.0160455237155779,0.0177870042722424,-0.00887984053983799,0.0242117728414063,-0.0108451413423562,0.0134482944491574,-0.0126343882008797,-0.0203593357123093
0.0148703342386515,0.0985773215130881,-0.00613191885041415,0.0721506689207065,-0.00282148368501343,0.126551937182486,-0.0213077658002439,0.0588496954431699,0.0614269555619071,0.0515450710644856,0.031881526498163,0.119299856527599,-0.00526609267195938,0.0849699726985198,-0.00433612247315495,0.0663585726728078,-0.0110871990410886
0.0455960418618497,-0.000998783650284154,0.0376517716744988,0.0292848221282389,0.0235892207968929,-0.0213077658002439,0.0892249320745022,-0.00550714817382364,-0.0077258653752074,-0.0134627269176667,-0.00473057669183358,-0.0316160764171474,0.0274781403352001,-0.00746241402067191,0.00872369468963186,-0.0078584321397108,-0.0163220994746864
-0.0213075606109097,0.0588684392306435,-0.0146896369143242,0.0656868673903942,-0.0127097165183897,0.0588496954431699,-0.00550714817382364,0.0796835684157413,-0.00213241883697857,0.0683651932548998,0.0100150711298641,0.0552708767475184,0.0106569303938445,0.0600991138358486,0.0251842176101867,0.0511536754768239,0.0031154082127557
0.0338425858790972,0.047107228563796,0.0281863339477583,0.0278335382998664,0.0250599126491467,0.0614269555619071,-0.0077258653752074,-0.00213241883697857,0.0665350370339178,-0.000750323621310177,0.0479546651046157,0.0560257981085736,0.0159166083962025,0.0209602051018734,0.0103869800022868,0.0094591635626258,-0.00586580971800704
-0.0163753579599342,0.0498453529418129,-0.0170446574282072,0.0531479768354518,-0.0160455237155779,0.0515450710644855,-0.0134627269176667,0.0683651932548998,-0.000750323621310177,0.0613672588356702,0.0137406726447164,0.0482684275289356,0.00723191617737092,0.0494473411080894,0.0258227001490989,0.0404518505133784,0.00726363906759452
0.028469178198961,0.0317521934001318,0.0263724382350222,0.0270846107286083,0.0177870042722424,0.031881526498163,-0.00473057669183358,0.0100150711298641,0.0479546651046157,0.0137406726447164,0.0658587324926374,0.0270606700872006,0.0398129561982065,0.00272447844699102,0.0507565681403268,-0.00830402128360139,0.0168909109976558
0.00470491086967818,0.0828600569882355,-0.0156215188645801,0.0513532391046301,-0.00887984053983799,0.119299856527599,-0.0316160764171474,0.0552708767475184,0.0560257981085736,0.0482684275289356,0.0270606700872006,0.119050234142486,-0.0129973105578742,0.0812906108934014,-0.00905089333664679,0.0692803158766984,-0.00332441557818332
0.00496826793964064,0.0217988665041389,0.0315204419390456,0.0396082963214971,0.0242117728414063,-0.00526609267195938,0.0274781403352001,0.0106569303938445,0.0159166083962025,0.00723191617737092,0.0398129561982065,-0.0129973105578742,0.0575194909506338,-0.00662209482394423,0.0479969773181044,-0.0157769626063213,0.00697506606625209
-0.0108226661472719,0.0666465356038944,-0.0182493745100792,0.0585481811016519,-0.0108451413423562,0.0849699726985198,-0.00746241402067191,0.0600991138358486,0.0209602051018734,0.0494473411080894,0.00272447844699102,0.0812906108934014,-0.00662209482394423,0.0750577653947298,-0.00841026891141497,0.0668760166555386,-0.0176849930824882
0.0104590239159184,0.0133440375611851,0.0236107009453465,0.0301532139692142,0.0134482944491574,-0.00433612247315495,0.00872369468963186,0.0251842176101867,0.0103869800022868,0.0258227001490989,0.0507565681403268,-0.00905089333664679,0.0479969773181044,-0.00841026891141497,0.0665695659926237,-0.0151235906042635,0.0206894461186554
-0.0176646101194431,0.0401346196157296,-0.0232042232594313,0.0336486280648702,-0.0126343882008797,0.0663585726728078,-0.0078584321397108,0.0511536754768239,0.0094591635626258,0.0404518505133784,-0.00830402128360139,0.0692803158766984,-0.0157769626063213,0.0668760166555386,-0.0151235906042635,0.069043523635935,-0.0190963454423054
-0.00345889833579589,-0.010556475278743,-0.0159942795800139,-0.0217113984019404,-0.0203593357123093,-0.0110871990410886,-0.0163220994746864,0.0031154082127557,-0.00586580971800704,0.00726363906759452,0.0168909109976558,-0.00332441557818332,0.00697506606625209,-0.0176849930824882,0.0206894461186554,-0.0190963454423054,0.0486683189631722
