0.0582610409962223,0.0179691081052109,0.0283659310791583,-0.0108287439812674,-0.0166518141994729,-0.0103386613525977,-0.00879729480026915,-0.010289380713801,-0.012399991243175,-0.0121655100626778,-0.0139691464106309,-0.0144787774055174,-0.0137721627600582,-0.0138988129655802,-0.00556104741681647,0.013746675797453,-0.0351756741218699,-0.0192087268551081,-0.0328474061648694,-0.00125922192915302,-0.0100245046552194,-0.0245315674655328
0.0179691081052109,0.0182188719823974,0.00330510259503321,0.00606120626731024,7.90286001112531e-05,0.00374475738664422,0.00512458169073927,0.00381322770673245,0.00413212841977232,0.00549677309178747,0.00463711114673847,0.00279743865051059,0.00428072002541665,0.00467652278023055,0.00340576878400821,-0.00410769533722056,-0.0202848757978834,-0.00349435927710459,-0.00334300440257091,0.00779618308074739,0.00447000002572827,-0.000492818950381683
0.0283659310791583,0.00330510259503321,0.0604957646571649,-0.0127175604798656,-0.0124312005957564,-0.00980816427562072,-0.0108946563601812,-0.00971838505825548,-0.0133331445190658,-0.0141347371730966,-0.0124224118364877,-0.0190530461450278,-0.0158783212806177,-0.0124013900125381,-0.00808240881261169,0.0164663084586345,-0.0167588778121929,-0.00734750675354585,-0.0337835573000466,-0.00299862062248921,-0.0138417973138662,-0.0261672711720745
-0.0108287439812674,0.00606120626731024,-0.0127175604798656,0.0137806085162402,0.0110003087774992,0.0110077607869372,0.0104530465262519,0.0110383843645675,0.00932381220327653,0.00941343449152437,0.010417977145206,0.00765482098260225,0.00870108355872009,0.0104260473648224,0.00781761235741765,-0.0131053759629459,0.00378472456617649,-0.000854309762122711,0.0169751107452536,0.0103449392869431,0.0101534242974996,0.0137066108553398
-0.0166518141994729,7.90286001112531e-05,-0.0124312005957564,0.0110003087774992,0.0106682428882548,0.00914270479670789,0.00851486276655322,0.00915017930192753,0.00767581816638941,0.00741863183037009,0.00873422148070443,0.00675220812322973,0.00701623567257366,0.00872162879430504,0.00592080607941463,-0.0117989193428894,0.0113134151552613,0.00257370090167299,0.0170311077632477,0.00558365049547017,0.00706945986708726,0.0132117762347846
-0.0103386613525977,0.00374475738664422,-0.00980816427562072,0.0110077607869372,0.00914270479670789,0.00953244296790002,0.00834310856648656,0.00955197808676457,0.00733262732653917,0.00723817464350373,0.00839312725469691,0.00577092725695075,0.00687181215548876,0.00840416101812388,0.00619238813242087,-0.010642316433044,0.00384922179737654,9.27672436422311e-05,0.0118316798673302,0.00561265741100005,0.00806394517656491,0.00876894944882399
-0.00879729480026915,0.00512458169073927,-0.0108946563601812,0.0104530465262519,0.00851486276655322,0.00834310856648656,0.00845421761049996,0.00836465183271524,0.00758117752560254,0.00783569176314531,0.00856346057604676,0.00692165403440298,0.00736343412228655,0.00856387541297075,0.0056385940524507,-0.011183061699514,0.00297920481945265,0.00325313077358748,0.0126202442027613,0.00640899326016754,0.00677980565071737,0.0107810768057977
-0.010289380713801,0.00381322770673245,-0.00971838505825548,0.0110383843645675,0.00915017930192753,0.00955197808676457,0.00836465183271524,0.00957211979812733,0.00735288852587548,0.00725952715171474,0.00842024532899673,0.00577086489824754,0.00688667976932638,0.00843128730783991,0.0062001772174724,-0.0106488553045138,0.00376881251317735,7.65287353816216e-05,0.0118257335487744,0.00567901197237675,0.00807021058843736,0.00877877074553817
-0.012399991243175,0.00413212841977232,-0.0133331445190658,0.00932381220327653,0.00767581816638941,0.00733262732653917,0.00758117752560254,0.00735288852587548,0.0205842087137719,0.0189218881166255,0.0243742205139876,0.020184313832745,0.0155188045333804,0.0243596867928739,0.00667320206872775,-0.0169454274547046,0.0125845312795134,4.71247964075101e-07,0.0146367224011532,0.0138499383420533,0.0139456369663835,0.0123770076925042
-0.0121655100626778,0.00549677309178747,-0.0141347371730966,0.00941343449152437,0.00741863183037009,0.00723817464350373,0.00783569176314531,0.00725952715171474,0.0189218881166255,0.0181265193304241,0.022177740537855,0.0189825348952249,0.0152775433792063,0.0221653097436447,0.0066289926063268,-0.015523834712709,0.00822566809937493,0.0020731074623365,0.0140972468848006,0.0125742932185212,0.0130986908975955,0.0122104639646823
-0.0139691464106309,0.00463711114673847,-0.0124224118364877,0.010417977145206,0.00873422148070443,0.00839312725469691,0.00856346057604676,0.00842024532899673,0.0243742205139876,0.022177740537855,0.0292971691857286,0.0235695820443917,0.0178096547800899,0.0292756038660376,0.00760031162378948,-0.0202077525405515,0.0146365332885782,0.00140721061036705,0.0153282175719431,0.0150952429865976,0.0153125551504792,0.0129740340074884
-0.0144787774055174,0.00279743865051059,-0.0190530461450278,0.00765482098260225,0.00675220812322973,0.00577092725695075,0.00692165403440298,0.00577086489824754,0.020184313832745,0.0189825348952249,0.0235695820443917,0.0216770584050767,0.0161463300632741,0.0235460125138842,0.0058374820438112,-0.0171576969426899,0.014829585692169,0.00417727448764819,0.0157820007040226,0.0112555453983195,0.0129381580203263,0.0138795123772438
-0.0137721627600582,0.00428072002541665,-0.0158783212806177,0.00870108355872009,0.00701623567257366,0.00687181215548876,0.00736343412228655,0.00688667976932638,0.0155188045333804,0.0152775433792063,0.0178096547800899,0.0161463300632741,0.0137735091996643,0.0178015955425281,0.00566883179758019,-0.0129797228037307,0.00671912544266137,0.00392853852270366,0.0135220324919824,0.0101470753003745,0.0115352584387472,0.0117834556429741
-0.0138988129655802,0.00467652278023055,-0.0124013900125381,0.0104260473648224,0.00872162879430504,0.00840416101812388,0.00856387541297075,0.00843128730783991,0.0243596867928739,0.0221653097436447,0.0292756038660376,0.0235460125138842,0.0178015955425281,0.0292548109952556,0.00760538717525181,-0.0201962956171366,0.0145830423483826,0.00133274954091997,0.0152712224563077,0.0151320083345798,0.0153868172058588,0.01292313675973
-0.00556104741681647,0.00340576878400821,-0.00808240881261169,0.00781761235741765,0.00592080607941463,0.00619238813242087,0.0056385940524507,0.0062001772174724,0.00667320206872775,0.0066289926063268,0.00760031162378948,0.0058374820438112,0.00566883179758019,0.00760538717525181,0.00640341326153239,-0.00872419423787137,0.00306522765908837,-0.00331359718519887,0.010630539376071,0.0071907946476054,0.00738598638731608,0.00803693706542037
0.013746675797453,-0.00410769533722056,0.0164663084586345,-0.0131053759629459,-0.0117989193428894,-0.010642316433044,-0.011183061699514,-0.0106488553045138,-0.0169454274547046,-0.015523834712709,-0.0202077525405515,-0.0171576969426899,-0.0129797228037307,-0.0201962956171367,-0.00872419423787137,0.0247775590476785,-0.0225897589209035,-0.00376034881460683,-0.0209248646562594,-0.0101613345446451,-0.0127436811273515,-0.0180319017838545
-0.0351756741218699,-0.0202848757978834,-0.0167588778121929,0.00378472456617649,0.0113134151552613,0.00384922179737654,0.00297920481945265,0.00376881251317735,0.0125845312795134,0.00822566809937493,0.0146365332885782,0.014829585692169,0.00671912544266137,0.0145830423483826,0.00306522765908837,-0.0225897589209035,0.0766829164272229,-0.0111655911958398,0.0334049867771157,0.0054470092110349,0.0121044195960359,0.0248156156653203
-0.0192087268551081,-0.00349435927710459,-0.00734750675354585,-0.000854309762122711,0.00257370090167299,9.27672436422311e-05,0.00325313077358748,7.65287353816215e-05,4.71247964075101e-07,0.0020731074623365,0.00140721061036705,0.00417727448764819,0.00392853852270366,0.00133274954091997,-0.00331359718519887,-0.00376034881460683,-0.0111655911958398,0.0486456098657127,-0.00380878101486314,-0.016942999055096,-0.0128074755719114,0.00114993763392738
-0.0328474061648694,-0.00334300440257091,-0.0337835573000466,0.0169751107452536,0.0170311077632477,0.0118316798673302,0.0126202442027613,0.0118257335487744,0.0146367224011532,0.0140972468848006,0.0153282175719431,0.0157820007040226,0.0135220324919824,0.0152712224563077,0.010630539376071,-0.0209248646562594,0.0334049867771157,-0.00380878101486314,0.0455438579430002,0.0178191291043695,0.0152486000422386,0.0368358920775368
-0.00125922192915302,0.00779618308074739,-0.00299862062248921,0.0103449392869431,0.00558365049547017,0.00561265741100005,0.00640899326016754,0.00567901197237675,0.0138499383420533,0.0125742932185212,0.0150952429865976,0.0112555453983195,0.0101470753003745,0.0151320083345798,0.0071907946476054,-0.0101613345446451,0.00544700921103491,-0.016942999055096,0.0178191291043695,0.0343647453349842,0.0186628516881631,0.0179858166790637
-0.0100245046552194,0.00447000002572827,-0.0138417973138662,0.0101534242974996,0.00706945986708726,0.00806394517656491,0.00677980565071737,0.00807021058843736,0.0139456369663835,0.0130986908975955,0.0153125551504792,0.0129381580203263,0.0115352584387472,0.0153868172058588,0.00738598638731608,-0.0127436811273515,0.0121044195960359,-0.0128074755719114,0.0152486000422386,0.0186628516881631,0.0230778889265349,0.0115157888644184
-0.0245315674655328,-0.000492818950381683,-0.0261672711720745,0.0137066108553398,0.0132117762347846,0.00876894944882399,0.0107810768057977,0.00877877074553817,0.0123770076925042,0.0122104639646823,0.0129740340074884,0.0138795123772438,0.0117834556429741,0.01292313675973,0.00803693706542037,-0.0180319017838545,0.0248156156653203,0.00114993763392738,0.0368358920775368,0.0179858166790637,0.0115157888644184,0.0321609609987164
