0.0400580432632547,0.00244268836501819,0.00513694879837735,-0.000542940347337338,-0.00396274172719517,0.000835776951726266,-0.00109400254141227,0.0213501514729935
0.00244268836501819,0.0240188577212768,0.00313269425714135,-0.00136831965434275,0.00763056151152853,0.00412601034191782,0.00354954667901883,0.00873117194639862
0.00513694879837735,0.00313269425714135,0.0227805510679897,0.00490923356468714,0.00102434136316418,0.00350141794671998,-0.00172941999502886,0.00646160344156099
-0.000542940347337338,-0.00136831965434275,0.00490923356468714,0.0260195036526805,0.00844524092359196,0.00617471967633302,0.00364062133816313,-0.00459084851363971
-0.00396274172719517,0.00763056151152853,0.00102434136316418,0.00844524092359196,0.0221702426435808,0.00429069245484703,0.00858752941567999,-0.000314678477065012
0.000835776951726266,0.00412601034191782,0.00350141794671998,0.00617471967633302,0.00429069245484703,0.0129219136931591,0.000901804890086858,0.000359723525622193
-0.00109400254141227,0.00354954667901883,-0.00172941999502886,0.00364062133816313,0.00858752941567999,0.000901804890086858,0.017137886052091,0.00113380812186778
0.0213501514729935,0.00873117194639862,0.00646160344156099,-0.00459084851363971,-0.000314678477065012,0.000359723525622193,0.00113380812186778,0.0372407594806789
