8203.66663875031,57.5098916028366,309.938944051483,-873.150565809107,0,0,0,-1063.24174294584,246.355172035717,0,0,-564.468002752905,0,0,0,-2405.58288028178,-504.412383119128,0,0,0,168.266127566552,0,2248.72854992442,1179.93068763342,123.423841654631,722.286778163256,0,0,534.741557905453,0,0,-1063.94153205602,106.923303092051,649.751228562902,-2794.1880875483,0,1036.51315505608,123.982378938877,671.347254529449,0,-97.0056255378471,0,1034.02818240798,-496.415166551942,0,1303.32528857009,0,0,-125.193431635664,0,0,0,0,-1177.31244923369,815.68154897574,0,1377.70879194609,0,-205.507048427941,-51.1728964150617
57.5098916028366,3316.06588490465,83.6980322183409,-210.449348227641,0,0,0,-54.9027613423082,457.123998904957,0,0,272.392013970823,0,0,0,139.741468586273,-633.332104772433,0,0,0,722.299963151005,0,-1120.13682520978,-134.575611264947,-135.100621561337,-83.2712620944996,0,0,-86.9657811869254,0,0,-466.141191372345,-91.0595066460875,204.65939045406,-549.6945750967,0,184.185928470725,538.078457652121,-144.094137494378,0,-432.943549309042,0,-571.048034344511,-446.76859459092,0,-210.675452398883,0,0,-29.0102448869515,0,0,0,0,183.949965229464,-162.653296644654,0,-576.536439262067,0,-69.0592933519013,-218.947078574136
309.938944051483,83.6980322183409,3366.29215430209,197.094242447312,0,0,0,-303.688477007004,16.8697300147879,0,0,230.886962575187,0,0,0,-892.18186055241,-2362.37108875455,0,0,0,-737.145379859935,0,-120.427752023077,176.387022484881,-508.536626263962,1775.38984138291,0,0,739.539555264518,0,0,190.572104677368,188.009883340573,-849.149544358594,1274.24139288509,0,1364.31524863801,-377.68980901715,-366.751832833535,0,91.6988725523142,0,-297.946875829614,-454.891748185407,0,214.504679700542,0,0,444.753930256456,0,0,0,0,-371.355755247799,786.812028927399,0,793.750644943035,0,260.584019319646,-228.12006868942
-873.150565809107,-210.449348227641,197.094242447312,2210.60326265608,0,0,0,650.805132796274,-720.970309282342,0,0,-452.478800156734,0,0,0,1194.90957237035,188.002732665938,0,0,0,-1197.66570963618,0,-187.573541864113,-442.384323667847,-998.861043173133,965.251953761878,0,0,71.6952787302996,0,0,-121.13934001039,-864.266531906047,-164.338341816569,-156.61778036812,0,1374.45561210935,-191.961642734258,-273.01322361532,0,144.811611923396,0,-1067.30805302479,-48.0326037727217,0,171.871114206809,0,0,23.5187502539984,0,0,0,0,956.925006307724,-23.1780835802355,0,689.641008401825,0,53.72358168121,-13.6010836057107
0,0,0,0,0.010961764038065,0,0,0,0,0,0,0,0,0,0,0,0,0,0,0,0,0,0,0,0,0,0,0,0,0,0,0,0,0,0,0,0,0,0,0,0,0,0,0,0,0,0,0,0,0,0,0,0,0,0,0,0,0,0,0
0,0,0,0,0,0.0260335986034432,0,0,0,0,0,0,0,0,0,0,0,0,0,0,0,0,0,0,0,0,0,0,0,0,0,0,0,0,0,0,0,0,0,0,0,0,0,0,0,0,0,0,0,0,0,0,0,0,0,0,0,0,0,0
0,0,0,0,0,0,0.019571071322476,0,0,0,0,0,0,0,0,0,0,0,0,0,0,0,0,0,0,0,0,0,0,0,0,0,0,0,0,0,0,0,0,0,0,0,0,0,0,0,0,0,0,0,0,0,0,0,0,0,0,0,0,0
-1063.24174294584,-54.9027613423082,-303.688477007004,650.805132796274,0,0,0,7880.20703549084,1394.05651793176,0,0,-1595.42873623567,0,0,0,-594.649853910152,2370.99656231277,0,0,0,2133.5029100218,0,-125.956535408913,1435.19496015548,-1160.82070897437,983.849349228963,0,0,746.511271144717,0,0,1987.44047753197,-989.110565417897,-641.439427024024,449.454008636666,0,1843.09570906413,1287.87299435283,-651.32448742737,0,-697.618848471357,0,77.8755047215968,873.27852563838,0,440.774374523539,0,0,-276.963629272597,0,0,0,0,316.034706729973,-215.856711603754,0,1128.97011974714,0,460.826030817717,-132.502163711862
246.355172035717,457.123998904957,16.8697300147879,-720.970309282342,0,0,0,1394.05651793176,5821.17175738734,0,0,2056.52390902925,0,0,0,1705.04514557733,1094.69858204111,0,0,0,1173.22436761464,0,-1696.16535441735,64.8291327974406,66.0184021990602,1587.22181163884,0,0,441.905351520869,0,0,-37.3118525321278,833.649830223885,64.7896061631332,533.404977626448,0,942.275555382559,-1103.40937299386,-680.422261358943,0,-1433.5874988449,0,1236.29196347735,-421.542768157532,0,771.887584479081,0,0,-867.633828684757,0,0,0,0,1514.3505110068,168.795227597615,0,1182.82670093601,0,31.5418457719703,105.781698074799
0,0,0,0,0,0,0,0,0,0.043475627648866,0,0,0,0,0,0,0,0,0,0,0,0,0,0,0,0,0,0,0,0,0,0,0,0,0,0,0,0,0,0,0,0,0,0,0,0,0,0,0,0,0,0,0,0,0,0,0,0,0,0
0,0,0,0,0,0,0,0,0,0,0.0282262036392899,0,0,0,0,0,0,0,0,0,0,0,0,0,0,0,0,0,0,0,0,0,0,0,0,0,0,0,0,0,0,0,0,0,0,0,0,0,0,0,0,0,0,0,0,0,0,0,0,0
-564.468002752905,272.392013970823,230.886962575187,-452.478800156734,0,0,0,-1595.42873623567,2056.52390902925,0,0,9854.70762475225,0,0,0,-192.144080209963,471.795178973942,0,0,0,-253.933587723934,0,-2270.65510513359,-11.5766564008428,1759.76776031456,1462.3879470555,0,0,1023.25691330651,0,0,631.28137871892,1558.7430208736,-17.8426465549106,-764.323363821432,0,1411.17758126893,151.848455887523,-1241.72525623997,0,388.118749781279,0,135.835914212911,-564.969056525762,0,-625.907819313024,0,0,491.650293499834,0,0,0,0,1479.5892313385,183.184718304665,0,1141.42999260058,0,284.443071160443,-500.613576040575
0,0,0,0,0,0,0,0,0,0,0,0,0.0345300751417143,0,0,0,0,0,0,0,0,0,0,0,0,0,0,0,0,0,0,0,0,0,0,0,0,0,0,0,0,0,0,0,0,0,0,0,0,0,0,0,0,0,0,0,0,0,0,0
0,0,0,0,0,0,0,0,0,0,0,0,0,0.0200370829579872,0,0,0,0,0,0,0,0,0,0,0,0,0,0,0,0,0,0,0,0,0,0,0,0,0,0,0,0,0,0,0,0,0,0,0,0,0,0,0,0,0,0,0,0,0,0
0,0,0,0,0,0,0,0,0,0,0,0,0,0,0.0456313999498253,0,0,0,0,0,0,0,0,0,0,0,0,0,0,0,0,0,0,0,0,0,0,0,0,0,0,0,0,0,0,0,0,0,0,0,0,0,0,0,0,0,0,0,0,0
-2405.58288028178,139.741468586273,-892.18186055241,1194.90957237035,0,0,0,-594.649853910152,1705.04514557733,0,0,-192.144080209963,0,0,0,12798.0806102857,1678.12945484106,0,0,0,-623.763092149242,0,-1606.94731072832,-1048.4396817626,-1732.50728223484,2774.40289479901,0,0,-205.863589512936,0,0,455.72288060464,344.232609408494,-1056.28104448022,930.1486622547,0,-2413.2437135025,-124.767093345742,-681.124255150395,0,-318.124008248517,0,-32.5019045778551,106.578869442346,0,-958.526667658343,0,0,249.147780560551,0,0,0,0,2498.7803530846,-753.58280430262,0,1059.78355495976,0,479.83820945949,-228.671710378737
-504.412383119128,-633.332104772433,-2362.37108875455,188.002732665938,0,0,0,2370.99656231277,1094.69858204111,0,0,471.795178973942,0,0,0,1678.12945484106,20598.8374137603,0,0,0,147.975545369196,0,3081.9388428028,371.156618611417,2940.37083181006,-183.475845501784,0,0,430.440226575461,0,0,583.895582524889,-1723.93871323921,2077.97353367699,4942.42579271495,0,-1176.20470350524,-3231.17539778577,950.411613767254,0,-1052.89107320022,0,554.113736846954,2044.85238787397,0,-86.7784127298297,0,0,-998.445756368734,0,0,0,0,1109.8804721308,-471.918302114409,0,-1374.95369333353,0,612.421428651811,-291.298743748391
0,0,0,0,0,0,0,0,0,0,0,0,0,0,0,0,0,0.0604237655727368,0,0,0,0,0,0,0,0,0,0,0,0,0,0,0,0,0,0,0,0,0,0,0,0,0,0,0,0,0,0,0,0,0,0,0,0,0,0,0,0,0,0
0,0,0,0,0,0,0,0,0,0,0,0,0,0,0,0,0,0,0.0740433483048094,0,0,0,0,0,0,0,0,0,0,0,0,0,0,0,0,0,0,0,0,0,0,0,0,0,0,0,0,0,0,0,0,0,0,0,0,0,0,0,0,0
0,0,0,0,0,0,0,0,0,0,0,0,0,0,0,0,0,0,0,0.0720234746062809,0,0,0,0,0,0,0,0,0,0,0,0,0,0,0,0,0,0,0,0,0,0,0,0,0,0,0,0,0,0,0,0,0,0,0,0,0,0,0,0
168.266127566552,722.299963151005,-737.145379859935,-1197.66570963618,0,0,0,2133.5029100218,1173.22436761464,0,0,-253.933587723934,0,0,0,-623.763092149242,147.975545369196,0,0,0,17703.0694946118,0,1441.94188009353,-822.992822710265,1528.276381281,-1087.0196901188,0,0,-2027.29774267279,0,0,677.134864312199,551.177933777255,1516.58075640624,2621.45288467428,0,-900.659855383542,1925.25663544082,36.2062536490845,0,-496.8065330616,0,-623.828671927212,-419.198230458815,0,-261.459105072202,0,0,2250.03327631593,0,0,0,0,523.90466229197,170.989382929447,0,1011.76150463975,0,762.18673988239,-986.638466497232
0,0,0,0,0,0,0,0,0,0,0,0,0,0,0,0,0,0,0,0,0,0.0544426022572212,0,0,0,0,0,0,0,0,0,0,0,0,0,0,0,0,0,0,0,0,0,0,0,0,0,0,0,0,0,0,0,0,0,0,0,0,0,0
2248.72854992442,-1120.13682520978,-120.427752023077,-187.573541864113,0,0,0,-125.956535408913,-1696.16535441735,0,0,-2270.65510513359,0,0,0,-1606.94731072832,3081.9388428028,0,0,0,1441.94188009353,0,14724.6812285175,1901.34713530903,-938.441950870966,-4038.66746120727,0,0,-1320.9699206258,0,0,-421.442770079257,-766.165321722225,-1640.54026630255,503.657489309396,0,1058.63295668976,487.577969339838,158.914635704276,0,690.276503217248,0,1176.51516861746,131.124609498268,0,549.776348986098,0,0,602.181915132794,0,0,0,0,-1296.58112443029,-316.200256899159,0,-115.000320496411,0,244.029520296801,299.103260623385
1179.93068763342,-134.575611264947,176.387022484881,-442.384323667847,0,0,0,1435.19496015548,64.8291327974406,0,0,-11.5766564008428,0,0,0,-1048.4396817626,371.156618611417,0,0,0,-822.992822710265,0,1901.34713530903,14555.6192080894,-1707.12859179544,1364.54464066025,0,0,2135.52803712024,0,0,2241.05975991716,409.821662926511,-3116.38993626831,402.173854131602,0,379.0742139534,-785.519864819584,701.283869154391,0,171.018980932342,0,2246.06393406358,645.087585416056,0,-439.479024657538,0,0,-1154.00165965685,0,0,0,0,-746.220767698669,-1536.2574447579,0,-79.0016754381533,0,-140.822480368234,775.370525474062
123.423841654631,-135.100621561337,-508.536626263962,-998.861043173133,0,0,0,-1160.82070897437,66.0184021990602,0,0,1759.76776031456,0,0,0,-1732.50728223484,2940.37083181006,0,0,0,1528.276381281,0,-938.441950870966,-1707.12859179544,14750.3635732985,-171.883928412706,0,0,-183.040518043737,0,0,-985.184315422563,1623.10846270233,1142.78397116841,-380.655472171198,0,-1192.03521863147,-792.21131455021,196.815481388362,0,-3088.82665033953,0,1270.20619919985,2247.04104135004,0,27.271079961485,0,0,-608.265137977477,0,0,0,0,1543.81502255286,1263.17523793502,0,-645.68613669049,0,213.395559692152,1029.78285808339
722.286778163256,-83.2712620944996,1775.38984138291,965.251953761878,0,0,0,983.849349228963,1587.22181163884,0,0,1462.3879470555,0,0,0,2774.40289479901,-183.475845501784,0,0,0,-1087.0196901188,0,-4038.66746120727,1364.54464066025,-171.883928412706,17342.0748754374,0,0,1740.24628773799,0,0,1548.21621167053,1145.59651412877,-1717.21341259403,-2732.8530348347,0,-667.425516274501,-1571.74804499819,118.401664234021,0,-1034.30365844946,0,-2035.24190004605,143.464402840119,0,652.876971958301,0,0,-1012.36807016118,0,0,0,0,1091.28318515125,548.38784531754,0,2292.28611799489,0,-472.017585427277,-737.168273251276
0,0,0,0,0,0,0,0,0,0,0,0,0,0,0,0,0,0,0,0,0,0,0,0,0,0,0.0510937931555555,0,0,0,0,0,0,0,0,0,0,0,0,0,0,0,0,0,0,0,0,0,0,0,0,0,0,0,0,0,0,0,0,0
0,0,0,0,0,0,0,0,0,0,0,0,0,0,0,0,0,0,0,0,0,0,0,0,0,0,0,0.0476276849963717,0,0,0,0,0,0,0,0,0,0,0,0,0,0,0,0,0,0,0,0,0,0,0,0,0,0,0,0,0,0,0,0
534.741557905453,-86.9657811869254,739.539555264518,71.6952787302996,0,0,0,746.511271144717,441.905351520869,0,0,1023.25691330651,0,0,0,-205.863589512936,430.440226575461,0,0,0,-2027.29774267279,0,-1320.9699206258,2135.52803712024,-183.040518043737,1740.24628773799,0,0,9819.7301343646,0,0,-1397.17567849593,-136.344617605393,-1924.37240053172,1692.09911866062,0,221.696104508284,-128.264416911324,538.066570032513,0,-320.747606009588,0,-1057.75543549894,104.586172443804,0,1216.09387472987,0,0,-2648.38217268124,0,0,0,0,808.256712166697,65.6946475560543,0,-93.1682730824701,0,1070.7277422936,-162.565966256714
0,0,0,0,0,0,0,0,0,0,0,0,0,0,0,0,0,0,0,0,0,0,0,0,0,0,0,0,0,0.0530095105380217,0,0,0,0,0,0,0,0,0,0,0,0,0,0,0,0,0,0,0,0,0,0,0,0,0,0,0,0,0,0
0,0,0,0,0,0,0,0,0,0,0,0,0,0,0,0,0,0,0,0,0,0,0,0,0,0,0,0,0,0,0.0541357825374568,0,0,0,0,0,0,0,0,0,0,0,0,0,0,0,0,0,0,0,0,0,0,0,0,0,0,0,0,0
-1063.94153205602,-466.141191372345,190.572104677368,-121.13934001039,0,0,0,1987.44047753197,-37.3118525321278,0,0,631.28137871892,0,0,0,455.72288060464,583.895582524889,0,0,0,677.134864312199,0,-421.442770079257,2241.05975991716,-985.184315422563,1548.21621167053,0,0,-1397.17567849593,0,0,11940.8175218117,187.03408151039,-3559.90771355753,-274.084125270946,0,-438.199008125931,1284.65568376838,1609.36443708401,0,-1643.9364887665,0,111.465059829716,376.512247059123,0,874.287466257942,0,0,1653.71368164931,0,0,0,0,-1377.76987410085,333.83671747736,0,-990.267660556509,0,-168.534985314597,-18.4167689830321
106.923303092051,-91.0595066460875,188.009883340573,-864.266531906047,0,0,0,-989.110565417897,833.649830223885,0,0,1558.7430208736,0,0,0,344.232609408494,-1723.93871323921,0,0,0,551.177933777255,0,-766.165321722225,409.821662926511,1623.10846270233,1145.59651412877,0,0,-136.344617605393,0,0,187.03408151039,10550.4949355005,414.435538979687,-889.641006040737,0,-1763.08790961895,-1756.48721655452,-296.839710804959,0,588.214256120735,0,-674.555143086065,1002.66647319676,0,-329.733326076228,0,0,510.465079062899,0,0,0,0,-622.187539537567,-607.641965734279,0,381.118732088467,0,-95.1938532541185,252.455882700239
649.751228562902,204.65939045406,-849.149544358594,-164.338341816569,0,0,0,-641.439427024024,64.7896061631332,0,0,-17.8426465549106,0,0,0,-1056.28104448022,2077.97353367699,0,0,0,1516.58075640624,0,-1640.54026630255,-3116.38993626831,1142.78397116841,-1717.21341259403,0,0,-1924.37240053172,0,0,-3559.90771355753,414.435538979687,14624.4091543545,408.460378995368,0,-1183.54438906723,-786.521020885932,201.302131426313,0,2334.30405609961,0,-214.672139100688,122.220224013131,0,-1847.35969829136,0,0,1587.06337569916,0,0,0,0,-746.218512090324,455.872973939675,0,1613.11838102294,0,-137.238467095514,780.097912221187
-2794.1880875483,-549.6945750967,1274.24139288509,-156.61778036812,0,0,0,449.454008636666,533.404977626448,0,0,-764.323363821432,0,0,0,930.1486622547,4942.42579271495,0,0,0,2621.45288467428,0,503.657489309396,402.173854131602,-380.655472171198,-2732.8530348347,0,0,1692.09911866062,0,0,-274.084125270946,-889.641006040737,408.460378995368,17524.4832069994,0,529.707659999058,-3664.34946494528,267.807840792361,0,1395.18356187314,0,-137.459587983487,708.593074613447,0,-543.129443333418,0,0,416.444493751015,0,0,0,0,-842.202118974233,1356.53936304981,0,-675.899714044259,0,598.319238231237,-249.753178860885
0,0,0,0,0,0,0,0,0,0,0,0,0,0,0,0,0,0,0,0,0,0,0,0,0,0,0,0,0,0,0,0,0,0,0,0.0742592727930062,0,0,0,0,0,0,0,0,0,0,0,0,0,0,0,0,0,0,0,0,0,0,0,0
1036.51315505608,184.185928470725,1364.31524863802,1374.45561210935,0,0,0,1843.09570906413,942.275555382559,0,0,1411.17758126893,0,0,0,-2413.2437135025,-1176.20470350524,0,0,0,-900.659855383542,0,1058.63295668976,379.0742139534,-1192.03521863147,-667.425516274501,0,0,221.696104508284,0,0,-438.199008125931,-1763.08790961895,-1183.54438906723,529.707659999058,0,17583.0726640851,-550.197706258951,-265.179360838984,0,987.270658487925,0,-405.519520272375,-129.930893234403,0,541.656038069615,0,0,1403.4436437555,0,0,0,0,2106.09959335474,2164.50447721891,0,674.425357000444,0,-594.722564374873,-24.2857713525863
123.982378938877,538.078457652121,-377.68980901715,-191.961642734258,0,0,0,1287.87299435283,-1103.40937299386,0,0,151.848455887523,0,0,0,-124.767093345742,-3231.17539778577,0,0,0,1925.25663544082,0,487.577969339838,-785.519864819584,-792.21131455021,-1571.74804499819,0,0,-128.264416911324,0,0,1284.65568376838,-1756.48721655452,-786.521020885932,-3664.34946494528,0,-550.197706258951,11956.3891262817,104.763946947085,0,609.425089668108,0,535.611414588074,122.003452989281,0,117.560727015664,0,0,2626.15961505145,0,0,0,0,388.425532951528,-263.43396762006,0,-134.860054906439,0,568.518605311568,-1277.8874733182
671.347254529449,-144.094137494378,-366.751832833535,-273.01322361532,0,0,0,-651.32448742737,-680.422261358943,0,0,-1241.72525623997,0,0,0,-681.124255150395,950.411613767254,0,0,0,36.2062536490845,0,158.914635704276,701.28386915439,196.815481388362,118.401664234021,0,0,538.066570032513,0,0,1609.36443708401,-296.839710804959,201.302131426313,267.807840792361,0,-265.179360838984,104.763946947085,7375.80464995006,0,-504.05433562717,0,504.323613830922,1038.75406782622,0,-682.953889459144,0,0,435.635002793046,0,0,0,0,-686.77179447809,-1175.40461588646,0,-340.929319325168,0,1111.44268447008,-200.321839620924
0,0,0,0,0,0,0,0,0,0,0,0,0,0,0,0,0,0,0,0,0,0,0,0,0,0,0,0,0,0,0,0,0,0,0,0,0,0,0,0.0388661589736441,0,0,0,0,0,0,0,0,0,0,0,0,0,0,0,0,0,0,0,0
-97.0056255378471,-432.943549309042,91.6988725523142,144.811611923396,0,0,0,-697.618848471357,-1433.5874988449,0,0,388.118749781279,0,0,0,-318.124008248517,-1052.89107320022,0,0,0,-496.8065330616,0,690.276503217247,171.018980932342,-3088.82665033953,-1034.30365844946,0,0,-320.747606009588,0,0,-1643.9364887665,588.214256120735,2334.30405609961,1395.18356187314,0,987.270658487925,609.425089668108,-504.05433562717,0,8553.29548913519,0,-901.27435723729,-1306.08287866883,0,-1135.74510378855,0,0,1217.98066525612,0,0,0,0,-751.915072934745,548.524067647899,0,-347.368153390115,0,-1266.77493375746,-38.459062289675
0,0,0,0,0,0,0,0,0,0,0,0,0,0,0,0,0,0,0,0,0,0,0,0,0,0,0,0,0,0,0,0,0,0,0,0,0,0,0,0,0,0.0349904647041338,0,0,0,0,0,0,0,0,0,0,0,0,0,0,0,0,0,0
1034.02818240798,-571.048034344511,-297.946875829614,-1067.30805302479,0,0,0,77.8755047215968,1236.29196347735,0,0,135.835914212911,0,0,0,-32.5019045778551,554.113736846954,0,0,0,-623.828671927212,0,1176.51516861746,2246.06393406358,1270.20619919985,-2035.24190004605,0,0,-1057.75543549894,0,0,111.465059829716,-674.555143086065,-214.672139100688,-137.459587983487,0,-405.519520272375,535.611414588074,504.323613830922,0,-901.27435723729,0,6892.29576422786,661.414262915982,0,1357.97273362489,0,0,-563.500705150602,0,0,0,0,-640.143195680109,-284.642568155672,0,13.0679026868687,0,-106.067345740986,340.637290571526
-496.415166551942,-446.76859459092,-454.891748185407,-48.0326037727217,0,0,0,873.27852563838,-421.542768157532,0,0,-564.969056525762,0,0,0,106.578869442346,2044.85238787397,0,0,0,-419.198230458815,0,131.124609498268,645.087585416057,2247.04104135004,143.464402840119,0,0,104.586172443804,0,0,376.512247059123,1002.66647319676,122.220224013131,708.593074613447,0,-129.930893234403,122.003452989281,1038.75406782622,0,-1306.08287866883,0,661.414262915982,8190.96305728417,0,-443.937271271526,0,0,-119.010891350891,0,0,0,0,105.001692223146,-77.2950276645033,0,113.164773899938,0,1386.13376574474,-232.719108182263
0,0,0,0,0,0,0,0,0,0,0,0,0,0,0,0,0,0,0,0,0,0,0,0,0,0,0,0,0,0,0,0,0,0,0,0,0,0,0,0,0,0,0,0,0.0521618666137381,0,0,0,0,0,0,0,0,0,0,0,0,0,0,0
1303.32528857009,-210.675452398883,214.504679700542,171.871114206809,0,0,0,440.774374523539,771.887584479081,0,0,-625.907819313024,0,0,0,-958.526667658343,-86.7784127298297,0,0,0,-261.459105072202,0,549.776348986098,-439.479024657538,27.271079961485,652.876971958301,0,0,1216.09387472987,0,0,874.287466257942,-329.733326076228,-1847.35969829136,-543.129443333418,0,541.656038069615,117.560727015664,-682.953889459144,0,-1135.74510378855,0,1357.97273362489,-443.937271271525,0,6362.52937655232,0,0,470.448900522678,0,0,0,0,64.1308614214227,427.665829985899,0,144.183427457563,0,718.989479493311,99.9800044856331
0,0,0,0,0,0,0,0,0,0,0,0,0,0,0,0,0,0,0,0,0,0,0,0,0,0,0,0,0,0,0,0,0,0,0,0,0,0,0,0,0,0,0,0,0,0,0.0213264061108817,0,0,0,0,0,0,0,0,0,0,0,0,0
0,0,0,0,0,0,0,0,0,0,0,0,0,0,0,0,0,0,0,0,0,0,0,0,0,0,0,0,0,0,0,0,0,0,0,0,0,0,0,0,0,0,0,0,0,0,0,0.0437419099700584,0,0,0,0,0,0,0,0,0,0,0,0
-125.193431635664,-29.0102448869515,444.753930256456,23.5187502539984,0,0,0,-276.963629272597,-867.633828684757,0,0,491.650293499834,0,0,0,249.147780560551,-998.445756368734,0,0,0,2250.03327631593,0,602.181915132794,-1154.00165965685,-608.265137977477,-1012.36807016118,0,0,-2648.38217268124,0,0,1653.71368164931,510.465079062899,1587.06337569916,416.444493751015,0,1403.4436437555,2626.15961505145,435.635002793046,0,1217.98066525612,0,-563.500705150602,-119.010891350891,0,470.448900522678,0,0,8456.70444849027,0,0,0,0,-2171.09996286319,460.402836318005,0,659.360146494055,0,-30.4670918779525,-671.709529371176
0,0,0,0,0,0,0,0,0,0,0,0,0,0,0,0,0,0,0,0,0,0,0,0,0,0,0,0,0,0,0,0,0,0,0,0,0,0,0,0,0,0,0,0,0,0,0,0,0,0.0245030890813044,0,0,0,0,0,0,0,0,0,0
0,0,0,0,0,0,0,0,0,0,0,0,0,0,0,0,0,0,0,0,0,0,0,0,0,0,0,0,0,0,0,0,0,0,0,0,0,0,0,0,0,0,0,0,0,0,0,0,0,0,0.00479095760668371,0,0,0,0,0,0,0,0,0
0,0,0,0,0,0,0,0,0,0,0,0,0,0,0,0,0,0,0,0,0,0,0,0,0,0,0,0,0,0,0,0,0,0,0,0,0,0,0,0,0,0,0,0,0,0,0,0,0,0,0,0.0152595369564573,0,0,0,0,0,0,0,0
0,0,0,0,0,0,0,0,0,0,0,0,0,0,0,0,0,0,0,0,0,0,0,0,0,0,0,0,0,0,0,0,0,0,0,0,0,0,0,0,0,0,0,0,0,0,0,0,0,0,0,0,0.0219040210973019,0,0,0,0,0,0,0
-1177.31244923369,183.949965229464,-371.355755247799,956.925006307723,0,0,0,316.034706729973,1514.3505110068,0,0,1479.5892313385,0,0,0,2498.7803530846,1109.8804721308,0,0,0,523.90466229197,0,-1296.58112443029,-746.220767698669,1543.81502255286,1091.28318515125,0,0,808.256712166697,0,0,-1377.76987410085,-622.187539537567,-746.218512090324,-842.202118974233,0,2106.09959335474,388.425532951528,-686.77179447809,0,-751.915072934745,0,-640.143195680109,105.001692223146,0,64.1308614214227,0,0,-2171.09996286319,0,0,0,0,9528.30435767952,-576.93493872544,0,365.882864044595,0,1052.9707223316,42.2608071109447
815.68154897574,-162.653296644654,786.812028927399,-23.1780835802355,0,0,0,-215.856711603754,168.795227597615,0,0,183.184718304665,0,0,0,-753.58280430262,-471.918302114409,0,0,0,170.989382929447,0,-316.200256899159,-1536.2574447579,1263.17523793502,548.38784531754,0,0,65.6946475560543,0,0,333.83671747736,-607.641965734279,455.872973939675,1356.53936304981,0,2164.50447721891,-263.43396762006,-1175.40461588646,0,548.524067647899,0,-284.642568155672,-77.2950276645033,0,427.665829985899,0,0,460.402836318005,0,0,0,0,-576.93493872544,4652.3367075916,0,100.931443436147,0,-171.491529618851,233.377180541499
0,0,0,0,0,0,0,0,0,0,0,0,0,0,0,0,0,0,0,0,0,0,0,0,0,0,0,0,0,0,0,0,0,0,0,0,0,0,0,0,0,0,0,0,0,0,0,0,0,0,0,0,0,0,0,0.0094770906250727,0,0,0,0
1377.70879194609,-576.536439262067,793.750644943035,689.641008401825,0,0,0,1128.97011974714,1182.82670093601,0,0,1141.42999260058,0,0,0,1059.78355495976,-1374.95369333353,0,0,0,1011.76150463975,0,-115.000320496411,-79.0016754381533,-645.68613669049,2292.28611799489,0,0,-93.1682730824701,0,0,-990.267660556509,381.118732088467,1613.11838102294,-675.899714044259,0,674.425357000444,-134.860054906439,-340.929319325168,0,-347.368153390115,0,13.0679026868687,113.164773899938,0,144.183427457563,0,0,659.360146494055,0,0,0,0,365.882864044595,100.931443436147,0,9319.57756015898,0,809.307060227085,-332.458557078297
0,0,0,0,0,0,0,0,0,0,0,0,0,0,0,0,0,0,0,0,0,0,0,0,0,0,0,0,0,0,0,0,0,0,0,0,0,0,0,0,0,0,0,0,0,0,0,0,0,0,0,0,0,0,0,0,0,0.0173376114876306,0,0
-205.507048427941,-69.0592933519013,260.584019319646,53.72358168121,0,0,0,460.826030817717,31.5418457719703,0,0,284.443071160443,0,0,0,479.83820945949,612.421428651811,0,0,0,762.18673988239,0,244.029520296801,-140.822480368233,213.395559692152,-472.017585427277,0,0,1070.7277422936,0,0,-168.534985314597,-95.1938532541185,-137.238467095514,598.319238231237,0,-594.722564374873,568.518605311568,1111.44268447008,0,-1266.77493375746,0,-106.067345740986,1386.13376574474,0,718.989479493311,0,0,-30.4670918779525,0,0,0,0,1052.9707223316,-171.491529618851,0,809.307060227084,0,3663.45346856993,-229.402369550578
-51.1728964150617,-218.947078574136,-228.12006868942,-13.6010836057107,0,0,0,-132.502163711862,105.781698074799,0,0,-500.613576040575,0,0,0,-228.671710378737,-291.298743748391,0,0,0,-986.638466497232,0,299.103260623385,775.370525474062,1029.78285808339,-737.168273251276,0,0,-162.565966256714,0,0,-18.4167689830321,252.455882700239,780.097912221187,-249.753178860885,0,-24.2857713525863,-1277.8874733182,-200.321839620924,0,-38.459062289675,0,340.637290571526,-232.719108182263,0,99.9800044856331,0,0,-671.709529371176,0,0,0,0,42.2608071109447,233.377180541499,0,-332.458557078297,0,-229.402369550578,1786.21153372235
