0.0663202066357426,0.0268717761602521,0.043595996533891,-0.00487319003915169,-0.0135730347780708,-0.00284636365822628,-0.00487358239254696,-0.00284635098557314,-0.00351785310896664,-0.0028762852266507,-0.00356685293983637,-0.00298409352633467,-0.00271377326738405,-0.00356641521531726,0.000531476065577066,-0.000161402732825048,-0.0238816744187447,-0.0365420675716287,-0.0205289939869761,-0.0120710926186313,0.00842540302960686,-0.0179316740959611
0.0268717761602521,0.0254449577045716,0.013082503278422,0.00280576518614711,-0.0024230154069068,0.00251519403829782,0.00241828783578945,0.00251158622656789,0.00149664989966464,0.00328713888967468,0.000914795867784288,0.00107235333252664,0.0012135423199002,0.000915480760472889,0.00433151609826578,-0.00306568637357842,-0.0122746937742133,-0.0145010768831288,-0.00388515995623031,-0.00219700478096521,0.00610209847108767,-0.00339555741067331
0.043595996533891,0.013082503278422,0.0774327746215303,-0.00724388153132633,-0.0116440577404069,-0.00530544012295457,-0.0055500239102233,-0.00530472340372647,-0.00878992140737805,-0.00677781584136322,-0.0104134657438663,-0.00699061354116559,-0.00577549497651184,-0.0104098017935924,-0.00532919610650598,0.0103801251840882,-0.0290154552536993,-0.0116429763013013,-0.0228490430368958,-0.0135275247498064,-0.00378699521005643,-0.0188059588144642
-0.00487319003915169,0.00280576518614711,-0.00724388153132633,0.0107906503601618,0.00903755889542287,0.0094634988172793,0.0110343979888603,0.00945942451955071,0.0115251566111513,0.0112718457614951,0.0121119418800794,0.0111802599670216,0.00893851814366363,0.0121108452584567,0.00534817295160186,-0.0123774291350917,0.00800814538586783,0.00712833104732624,0.014153930210659,0.0085847655541088,0.00795784634328964,0.0138185338767755
-0.0135730347780708,-0.00242301540690681,-0.0116440577404069,0.00903755889542287,0.00965690388384754,0.00771871330765867,0.00933643495211435,0.00771572672014916,0.00906492331439736,0.00876691929166274,0.00964404112459612,0.00888161263068672,0.00672808143547646,0.00964346136083372,0.00384400891837044,-0.00962296201583356,0.0101560736380695,0.0103854267087395,0.0139539533311896,0.00833619194489108,0.00447826907136339,0.0135384994293793
-0.00284636365822628,0.00251519403829782,-0.00530544012295457,0.0094634988172793,0.00771871330765867,0.00857364881642712,0.00967608788152125,0.00856995607609615,0.0102515574888721,0.00999511760182384,0.0108553382898539,0.00987469947715691,0.00794153949652686,0.0108541941337878,0.00473613567413649,-0.0111147648759609,0.00692051796704212,0.00552461208017351,0.0118295109074491,0.00664065018668405,0.00717813465888645,0.0114559716761538
-0.00487358239254697,0.00241828783578945,-0.0055500239102233,0.0110343979888603,0.00933643495211435,0.00967608788152125,0.0118594072608074,0.00967255698243261,0.0126914932484868,0.0122434257586717,0.0132863184192957,0.012810894757364,0.00977820998133059,0.0132851994684223,0.00514759329907381,-0.0130767676138952,0.00767502106918605,0.00927189997793922,0.0151788502608817,0.00896582207808232,0.00800006458025165,0.0153845579134742
-0.00284635098557314,0.00251158622656789,-0.00530472340372647,0.00945942451955071,0.00771572672014915,0.00856995607609615,0.00967255698243261,0.00856628295521108,0.0102493279890968,0.00999243354050413,0.0108536661272407,0.00987319119013241,0.00793942994984038,0.0108525213308041,0.00473370734827804,-0.0111133713359776,0.0069204338534629,0.00552372547535393,0.0118240539581991,0.0066397779293557,0.00717327403545376,0.0114511015865668
-0.00351785310896664,0.00149664989966464,-0.00878992140737805,0.0115251566111513,0.00906492331439736,0.0102515574888721,0.0126914932484868,0.0102493279890968,0.0264050426650059,0.0235567478032209,0.0295839296337669,0.025577784328628,0.0185235686877052,0.0295797459823275,0.00667412493809639,-0.0213754750028155,0.0162139415961667,0.00932899515349819,0.0186638006993776,0.0155119792651906,0.014095071030341,0.018178168202676
-0.0028762852266507,0.00328713888967468,-0.00677781584136322,0.0112718457614951,0.00876691929166274,0.00999511760182384,0.0122434257586717,0.00999243354050413,0.0235567478032209,0.0215566538648104,0.0261478351604061,0.0227740481499801,0.0166734614201075,0.0261444707183022,0.00664138314542298,-0.0192449532832335,0.0132990965906647,0.00882456093970535,0.0168281575527955,0.0137454886370512,0.0128244953066374,0.016485148092888
-0.00356685293983637,0.000914795867784288,-0.0104134657438663,0.0121119418800794,0.00964404112459612,0.0108553382898539,0.0132863184192957,0.0108536661272407,0.0295839296337669,0.0261478351604061,0.0339502546308285,0.0283436506078305,0.0199601967770683,0.0339450992348813,0.00710801485083218,-0.0237355150228086,0.0175121091206876,0.010058495100306,0.0192271600584091,0.0165222943983077,0.0146549385709388,0.01856129815545
-0.00298409352633467,0.00107235333252664,-0.00699061354116559,0.0111802599670216,0.00888161263068672,0.00987469947715691,0.012810894757364,0.00987319119013241,0.025577784328628,0.0227740481499801,0.0283436506078305,0.0255984962942617,0.0180076313543082,0.0283397652350319,0.00630173999194096,-0.0209849689545908,0.0146642457916267,0.010319047046069,0.0188150651510682,0.0152938964500543,0.0139457104249052,0.0187879796416451
-0.00271377326738405,0.0012135423199002,-0.00577549497651184,0.00893851814366363,0.00672808143547646,0.00794153949652686,0.00977820998133059,0.00793942994984038,0.0185235686877052,0.0166734614201075,0.0199601967770683,0.0180076313543082,0.0141333161584371,0.0199577692088017,0.00517952610992009,-0.0153993137192568,0.0131286481123835,0.00675839637388072,0.0148685180793601,0.0120004384827937,0.0114349527250605,0.0146284762470966
-0.00356641521531726,0.000915480760472889,-0.0104098017935924,0.0121108452584567,0.00964346136083372,0.0108541941337878,0.0132851994684223,0.0108525213308041,0.0295797459823275,0.0261444707183022,0.0339450992348813,0.0283397652350319,0.0199577692088017,0.0339399472780473,0.0071070562524155,-0.0237322139149216,0.017509267190309,0.0100570885293088,0.0192257054195804,0.0165199651581652,0.0146533276240219,0.0185601827136718
0.000531476065577066,0.00433151609826578,-0.00532919610650598,0.00534817295160186,0.00384400891837044,0.00473613567413649,0.00514759329907381,0.00473370734827804,0.00667412493809639,0.00664138314542298,0.00710801485083218,0.00630173999194096,0.00517952610992009,0.0071070562524155,0.00543195843693983,-0.00938712322736698,0.00759715766681495,-0.000723120928200495,0.0064814788676235,0.0060107217980828,0.00767418581955536,0.00597829194846208
-0.000161402732825048,-0.00306568637357842,0.0103801251840882,-0.0123774291350917,-0.00962296201583356,-0.0111147648759609,-0.0130767676138952,-0.0111133713359776,-0.0213754750028155,-0.0192449532832335,-0.0237355150228086,-0.0209849689545908,-0.0153993137192568,-0.0237322139149216,-0.00938712322736698,0.0292956270464949,-0.0241963743878053,-0.00239501928990991,-0.0195347864928276,-0.0173754123406099,-0.0178907298451203,-0.0190232867913068
-0.0238816744187447,-0.0122746937742133,-0.0290154552536993,0.00800814538586783,0.0101560736380695,0.00692051796704212,0.00767502106918605,0.0069204338534629,0.0162139415961667,0.0132990965906647,0.0175121091206876,0.0146642457916267,0.0131286481123835,0.017509267190309,0.00759715766681495,-0.0241963743878053,0.055395637204577,-0.000434894608442957,0.0251832369552759,0.0248997737102531,0.0127362308346406,0.0210177697772586
-0.0365420675716287,-0.0145010768831288,-0.0116429763013013,0.00712833104732624,0.0103854267087395,0.00552461208017351,0.00927189997793922,0.00552372547535393,0.00932899515349819,0.00882456093970535,0.010058495100306,0.010319047046069,0.00675839637388072,0.0100570885293088,-0.000723120928200495,-0.00239501928990991,-0.000434894608442957,0.0555448543383297,0.0152871040483432,0.0103783675677073,-0.000671115221315105,0.018647433273805
-0.0205289939869761,-0.00388515995623031,-0.0228490430368958,0.014153930210659,0.0139539533311896,0.0118295109074491,0.0151788502608817,0.0118240539581991,0.0186638006993776,0.0168281575527955,0.0192271600584091,0.0188150651510682,0.0148685180793601,0.0192257054195804,0.0064814788676235,-0.0195347864928276,0.0251832369552759,0.0152871040483432,0.0360561170678516,0.0231134210101154,0.0165832089590116,0.0325805086703959
-0.0120710926186313,-0.00219700478096521,-0.0135275247498064,0.0085847655541088,0.00833619194489107,0.00664065018668405,0.00896582207808232,0.0066397779293557,0.0155119792651906,0.0137454886370512,0.0165222943983077,0.0152938964500543,0.0120004384827937,0.0165199651581652,0.0060107217980828,-0.0173754123406099,0.0248997737102531,0.0103783675677074,0.0231134210101154,0.0381358094828907,0.0188124528475705,0.022553756136326
0.00842540302960686,0.00610209847108767,-0.00378699521005643,0.00795784634328964,0.00447826907136339,0.00717813465888645,0.00800006458025165,0.00717327403545376,0.014095071030341,0.0128244953066374,0.0146549385709388,0.0139457104249052,0.0114349527250605,0.0146533276240219,0.00767418581955536,-0.0178907298451203,0.0127362308346406,-0.000671115221315105,0.0165832089590116,0.0188124528475705,0.0287473225334053,0.0155881771396885
-0.0179316740959611,-0.00339555741067331,-0.0188059588144642,0.0138185338767755,0.0135384994293793,0.0114559716761538,0.0153845579134742,0.0114511015865668,0.018178168202676,0.016485148092888,0.01856129815545,0.0187879796416451,0.0146284762470966,0.0185601827136718,0.00597829194846208,-0.0190232867913068,0.0210177697772586,0.018647433273805,0.0325805086703959,0.022553756136326,0.0155881771396885,0.0325910465590991
