0.0005513234422774,-0.000771118626934595,-0.000934348601223053,-0.00121409465439471,0.00226586750171318,0.000512933025629467,0.00111038040546749,0.00146308198455614,-8.7221551334953e-05,-0.000314792980193289
-0.000771118626934595,0.125878189201585,0.0672490971295301,0.063413927481849,0.0367552035559772,0.040837659617281,0.0954420933470946,0.063704414391679,0.110190745995052,0.0383612767154035
-0.000934348601223053,0.0672490971295301,0.0972378565524541,0.0950113733525673,0.0635437244817191,0.0567877142177438,0.122976598361292,0.0707888367320516,0.0992093124957258,0.0334652873628641
-0.00121409465439471,0.063413927481849,0.0950113733525672,0.0948753946957547,0.0615156420842891,0.053292528337953,0.119519309688982,0.0663933259476989,0.0988823055326683,0.0260258806659052
0.00226586750171318,0.0367552035559772,0.0635437244817191,0.0615156420842891,0.087364417813721,0.0405775202686666,0.102433961956565,0.0409543001974398,0.057362544861179,0.0187347746778231
0.000512933025629467,0.040837659617281,0.0567877142177438,0.053292528337953,0.0405775202686666,0.0508608695495186,0.0753481283092421,0.0464328306257901,0.0635306489731119,0.0238259552474263
0.00111038040546749,0.0954420933470946,0.122976598361292,0.119519309688982,0.102433961956565,0.0753481283092421,0.179892420829966,0.104332572744068,0.134634363194519,0.0398679580200536
0.00146308198455614,0.063704414391679,0.0707888367320516,0.0663933259476989,0.0409543001974398,0.0464328306257901,0.104332572744068,0.0863046674585955,0.0908673402613212,0.0303158768970036
-8.7221551334953e-05,0.110190745995052,0.0992093124957258,0.0988823055326683,0.057362544861179,0.0635306489731119,0.134634363194519,0.0908673402613212,0.157698352508046,0.0268699490050614
-0.000314792980193289,0.0383612767154035,0.0334652873628641,0.0260258806659052,0.0187347746778231,0.0238259552474263,0.0398679580200536,0.0303158768970036,0.0268699490050614,0.0382877242792625
