0.044292948837546,0.00753988758508962,0.0151543059458247,0.00229159832446663,-0.0010650207325925,8.93355469722821e-05,-0.00486650618872487,0.0293304741979777
0.00753988758508962,0.0272773655397809,-0.0127004838388907,0.0172383607100435,0.00378207035060616,-0.00706340556654712,0.00114010703262445,0.00470112302461093
0.0151543059458247,-0.0127004838388907,0.0453314903036219,0.00711425964066656,0.00369468100104565,0.00631977790485725,0.0061369833959603,0.0192916098611366
0.00229159832446663,0.0172383607100435,0.00711425964066656,0.0308995347736547,0.0116867329295599,0.00401077133184596,0.00821754313236508,0.00208166767260727
-0.0010650207325925,0.00378207035060616,0.00369468100104565,0.0116867329295599,0.0115238206740332,0.00304196013763947,0.00215327793364662,-0.00134591417801134
8.93355469722821e-05,-0.00706340556654712,0.00631977790485725,0.00401077133184596,0.00304196013763947,0.0111308856852742,-0.000179500553930051,0.00488292250170085
-0.00486650618872487,0.00114010703262445,0.0061369833959603,0.00821754313236508,0.00215327793364662,-0.000179500553930051,0.0226503464918515,-0.00803371010390943
0.0293304741979777,0.00470112302461093,0.0192916098611366,0.00208166767260727,-0.00134591417801134,0.00488292250170085,-0.00803371010390943,0.0362146694046956
