0.043606865171739,-0.000945061512540445,0.0101839316271483,-0.00728872606208908,-0.00288448793119969,-0.00701927365723532,0.00102718409696825,0.0136342148689585
-0.000945061512540445,0.0154383941627708,-7.38435462198517e-05,-0.00139120786219745,0.00501136228063745,0.00543463642729713,-0.00277569891780626,0.0155397770485246
0.0101839316271483,-7.38435462198517e-05,0.0176719827668392,0.0136566624788737,-0.00368218060417715,0.00359194207564257,-0.00149424331406287,0.00100483752238292
-0.00728872606208908,-0.00139120786219745,0.0136566624788737,0.0229391881390835,0.00350841635901507,0.00383634422520817,0.00294586121484018,-0.000220658248442593
-0.00288448793119969,0.00501136228063745,-0.00368218060417716,0.00350841635901507,0.0128809992293429,-0.0030298596834695,0.00377433951189483,0.0129328931084943
-0.00701927365723532,0.00543463642729713,0.00359194207564257,0.00383634422520817,-0.0030298596834695,0.0085442138333577,0.000752342999332866,0.00013811917559653
0.00102718409696825,-0.00277569891780626,-0.00149424331406287,0.00294586121484018,0.00377433951189483,0.000752342999332866,0.0236917856477455,0.0106713777257181
0.0136342148689585,0.0155397770485246,0.00100483752238292,-0.000220658248442593,0.0129328931084943,0.00013811917559653,0.0106713777257181,0.03350802470776
