0.180707937338688,-0.0125363310947963,0.0258166474036242,0.00220735825354184,0.0177289690792102,0.00113356941987177,0.00558983184534306,-0.0103344263186305,-0.0213833150247503,0.00458867564728058,0.00528355311146999,0.00788837583339001,-0.00800913635902401,0.00929645815488216,-0.00925606899033276,-0.0207274922705139,0.0211663769929707,0.0161537512579254,-0.00573147886240208,-0.0152380136546191,0.0267728686678921,-0.0104030612521863,-0.00310381286387765,-0.0127892272245534
-0.0125363310947963,0.030039103225425,-0.0062969686762644,0.0153402975565238,0.00192440636883813,0.0043747190041816,0.000345162390500063,0.00508200542405243,0.0239882429109869,-0.00070525623271625,0.00125002404627112,-0.00315074971759511,0.00254247732472388,0.022444333547456,-0.00547244939602317,-0.0129591596150223,0.0145796905935163,-0.00343650912062081,0.00364929134827186,-0.000373821196630731,-0.00670748855139613,0.000383770346011641,-0.0190008584145702,0.0115380235573505
0.0258166474036242,-0.0062969686762644,0.0767365248545448,-0.00286385249012534,-0.0103200797883596,0.0197323229001414,-0.00152147347636103,0.0100020711098137,0.000818622235074966,0.00921907057281541,0.00370997370169506,0.0225509294449524,0.00190878653283846,-0.00258670475999384,0.0019564272021632,-0.0111953370219609,0.0085275888817879,-0.00107005292054806,0.00195907193850916,-0.00942677413741839,0.000127726907739156,-0.00843469176323494,0.00419685627524272,-0.0054140214677944
0.00220735825354184,0.0153402975565238,-0.00286385249012534,0.0190933130913492,0.00583055175575014,0.00219232756029648,-0.000713072271566983,0.00600784911044854,0.018740099214503,0.00207984190307208,0.00192366657955216,-0.000390080972745827,0.00107707718402777,0.0171567975841014,-0.00369288171735523,-0.0037252102563617,0.0199721149733655,-1.62451663126854e-06,0.00301115895114029,0.00216172431599702,-0.0112092148679582,-0.000902965910160969,-0.0101016535531605,-0.0040877525011143
0.0177289690792102,0.00192440636883813,-0.0103200797883596,0.00583055175575014,0.161526829252376,0.0138573989413122,0.00485573347680055,0.0134290174440344,0.0134031815576169,0.00571851072844078,-0.00883097591948148,-0.004618892136435,0.0159326663986506,0.0114809390233427,-0.00902461078002989,0.0101898213067216,0.0119407305898435,0.016283668519438,-0.00501952032054276,-0.0163975096067666,0.00985814165644275,-0.00349591988575196,-0.0255916193798567,0.0295414472924423
0.00113356941987177,0.0043747190041816,0.0197323229001414,0.00219232756029648,0.0138573989413122,0.0924433117871137,0.0100871714554641,0.0128481546721505,0.00852546964910437,0.0110973280079445,-0.00908347525973874,0.00275484972695849,0.00236258976719181,0.00351015860103278,0.0014784491283182,-0.0134184312856963,0.0131206591019312,-0.00589190029957179,0.00461362248540112,-0.0128369353397392,-0.0082144283913068,-0.0107404582006152,0.00353797980633767,0.0229103160750925
0.00558983184534306,0.000345162390500063,-0.00152147347636103,-0.000713072271566983,0.00485573347680055,0.0100871714554641,0.0555126233295816,-0.00627964583648138,-0.0142734586252869,0.00365589572750481,0.000686252666157379,0.00169663004322602,0.00384424159622846,-0.00224825447129076,0.00347338799554071,-0.0010449033177611,-0.000587890900193311,-0.00338450860624651,-0.00027030188555155,0.0011023574360124,0.00248379624052286,-0.0002224127442775,0.00347183382477211,0.00594077816012728
-0.0103344263186305,0.00508200542405243,0.0100020711098137,0.00600784911044855,0.0134290174440344,0.0128481546721505,-0.00627964583648138,0.132755704267764,0.0393639757659639,0.0182665791156813,-0.00150720750269953,0.00250277614117257,0.00513091068088568,0.0136675592246849,-0.00536256624108755,-0.0147104356893528,0.0140140095494434,0.00393536870663508,0.00268984778819589,0.0149459387423379,-0.0526549613815481,-0.00790935238066848,-0.0136580545560616,0.0214821574079824
-0.0213833150247503,0.0239882429109869,0.000818622235074966,0.018740099214503,0.0134031815576169,0.00852546964910437,-0.0142734586252869,0.0393639757659639,0.132489093740435,0.00768618058958283,0.00321342833389011,-0.00255572285320208,-0.0154957570383939,0.0442467972080614,-0.00993782939592117,-0.000495832929956539,0.0271302259398197,0.00204282971777545,0.0074819651330752,-0.00180650469770256,-0.060702896955683,-0.00280368611731989,-0.0322413390029397,0.0059366700671112
0.00458867564728058,-0.00070525623271625,0.00921907057281541,0.00207984190307208,0.00571851072844078,0.0110973280079445,0.00365589572750481,0.0182665791156813,0.00768618058958283,0.0404568318042352,0.00142944068396351,0.000929954958396164,0.0111170361244255,0.0157178870194174,0.000237322463248929,0.00829755242007201,0.0148610426383663,-0.00460766257021527,0.00206342104104814,-0.0182987009111599,-0.0034806976139855,-0.00140534177933622,0.00106850369485091,-0.00919052701877085
0.00528355311146999,0.00125002404627112,0.00370997370169506,0.00192366657955216,-0.00883097591948148,-0.00908347525973874,0.000686252666157379,-0.00150720750269953,0.00321342833389011,0.00142944068396351,0.100621317591467,-0.00897433166240303,-0.00137725510954922,-0.00798185724440464,-0.0011204294298018,-0.0199985235764142,0.00601021899228236,0.006934416897521,0.00586964648990535,0.0111681957653103,-0.0182338957927041,0.00273483142324021,-0.00511204466734888,-0.0085794328473761
0.00788837583339001,-0.00315074971759512,0.0225509294449524,-0.000390080972745827,-0.004618892136435,0.00275484972695849,0.00169663004322602,0.00250277614117257,-0.00255572285320208,0.000929954958396164,-0.00897433166240303,0.0374148692828244,0.00979131754869582,0.00983981417557459,0.00157120394389708,-0.00115296050156758,2.34762276629971e-05,0.00571479231368766,0.000249826507629566,-0.00430500394697501,0.00987025087901096,0.0013360963010051,-0.00507661856421827,0.00661142230837559
-0.00800913635902401,0.00254247732472388,0.00190878653283846,0.00107707718402777,0.0159326663986506,0.00236258976719181,0.00384424159622846,0.00513091068088568,-0.0154957570383939,0.0111170361244255,-0.00137725510954922,0.00979131754869582,0.114653370563096,0.010087059075684,0.001221752631931,0.00536560473799436,0.00883580783901587,0.00291124585623123,-0.00506557598357859,-0.0150788141861268,0.004065908584885,0.00121172530762486,0.0067887501739228,-0.00218271315940947
0.00929645815488216,0.022444333547456,-0.00258670475999384,0.0171567975841014,0.0114809390233427,0.00351015860103278,-0.00224825447129076,0.0136675592246849,0.0442467972080614,0.0157178870194174,-0.00798185724440464,0.00983981417557459,0.010087059075684,0.237351682793131,-0.0176433361419004,-0.0160304589994591,0.0038061729090009,-0.00135550858473822,0.0031896644886393,-0.00240917808451192,-0.00824179033905281,-0.00367049829619283,-0.0599508223352295,-0.00519187663429168
-0.00925606899033276,-0.00547244939602317,0.0019564272021632,-0.00369288171735523,-0.00902461078002989,0.0014784491283182,0.00347338799554071,-0.00536256624108755,-0.00993782939592117,0.000237322463248929,-0.0011204294298018,0.00157120394389708,0.001221752631931,-0.0176433361419004,0.0357184096675598,0.020221766064116,-0.00425151802558941,0.00241040613756477,-0.00207697392195866,0.00634652991804073,6.66249173543835e-05,0.000515145586839496,0.0167193053456429,-0.00939959933396813
-0.0207274922705139,-0.0129591596150223,-0.0111953370219609,-0.0037252102563617,0.0101898213067216,-0.0134184312856963,-0.0010449033177611,-0.0147104356893528,-0.000495832929956539,0.00829755242007201,-0.0199985235764142,-0.00115296050156758,0.00536560473799436,-0.0160304589994591,0.020221766064116,0.173704382647853,-0.0302963713589059,0.00245776335329567,-0.00142868886257458,-0.0042557742340244,-0.000815885765225688,0.00254836086028406,0.00435363974494924,-0.00749046026303207
0.0211663769929707,0.0145796905935163,0.0085275888817879,0.0199721149733655,0.0119407305898435,0.0131206591019312,-0.000587890900193311,0.0140140095494434,0.0271302259398197,0.0148610426383663,0.00601021899228236,2.34762276629971e-05,0.00883580783901588,0.0038061729090009,-0.00425151802558941,-0.0302963713589059,0.121182416562823,9.21711337626977e-05,-0.00380756154563588,-0.0110344995383761,-0.0217789884524938,-0.00259339490082892,-0.0196116560085382,-0.00548894556672665
0.0161537512579254,-0.00343650912062081,-0.00107005292054806,-1.62451663126854e-06,0.016283668519438,-0.00589190029957179,-0.00338450860624651,0.00393536870663508,0.00204282971777545,-0.00460766257021527,0.006934416897521,0.00571479231368766,0.00291124585623123,-0.00135550858473822,0.00241040613756477,0.00245776335329567,9.21711337626977e-05,0.0590325346097534,-0.027929515468851,-0.0128946598945567,0.012580143237115,0.00155237748754675,-0.00457736986456333,-0.00705496043491575
-0.00573147886240208,0.00364929134827186,0.00195907193850916,0.00301115895114029,-0.00501952032054276,0.00461362248540112,-0.00027030188555155,0.00268984778819589,0.0074819651330752,0.00206342104104814,0.00586964648990535,0.000249826507629566,-0.00506557598357859,0.0031896644886393,-0.00207697392195866,-0.00142868886257458,-0.00380756154563588,-0.027929515468851,0.0324294888742112,0.00912601741334184,-0.0132286565385871,-0.000633678936780738,-0.00475128176930631,0.0093743821163636
-0.0152380136546191,-0.000373821196630731,-0.00942677413741839,0.00216172431599702,-0.0163975096067666,-0.0128369353397392,0.0011023574360124,0.0149459387423379,-0.00180650469770256,-0.0182987009111599,0.0111681957653103,-0.00430500394697501,-0.0150788141861268,-0.00240917808451192,0.00634652991804073,-0.0042557742340244,-0.0110344995383761,-0.0128946598945567,0.00912601741334184,0.159744779687605,-0.137200381521498,-0.000534230315802438,-0.0011235109570594,0.00809097057080649
0.0267728686678921,-0.00670748855139613,0.000127726907739156,-0.0112092148679582,0.00985814165644275,-0.0082144283913068,0.00248379624052286,-0.0526549613815481,-0.060702896955683,-0.0034806976139855,-0.0182338957927041,0.00987025087901096,0.004065908584885,-0.00824179033905281,6.66249173543835e-05,-0.000815885765225688,-0.0217789884524938,0.012580143237115,-0.0132286565385871,-0.137200381521498,0.210376614686444,0.00429122559261266,0.019515138244083,0.000583644842538803
-0.0104030612521863,0.000383770346011642,-0.00843469176323494,-0.000902965910160969,-0.00349591988575196,-0.0107404582006152,-0.0002224127442775,-0.00790935238066848,-0.00280368611731989,-0.00140534177933622,0.00273483142324021,0.0013360963010051,0.00121172530762486,-0.00367049829619283,0.000515145586839496,0.00254836086028406,-0.00259339490082891,0.00155237748754675,-0.000633678936780738,-0.000534230315802438,0.00429122559261266,0.0201236993316564,-0.0045413313748079,-0.0135231478960352
-0.00310381286387765,-0.0190008584145702,0.00419685627524272,-0.0101016535531605,-0.0255916193798567,0.00353797980633767,0.00347183382477211,-0.0136580545560616,-0.0322413390029397,0.00106850369485091,-0.00511204466734888,-0.00507661856421827,0.0067887501739228,-0.0599508223352295,0.0167193053456429,0.00435363974494924,-0.0196116560085382,-0.00457736986456333,-0.00475128176930631,-0.0011235109570594,0.019515138244083,-0.0045413313748079,0.160555583327692,-0.122675678892376
-0.0127892272245534,0.0115380235573505,-0.0054140214677944,-0.0040877525011143,0.0295414472924423,0.0229103160750925,0.00594077816012728,0.0214821574079824,0.0059366700671112,-0.00919052701877085,-0.0085794328473761,0.00661142230837559,-0.00218271315940947,-0.00519187663429168,-0.00939959933396813,-0.00749046026303207,-0.00548894556672665,-0.00705496043491575,0.0093743821163636,0.00809097057080649,0.000583644842538803,-0.0135231478960352,-0.122675678892376,0.229300941120724
