0.0585945197414956,0.0297971528232186,0.0408944286533118,-0.0104138651302906,-0.012500059153712,-0.00573941325251314,-0.00904797355444967,-0.00700377198576899,0.00129128565906149,-0.00100336406446219,-0.0022240152042412,-0.00108444705805751,0.00192605251990995,-0.0014525271048275,0.00103788012717428,-0.00389887748196489,-0.00689456589034726,-0.0302751237984919,-0.023029832665554,-0.00624893280135725,0.0100893602166915,-0.0242277459356489
0.0297971528232186,0.0201294512880877,0.0225718367774533,-0.00723179699165487,-0.0062647331685648,-0.00330322591182921,-0.00501183135829517,-0.00385349548164093,0.00484822865468771,0.00185072052617212,0.00219264790788123,0.00380768580524773,0.00505736866674271,0.00300896152160346,0.00102082927552801,-0.0107227201363847,0.00419581222051408,-0.0158759864933316,-0.0044200567962672,-0.00799705263392388,0.00947038081948409,-0.00784138513704723
0.0408944286533118,0.0225718367774533,0.078057102302856,-0.0164247343760902,-0.0153177303180646,-0.0113006972409591,-0.0144335400972001,-0.0106661899715135,-0.010867663510619,-0.0107746860167183,-0.0110620663178457,-0.00563045439988963,-0.00538250762745181,-0.00354119379315299,-0.00750201765645036,-0.0016837396781873,-0.0388990058092777,-0.0147191554126826,-0.0189743891027002,-0.0432259975182746,-0.00268204409338953,-0.0168734024996992
-0.0104138651302906,-0.00723179699165487,-0.0164247343760902,0.0377084097105885,0.018409849935039,0.0348080358307921,0.0290942642582138,0.0345696862301888,0.0312167429498889,0.0277328194217625,0.0317127912829127,0.0265907117010449,0.0260882093489244,0.0315666663469549,0.00868341577292068,-0.0312170540089811,0.014880896652502,0.00335030516905676,0.0257887222429158,0.0117520528136071,0.0184106834369402,0.0296607979558097
-0.012500059153712,-0.0062647331685648,-0.0153177303180646,0.018409849935039,0.0121199750083854,0.0163248130779048,0.0147748212519179,0.0159259130621003,0.0158884775849405,0.0141585327320656,0.0162522916240683,0.0128274050134434,0.0151756021549425,0.0152945009694409,0.00601102539681179,-0.0177921341852075,0.0160165237863273,0.0107114532173458,0.0181001443839931,0.00734512363284985,0.0104740817022086,0.016641554197009
-0.00573941325251314,-0.00330322591182922,-0.0113006972409591,0.0348080358307921,0.0163248130779048,0.0330833874136908,0.0271441613953607,0.032887149973797,0.0305528613409741,0.0266036883518459,0.0305831410248946,0.0261552553453222,0.0252595950867744,0.0311056524540028,0.00803712804480121,-0.0320375888625989,0.015123192985498,-0.00158880229487465,0.0244360028657793,0.00888622136071701,0.0189130400831945,0.0280803640370522
-0.00904797355444967,-0.00501183135829517,-0.0144335400972001,0.0290942642582138,0.0147748212519179,0.0271441613953607,0.0228227491646125,0.0269166529845836,0.0251499809612346,0.0220799678949308,0.0253299240782083,0.0212878504327494,0.0210913575496385,0.0251454647398024,0.00716217163312856,-0.0259947262660684,0.0152668129191613,0.00235401517906929,0.0219142190937763,0.00933064501518664,0.0154205639962016,0.0241366150594657
-0.00700377198576899,-0.00385349548164093,-0.0106661899715135,0.0345696862301888,0.0159259130621003,0.032887149973797,0.0269166529845836,0.0328624261259856,0.0299595238172568,0.0260956211029967,0.0301336416730238,0.0260714829548688,0.0243695212011575,0.0310705707174852,0.00738258710488159,-0.0313464053830127,0.0132396399049173,-0.00184293304937619,0.0244230438996154,0.00782861112059879,0.0180037303324364,0.0287336704357484
0.00129128565906149,0.00484822865468771,-0.010867663510619,0.0312167429498889,0.0158884775849405,0.0305528613409741,0.0251499809612346,0.0299595238172568,0.0411047721906336,0.0340550899398804,0.0400243073357357,0.0360269684566141,0.0339441080646905,0.0370491223338614,0.0106176386821542,-0.0422724842893542,0.0264230032078106,0.00416791609652351,0.0324359068318321,0.00942424514021548,0.0238434887130184,0.0296867797185295
-0.00100336406446219,0.00185072052617212,-0.0107746860167183,0.0277328194217625,0.0141585327320656,0.0266036883518459,0.0220799678949308,0.0260956211029967,0.0340550899398804,0.0286226278770443,0.0334344355243899,0.029742645394109,0.0281897212952658,0.0305580905841045,0.00893536089583515,-0.0340665386592576,0.0206448960326864,0.0048564598443322,0.0268483182763846,0.00883118235691258,0.0192229176706036,0.0251939427215515
-0.0022240152042412,0.00219264790788123,-0.0110620663178457,0.0317127912829127,0.0162522916240683,0.0305831410248946,0.0253299240782083,0.0301336416730238,0.0400243073357357,0.0334344355243899,0.0395609607684658,0.0353840995972874,0.0328110397680372,0.036885432723503,0.0100724678684101,-0.0404307624918254,0.0238936860457902,0.00672798509462487,0.0325705874722222,0.00926069307586666,0.0212241505630719,0.0304262625360662
-0.00108444705805751,0.00380768580524773,-0.00563045439988963,0.0265907117010449,0.0128274050134434,0.0261552553453222,0.0212878504327494,0.0260714829548688,0.0360269684566141,0.029742645394109,0.0353840995972874,0.0331106821246755,0.0290073422938643,0.0332435178887144,0.00770826713338959,-0.0369291953698744,0.0174132288202612,0.00472928778463292,0.0295664750460675,0.00371478471096185,0.0191568379690338,0.0282071264729967
0.00192605251990995,0.00505736866674271,-0.00538250762745181,0.0260882093489244,0.0151756021549425,0.0252595950867744,0.0210913575496385,0.0243695212011575,0.0339441080646905,0.0281897212952659,0.0328110397680372,0.0290073422938643,0.0318740677989334,0.0304221170866359,0.0103008336418861,-0.0398815326384198,0.0243848816754849,0.0101358871398007,0.0294916357913304,0.00385435888762211,0.0232151623247828,0.0241310620672698
-0.0014525271048275,0.00300896152160346,-0.00354119379315299,0.0315666663469549,0.0152945009694409,0.0311056524540028,0.0251454647398024,0.0310705707174852,0.0370491223338614,0.0305580905841045,0.036885432723503,0.0332435178887144,0.0304221170866359,0.0389347729680554,0.0088800119557416,-0.0414523089938662,0.0208632194057368,0.00316563844820595,0.0313545498571921,0.00486242903519153,0.0215287437658929,0.0313041831865183
0.00103788012717428,0.00102082927552801,-0.00750201765645036,0.00868341577292069,0.00601102539681179,0.00803712804480122,0.00716217163312856,0.00738258710488159,0.0106176386821542,0.00893536089583515,0.0100724678684101,0.00770826713338959,0.0103008336418861,0.0088800119557416,0.00488608852936359,-0.0118295458305599,0.0141788634560893,0.00368508268362421,0.00843705226365842,0.00668236377290231,0.00901921545500117,0.00576493731799155
-0.00389887748196489,-0.0107227201363847,-0.0016837396781873,-0.0312170540089811,-0.0177921341852075,-0.0320375888625989,-0.0259947262660684,-0.0313464053830127,-0.0422724842893542,-0.0340665386592576,-0.0404307624918254,-0.0369291953698744,-0.0398815326384198,-0.0414523089938662,-0.0118295458305599,0.0558312789548153,-0.0320897548284319,-0.0065682712008529,-0.0396636458069358,0.00273912993895604,-0.0319055713421141,-0.0334973835983132
-0.00689456589034726,0.00419581222051408,-0.0388990058092777,0.014880896652502,0.0160165237863273,0.015123192985498,0.0152668129191613,0.0132396399049173,0.0264230032078106,0.0206448960326864,0.0238936860457902,0.0174132288202612,0.0243848816754849,0.0208632194057368,0.0141788634560893,-0.0320897548284319,0.0633581519703235,0.00657147563126708,0.0286631481357775,0.0251448007148841,0.0254114177754607,0.0168787472357001
-0.0302751237984919,-0.0158759864933316,-0.0147191554126826,0.00335030516905676,0.0107114532173458,-0.00158880229487465,0.00235401517906929,-0.00184293304937619,0.00416791609652351,0.0048564598443322,0.00672798509462487,0.00472928778463292,0.0101358871398007,0.00316563844820595,0.00368508268362421,-0.0065682712008529,0.00657147563126708,0.0486033985398767,0.0203513702315078,-0.0012157125115471,-0.00258420642655178,0.0107682639401553
-0.023029832665554,-0.0044200567962672,-0.0189743891027002,0.0257887222429158,0.0181001443839931,0.0244360028657793,0.0219142190937763,0.0244230438996154,0.0324359068318321,0.0268483182763846,0.0325705874722222,0.0295664750460675,0.0294916357913304,0.0313545498571921,0.00843705226365842,-0.0396636458069358,0.0286631481357775,0.0203513702315078,0.0409800062812139,0.00225734707668118,0.0177098874049753,0.0353140881399139
-0.00624893280135726,-0.00799705263392388,-0.0432259975182746,0.0117520528136071,0.00734512363284985,0.00888622136071701,0.00933064501518664,0.00782861112059879,0.00942424514021548,0.00883118235691258,0.00926069307586666,0.00371478471096185,0.00385435888762211,0.00486242903519153,0.00668236377290231,0.00273912993895604,0.0251448007148841,-0.0012157125115471,0.00225734707668118,0.0368655518158428,0.00214693206802833,0.00192580193853085
0.0100893602166915,0.00947038081948409,-0.00268204409338953,0.0184106834369402,0.0104740817022086,0.0189130400831945,0.0154205639962016,0.0180037303324364,0.0238434887130184,0.0192229176706036,0.0212241505630719,0.0191568379690338,0.0232151623247828,0.0215287437658929,0.00901921545500117,-0.0319055713421141,0.0254114177754607,-0.00258420642655178,0.0177098874049753,0.00214693206802833,0.0282819148972915,0.0147791630111699
-0.0242277459356489,-0.00784138513704723,-0.0168734024996992,0.0296607979558097,0.016641554197009,0.0280803640370522,0.0241366150594657,0.0287336704357484,0.0296867797185295,0.0251939427215515,0.0304262625360662,0.0282071264729967,0.0241310620672698,0.0313041831865183,0.00576493731799155,-0.0334973835983132,0.0168787472357001,0.0107682639401553,0.0353140881399139,0.00192580193853085,0.0147791630111699,0.0365575190520002
