0.0471423539592386,0.00839327475984778,0.00134819812212478,-0.00610378504085771,-0.0193727083984884,0.00525820103021623,-0.00401849422268778,0.0191478854622515
0.00839327475984778,0.0228111085980915,0.0110376422006256,-0.000819071317501815,-0.000598028961060871,0.000165837411167503,0.00711743652482837,0.00327624972845144
0.00134819812212478,0.0110376422006256,0.0266385373170563,0.00219665066430613,0.0118520750673528,0.0115659731707832,0.0266006147549132,0.00196290691254061
-0.00610378504085771,-0.000819071317501815,0.00219665066430613,0.0326222092206794,0.00734962850292204,0.0129005666620146,0.00776354741953254,-0.0164973739741219
-0.0193727083984884,-0.000598028961060871,0.0118520750673528,0.00734962850292204,0.0184438955517037,0.00745906662862236,0.0179023609685322,-0.00811519207820735
0.00525820103021623,0.000165837411167503,0.0115659731707832,0.0129005666620146,0.00745906662862236,0.015976407534339,0.0163391533415637,-0.00176242570314977
-0.00401849422268778,0.00711743652482837,0.0266006147549132,0.00776354741953254,0.0179023609685322,0.0163391533415637,0.0308633972108046,-0.00157510686783487
0.0191478854622515,0.00327624972845144,0.00196290691254061,-0.0164973739741219,-0.00811519207820735,-0.00176242570314977,-0.00157510686783487,0.0155489258684928
