0.0453039394945321,0.0134117402795619,0.0219667730615405,-0.00340258353908853,-0.00958911251604479,-0.00180387842716052,-0.0028731046703153,-0.00180733187685334,0.000991045316001986,0.000205366597148314,0.00173696832848601,0.00209421028980555,-0.000294753929841601,0.00173647114964808,0.000625370575040109,-0.00290430826284342,-0.0169712189313904,-0.0162746134200998,-0.0149501069934238,-0.00497534519280218,0.0108812560311588,-0.0117011198212645
0.0134117402795619,0.0390909452528659,-0.00297396339044311,0.00435698633955739,0.00130146348282485,0.00397546606156017,0.00358508321642626,0.00397499723065475,0.000110024036011586,0.00109212869683508,0.000904369741289762,-0.000468263128980347,-0.00127763472385393,0.000903994720799822,0.00810474301752992,-0.00151329968452012,-0.00642448643867193,-0.0207217392312126,-0.00216420309127684,-0.00316937491787656,0.00480143374298278,-0.000197972537638033
0.0219667730615405,-0.00297396339044311,0.0457258060171389,-0.0080428791230487,-0.00975378478990749,-0.00649254716478294,-0.00677956071919228,-0.00648906958229692,-0.00672871031700136,-0.00629079596733695,-0.00783780292880776,-0.00488680156614699,-0.0045976568890243,-0.00783651558273076,-0.00661897108233328,0.0122975910898262,-0.0241926078456359,0.00337375914421747,-0.0149705430090697,-0.00542223532190167,0.00296877098185502,-0.0130293655420974
-0.00340258353908853,0.00435698633955739,-0.0080428791230487,0.0194600051297316,0.0186832369798865,0.0181958275384493,0.0171781646284233,0.0181900178416837,0.0155650809853204,0.0141745597775536,0.0184281376515291,0.0119611334912908,0.00954857649456652,0.0184266763783874,0.0157037628651824,-0.0160726750760728,0.0116995349967307,-0.00367724574452119,0.0174143751411461,0.00305456404307049,0.00710340430157991,0.0165115779048981
-0.00958911251604479,0.00130146348282485,-0.00975378478990749,0.0186832369798865,0.0192673185185484,0.017274774780901,0.0165245921514179,0.0172693509779021,0.0142595382723504,0.0131504517416437,0.0167242225219989,0.0107861833491825,0.00892025572391383,0.0167228710906942,0.0142498722968811,-0.0141152052734768,0.0128058929226232,-0.000446482329577378,0.0187087791798884,0.0033081850852467,0.00517156039969231,0.0174004064269522
-0.00180387842716052,0.00397546606156017,-0.00649254716478294,0.0181958275384493,0.017274774780901,0.0173499767356047,0.0160183388557358,0.0173445843648964,0.0148455499583656,0.0134224946704672,0.0176859523855507,0.0113548148823359,0.00890330420682067,0.0176844601444319,0.0149615699545971,-0.0152659019088507,0.0103558778465461,-0.00446584671521695,0.0152669649888538,0.00139265519264528,0.00695841322935968,0.014396810899504
-0.0028731046703153,0.00358508321642626,-0.00677956071919228,0.0171781646284233,0.0165245921514179,0.0160183388557358,0.0158870397440727,0.0160131606158091,0.0147135918808,0.0134144903644515,0.0172985935281067,0.0121251526136885,0.00937185710539838,0.0172972214665873,0.0135535565113738,-0.0152707833647704,0.0111189402598554,-0.00157244188049108,0.0160270968990504,0.00292888597477787,0.00617493965701893,0.016144436830864
-0.00180733187685334,0.00397499723065475,-0.00648906958229692,0.0181900178416837,0.0172693509779021,0.0173445843648964,0.0160131606158091,0.0173392114324958,0.0148394334664257,0.0134166070435494,0.0176793562718377,0.0113494638790459,0.00889855583711311,0.017677863985539,0.0149578526116525,-0.0152587956580911,0.0103465836455204,-0.00446662585853729,0.0152611612613803,0.00138668902161815,0.00695178709314808,0.0143909537860672
0.000991045316001986,0.000110024036011586,-0.00672871031700136,0.0155650809853204,0.0142595382723504,0.0148455499583656,0.0147135918808,0.0148394334664257,0.0288740257200959,0.024690906380053,0.0342999515335144,0.0254838429618966,0.018056561771495,0.0342951193749414,0.0137350963905322,-0.024940266441238,0.0201766606462832,-0.0016814315655513,0.0167754469909876,0.00963688997815582,0.0125053884130765,0.0168606961381454
0.000205366597148314,0.00109212869683508,-0.00629079596733695,0.0141745597775536,0.0131504517416437,0.0134224946704672,0.0134144903644515,0.0134166070435494,0.024690906380053,0.0214616295267183,0.0292297203304583,0.0218224237315595,0.0155466207960893,0.0292258837012852,0.012410810403049,-0.021518048832382,0.0170072410042334,-0.00115313995142529,0.0150384937955045,0.0077400293123755,0.011098747323513,0.0152441596695245
0.00173696832848601,0.000904369741289762,-0.00783780292880776,0.0184281376515291,0.0167242225219989,0.0176859523855507,0.0172985935281067,0.0176793562718377,0.0342999515335144,0.0292297203304583,0.0414100767708432,0.0300710301986774,0.0207352967249189,0.0414039972396124,0.0164438795294692,-0.0297177394493993,0.0231782670205418,-0.00179160237419234,0.018644299216266,0.00979114391127259,0.0133374097471601,0.0187385474617942
0.00209421028980555,-0.000468263128980347,-0.00488680156614699,0.0119611334912908,0.0107861833491825,0.0113548148823359,0.0121251526136885,0.0113494638790459,0.0254838429618966,0.0218224237315595,0.0300710301986774,0.023607571381382,0.0164424367034353,0.0300667068625108,0.0106469957473748,-0.0221741284336057,0.0172564549191077,0.000243135103003852,0.0138928358885499,0.00878490511832523,0.0112722162662141,0.015002297809007
-0.000294753929841601,-0.00127763472385393,-0.0045976568890243,0.00954857649456652,0.00892025572391383,0.00890330420682067,0.00937185710539839,0.00889855583711311,0.018056561771495,0.0155466207960893,0.0207352967249189,0.0164424367034353,0.0122515644813666,0.0207325564293521,0.00813106754701709,-0.0156896916154326,0.0139906156952,-0.000371065910274759,0.0119450711010425,0.00801049958764194,0.00898696278564104,0.0123253398023628
0.00173647114964808,0.000903994720799822,-0.00783651558273075,0.0184266763783874,0.0167228710906942,0.0176844601444319,0.0172972214665873,0.017677863985539,0.0342951193749414,0.0292258837012852,0.0414039972396124,0.0300667068625108,0.0207325564293521,0.0413979211883432,0.016442571649014,-0.0297138920813179,0.0231744819202855,-0.00179030670956154,0.0186429424014114,0.00978867102814458,0.0133372054702376,0.0187375300216493
0.000625370575040109,0.00810474301752992,-0.00661897108233328,0.0157037628651824,0.0142498722968811,0.0149615699545971,0.0135535565113738,0.0149578526116525,0.0137350963905322,0.012410810403049,0.0164438795294692,0.0106469957473748,0.00813106754701709,0.016442571649014,0.0158753998843253,-0.0143913703090949,0.00906840267360744,-0.00965708432368939,0.0121656529574701,0.00451327025295599,0.00971015755896385,0.0115233825731479
-0.00290430826284342,-0.00151329968452012,0.0122975910898262,-0.0160726750760728,-0.0141152052734768,-0.0152659019088507,-0.0152707833647704,-0.0152587956580911,-0.024940266441238,-0.021518048832382,-0.0297177394493993,-0.0221741284336057,-0.0156896916154326,-0.0297138920813179,-0.0143913703090949,0.0311474713755316,-0.0274973900041066,0.00541353902706976,-0.0186676836823711,-0.0084272204200853,-0.0132533713824019,-0.0182116130359485
-0.0169712189313904,-0.00642448643867193,-0.0241926078456359,0.0116995349967307,0.0128058929226232,0.0103558778465461,0.0111189402598554,0.0103465836455204,0.0201766606462832,0.0170072410042334,0.0231782670205418,0.0172564549191077,0.0139906156952,0.0231744819202855,0.00906840267360744,-0.0274973900041066,0.0571628865467569,-0.00331169321708175,0.0244335034537669,0.0167677233008759,0.0051048748474672,0.022249883185626
-0.0162746134200998,-0.0207217392312126,0.00337375914421747,-0.00367724574452119,-0.000446482329577378,-0.00446584671521695,-0.00157244188049108,-0.00446662585853729,-0.0016814315655513,-0.00115313995142529,-0.00179160237419234,0.000243135103003852,-0.000371065910274759,-0.00179030670956154,-0.00965708432368939,0.00541353902706977,-0.00331169321708175,0.0400680773443355,0.00229913948525809,-0.000353904955473783,-0.00870620155746014,0.00446337295432855
-0.0149501069934238,-0.00216420309127684,-0.0149705430090697,0.0174143751411461,0.0187087791798884,0.0152669649888538,0.0160270968990504,0.0152611612613803,0.0167754469909876,0.0150384937955045,0.018644299216266,0.0138928358885499,0.0119450711010425,0.0186429424014114,0.0121656529574701,-0.0186676836823711,0.0244335034537669,0.00229913948525809,0.0319052229430485,0.0163404921516549,0.0107564598131112,0.0282709473369328
-0.00497534519280218,-0.00316937491787656,-0.00542223532190167,0.00305456404307049,0.0033081850852467,0.00139265519264528,0.00292888597477787,0.00138668902161815,0.00963688997815582,0.0077400293123755,0.00979114391127259,0.00878490511832523,0.00801049958764194,0.00978867102814458,0.00451327025295599,-0.00842722042008531,0.0167677233008759,-0.000353904955473783,0.0163404921516549,0.0386617290602489,0.0159995285827159,0.0135863131308998
0.0108812560311588,0.00480143374298278,0.00296877098185502,0.00710340430157991,0.00517156039969231,0.00695841322935968,0.00617493965701893,0.00695178709314808,0.0125053884130765,0.011098747323513,0.0133374097471601,0.0112722162662141,0.00898696278564104,0.0133372054702376,0.00971015755896385,-0.0132533713824019,0.0051048748474672,-0.00870620155746014,0.0107564598131112,0.0159995285827159,0.0290972924998799,0.0101311159430684
-0.0117011198212645,-0.000197972537638033,-0.0130293655420974,0.0165115779048981,0.0174004064269522,0.014396810899504,0.016144436830864,0.0143909537860672,0.0168606961381454,0.0152441596695245,0.0187385474617942,0.015002297809007,0.0123253398023628,0.0187375300216493,0.0115233825731479,-0.0182116130359485,0.022249883185626,0.00446337295432855,0.0282709473369328,0.0135863131308998,0.0101311159430684,0.027899322296266
