0.067278428017951,0.00535046785764078,0.0425746879426489,-0.0116745994609194,0.0299302398423413,0.00124694429375101,0.0161226164295617,-0.0111432734965478,0.0521464223885207,-0.019462984152542,0.0238359694454977,-0.0255803369662621,-6.52593576100982e-08,-0.0134281176108023,0.0190701226278374,-0.0068965695797932,0.00238139394128754
0.00535046785764078,0.0996173415607567,0.0153516838074858,0.0615839659214588,0.0193829817671955,0.0374168144062004,0.0248863624393429,0.0515543388873262,0.0248480280580565,0.0360547193722398,0.0121115987218229,0.0409178203889948,0.0197393279465419,0.0379513359021539,0.0143898162581091,0.0360175577734257,0.00103032262150599
0.0425746879426489,0.0153516838074858,0.0849438084743443,0.00710132891069731,0.0396297774178514,-0.0161931804093893,0.0128852290247749,-0.0109987257633709,0.0546141085750551,-0.00843178829476487,0.0117377769777297,-0.0133374487943093,0.0253850289302652,-0.0310877689969968,0.0109769428731689,-0.00568078301731179,0.0120698361214561
-0.0116745994609194,0.0615839659214588,0.00710132891069731,0.0799393399141332,0.0137969079871424,0.0564189838037907,0.0179436564933958,0.042956011171829,-0.000637833661328567,0.0365921269176018,0.0117345417733669,0.023450476798945,0.0114958929867297,0.0368802049229766,0.0142435976153429,0.0418320528684029,-0.000553013840828876
0.0299302398423413,0.0193829817671955,0.0396297774178514,0.0137969079871424,0.0801895073962512,0.0279721668075096,0.0310585262161184,-0.00212135911577031,0.02859565646573,-0.00186037163176061,0.026346299602566,0.0165370503979828,0.012375508300308,-0.00611708089029475,0.0162124975270788,0.00618327420203707,0.00336947869248638
0.00124694429375101,0.0374168144062004,-0.0161931804093893,0.0564189838037907,0.0279721668075096,0.114435632967524,0.0128365974499615,0.0444355832905815,-0.00396035531581617,0.0196990901579969,0.0431569983993339,0.0396747543232319,-0.000483375056383244,0.0733887475189694,0.0209315576720812,0.0504450675257451,-0.0108932634485305
0.0161226164295617,0.0248863624393429,0.0128852290247749,0.0179436564933958,0.0310585262161184,0.0128365974499615,0.0826922176338866,-0.00988137739428583,-0.0001621970113235,-0.00725109516812317,0.0172317150076993,-0.00707316029521958,0.0141876178304927,0.0118988839571881,-0.00324995817831955,-0.000434778630423599,-0.0206775792286062
-0.0111432734965478,0.0515543388873262,-0.0109987257633709,0.042956011171829,-0.00212135911577031,0.0444355832905814,-0.00988137739428583,0.082967802129588,0.00141862627675386,0.0313183529184374,0.0228880340256183,0.0519534072302821,-0.00258371039341394,0.0541094679209208,0.0104161380587252,0.0389082754199488,0.0115904622135349
0.0521464223885207,0.0248480280580565,0.0546141085750551,-0.000637833661328567,0.02859565646573,-0.00396035531581617,-0.0001621970113235,0.00141862627675386,0.0857560516349758,-0.00336367244095063,0.036472799688666,-0.0267997334022971,0.026503133460379,-0.0285400327894165,0.0377706208938783,-0.0241541305602138,0.0226093591461863
-0.019462984152542,0.0360547193722398,-0.00843178829476487,0.0365921269176018,-0.00186037163176061,0.0196990901579969,-0.00725109516812317,0.0313183529184374,-0.00336367244095063,0.0545516432471916,-0.00847448445054797,0.0321396605406925,0.00590912853605906,0.0269658946254589,0.00517338596884279,0.0315958363651316,-0.00423021940208579
0.0238359694454978,0.0121115987218229,0.0117377769777297,0.0117345417733669,0.026346299602566,0.0431569983993339,0.0172317150076993,0.0228880340256183,0.036472799688666,-0.00847448445054797,0.0650023969086105,0.00192860793781571,0.0244315131118865,0.0223731905751281,0.0337908749377021,0.00310854444962969,0.0328502395230035
-0.0255803369662621,0.0409178203889948,-0.0133374487943093,0.023450476798945,0.0165370503979828,0.0396747543232319,-0.00707316029521958,0.0519534072302821,-0.0267997334022971,0.0321396605406925,0.00192860793781571,0.0972595481464315,0.0207848615683214,0.0394262547521613,-0.0103757218506486,0.0550563876606118,0.00687076032536571
-6.52593576100982e-08,0.0197393279465419,0.0253850289302652,0.0114958929867297,0.012375508300308,-0.000483375056383244,0.0141876178304927,-0.00258371039341394,0.026503133460379,0.00590912853605906,0.0244315131118865,0.0207848615683214,0.0658439789077806,-0.0261560085738227,0.0118024025533075,-0.00841905131423921,0.0320761590446512
-0.0134281176108022,0.0379513359021539,-0.0310877689969968,0.0368802049229766,-0.00611708089029475,0.0733887475189695,0.0118988839571881,0.0541094679209208,-0.0285400327894165,0.0269658946254589,0.0223731905751281,0.0394262547521613,-0.0261560085738227,0.099687729521254,0.0117025217255946,0.0606044348182267,-0.0108244588043341
0.0190701226278374,0.0143898162581091,0.0109769428731689,0.0142435976153429,0.0162124975270788,0.0209315576720812,-0.00324995817831955,0.0104161380587252,0.0377706208938782,0.00517338596884279,0.0337908749377021,-0.0103757218506486,0.0118024025533075,0.0117025217255946,0.0750019723833066,0.00595952543755357,0.0358210683483187
-0.0068965695797932,0.0360175577734257,-0.00568078301731179,0.0418320528684029,0.00618327420203707,0.0504450675257451,-0.000434778630423599,0.0389082754199488,-0.0241541305602138,0.0315958363651315,0.00310854444962969,0.0550563876606118,-0.00841905131423921,0.0606044348182267,0.00595952543755357,0.0770231602800258,-0.000255521726549627
0.00238139394128754,0.00103032262150599,0.0120698361214561,-0.000553013840828876,0.00336947869248638,-0.0108932634485305,-0.0206775792286062,0.0115904622135349,0.0226093591461863,-0.00423021940208579,0.0328502395230035,0.00687076032536571,0.0320761590446512,-0.0108244588043341,0.0358210683483187,-0.000255521726549627,0.0611989092807708
