0.0150527670043056,0,0,0,0,0,0,0,0,0,0,0,0,0,0,0,0,0,0,0,0,0,0,0,0,0,0,0,0,0,0,0,0,0,0,0,0,0,0,0,0,0,0,0,0,0,0,0,0,0,0,0,0,0,0,0,0,0,0,0
0,0.0133104365226827,0,0,0,0,0,0,0,0,0,0,0,0,0,0,0,0,0,0,0,0,0,0,0,0,0,0,0,0,0,0,0,0,0,0,0,0,0,0,0,0,0,0,0,0,0,0,0,0,0,0,0,0,0,0,0,0,0,0
0,0,3300.42270440376,152.431435025105,0,0,0,1147.49585643611,0,0,810.678523787332,126.970246612561,1039.90343202843,0,0,563.304991622394,832.308792342853,0,0,0,1015.1275818815,0,0,416.886899020149,0,1356.53673106671,1138.10406413481,-881.278997135007,-187.532268078977,276.029730134648,0,1275.84050914818,0,0,552.040438654735,843.425606846991,-290.181880324489,-87.9553296409798,0,1227.21914951673,0,0,0,488.590992119026,-582.136191117094,-310.45017313687,-382.743109908045,0,0,-102.359817439187,0,0,0,0,0,420.996444809309,0,0,101.443188538827,-340.016879578673
0,0,152.431435025105,1098.69402164051,0,0,0,354.608228659376,0,0,-195.871324934899,123.225249212257,472.897159169451,0,0,188.121587781239,110.096296636661,0,0,0,-329.911498572577,0,0,138.473008550167,0,-54.2706317539469,313.744738389276,212.930741554275,-29.7271051411088,34.0852960067502,0,184.119788812932,0,0,393.340538588852,806.335720889744,301.918604220164,372.222244413899,0,599.93705318226,0,0,0,-84.7621501950935,-93.1944372595656,126.726195202035,115.951443649276,0,0,-19.6034285075451,0,0,0,0,0,-30.2236558586692,0,0,-179.201417023948,20.5466798329264
0,0,0,0,0.0224768187251863,0,0,0,0,0,0,0,0,0,0,0,0,0,0,0,0,0,0,0,0,0,0,0,0,0,0,0,0,0,0,0,0,0,0,0,0,0,0,0,0,0,0,0,0,0,0,0,0,0,0,0,0,0,0,0
0,0,0,0,0,0.029895957606862,0,0,0,0,0,0,0,0,0,0,0,0,0,0,0,0,0,0,0,0,0,0,0,0,0,0,0,0,0,0,0,0,0,0,0,0,0,0,0,0,0,0,0,0,0,0,0,0,0,0,0,0,0,0
0,0,0,0,0,0,0.0513596193748302,0,0,0,0,0,0,0,0,0,0,0,0,0,0,0,0,0,0,0,0,0,0,0,0,0,0,0,0,0,0,0,0,0,0,0,0,0,0,0,0,0,0,0,0,0,0,0,0,0,0,0,0,0
0,0,1147.49585643611,354.608228659376,0,0,0,12682.2624396836,0,0,-614.374388122265,-556.290475101061,2142.60218305052,0,0,-1011.14720349778,2538.22773082642,0,0,0,-25.8518202783848,0,0,-892.472188265082,0,2748.81410409825,734.676255797286,-986.898220908238,613.558977866526,1383.82794957338,0,2676.97342334199,0,0,-1530.52802199003,3865.38722479557,-3701.96533417045,-59.8141633951828,0,1849.50901278851,0,0,0,1028.98300049132,-1008.25463549645,652.522153447801,2206.75173839865,0,0,-115.911178021731,0,0,0,0,0,127.098732834514,0,0,1772.17627016055,-555.835572128465
0,0,0,0,0,0,0,0,0.0239607031306445,0,0,0,0,0,0,0,0,0,0,0,0,0,0,0,0,0,0,0,0,0,0,0,0,0,0,0,0,0,0,0,0,0,0,0,0,0,0,0,0,0,0,0,0,0,0,0,0,0,0,0
0,0,0,0,0,0,0,0,0,0.0787023013362413,0,0,0,0,0,0,0,0,0,0,0,0,0,0,0,0,0,0,0,0,0,0,0,0,0,0,0,0,0,0,0,0,0,0,0,0,0,0,0,0,0,0,0,0,0,0,0,0,0,0
0,0,810.678523787332,-195.871324934899,0,0,0,-614.374388122265,0,0,10001.093805484,-474.332380704878,-448.925289082685,0,0,-1420.88898838145,-967.742275405118,0,0,0,-768.389030724985,0,0,21.7967459451658,0,-2164.30895421003,1258.915792114,-1639.03619963304,-59.7496160658501,181.385807250384,0,1252.79901401367,0,0,-2666.47509074529,-607.406399810008,-245.324895696551,-1984.54383371879,0,-2175.29354524719,0,0,0,92.5293317482043,360.862847378826,950.80535371893,-450.074759723907,0,0,-7.98256712369125,0,0,0,0,0,-635.186696118616,0,0,694.970486985777,-512.405184772693
0,0,126.970246612561,123.225249212257,0,0,0,-556.290475101061,0,0,-474.332380704878,6529.98550190324,64.4814329565753,0,0,-1207.7719208882,-868.412963639659,0,0,0,-310.897995837043,0,0,339.562036045108,0,-131.952869897162,764.65759806558,1027.60444899599,-621.421241567469,2051.41481120242,0,-69.6545719694398,0,0,-580.241138906255,-1734.57374695791,740.521244003017,482.859536761868,0,58.9194064456256,0,0,0,535.928723466431,631.298348213726,6.26425362180491,282.716446908253,0,0,210.039751274175,0,0,0,0,0,189.181232371828,0,0,695.094220798839,48.5894001951426
0,0,1039.90343202843,472.897159169451,0,0,0,2142.60218305052,0,0,-448.925289082685,64.4814329565753,17063.0017208424,0,0,-89.3884037430896,3101.21314079056,0,0,0,1569.90902584438,0,0,-1606.36344967403,0,-1196.07525021272,-849.006210359433,-1107.27421067276,964.347170603015,-2084.11545299486,0,97.5401649843662,0,0,2515.65257827233,2848.13671790373,544.23922515268,-1962.39858419466,0,2260.0161967094,0,0,0,1278.4345009729,324.345063323987,-181.837692804343,484.94507266299,0,0,1164.40945668692,0,0,0,0,0,1005.07974342565,0,0,652.834395597963,542.548510103152
0,0,0,0,0,0,0,0,0,0,0,0,0,0.0385799854270928,0,0,0,0,0,0,0,0,0,0,0,0,0,0,0,0,0,0,0,0,0,0,0,0,0,0,0,0,0,0,0,0,0,0,0,0,0,0,0,0,0,0,0,0,0,0
0,0,0,0,0,0,0,0,0,0,0,0,0,0,0.0647055805521121,0,0,0,0,0,0,0,0,0,0,0,0,0,0,0,0,0,0,0,0,0,0,0,0,0,0,0,0,0,0,0,0,0,0,0,0,0,0,0,0,0,0,0,0,0
0,0,563.304991622394,188.121587781239,0,0,0,-1011.14720349778,0,0,-1420.88898838145,-1207.7719208882,-89.3884037430896,0,0,17473.7144337666,2073.47807777106,0,0,0,-28.5682516294187,0,0,-350.665907838558,0,1383.20620833563,-931.111074091701,2097.9739282347,-1039.74592565491,-752.790180599979,0,1494.2173222097,0,0,3967.1650373577,300.527946691324,337.779752558199,-74.9746858207505,0,-1580.38061916804,0,0,0,-1567.19221364289,-494.387270111179,278.42158233646,367.834908464703,0,0,1504.95656215206,0,0,0,0,0,-697.483956392155,0,0,-1182.97266965918,438.974542242181
0,0,832.308792342853,110.096296636661,0,0,0,2538.22773082642,0,0,-967.742275405118,-868.412963639659,3101.21314079056,0,0,2073.47807777106,18508.3811801551,0,0,0,1216.26909663721,0,0,63.0281888249569,0,1966.27065632447,1366.50945219936,1747.39424934833,3134.56028413782,-262.455521462096,0,1240.45719304857,0,0,3768.17832601433,774.009829551287,857.414690815002,-3172.56418205129,0,2671.30866814933,0,0,0,681.263453004496,-83.5264605416349,-451.111378299618,1292.01959582453,0,0,534.707291829336,0,0,0,0,0,818.283808965077,0,0,479.614060611323,1442.81193365226
0,0,0,0,0,0,0,0,0,0,0,0,0,0,0,0,0,0.0754439346528616,0,0,0,0,0,0,0,0,0,0,0,0,0,0,0,0,0,0,0,0,0,0,0,0,0,0,0,0,0,0,0,0,0,0,0,0,0,0,0,0,0,0
0,0,0,0,0,0,0,0,0,0,0,0,0,0,0,0,0,0,0.0722458515074345,0,0,0,0,0,0,0,0,0,0,0,0,0,0,0,0,0,0,0,0,0,0,0,0,0,0,0,0,0,0,0,0,0,0,0,0,0,0,0,0,0
0,0,0,0,0,0,0,0,0,0,0,0,0,0,0,0,0,0,0,0.0622411078016005,0,0,0,0,0,0,0,0,0,0,0,0,0,0,0,0,0,0,0,0,0,0,0,0,0,0,0,0,0,0,0,0,0,0,0,0,0,0,0,0
0,0,1015.1275818815,-329.911498572577,0,0,0,-25.8518202783848,0,0,-768.389030724985,-310.897995837043,1569.90902584438,0,0,-28.5682516294187,1216.26909663721,0,0,0,14666.0677385107,0,0,-1534.87317182723,0,460.905024381707,543.346489987257,150.523690796738,2661.28613297779,-1808.48730898803,0,1738.70160732704,0,0,-465.700350286337,-650.09113530336,-770.050463531356,1240.36880110276,0,2029.68032963332,0,0,0,-200.534434805271,-922.528320546331,-342.772409450114,479.758701265769,0,0,-380.35730719012,0,0,0,0,0,1185.83813525377,0,0,522.126026780682,269.543009460021
0,0,0,0,0,0,0,0,0,0,0,0,0,0,0,0,0,0,0,0,0,0.0723357166860967,0,0,0,0,0,0,0,0,0,0,0,0,0,0,0,0,0,0,0,0,0,0,0,0,0,0,0,0,0,0,0,0,0,0,0,0,0,0
0,0,0,0,0,0,0,0,0,0,0,0,0,0,0,0,0,0,0,0,0,0,0.0557127197554126,0,0,0,0,0,0,0,0,0,0,0,0,0,0,0,0,0,0,0,0,0,0,0,0,0,0,0,0,0,0,0,0,0,0,0,0,0
0,0,416.886899020149,138.473008550167,0,0,0,-892.472188265082,0,0,21.7967459451658,339.562036045108,-1606.36344967403,0,0,-350.665907838558,63.0281888249569,0,0,0,-1534.87317182723,0,0,11269.0997178652,0,177.904714733071,-1728.26005442468,730.092353971364,1933.48249846643,-46.037168495632,0,-143.389479064371,0,0,-152.067032684676,-2024.0197589925,1455.06480192295,358.880254338035,0,-200.996580543146,0,0,0,291.866542019807,45.9849435795586,434.818063016875,1100.56593188176,0,0,1140.16997230847,0,0,0,0,0,327.544904337359,0,0,-1033.29214603521,-1098.64098127246
0,0,0,0,0,0,0,0,0,0,0,0,0,0,0,0,0,0,0,0,0,0,0,0,0.0733012715662852,0,0,0,0,0,0,0,0,0,0,0,0,0,0,0,0,0,0,0,0,0,0,0,0,0,0,0,0,0,0,0,0,0,0,0
0,0,1356.53673106671,-54.2706317539469,0,0,0,2748.81410409825,0,0,-2164.30895421003,-131.952869897162,-1196.07525021272,0,0,1383.20620833563,1966.27065632447,0,0,0,460.905024381707,0,0,177.904714733071,0,19286.7895056456,513.803729621935,1801.34381248674,-211.339473929403,757.967833102686,0,662.141262342919,0,0,656.064950652519,2614.35928354665,-523.81874526495,1892.19112199253,0,-260.002998282154,0,0,0,795.361850608524,60.1526657891981,-936.473962333698,286.448726387511,0,0,639.923946262889,0,0,0,0,0,866.704649920824,0,0,-602.969216350377,1581.61970336485
0,0,1138.10406413481,313.744738389276,0,0,0,734.676255797286,0,0,1258.915792114,764.65759806558,-849.006210359433,0,0,-931.111074091701,1366.50945219936,0,0,0,543.346489987257,0,0,-1728.26005442468,0,513.803729621935,18552.4580815296,-647.117916396151,-1439.70648223757,1137.21570299059,0,308.235610813546,0,0,-3004.72667093542,1825.76302766015,-2431.07102888073,2081.2194456085,0,-1494.65064902933,0,0,0,-623.284070476832,1029.04966339314,-385.822229918128,-19.0108391227226,0,0,-1668.51434121804,0,0,0,0,0,485.146594519403,0,0,2047.26585769285,-421.820297118225
0,0,-881.278997135007,212.930741554275,0,0,0,-986.898220908238,0,0,-1639.03619963304,1027.60444899599,-1107.27421067276,0,0,2097.9739282347,1747.39424934833,0,0,0,150.523690796738,0,0,730.092353971364,0,1801.34381248674,-647.117916396151,15479.1602136351,-787.131705931666,40.028252630193,0,1523.46715750755,0,0,772.996684307861,1308.67688753173,-328.5635622654,1013.87645824614,0,3177.06242957795,0,0,0,748.470612235136,2575.81515285656,2091.18353287394,-724.3340134297,0,0,216.237288846563,0,0,0,0,0,-1283.8675889712,0,0,54.7435564349474,-165.507994141434
0,0,-187.532268078977,-29.7271051411088,0,0,0,613.558977866526,0,0,-59.7496160658501,-621.421241567469,964.347170603015,0,0,-1039.74592565491,3134.56028413782,0,0,0,2661.28613297779,0,0,1933.48249846643,0,-211.339473929403,-1439.70648223757,-787.131705931666,16519.4605054659,-2220.07478932868,0,2343.83926464317,0,0,1521.61617644718,608.610031859585,403.661566500148,761.010378815196,0,84.2156537885879,0,0,0,1639.72541553802,-1043.57200860338,-2388.67831095466,450.430978245414,0,0,-74.7567576738617,0,0,0,0,0,723.02201211026,0,0,384.173501857088,-644.129923782367
0,0,276.029730134648,34.0852960067502,0,0,0,1383.82794957338,0,0,181.385807250384,2051.41481120242,-2084.11545299486,0,0,-752.790180599979,-262.455521462096,0,0,0,-1808.48730898803,0,0,-46.037168495632,0,757.967833102686,1137.21570299059,40.028252630193,-2220.07478932868,13613.4840796155,0,126.911942920586,0,0,-1343.36491963763,606.576038001798,-1532.36189959539,185.737355119355,0,1534.11266308442,0,0,0,149.962460795217,411.908427502428,2171.6686151817,1008.22951565725,0,0,-1078.47547741707,0,0,0,0,0,-448.123641207283,0,0,1346.48456352851,823.698275976906
0,0,0,0,0,0,0,0,0,0,0,0,0,0,0,0,0,0,0,0,0,0,0,0,0,0,0,0,0,0,0.0554553192023636,0,0,0,0,0,0,0,0,0,0,0,0,0,0,0,0,0,0,0,0,0,0,0,0,0,0,0,0,0
0,0,1275.84050914818,184.119788812932,0,0,0,2676.97342334199,0,0,1252.79901401367,-69.6545719694398,97.5401649843662,0,0,1494.2173222097,1240.45719304857,0,0,0,1738.70160732704,0,0,-143.389479064371,0,662.141262342919,308.235610813546,1523.46715750755,2343.83926464317,126.911942920586,0,14368.2290684442,0,0,660.787631308649,564.240368969485,374.481418747413,710.398094038742,0,-612.101547262475,0,0,0,796.652722208074,-1610.35898548718,1802.79458397749,-94.4790619593899,0,0,-831.490834572703,0,0,0,0,0,-107.210617536074,0,0,1366.84307608093,76.3101707039727
0,0,0,0,0,0,0,0,0,0,0,0,0,0,0,0,0,0,0,0,0,0,0,0,0,0,0,0,0,0,0,0,0.0416971430389227,0,0,0,0,0,0,0,0,0,0,0,0,0,0,0,0,0,0,0,0,0,0,0,0,0,0,0
0,0,0,0,0,0,0,0,0,0,0,0,0,0,0,0,0,0,0,0,0,0,0,0,0,0,0,0,0,0,0,0,0,0.0514863812153163,0,0,0,0,0,0,0,0,0,0,0,0,0,0,0,0,0,0,0,0,0,0,0,0,0,0
0,0,552.040438654735,393.340538588852,0,0,0,-1530.52802199003,0,0,-2666.47509074529,-580.241138906255,2515.65257827233,0,0,3967.1650373577,3768.17832601433,0,0,0,-465.700350286337,0,0,-152.067032684676,0,656.064950652519,-3004.72667093542,772.996684307861,1521.61617644718,-1343.36491963763,0,660.787631308649,0,0,14384.3974521432,-220.604148152693,1817.92991927947,72.3771927095161,0,2865.21959406539,0,0,0,-305.223289487084,-339.017297290114,6.52403998716468,417.891869550235,0,0,693.972935844018,0,0,0,0,0,672.321217219768,0,0,360.445694332505,1086.64778013757
0,0,843.425606846991,806.335720889745,0,0,0,3865.38722479557,0,0,-607.406399810008,-1734.57374695791,2848.13671790373,0,0,300.527946691324,774.009829551287,0,0,0,-650.09113530336,0,0,-2024.0197589925,0,2614.35928354665,1825.76302766015,1308.67688753173,608.610031859585,606.576038001798,0,564.240368969485,0,0,-220.604148152693,16648.1328567107,-555.832839836528,936.582088159928,0,1027.56975825944,0,0,0,304.484816449402,-75.7096653544081,-1068.96625179973,-875.489861969032,0,0,-255.755989273401,0,0,0,0,0,-966.969800158666,0,0,1402.41832847697,-1325.05228026537
0,0,-290.181880324489,301.918604220164,0,0,0,-3701.96533417045,0,0,-245.324895696551,740.521244003017,544.23922515268,0,0,337.779752558199,857.414690815002,0,0,0,-770.050463531356,0,0,1455.06480192295,0,-523.81874526495,-2431.07102888073,-328.5635622654,403.661566500148,-1532.36189959539,0,374.481418747413,0,0,1817.92991927947,-555.832839836528,13134.587931773,-3185.27309343447,0,-1508.30265953821,0,0,0,-68.0915649635162,1855.92407197212,655.425079277475,212.57629745432,0,0,877.102919906205,0,0,0,0,0,842.301238957334,0,0,-1392.96310559821,283.237593844782
0,0,-87.9553296409798,372.222244413899,0,0,0,-59.8141633951828,0,0,-1984.54383371879,482.859536761868,-1962.39858419466,0,0,-74.9746858207505,-3172.56418205129,0,0,0,1240.36880110276,0,0,358.880254338035,0,1892.19112199253,2081.2194456085,1013.87645824614,761.010378815196,185.737355119355,0,710.398094038742,0,0,72.3771927095161,936.582088159929,-3185.27309343447,10621.9530023451,0,616.853653206762,0,0,0,-212.762342340788,-275.821353092453,-516.417002527557,-48.9177748520117,0,0,-1303.73763340104,0,0,0,0,0,466.238814830585,0,0,795.405818170957,-413.236974736855
0,0,0,0,0,0,0,0,0,0,0,0,0,0,0,0,0,0,0,0,0,0,0,0,0,0,0,0,0,0,0,0,0,0,0,0,0,0,0.0478862947393611,0,0,0,0,0,0,0,0,0,0,0,0,0,0,0,0,0,0,0,0,0
0,0,1227.21914951673,599.93705318226,0,0,0,1849.50901278851,0,0,-2175.29354524719,58.9194064456256,2260.0161967094,0,0,-1580.38061916804,2671.30866814933,0,0,0,2029.68032963332,0,0,-200.996580543146,0,-260.002998282154,-1494.65064902933,3177.06242957795,84.2156537885879,1534.11266308442,0,-612.101547262475,0,0,2865.21959406539,1027.56975825944,-1508.30265953821,616.853653206762,0,12740.0210526384,0,0,0,771.675130156462,278.552744500166,250.901803661796,882.067296021547,0,0,-1774.22753106202,0,0,0,0,0,152.126030347477,0,0,-356.426227562481,470.334499673515
0,0,0,0,0,0,0,0,0,0,0,0,0,0,0,0,0,0,0,0,0,0,0,0,0,0,0,0,0,0,0,0,0,0,0,0,0,0,0,0,0.0535821362354455,0,0,0,0,0,0,0,0,0,0,0,0,0,0,0,0,0,0,0
0,0,0,0,0,0,0,0,0,0,0,0,0,0,0,0,0,0,0,0,0,0,0,0,0,0,0,0,0,0,0,0,0,0,0,0,0,0,0,0,0,0.0519746092690145,0,0,0,0,0,0,0,0,0,0,0,0,0,0,0,0,0,0
0,0,0,0,0,0,0,0,0,0,0,0,0,0,0,0,0,0,0,0,0,0,0,0,0,0,0,0,0,0,0,0,0,0,0,0,0,0,0,0,0,0,0.0267025343805733,0,0,0,0,0,0,0,0,0,0,0,0,0,0,0,0,0
0,0,488.590992119026,-84.7621501950935,0,0,0,1028.98300049132,0,0,92.5293317482044,535.928723466431,1278.4345009729,0,0,-1567.19221364289,681.263453004496,0,0,0,-200.534434805271,0,0,291.866542019807,0,795.361850608524,-623.284070476832,748.470612235136,1639.72541553802,149.962460795217,0,796.652722208074,0,0,-305.223289487084,304.484816449402,-68.0915649635162,-212.762342340789,0,771.675130156462,0,0,0,3439.89093029146,513.597097500531,879.055187900363,259.944766975326,0,0,-358.028359861914,0,0,0,0,0,153.529876731401,0,0,-134.216386928088,-74.0993410051184
0,0,-582.136191117094,-93.1944372595656,0,0,0,-1008.25463549645,0,0,360.862847378826,631.298348213726,324.345063323987,0,0,-494.387270111179,-83.5264605416349,0,0,0,-922.528320546331,0,0,45.9849435795586,0,60.1526657891981,1029.04966339314,2575.81515285656,-1043.57200860338,411.908427502428,0,-1610.35898548718,0,0,-339.017297290114,-75.7096653544081,1855.92407197212,-275.821353092453,0,278.552744500166,0,0,0,513.597097500531,10530.2431485767,-1082.57678483242,117.51951762277,0,0,-547.964968308595,0,0,0,0,0,-361.818562943667,0,0,361.62896916765,-317.195574006911
0,0,-310.45017313687,126.726195202035,0,0,0,652.522153447802,0,0,950.80535371893,6.26425362180491,-181.837692804343,0,0,278.42158233646,-451.111378299618,0,0,0,-342.772409450114,0,0,434.818063016875,0,-936.473962333698,-385.822229918128,2091.18353287394,-2388.67831095466,2171.6686151817,0,1802.79458397749,0,0,6.52403998716468,-1068.96625179973,655.425079277475,-516.417002527557,0,250.901803661796,0,0,0,879.055187900363,-1082.57678483242,5455.84327541501,778.969670405202,0,0,128.522825819022,0,0,0,0,0,158.990945581849,0,0,33.4693838297006,-296.741354664264
0,0,-382.743109908045,115.951443649276,0,0,0,2206.75173839864,0,0,-450.074759723907,282.716446908253,484.94507266299,0,0,367.834908464703,1292.01959582453,0,0,0,479.758701265769,0,0,1100.56593188176,0,286.448726387511,-19.0108391227226,-724.3340134297,450.430978245414,1008.22951565725,0,-94.4790619593899,0,0,417.891869550235,-875.489861969032,212.57629745432,-48.9177748520117,0,882.067296021547,0,0,0,259.944766975326,117.51951762277,778.969670405202,6816.84922313601,0,0,-1114.26785649186,0,0,0,0,0,354.407531515444,0,0,166.674675211366,273.797462428291
0,0,0,0,0,0,0,0,0,0,0,0,0,0,0,0,0,0,0,0,0,0,0,0,0,0,0,0,0,0,0,0,0,0,0,0,0,0,0,0,0,0,0,0,0,0,0,0.0287635754175062,0,0,0,0,0,0,0,0,0,0,0,0
0,0,0,0,0,0,0,0,0,0,0,0,0,0,0,0,0,0,0,0,0,0,0,0,0,0,0,0,0,0,0,0,0,0,0,0,0,0,0,0,0,0,0,0,0,0,0,0,0.0141159496592071,0,0,0,0,0,0,0,0,0,0,0
0,0,-102.359817439187,-19.6034285075451,0,0,0,-115.911178021731,0,0,-7.98256712369125,210.039751274175,1164.40945668692,0,0,1504.95656215206,534.707291829336,0,0,0,-380.35730719012,0,0,1140.16997230847,0,639.923946262889,-1668.51434121804,216.237288846563,-74.7567576738617,-1078.47547741707,0,-831.490834572703,0,0,693.972935844018,-255.755989273401,877.102919906205,-1303.73763340104,0,-1774.22753106202,0,0,0,-358.028359861914,-547.964968308594,128.522825819022,-1114.26785649186,0,0,3745.21181955678,0,0,0,0,0,68.951390201151,0,0,-379.81548955984,371.863993081116
0,0,0,0,0,0,0,0,0,0,0,0,0,0,0,0,0,0,0,0,0,0,0,0,0,0,0,0,0,0,0,0,0,0,0,0,0,0,0,0,0,0,0,0,0,0,0,0,0,0,0.0062698421256587,0,0,0,0,0,0,0,0,0
0,0,0,0,0,0,0,0,0,0,0,0,0,0,0,0,0,0,0,0,0,0,0,0,0,0,0,0,0,0,0,0,0,0,0,0,0,0,0,0,0,0,0,0,0,0,0,0,0,0,0,0.01193632740094,0,0,0,0,0,0,0,0
0,0,0,0,0,0,0,0,0,0,0,0,0,0,0,0,0,0,0,0,0,0,0,0,0,0,0,0,0,0,0,0,0,0,0,0,0,0,0,0,0,0,0,0,0,0,0,0,0,0,0,0,0.022100020986583,0,0,0,0,0,0,0
0,0,0,0,0,0,0,0,0,0,0,0,0,0,0,0,0,0,0,0,0,0,0,0,0,0,0,0,0,0,0,0,0,0,0,0,0,0,0,0,0,0,0,0,0,0,0,0,0,0,0,0,0,0.0321806950178846,0,0,0,0,0,0
0,0,0,0,0,0,0,0,0,0,0,0,0,0,0,0,0,0,0,0,0,0,0,0,0,0,0,0,0,0,0,0,0,0,0,0,0,0,0,0,0,0,0,0,0,0,0,0,0,0,0,0,0,0,0.0202260724863122,0,0,0,0,0
0,0,420.996444809309,-30.2236558586692,0,0,0,127.098732834514,0,0,-635.186696118616,189.181232371828,1005.07974342565,0,0,-697.483956392155,818.283808965077,0,0,0,1185.83813525377,0,0,327.544904337359,0,866.704649920824,485.146594519403,-1283.8675889712,723.02201211026,-448.123641207283,0,-107.210617536074,0,0,672.321217219769,-966.969800158666,842.301238957334,466.238814830585,0,152.126030347477,0,0,0,153.529876731401,-361.818562943667,158.990945581849,354.407531515444,0,0,68.951390201151,0,0,0,0,0,4143.88434476412,0,0,10.9327619790815,202.990858263139
0,0,0,0,0,0,0,0,0,0,0,0,0,0,0,0,0,0,0,0,0,0,0,0,0,0,0,0,0,0,0,0,0,0,0,0,0,0,0,0,0,0,0,0,0,0,0,0,0,0,0,0,0,0,0,0,0.0261582226699273,0,0,0
0,0,0,0,0,0,0,0,0,0,0,0,0,0,0,0,0,0,0,0,0,0,0,0,0,0,0,0,0,0,0,0,0,0,0,0,0,0,0,0,0,0,0,0,0,0,0,0,0,0,0,0,0,0,0,0,0,0.0298069112035802,0,0
0,0,101.443188538827,-179.201417023948,0,0,0,1772.17627016055,0,0,694.970486985777,695.094220798838,652.834395597963,0,0,-1182.97266965918,479.614060611323,0,0,0,522.126026780682,0,0,-1033.29214603521,0,-602.969216350377,2047.26585769285,54.7435564349474,384.173501857088,1346.48456352851,0,1366.84307608093,0,0,360.445694332505,1402.41832847697,-1392.96310559821,795.405818170957,0,-356.426227562481,0,0,0,-134.216386928088,361.62896916765,33.4693838297006,166.674675211366,0,0,-379.81548955984,0,0,0,0,0,10.9327619790815,0,0,3038.77719481926,77.1572581454363
0,0,-340.016879578673,20.5466798329264,0,0,0,-555.835572128465,0,0,-512.405184772693,48.5894001951426,542.548510103152,0,0,438.974542242181,1442.81193365226,0,0,0,269.543009460021,0,0,-1098.64098127246,0,1581.61970336485,-421.820297118225,-165.507994141434,-644.129923782367,823.698275976906,0,76.3101707039727,0,0,1086.64778013757,-1325.05228026537,283.237593844782,-413.236974736855,0,470.334499673515,0,0,0,-74.0993410051184,-317.195574006911,-296.741354664264,273.797462428291,0,0,371.863993081116,0,0,0,0,0,202.990858263139,0,0,77.1572581454363,2769.67776159091
