0.057963149165564,0.0186800950346723,0.0232049766721171,-0.00782479240714881,-0.0125270706208761,-0.00672024452914716,-0.00794555250420156,-0.00710584310289656,-0.00768390259073957,-0.00659358790497153,-0.00799993350055311,-0.00486772008330647,-0.00558069313928611,-0.00842095688436961,-0.00484539227174597,0.00552687884047755,-0.0181195588390037,-0.020951920385461,-0.0149523673317297,-0.0173071599877372,0.0150890349660373,-0.0155299475259454
0.0186800950346723,0.0364854890645494,-0.00777550286956824,0.000834487503124884,-0.00299890500541682,3.04476398553074e-06,0.000787394650429209,0.000237166899596383,-0.0010559894207737,0.000359921091165559,-0.00193465153271311,0.00110101563705006,0.00214738232354915,-0.0024429928017352,0.00216056173047365,0.00549145322010918,0.0034799722718327,-0.0120212673891586,0.00186750336281906,-0.00754018913387298,0.00778858538230618,-0.00173820159657799
0.0232049766721171,-0.00777550286956824,0.0721021828252565,-0.0144766773614627,-0.0126014605206311,-0.0127224978283615,-0.0115060487871431,-0.0129383472755388,-0.0190005609772528,-0.0183446506508236,-0.0206048689230661,-0.0171501492334247,-0.0187654514555432,-0.020199396015961,-0.00638251312572467,0.0145176300409117,-0.0270358080673468,-0.00775584923489409,-0.0287414406513719,-0.00767128385757499,-0.0111963647603271,-0.0261058369918419
-0.00782479240714881,0.000834487503124884,-0.0144766773614627,0.0344285787996782,0.0205184109025273,0.0317230935000241,0.02963761720249,0.0323957812374164,0.0264405806350306,0.0257553250133547,0.0313325484495494,0.0269177119209281,0.0193263986959195,0.027372918309557,0.0278091416829693,-0.0286345058345893,0.0208503754866304,-0.00648839091077162,0.0271651593199631,0.0121763170858987,0.0133202821287969,0.0280158255325251
-0.0125270706208761,-0.00299890500541682,-0.0126014605206311,0.0205184109025273,0.0152998519294981,0.0184355330338161,0.018112627246881,0.0187534164542524,0.0169160422108996,0.0161592978599895,0.019839581422671,0.0166071467024908,0.0121749568107589,0.0178535478501868,0.0157682369697986,-0.0196504920760011,0.0176670781466019,0.00340749703996281,0.0219951532187356,0.0127101890670343,0.00854662039416585,0.0219529182120332
-0.00672024452914716,3.04476398553074e-06,-0.0127224978283615,0.0317230935000241,0.0184355330338161,0.0296937267967133,0.0270002198812109,0.0303592835173448,0.0244168105409745,0.0237452883276887,0.029047404167621,0.0243028200425517,0.0176987692602962,0.0253523182645952,0.0261669314219157,-0.0265349977740747,0.0190884721683165,-0.00770393694157646,0.0234043914283505,0.0106557543450008,0.0119244093945561,0.0243210882471699
-0.00794555250420156,0.000787394650429209,-0.0115060487871431,0.02963761720249,0.018112627246881,0.0270002198812109,0.0265125838627301,0.0274725020073872,0.0240585388232403,0.0234376344135493,0.0280841548227485,0.0247711406570292,0.0180338455562899,0.0249214202590853,0.022738897993177,-0.0248161871272417,0.0160460734889046,-0.00124300116381823,0.0246966002180453,0.0141691327090996,0.010702104838011,0.02499985161739
-0.00710584310289656,0.000237166899596383,-0.0129383472755388,0.0323957812374164,0.0187534164542524,0.0303592835173448,0.0274725020073872,0.0310676752579922,0.0247689804300358,0.0240933691996193,0.0294988791162834,0.024644627006131,0.0179267713540735,0.0256885321196676,0.0269619724453233,-0.0269327518458322,0.0198093653916103,-0.00862797591224954,0.0236700261149756,0.0106305915352128,0.0120351114056557,0.0246757912222667
-0.00768390259073957,-0.0010559894207737,-0.0190005609772528,0.0264405806350306,0.0169160422108996,0.0244168105409745,0.0240585388232403,0.0247689804300358,0.0345515428547973,0.0321757353354083,0.0412458177245252,0.033408140749728,0.0263179198915945,0.0387387827896352,0.0207963811044436,-0.0297788368562562,0.0192486218594381,-0.00213365177983809,0.0253192911480306,0.0207170796478193,0.0179093031326946,0.0245004277585592
-0.00659358790497153,0.000359921091165559,-0.0183446506508236,0.0257553250133547,0.0161592978599895,0.0237452883276887,0.0234376344135493,0.0240933691996193,0.0321757353354083,0.0301998833196834,0.038187011518147,0.0314127157818392,0.0248105347319994,0.0357030491340849,0.0199931091699589,-0.027620228036644,0.0178702733661169,-0.00228905697140682,0.0241255581747362,0.0195541637159468,0.0166401074741817,0.0234189655617484
-0.00799993350055311,-0.00193465153271311,-0.0206048689230661,0.0313325484495494,0.019839581422671,0.029047404167621,0.0280841548227485,0.0294988791162834,0.0412458177245252,0.0381870115181469,0.0499752562160294,0.0395113010609547,0.0306136302835122,0.046858077193167,0.0254927688189941,-0.0359828175722167,0.0217719529269214,-0.00373848054552674,0.028606482859119,0.0218854397444814,0.0215499023914175,0.0276027055206645
-0.00486772008330647,0.00110101563705006,-0.0171501492334247,0.0269177119209281,0.0166071467024908,0.0243028200425517,0.0247711406570292,0.024644627006131,0.033408140749728,0.0314127157818392,0.0395113010609547,0.0338316863744756,0.0259681450200621,0.0367756161271315,0.0207199829749594,-0.0280827979529452,0.0174438981221226,-0.00339748493696378,0.0260175321320591,0.0205582966206012,0.0185430555883618,0.0256004332473546
-0.00558069313928611,0.00214738232354915,-0.0187654514555432,0.0193263986959195,0.0121749568107589,0.0176987692602962,0.0180338455562899,0.0179267713540735,0.0263179198915945,0.0248105347319994,0.0306136302835122,0.0259681450200621,0.0213415838904289,0.0289263164890702,0.0141831787868141,-0.0209843094350877,0.0151534291786795,-0.0014637556675778,0.0199068303131544,0.0180516503099429,0.0137696134868116,0.0191600135036401
-0.00842095688436962,-0.0024429928017352,-0.020199396015961,0.027372918309557,0.0178535478501868,0.0253523182645952,0.0249214202590853,0.0256885321196676,0.0387387827896352,0.0357030491340849,0.046858077193167,0.0367756161271315,0.0289263164890702,0.0443561785129472,0.0217720474110822,-0.0333274453290985,0.0200166889234064,-0.00132075748686878,0.026190568710069,0.0217232115136962,0.0194911510377309,0.024966833672164
-0.00484539227174597,0.00216056173047365,-0.00638251312572467,0.0278091416829693,0.0157682369697986,0.0261669314219157,0.022738897993177,0.0269619724453233,0.0207963811044436,0.0199931091699589,0.0254927688189941,0.0207199829749594,0.0141831787868141,0.0217720474110822,0.0259632014414865,-0.022825090975915,0.0201485786910452,-0.013808217484191,0.0196195448275102,0.00613448559855123,0.0130835043055059,0.0206017831788306
0.00552687884047755,0.00549145322010918,0.0145176300409117,-0.0286345058345893,-0.0196504920760011,-0.0265349977740747,-0.0248161871272417,-0.0269327518458322,-0.0297788368562562,-0.027620228036644,-0.0359828175722167,-0.0280827979529452,-0.0209843094350877,-0.0333274453290985,-0.022825090975915,0.0359111903685087,-0.0284621134961026,0.00550425041288239,-0.027052677902737,-0.0177893050377915,-0.0160678675657447,-0.027911542884053
-0.0181195588390037,0.0034799722718327,-0.0270358080673468,0.0208503754866304,0.0176670781466019,0.0190884721683165,0.0160460734889046,0.0198093653916103,0.0192486218594381,0.0178702733661169,0.0217719529269214,0.0174438981221226,0.0151534291786795,0.0200166889234064,0.0201485786910452,-0.0284621134961026,0.0600162885638084,-0.0193623858515663,0.0292071981597675,0.0162356160532513,0.0173217104130385,0.0313794399347791
-0.020951920385461,-0.0120212673891586,-0.00775584923489409,-0.00648839091077162,0.00340749703996281,-0.00770393694157646,-0.00124300116381823,-0.00862797591224954,-0.00213365177983809,-0.00228905697140682,-0.00373848054552674,-0.00339748493696378,-0.0014637556675778,-0.00132075748686878,-0.013808217484191,0.00550425041288239,-0.0193623858515663,0.0482731563605857,0.00869844763102054,0.0107315476309378,-0.00897809948166665,0.00367444595606272
-0.0149523673317297,0.00186750336281906,-0.0287414406513719,0.0271651593199631,0.0219951532187356,0.0234043914283505,0.0246966002180453,0.0236700261149756,0.0253192911480306,0.0241255581747362,0.028606482859119,0.0260175321320591,0.0199068303131544,0.026190568710069,0.0196195448275102,-0.027052677902737,0.0292071981597676,0.00869844763102054,0.04012783545796,0.0207194488993486,0.0210086134028721,0.038098112315624
-0.0173071599877372,-0.00754018913387298,-0.00767128385757499,0.0121763170858987,0.0127101890670343,0.0106557543450008,0.0141691327090996,0.0106305915352128,0.0207170796478193,0.0195541637159468,0.0218854397444814,0.0205582966206012,0.0180516503099429,0.0217232115136962,0.00613448559855123,-0.0177893050377915,0.0162356160532513,0.0107315476309378,0.0207194488993486,0.038133608782894,0.00587254942395007,0.0210142383534839
0.0150890349660373,0.00778858538230618,-0.0111963647603271,0.0133202821287969,0.00854662039416585,0.0119244093945561,0.010702104838011,0.0120351114056557,0.0179093031326946,0.0166401074741817,0.0215499023914175,0.0185430555883618,0.0137696134868116,0.0194911510377309,0.0130835043055059,-0.0160678675657447,0.0173217104130385,-0.00897809948166665,0.0210086134028721,0.00587254942395006,0.0295618944991452,0.0189013085193741
-0.0155299475259454,-0.00173820159657799,-0.0261058369918419,0.0280158255325251,0.0219529182120332,0.0243210882471699,0.02499985161739,0.0246757912222667,0.0245004277585592,0.0234189655617483,0.0276027055206645,0.0256004332473546,0.0191600135036401,0.024966833672164,0.0206017831788306,-0.027911542884053,0.0313794399347791,0.00367444595606272,0.038098112315624,0.0210142383534839,0.0189013085193741,0.0378950751904503
