0.0370114910343129,-0.00294528055903277,-0.012683033927001,-0.00424436638384945,-0.0047288366711839,-0.0051302322955106,-1.89494267475394e-05,0.0165462874677536
-0.00294528055903277,0.0267922245451135,0.01737798946476,0.00520200168016447,0.000304667437869104,0.00337232202264118,0.0119933345164832,0.0109569311347908
-0.012683033927001,0.01737798946476,0.0278528742657032,0.000468205953020799,0.000905202055647231,0.00173104884411021,0.00156185083552196,0.0123893156103467
-0.00424436638384945,0.00520200168016447,0.000468205953020799,0.0275668223930253,0.00985880996094549,0.00438755283709674,0.00283957728435892,-0.0158070164733144
-0.0047288366711839,0.000304667437869104,0.000905202055647231,0.00985880996094549,0.0149006613385045,0.00228210273549744,0.00259807739560485,-0.00719867808583264
-0.0051302322955106,0.00337232202264118,0.00173104884411021,0.00438755283709674,0.00228210273549744,0.0140719987099897,0.00593598059504773,-0.00558731069740827
-1.89494267475394e-05,0.0119933345164832,0.00156185083552196,0.00283957728435892,0.00259807739560485,0.00593598059504773,0.0179505874764968,0.00436472170718862
0.0165462874677536,0.0109569311347908,0.0123893156103467,-0.0158070164733144,-0.00719867808583264,-0.00558731069740827,0.00436472170718862,0.0399394303636769
