0.185155174067637,-0.00765197604584002,0.0150118102942072,-0.00663468361824215,0.0585110329498942,0.00993297929709951,0.00677694733086421,-0.0155267299106824,-0.0127177233915501,0.0153453903711776,0.00640676244146568,-0.000467653607351786,-0.0149075175569275,0.0341278168217927,-0.00140208070071746,-0.0103845695301413,0.000979970043890146,0.0130143607167522,0.00349424922472696,-0.0299850240390068,0.034531351591479,-0.00126104031406995,-0.0130372981876523,0.0109082063022469
-0.00765197604584002,0.0283032804145769,-0.00207322317676407,0.0142976904025021,0.00113519021635843,0.00571331896432488,-0.00074726456563843,0.00347941690870976,0.0174352665554398,0.00337704801014655,-0.00491569663819169,-0.00102521258288983,-0.00556424369658059,0.0151976769639964,-0.00218917105702296,-0.00586601587073769,0.00518515246692924,-0.00319237379400097,-0.000115752134642319,-0.000825525283780129,-0.0122386622603047,0.000613705523509393,-0.0168335948621137,0.0140029870805926
0.0150118102942072,-0.00207322317676407,0.0674128645151157,0.000955833402836069,0.00072208756390401,0.0113675867332745,0.0113689961739256,0.00371458211212486,-0.00627853612007192,0.0111415618835271,0.00172965592804424,0.0262504304989595,0.00674716927244688,0.0229170135002215,0.00133723618756155,-0.000381300584613097,0.000386388642621034,0.00117566916358927,-0.001048756915807,-0.0100971855013592,0.0133102070904036,-0.00104552679052026,0.00580661105734661,-0.0102574095101549
-0.00663468361824215,0.0142976904025021,0.000955833402836069,0.021727969600749,-0.00146297393079442,0.00203227714448222,9.20565730993413e-05,0.00243731209322702,0.0160285224621304,0.00305318938562775,-0.00118611635265729,0.000453669318016511,0.00685772772860914,0.014251048093692,-0.000417487431057427,0.000821427533623695,0.00585719032856747,-0.00394749090267385,0.00405387982170786,0.000471809039420578,-0.00909087436654575,-0.000470288986169592,-0.014441126355008,-0.000653826114703934
0.0585110329498942,0.00113519021635843,0.00072208756390401,-0.00146297393079442,0.160362599276584,0.0127747369100812,0.0025666807331698,0.00148846553044012,0.00158363338147279,0.012446668798769,0.00812297805421957,-0.00688924425782418,-0.00291924374685731,0.0227487056524811,0.00445987771332202,0.00250637316132519,0.0168596191070489,0.0203070497067912,-0.00666150503216439,-0.00534712530930988,0.0169640981395285,0.000710392749466084,-0.00848869210389619,0.0158857396146771
0.00993297929709951,0.00571331896432488,0.0113675867332745,0.00203227714448222,0.0127747369100812,0.0847688553487443,0.0106359384862324,0.0224406486343808,0.0159194514091373,0.0166148589832244,-0.0113470617942098,0.00711738967813144,0.0152968059389578,-0.00373247641367822,-0.000919127639708127,-0.0143150831319877,0.0104646302676635,0.00170629083135491,0.000134380045080538,-0.00532727626589173,-0.00213783159767958,-0.00850145466226458,0.00185964225565788,0.0118798268565421
0.00677694733086421,-0.00074726456563843,0.0113689961739256,9.20565730993413e-05,0.0025666807331698,0.0106359384862324,0.0505317083573425,-0.00224905295039607,-0.00240709208983364,-0.00175719065789359,-0.00111125798686916,0.00593138340813211,0.0152191225056697,0.00538744865530538,0.00276334681583056,-0.0084050923438941,0.00815421393711994,-0.000732823097295094,0.000831454965264694,-0.00959182143734953,0.0086413837714083,-0.00202942746783809,-0.0026990427588453,-0.000590749785333761
-0.0155267299106824,0.00347941690870976,0.00371458211212486,0.00243731209322702,0.00148846553044012,0.0224406486343808,-0.00224905295039607,0.129233092246623,0.0449466776573216,0.009393624353333,-0.0164758737477832,0.00423658375051544,-0.0100318044500612,0.00321144548240248,0.00212269726762666,-0.0135190410543303,0.0111228754083203,0.0120068480758399,-0.0138354754603851,0.041988407081316,-0.0708493512514234,-0.00472645560654753,-0.00291388047062593,0.000111379898352724
-0.0127177233915501,0.0174352665554397,-0.00627853612007192,0.0160285224621304,0.00158363338147279,0.0159194514091373,-0.00240709208983364,0.0449466776573216,0.120361386666816,0.0011587200687185,-0.00551004375753397,0.00845324076381619,-0.00329785863424087,0.0366939890945928,-0.00410972068706499,0.013037464916775,0.0193158441205407,0.0171276240377921,-0.00621120807918325,0.00381075265001572,-0.0579664010637311,0.00674908575465395,-0.0324706676269268,0.014202081067385
0.0153453903711776,0.00337704801014655,0.0111415618835271,0.00305318938562775,0.012446668798769,0.0166148589832244,-0.00175719065789359,0.009393624353333,0.0011587200687185,0.0415860869665858,-0.00774641822742591,0.00905862291634443,0.00384440917588106,0.0101469487923273,0.000232003520060565,0.0119676103124871,-0.00206620448435264,0.0044440883028911,-0.00232998662039239,-0.0171795060053712,0.00544520865390134,0.00552346911333813,0.00800068877662764,-0.0236261625116464
0.00640676244146568,-0.00491569663819169,0.00172965592804424,-0.00118611635265729,0.00812297805421957,-0.0113470617942098,-0.00111125798686916,-0.0164758737477832,-0.00551004375753397,-0.00774641822742591,0.122665756263974,-0.00836825793412079,-0.00665212587877186,-0.00379356627528234,0.00280826624583674,-0.0039735784932963,-0.00758339049470761,-0.00350414526698873,0.00186550275491156,0.00441180426537052,0.0141317195176276,-0.00476193734081473,-0.00884679932172739,0.0264626345010223
-0.000467653607351786,-0.00102521258288983,0.0262504304989595,0.000453669318016511,-0.00688924425782418,0.00711738967813143,0.0059313834081321,0.00423658375051544,0.00845324076381619,0.00905862291634443,-0.00836825793412079,0.035082861803963,0.0109103754886089,0.0034735882037293,0.00043777467584822,0.00143082915265479,-0.00207606028651478,0.00686810836943809,-0.00358176831819268,-0.00177942317760568,-0.00496849140817414,0.006313142193992,0.00229927790526053,-0.0136500085852437
-0.0149075175569275,-0.00556424369658059,0.00674716927244688,0.00685772772860913,-0.00291924374685731,0.0152968059389578,0.0152191225056697,-0.0100318044500612,-0.00329785863424087,0.00384440917588106,-0.00665212587877186,0.0109103754886089,0.152394901888255,-0.00623960058565261,-0.00371969459191721,0.0091566983505283,0.0216829872130395,0.00776631637461842,0.000815569851402768,-0.0133243418519092,-0.00876732685259293,0.00282100587589045,0.0160444835345247,-0.0314843087520306
0.0341278168217927,0.0151976769639964,0.0229170135002215,0.014251048093692,0.0227487056524811,-0.00373247641367822,0.00538744865530538,0.00321144548240248,0.0366939890945928,0.0101469487923273,-0.00379356627528234,0.0034735882037293,-0.00623960058565261,0.242637561218664,-0.00756460073103237,-0.0242931129762416,0.0119468746939115,0.00614438649954049,-0.00317846756825483,-0.0164559804743454,0.00954275597642978,-0.0036691003967548,-0.0526483370643877,-0.00668133057787293
-0.00140208070071746,-0.00218917105702296,0.00133723618756155,-0.000417487431057427,0.00445987771332202,-0.000919127639708127,0.00276334681583056,0.00212269726762666,-0.00410972068706499,0.000232003520060565,0.00280826624583674,0.00043777467584822,-0.00371969459191721,-0.00756460073103237,0.0314776274983802,0.0165777973507401,-0.000260061740109299,-0.0163746948965071,0.0103563276588151,-0.00102302908006137,0.00428553900586691,-0.00104438312927859,0.00994643068853434,-0.012230062630264
-0.0103845695301413,-0.00586601587073769,-0.000381300584613097,0.000821427533623695,0.00250637316132519,-0.0143150831319877,-0.0084050923438941,-0.0135190410543303,0.013037464916775,0.0119676103124871,-0.0039735784932963,0.00143082915265479,0.0091566983505283,-0.0242931129762416,0.0165777973507401,0.180669075659707,-0.02020190848371,0.00776343828875855,0.00076016834835097,0.00988257759814967,-0.00836951940315531,0.0197625147964406,0.00760680681052948,-0.0291946856931832
0.000979970043890146,0.00518515246692924,0.000386388642621034,0.00585719032856747,0.0168596191070489,0.0104646302676635,0.00815421393711994,0.0111228754083203,0.0193158441205407,-0.00206620448435264,-0.00758339049470761,-0.00207606028651478,0.0216829872130395,0.0119468746939115,-0.000260061740109299,-0.02020190848371,0.0898069068777957,0.00616437987254303,-0.00316598707886149,0.00317766039988565,-0.0284998433005801,-0.000946078097497796,-0.0100738997934889,0.0148973552313193
0.0130143607167522,-0.00319237379400097,0.00117566916358927,-0.00394749090267385,0.0203070497067912,0.00170629083135491,-0.000732823097295094,0.0120068480758399,0.0171276240377921,0.0044440883028911,-0.00350414526698873,0.00686810836943809,0.00776631637461842,0.00614438649954049,-0.0163746948965071,0.00776343828875855,0.00616437987254303,0.106778337560976,-0.0570787569058819,-0.00541497230790506,-0.00573754378581281,0.000116180049346288,-0.00145162607888626,0.00502280268870351
0.00349424922472696,-0.000115752134642319,-0.001048756915807,0.00405387982170786,-0.00666150503216439,0.000134380045080538,0.000831454965264694,-0.0138354754603851,-0.00621120807918325,-0.00232998662039239,0.00186550275491156,-0.00358176831819268,0.000815569851402768,-0.00317846756825483,0.0103563276588151,0.00076016834835097,-0.00316598707886149,-0.0570787569058819,0.0587090538516648,0.00213654594859337,0.00676842619846347,0.00129496981997549,-0.00669771701975303,-0.00132719225850689
-0.0299850240390068,-0.000825525283780129,-0.0100971855013592,0.000471809039420578,-0.00534712530930988,-0.00532727626589173,-0.00959182143734953,0.041988407081316,0.00381075265001572,-0.0171795060053712,0.00441180426537052,-0.00177942317760568,-0.0133243418519092,-0.0164559804743454,-0.00102302908006137,0.00988257759814967,0.00317766039988565,-0.00541497230790506,0.00213654594859337,0.148870185492037,-0.127698893393836,0.00641414380511593,-0.00793149170167842,0.00850801871463714
0.034531351591479,-0.0122386622603047,0.0133102070904036,-0.00909087436654575,0.0169640981395285,-0.00213783159767958,0.0086413837714083,-0.0708493512514234,-0.0579664010637311,0.00544520865390134,0.0141317195176276,-0.00496849140817414,-0.00876732685259293,0.00954275597642978,0.00428553900586691,-0.00836951940315531,-0.0284998433005801,-0.00573754378581281,0.00676842619846347,-0.127698893393836,0.208976899613509,-0.00459810973057415,0.0225193287756675,-0.0168387590851522
-0.00126104031406995,0.000613705523509393,-0.00104552679052026,-0.000470288986169592,0.000710392749466084,-0.00850145466226457,-0.00202942746783809,-0.00472645560654753,0.00674908575465395,0.00552346911333813,-0.00476193734081473,0.006313142193992,0.00282100587589045,-0.0036691003967548,-0.00104438312927859,0.0197625147964406,-0.000946078097497796,0.000116180049346288,0.00129496981997549,0.00641414380511593,-0.00459810973057415,0.0209626536518121,-0.00346731739846315,-0.0133693815490428
-0.0130372981876523,-0.0168335948621137,0.00580661105734661,-0.014441126355008,-0.00848869210389619,0.00185964225565788,-0.0026990427588453,-0.00291388047062593,-0.0324706676269268,0.00800068877662764,-0.00884679932172739,0.00229927790526053,0.0160444835345247,-0.0526483370643877,0.00994643068853434,0.00760680681052948,-0.0100738997934889,-0.00145162607888626,-0.00669771701975303,-0.00793149170167842,0.0225193287756675,-0.00346731739846315,0.170934783006845,-0.146732829648346
0.0109082063022469,0.0140029870805926,-0.0102574095101549,-0.000653826114703934,0.0158857396146771,0.0118798268565421,-0.000590749785333761,0.000111379898352724,0.014202081067385,-0.0236261625116464,0.0264626345010223,-0.0136500085852437,-0.0314843087520306,-0.00668133057787293,-0.012230062630264,-0.0291946856931832,0.0148973552313193,0.00502280268870351,-0.00132719225850689,0.00850801871463715,-0.0168387590851522,-0.0133693815490428,-0.146732829648346,0.233729060659007
