3051.00957734338,11.4301321402784,-263.218615481933,124.125057328854,-1.16663612693579,-333.179517164235,60.5837235557652,-494.224385280215,-263.090231138881,1.49019061964932,275.764928886251,870.685018157449,77.0743387973639,-406.13950140919,-169.824460047189,-102.759152681768,-706.806157726911,-451.330104328683,542.573960312692,93.5208664183148,34.0173649707448,176.168822353902,527.485667348743,221.929418404179,-470.476605436153,-415.706663865846,17.6705720297847,-503.047653263985,-3.63986408255084,-417.118944022485,416.263214720018,-417.085882584308,-7.09807139644137,-621.054543462318,-286.193145778616,83.6322831501506,539.692827880003,-627.287297551184,198.364349097606,-91.7740903209664,-5.37772900583085,-509.227058105016,-167.323193413647,-538.642698647926,357.025042726214,185.772695092253,63.0217258180699,-545.4913011405,158.599973848905,-187.391664440071,230.438587993315,127.390810796313,110.889697213697,-239.920162958531,680.917853448616,640.459936305115,0.624682793931842,55.8894598979386,-533.065836010995,65.4776159408964
11.4301321402784,2255.91923260191,166.622202508047,191.677548325232,0.12136488962102,-212.803501219935,-183.888464518066,97.9603527008653,-173.306672295889,-0.0527638769719272,-300.800842668657,639.007079572485,-203.168281963354,-260.150114142124,69.4432441796801,-402.314138182353,-454.924748815318,486.1421899008,-327.693776548539,-295.180756523104,852.468190459312,-243.089499810258,187.259415704844,-178.277596843604,-303.655639953892,-267.157057244971,-306.558749011202,154.863472670145,0.0292704866741234,186.143367742116,-336.694493399649,260.454463150506,-0.143655875678171,125.49776805543,-184.497663218325,-265.776364823331,-326.012708204996,76.2996385776586,909.736567235642,-290.495937256541,-0.0392596094230835,-324.781247843111,-104.446758949326,-344.045633456215,-376.239267761782,28.552234442097,-34.2700190778782,-347.863038752776,-332.787493921993,406.966342932511,-103.717973181489,199.412836747816,215.861003896987,-443.071684722218,99.6483232557393,288.576627143376,-0.177372889279684,-176.785071988713,-341.950763516699,-94.0660556930914
-263.218615481933,166.622202508047,1786.29287862588,196.979917734782,0.0974624947716836,92.3109233664884,-148.651112462733,-258.196605693037,249.221904122312,-0.0536149885010171,131.590903941189,-219.006005767331,-166.78043014548,-212.997901976859,119.039020029093,-329.568254768138,-374.992671030492,18.7767114494213,261.320176186106,318.736987356959,-278.962922006152,-200.785492606443,231.581082016885,-147.472015775857,-249.486290346281,-221.831714956629,746.574320069426,-263.577688913306,0.0353105670561081,-217.706659929239,-274.068152786944,287.09940817775,-0.140321481764644,173.377544324028,368.640648695965,-217.853403899272,-265.589279384513,-328.708851219474,-329.788836382614,-238.424496026193,-0.0610617264996851,144.505354604307,318.212563687161,109.701963330892,-309.588900722528,79.7795604166704,-309.07645135711,-285.366524979334,67.7010741195103,437.165637832764,-85.9655554337517,-82.4014665846959,-131.515817412552,97.2019139304006,-253.870075821604,315.44115263714,-0.134248682599434,192.085522576509,-280.967732696641,-76.4068337955437
124.125057328854,191.677548325232,196.979917734782,914.35806534806,0.0572619008838659,-101.539459616035,-87.8417933758499,-150.061972418062,-83.9498673941163,-0.031488972048699,-141.737922207599,-126.836085980953,-97.3247738726654,-123.166247686299,-178.63777872839,-191.58954316939,-217.307070899046,-296.487827525523,-155.460826698354,-141.572137857018,-162.642159651362,358.982445701461,298.829277287084,-83.913454857891,281.133604249876,-126.931255211201,287.872536712615,243.868384128984,0.0224903051527076,-125.482760681934,-156.80004808394,-125.718483067549,-0.0743733181804229,-188.100881418153,-85.3483949453046,-126.061584328648,306.477282645865,-189.056220169586,-191.026680809764,-137.90187800551,-0.02956014545259,202.637596279232,-50.2476822308038,-161.959920541633,236.873454077985,161.171074359864,106.125859051684,-164.752719694563,138.253522313507,-166.853984566531,-49.7969868711441,448.781721961921,235.784705210215,-207.833636540525,-146.435264272366,-136.348520957282,-0.0785987247805876,-82.0444430258035,-160.650766132922,-43.507211038331
-1.16663612693579,0.12136488962102,0.0974624947716836,0.0572619008838659,0.00144897703263543,0.129574693507671,-0.226390900209578,0.134373883276736,-0.147669362185399,-0.000498172553933227,0.212945902725874,0.151801828056489,-0.410620402440295,0.152949622794914,0.408695692178558,0.195130403669374,0.263610845675948,-0.121586001095143,0.198505745022347,0.180921680884403,-0.183049813083516,-0.032201689347489,-0.616775269685332,0.101170360955161,0.173092858346642,0.632703854985368,0.166646111534176,0.181068224662851,0.00212998160916896,0.165553825047442,0.211683173378751,0.171278192945421,0.00738902209739309,0.246958183943276,0.121449779731995,0.160350098267267,0.182448221548126,0.232785505900612,0.236282353291019,0.177436385612096,0.00679139375340204,0.209099154057956,0.0634976335522401,0.198696658491971,0.218928970548197,0.22386925406556,0.220203494562947,0.211387526584233,0.204159219612403,0.214267909204831,0.0598925008012342,0.0614519766004312,0.0819840320986082,0.249752328893458,0.176552611006238,0.162000196642964,-0.00195380776430391,0.102839197771336,0.195298320184523,0.0516673359762051
-333.179517164235,-212.803501219935,92.3109233664884,-101.539459616035,0.129574693507671,1801.13718841987,-188.051931900922,5.90219085413013,149.270366665845,-0.0406062099612236,-310.583969596352,-274.37570488766,-210.978586674448,-268.639129843939,-385.910170243263,-415.056231036182,-39.1136088781495,244.285878539017,105.926082447231,162.014750220661,-351.841310304607,-250.62214801242,56.8070634282228,239.94382361705,100.015852091143,-273.382579061876,-313.599179518406,-330.560361948623,0.0212390068253606,-275.858245150254,-342.689522142609,-274.946083449205,-0.0886811165050777,8.22011454299446,677.506680356153,146.534766568996,551.56010910777,351.321567053911,-417.098519509802,6.96558340124676,0.0226675124031005,-336.797619765375,-109.258527219885,301.204995903825,-390.129680644608,602.462018189214,160.632532701674,-358.500221016874,-341.431509039157,-57.6826474796479,-108.06201276461,-103.614672842332,-163.377980161086,694.968053515481,333.787774551063,-69.9824244897808,-0.199777129770978,379.17111238877,-348.25051073809,-96.9577926293768
60.5837235557652,-183.888464518066,-148.651112462733,-87.8417933758499,-0.226390900209578,-188.051931900922,2128.59476523904,-281.413422049081,273.558242846761,0.0424849909797413,137.98450591101,232.285371815268,648.312767812658,-231.142605311447,-330.750884467751,-358.77803749579,-401.816637167483,21.1582507678333,-287.821250110628,-267.132999855613,319.035765105607,-218.401044238461,875.158148066751,392.245848863808,264.916363152594,-236.3968323516,-272.011403073391,-289.553524956213,-0.583069603170283,-238.590516891007,222.207649902808,-238.229248379301,-2.55780397517423,-351.011527126075,-163.146954173804,311.082453512514,-289.899016316888,139.51752956183,549.136781583244,-260.282399950654,-2.20008702614729,159.965788123458,-94.4454433592111,-308.253436666903,-339.612406992568,91.1094081181442,25.4956660235511,-308.587107878217,77.6917921929214,83.1761776892711,339.264162344899,-90.1240255920739,250.918372993819,106.787792841504,575.998857903706,-261.127029130644,0.303740749580168,-157.954951626968,543.135609205671,-83.0858198133558
-494.224385280215,97.9603527008653,-258.196605693037,-150.061972418062,0.134373883276736,5.90219085413013,-281.413422049081,3926.22701164647,220.47174530637,-0.284852479327332,3.0263208850583,-408.712864157893,-314.594155556172,411.814819069805,-46.4003412261757,-13.5830865870804,-693.866704240936,-290.625249049808,1464.69956017563,935.500289556391,184.715215879405,977.465819111727,81.1165763091186,-271.156985358132,745.180939849809,224.372524465168,-468.42346173564,-493.764706766939,0.231930677549196,-406.880587684994,71.197494159117,835.299248967793,-0.84367344872259,-599.893286580211,1000.37254088967,-405.659222206217,-499.361072542865,1076.2322010882,-618.220871075568,7.5453924181087,-0.789295444616951,1026.51925941095,-164.591214026914,923.992253505902,-581.729464321715,392.127218780784,234.935536930021,447.048247201845,335.953856163939,-87.0507408609994,-161.508456901552,-156.626994129801,199.080143919323,457.837706540856,-474.282081081969,-103.350554239259,-0.0220469745992491,-271.922246007308,-42.9659732242505,119.566203220239
-263.090231138881,-173.306672295889,249.221904122312,-83.9498673941163,-0.147669362185399,149.270366665845,273.558242846761,220.47174530637,2259.19962185939,0.153721840812628,203.834618544134,-225.867965063307,-169.399100496561,-219.367415993016,-317.068651339694,-331.183210760858,-383.999795083645,-529.461211458192,-274.488297819418,431.67105426672,1101.66550856387,461.712849170205,355.480232535135,-150.279374766108,-258.850226459644,-228.446578169154,-261.136795130874,-273.531046898052,-0.549695928613059,-225.25938952132,298.580394136787,-222.909425535779,-1.55197064550562,276.104817875934,-148.274439548032,-225.158319808137,-276.538388022925,-339.135225955664,677.90353362047,-244.18600754371,-1.22332153517943,-274.997310533215,405.770095335692,-291.001191819538,-322.48390483171,-328.246931227075,-315.478055128351,192.073244070292,554.084939355062,591.59665909729,395.108771490786,-83.645981543552,-132.455593713831,-375.049832649039,-263.461646773533,-247.827755327258,0.0856425324080004,-149.530633084422,183.496937064879,-79.3409155684799
1.49019061964932,-0.0527638769719272,-0.0536149885010171,-0.031488972048699,-0.000498172553933227,-0.0406062099612236,0.0424849909797413,-0.284852479327332,0.153721840812628,0.011821643414843,0.305708346658032,-0.00380631660041402,0.345780659964947,-0.0317629280594851,-0.604340567971839,-0.170510958521878,-0.0715317675051457,-5.52343021348871,-0.0481301565042804,-0.0348278877645545,-1.84315569051795,0.708670975062697,0.300056824310798,0.0223007952392697,0.00533440918630809,0.745723574871332,-0.0625096113592472,-0.0896657088407661,-0.0156186508673765,-0.0750108397547405,-0.0538083912037443,-0.00477170849075887,0.0113992943618046,-0.0693991113651522,-0.0242885968137046,-0.0695337494244529,-0.118016601950586,-0.114865916774157,-0.0773108499028363,-0.0157421871043632,0.0192513658802711,-0.0298882704877577,0.0140925995560441,-0.042665922391931,-0.032095416421531,-0.0377574795913873,-0.0411458012592903,-0.0338783239442502,-0.0171308500114297,-0.0216202737223781,-0.0161819772627239,-0.0202488652936118,-0.0790884836181582,-0.134200938379622,-0.0503499257928134,-0.0819344304446597,-0.00877098509173906,-0.0296124193976023,-0.083848856867829,-0.0351857930341559
275.764928886251,-300.800842668657,131.590903941189,-141.737922207599,0.212945902725874,-310.583969596352,137.98450591101,3.0263208850583,203.834618544134,0.305708346658032,3568.48473658851,-391.67580372309,-299.673262681968,776.329497092141,-548.409534425258,-583.74761930526,-661.613855914441,-917.985198817302,-475.243714142406,-435.841235904525,-511.983405401762,-358.735230644882,67.4860705440921,-258.859135071374,130.315329530258,-395.771301214501,132.543320291046,-475.688431135198,-0.299201449289331,-394.451000206943,1182.70169129824,-391.939400798661,0.930536149058422,-581.232682838297,343.341112346402,-393.83918874634,764.334549970555,-53.3990470971404,879.360543645641,-426.467692010089,1.19590052725469,-480.666447341683,-159.979975850364,416.06815003712,3.15689554757411,836.309734949642,-164.264141065752,-43.682594553969,-85.7074897948049,-88.8379075505974,312.467657405225,-146.681790634103,192.866680587648,427.949282511221,4.01077645982237,546.953868367853,-0.564591342228293,135.076967074572,-44.2214265677448,114.411409484335
870.685018157448,639.007079572485,-219.006005767331,-126.836085980953,0.151801828056489,-274.37570488766,232.285371815268,-408.712864157893,-225.867965063307,-0.00380631660041402,-391.67580372309,3734.56624200422,250.027223209407,-335.261619622073,88.2987024762156,-518.580429850546,109.094168308473,1337.49708725078,-422.868981783007,-385.374759781336,325.56038859762,420.985007110439,-530.475065144421,449.779043893192,-391.093443323036,-344.401036748475,277.016966904221,203.300050380412,-0.0494219326988466,-343.897553080954,-432.691478460099,-347.160172154941,-0.136595795826706,-511.154984412538,-235.818220015813,336.311675046089,-422.210179226866,98.6851569352882,606.529280342362,119.085592418372,0.0400577279093146,-421.105722038878,-137.625113046054,84.3059067816174,801.588471728305,-501.643144870048,398.489070994346,85.6422118857367,-429.559355097824,522.376860059031,132.093082933551,256.35324489981,-206.693190083554,663.050410213391,1179.56644970084,-5.15752399000652,-0.270522924937564,-230.282785908753,-441.407931423692,-121.461887369023
77.0743387973639,-203.168281963354,-166.78043014548,-97.3247738726654,-0.410620402440295,-210.978586674448,648.312767812658,-314.594155556172,-169.399100496561,0.345780659964947,-299.673262681968,250.027223209407,2524.01539922026,131.543035947535,-375.684442136547,-394.883729276511,161.217949167815,637.369283262076,306.027078904619,370.532255367522,-338.137607214167,-236.138795706438,272.483443223371,424.337699767645,-301.446676950785,-265.181850320164,286.843950400541,223.229399257797,-1.12024401336688,-266.589176182359,-335.283832073382,-268.670590434701,-3.03016803106839,1385.49127390284,-185.443659940598,-267.95213144718,-327.432071407352,-399.949284321931,96.265323435365,-290.767923492875,-2.48392326782367,654.140591758997,-107.095514392993,-343.99623230337,757.610104289506,-386.035429773045,16.1373542480091,-344.910066878627,-329.535278068366,-347.052828227859,-103.819689735543,-101.088124337517,-160.669961599612,102.880474471021,154.171290032712,37.4570316933523,0.374047312490518,-176.611248827587,-340.102802199717,-93.0983251688417
-406.13950140919,-260.150114142124,-212.997901976859,-123.166247686299,0.152949622794914,-268.639129843939,-231.142605311447,411.814819069805,-219.367415993016,-0.0317629280594851,776.329497092141,-335.261619622073,131.543035947535,2689.72539989472,-36.1456833118456,991.504008002285,1005.66218829949,-791.350116832562,-413.97549637602,-376.210236445073,-432.317146059092,-307.952867385588,-512.382683239908,-220.93882156142,-380.498878858068,188.311769874526,121.715871623436,-406.770634856597,-0.00635369703674022,-335.629203847817,546.670236425238,-335.876167335966,-0.134960534739245,524.51614586432,298.857788935487,-336.364322403024,669.543251687818,-39.0031787900819,346.546488759304,8.00777063187397,0.0175236846263043,432.9286748459,-134.757019779478,367.318607512593,10.5240739756699,1141.45336221832,195.834828592169,-33.1196653885484,-418.649652273688,-441.758793952827,-131.473516160774,-127.474073907455,168.208423981534,-90.7185033338351,8.78949682551867,-84.6906330790487,-0.249935272298484,-223.698896814292,361.350455716628,-117.244492159986
-169.824460047189,69.44324417968,119.039020029093,-178.63777872839,0.408695692178558,-385.910170243263,-330.750884467751,-46.4003412261757,-317.068651339694,-0.604340567971839,-548.409534425258,88.2987024762156,-375.684442136547,-36.1456833118456,4970.94219781686,557.582293457721,542.812168181295,275.666509207578,111.097793548931,946.721377330792,137.03332464092,-438.392246267257,12.1674543738556,-317.902547660592,-542.362922664879,882.028049023856,109.259572046038,23.4717272496399,0.944108827678874,91.7847108542476,21.7390069574314,2193.70082891716,0.387451619766347,-56.759451539902,-332.511681363293,851.336250223076,810.696367602442,-728.783266387101,-733.443222398079,1905.73296804919,0.164466361710293,-590.990781529302,880.19311691305,415.200947189269,-53.1964196674119,-171.516649186977,1488.93051072359,420.961051752469,-149.16929297424,325.193182978747,-189.202461884193,-183.633588542615,-287.609203495901,-802.86259776135,-42.3380121362527,-530.098096027302,-0.216215088870077,122.982155558087,408.497692613506,-169.692467954413
-102.759152681768,-402.314138182353,-329.568254768138,-191.58954316939,0.195130403669374,-415.056231036182,-358.77803749579,-13.5830865870804,-331.183210760858,-0.170510958521878,-583.74761930526,-518.580429850546,-394.883729276511,991.504008002285,557.582293457721,5964.6380792939,687.948930393446,397.206113163168,-636.321319349152,-580.60488214693,1033.40950777468,-470.968301588251,-778.293022603753,-345.636905735657,-587.328896973877,1043.23212555886,-597.574224012634,762.639624283225,0.740426609824262,144.757384828688,795.392702793959,255.003061627931,2.36660926132985,751.298952720752,432.461854402782,1018.31240806359,175.316854336864,-776.509759920605,-783.664697181507,1108.54692975199,1.92095711110955,621.846990960576,411.371716444763,523.829276014235,-7.3388673458863,467.08250610639,-230.901197669489,-70.8718680259663,-123.04851139325,-129.394601842918,98.2508628701527,-196.292620721612,239.903077853137,-162.839698941294,-6.94456948763347,-144.278649811885,-0.179455055267304,-344.409588821524,-662.104856404376,142.722298594898
-706.806157726911,-454.924748815318,-374.992671030492,-217.307070899046,0.263610845675948,-39.1136088781495,-401.816637167483,-693.866704240936,-383.999795083645,-0.0715317675051457,-661.613855914441,109.094168308473,161.217949167815,1005.66218829949,542.812168181295,687.948930393446,7230.89640860918,-526.260927024807,-719.245489273135,-656.08945747362,-751.58218179216,-533.791838555462,-891.722141679584,-385.991882787352,-658.325369150533,1065.77199944862,126.595717168824,-707.343489610497,0.00569184795905005,802.892885097988,30.1270634529955,227.040215399367,-0.27438419267535,2327.47911014371,-402.963634028133,-585.335629431633,131.874391498973,-881.487083237601,-218.128842232714,-51.5815731166387,-0.0174224933714426,-58.7015421864645,-235.097148533777,500.547997503269,-68.0831089530233,431.226140842219,225.670102489249,1139.16434140921,-728.63200477867,389.314763523443,88.8238676482793,-221.001772058571,-345.140574963029,-242.434742827163,-681.566423255174,-198.913556744945,-0.418695094383439,146.343215260186,-132.154620466592,134.965960205649
-451.330104328683,486.1421899008,18.7767114494213,-296.487827525523,-0.121586001095143,244.285878539017,21.1582507678333,-290.625249049808,-529.461211458192,-5.52343021348871,-917.985198817302,1337.49708725078,637.369283262076,-791.350116832562,275.666509207578,397.206113163168,-526.260927024807,9677.53045802531,-119.391469924631,952.618134489212,848.003449847627,163.85341634843,-300.270722605192,-538.834130244143,-109.080793669102,-848.228543857694,1543.88415926623,530.222093086871,6.79684292913472,-94.0659446321803,-232.728326191667,20.5192635136193,-7.90958941809749,-1210.61097181443,300.668846442131,856.770135966936,-110.504163272533,289.770109211713,153.149458046436,331.333069940667,-11.3875719755,1737.73554751223,351.249591784613,-400.352574565246,433.234562325906,-1167.385795661,-1138.3407850944,910.714458595954,-1005.5052524503,731.348259554184,-317.568448413203,-306.680757656196,-479.681994308525,1694.91352042708,349.79705173484,-889.199620341027,4.67620425739442,-538.927910543409,-395.248448630376,-283.700888126153
542.573960312692,-327.693776548539,261.320176186106,-155.460826698354,0.198505745022347,105.926082447231,-287.821250110628,1464.69956017563,-274.488297819418,-0.0481301565042804,-475.243714142406,-422.868981783007,306.027078904619,-413.97549637602,111.097793548931,-636.321319349152,-719.245489273135,-119.391469924631,5615.96570624406,458.368123178247,-539.6442691442,519.659856316784,293.112424493672,551.218869868975,-477.385002348268,427.271852411171,341.12287901533,246.41163030703,0.0127132348942466,-418.451205503925,254.041518920898,413.944195909622,-0.127705137081274,201.547173392762,568.738443519006,-425.013585829716,-517.490233222163,874.08986817828,-641.081198284733,-463.523723085324,0.0536586745094918,1524.91393649572,-169.792257505805,102.260757348174,-598.678122735558,51.0687997620833,1030.62054323684,-551.034605110799,1169.23122564745,-555.911253056816,-166.194991472912,-161.494353505994,-249.69286633713,816.478871277411,-490.824879686075,909.327596634882,-0.317127530873742,-276.999694730389,-540.500446445709,205.26179887203
93.5208664183148,-295.180756523104,318.736987356959,-141.572137857018,0.180921680884403,162.014750220661,-267.132999855613,935.500289556391,431.67105426672,-0.0348278877645545,-435.841235904525,-385.374759781336,370.532255367522,-376.210236445073,946.721377330792,-580.60488214693,-656.08945747362,952.618134489212,458.368123178247,5458.13192817717,505.191170795601,1565.0041307716,408.862975289914,-253.748885563308,-432.398948961819,-381.24646530869,1308.52616803435,336.804397692627,0.00135029649913059,375.265560253587,348.250778668096,1384.49988757806,-0.0997448274300476,-567.720355365871,-259.464200174927,493.963960028752,-473.340005432325,-575.806596120373,148.577417327263,-420.222070787993,0.0699795310894887,-468.857110904745,555.674371545364,190.519358319025,291.575319626883,-556.554437895515,31.1341881151129,-502.557310282567,122.133530529597,-502.955790472201,-150.753200073185,-145.259237832479,401.746945946875,970.908336129718,234.16283760415,-418.373845912103,-0.295741945535271,330.663638365239,-493.78514002443,-135.516991949593
34.0173649707448,852.468190459312,-278.962922006152,-162.642159651362,-0.183049813083516,-351.841310304607,319.035765105607,184.715215879405,1101.66550856387,-1.84315569051795,-511.983405401762,325.56038859762,-338.137607214167,-432.317146059092,137.03332464092,1033.40950777468,-751.58218179216,848.003449847626,-539.6442691442,505.191170795601,6556.15854791482,568.750158422386,334.75590967288,-295.344931768758,-495.964082002821,-438.189291112165,-501.203937996454,1096.49094937736,1.51422146155744,332.240387368079,1133.53597559026,461.123988343984,-6.16493938243777,-651.693879223673,-297.716188011819,1348.20395687422,-544.62307309253,147.524107610546,1553.32090487805,168.501771218508,-6.64820805542165,193.199233333905,546.296466274593,-564.444742749861,-618.14511166384,-633.539322124312,-618.56001565894,128.688327921988,1276.51793764679,707.643986437588,178.693928679767,344.943461642992,380.16339798404,-732.478150533937,179.629600652029,501.712376131216,1.60308055718134,301.918452562778,-566.159356628627,-156.074238214231
176.168822353902,-243.089499810258,-200.785492606443,358.982445701461,-0.032201689347489,-250.62214801242,-218.401044238461,977.465819111727,461.712849170205,0.708670975062697,-358.735230644882,420.985007110439,-236.138795706438,-307.952867385588,-438.392246267257,-470.968301588251,-533.791838555462,163.85341634843,519.659856316784,1565.0041307716,568.750158422386,4381.88355530363,495.974695290193,-208.148909240328,-352.637723592393,563.96695084341,489.975701532448,1180.82112074804,-1.16110767387637,422.846435400665,411.564823421529,-315.921456783517,-0.34257415816674,-465.573863576899,-214.703804191552,-316.921794634138,511.240132915526,1079.12997469998,-477.558091893211,-345.901390057879,0.357362271710054,318.6268817201,-127.128638406607,260.38106376171,368.261084384049,-455.337831165994,-443.212970863579,-415.719925739309,775.25468298496,-417.693420839251,-123.664875653962,-119.402045513925,425.892576845113,1042.40837238633,-367.638948628597,128.030875448744,-0.570878692802108,-212.603261848799,-405.930750763273,-110.874740491067
527.485667348743,187.259415704844,231.581082016885,298.829277287084,-0.616775269685332,56.8070634282228,875.158148066751,81.1165763091186,355.480232535135,0.300056824310798,67.4860705440921,-530.475065144421,272.483443223371,-512.382683239908,12.1674543738556,-778.293022603753,-891.722141679584,-300.270722605192,293.112424493672,408.862975289914,334.75590967288,495.974695290193,7251.35062090303,541.358784988723,-590.97203652716,384.508845295415,-603.429827648704,-632.706133662743,-1.45006292886002,-522.1433141935,1017.67752551953,-526.124492172719,-5.02567023569726,-776.946220816654,-355.485456238647,-522.35671762369,-641.272483443578,20.5633624311664,-794.182488487954,721.685981608242,-4.29453975990548,87.1676958853884,-209.682086302544,-678.615896841729,103.991956408977,651.120563226595,-156.718314508847,13.3713943539428,1165.40013850873,-53.4180004691707,144.753251158964,-199.229143718665,325.498069350591,-871.060678649427,-606.973320674242,404.581037622451,0.717277572568891,-349.34358683312,15.5218882745091,-184.403859328623
221.929418404179,-178.277596843604,-147.472015775857,-83.9134548578909,0.101170360955161,239.94382361705,392.245848863808,-271.156985358132,-150.279374766108,0.0223007952392697,-258.859135071374,449.779043893192,424.337699767645,-220.93882156142,-317.902547660592,-345.636905735657,-385.991882787352,-538.834130244143,551.218869868975,-253.748885563308,-295.344931768758,-208.148909240328,541.358784988724,3007.18934252489,-258.404254749334,-227.204950625655,-262.452898249404,-276.140469273932,-0.0657212014981372,-229.075275287522,-284.36707951023,-228.23201416146,-0.0666058857161464,-340.472550455097,-157.787827918968,-232.167815279007,551.499259259077,-343.000298669163,307.641580140684,-252.425777052876,0.0679501186816948,-280.56753202241,-90.5778460890491,320.982420899029,-322.889484407366,-326.283768269473,193.724619745555,-303.329564219679,252.461866158956,-303.723623878757,-90.9981361948803,-87.368115439813,-133.424402547594,342.121108203649,961.6121364794,182.489287618049,-0.199475024517991,375.140259265181,-290.981278887967,-81.8656605013261
-470.476605436153,-303.655639953892,-249.486290346281,281.133604249876,0.173092858346642,100.015852091143,264.916363152594,745.180939849809,-258.850226459644,0.00533440918630809,130.315329530258,-391.093443323036,-301.446676950785,-380.498878858068,-542.362922664879,-587.328896973877,-658.325369150533,-109.080793669102,-477.385002348268,-432.398948961819,-495.964082002821,-352.637723592393,-590.97203652716,-258.404254749334,4801.75347280267,393.439178886164,-451.397192969379,227.81998717626,-0.0697950291204913,-391.051576522819,-487.200120117346,-391.709413133441,-0.149315506125056,-577.73797826635,-264.983922011813,377.666220103706,-476.310926216358,2199.69798205263,-594.222876057015,-425.92769795001,0.0593401814222084,780.769163361676,-156.382559373285,696.414003058973,175.170501056399,653.365342086375,-547.022352783539,90.8238299024212,-484.58626502283,36.4140131890139,149.742092779046,289.465942606388,-229.634747465544,53.1434813712372,144.12857222409,-427.192492013387,-0.316045422852038,-259.944161080082,689.394834595996,187.836013211493
-415.706663865846,-267.157057244971,-221.831714956629,-126.931255211201,0.632703854985368,-273.382579061876,-236.3968323516,224.372524465168,-228.446578169154,0.745723574871332,-395.771301214501,-344.401036748475,-265.181850320164,188.311769874526,882.028049023856,1043.23212555886,1065.77199944862,-848.228543857694,427.271852411171,-381.24646530869,-438.189291112165,563.96695084341,384.508845295415,-227.204950625655,393.439178886164,4599.57607482604,401.398887062194,-415.132980301796,-0.230983275440151,348.075027154942,-429.489145190135,-345.100948706392,4.72785864255837,1089.55892181524,-233.754510174502,-344.773613169697,426.49179794778,940.829939163378,-523.791687041607,211.432367652536,5.0607035406317,235.498789330173,-140.081068227558,182.37088233679,1040.72978708315,140.678244262492,566.151786403324,-455.357193520649,670.272676228766,126.064262067197,182.22123844176,-131.289144238968,-201.919247175564,-579.039417548414,-399.768911174623,65.3846412026678,-1.68927602143333,-231.374801367132,800.187011557127,221.183637185997
17.6705720297847,-306.558749011202,746.574320069426,287.872536712615,0.166646111534176,-313.599179518406,-272.011403073391,-468.42346173564,-261.136795130874,-0.0625096113592472,132.543320291046,277.016966904221,286.843950400541,121.715871623436,109.259572046038,-597.574224012634,126.595717168824,1543.88415926623,341.12287901533,1308.52616803435,-501.203937996454,489.975701532448,-603.429827648704,-262.452898249404,-451.397192969379,401.398887062194,4971.18616617873,230.40889084674,0.00116356872220355,271.902254997807,240.524024609809,386.256677140015,-0.306141666652594,192.463485860707,-268.994596712787,-394.776084019113,339.133845566777,112.194071350941,48.8566023395937,-432.67783679724,-0.130118643499706,152.969344925821,470.783727891572,1317.3368683757,1666.61549316555,-573.925827447994,460.624396630484,-525.668583978707,38.8896628240091,-522.061169641633,-156.130700605391,295.968288748746,325.016741496146,766.428721048695,-458.030859396698,-436.101564308152,-0.255421513680976,256.83840451758,95.3874623866169,-138.931495551717
-503.047653263985,154.863472670145,-263.577688913306,243.868384128984,0.181068224662851,-330.560361948623,-289.553524956213,-493.764706766939,-273.531046898052,-0.0896657088407661,-475.688431135198,203.300050380412,223.229399257797,-406.770634856597,23.4717272496399,762.639624283225,-707.343489610497,530.222093086871,246.41163030703,336.804397692627,1096.49094937736,1180.82112074804,-632.706133662743,-276.140469273932,227.81998717626,-415.132980301796,230.40889084674,4713.43677088093,0.0449095687010096,813.168130253769,-518.554157526494,-415.331208826943,-0.285584830693619,809.507317204419,-283.747760939122,1021.08492002298,-511.398334954532,22.3227366500425,-631.915545854296,70.7051633068332,-0.124020525646578,1254.16173129614,-165.641761757873,22.9158635014056,778.505066715745,-598.022913925522,-115.03556714371,-544.658665872687,463.277014525351,-545.72735998831,-163.283486212599,250.84193222332,266.179741762208,616.406760424915,-481.728519039182,-60.7708984652477,-0.258313487679954,201.588368151347,-529.056362584085,-147.161308291427
-3.63986408255084,0.0292704866741234,0.0353105670561081,0.0224903051527076,0.00212998160916896,0.0212390068253606,-0.583069603170283,0.231930677549196,-0.549695928613059,-0.0156186508673765,-0.299201449289331,-0.0494219326988466,-1.12024401336688,-0.00635369703674022,0.944108827678875,0.740426609824262,0.00569184795905005,6.79684292913472,0.0127132348942466,0.00135029649913059,1.51422146155744,-1.16110767387637,-1.45006292886002,-0.0657212014981372,-0.0697950291204913,-0.230983275440151,0.00116356872220355,0.0449095687010096,0.0237610086293573,0.0635671349857636,0.0324216243392209,-0.0200714993039827,0.000444141137519375,0.0437012673978547,0.0198751996168529,0.0471854659664574,0.0799284682320364,0.0729642310972853,0.0286345196979305,-0.018755095353434,-0.0117893190284026,0.00436510373067027,-0.0384763203851295,-0.0158080384327139,-0.0331292194261581,-0.0245568172128857,-0.0144789673458617,-0.0109476316871464,-0.0234617057776877,-0.0227631591650768,-0.00230312924257332,0.009233047499117,0.0584909999754509,0.0755788929921801,0.000450458025938331,0.0387944028518072,0.00939735846191313,0.00462726380866934,0.0409971746157677,0.0238184408581701
-417.118944022485,186.143367742116,-217.706659929239,-125.482760681934,0.165553825047442,-275.858245150254,-238.590516891006,-406.880587684994,-225.25938952132,-0.0750108397547404,-394.451000206943,-343.897553080954,-266.589176182359,-335.629203847817,91.7847108542476,144.757384828688,802.892885097988,-94.0659446321803,-418.451205503925,375.265560253587,332.240387368079,422.846435400665,-522.1433141935,-229.075275287522,-391.051576522819,348.075027154942,271.902254997807,813.168130253769,0.0635671349857636,3729.44421189825,-431.828192153259,337.141453246838,-0.109022341733777,160.631018786113,-236.930501793983,334.787705400875,-425.756180685656,-522.355854104284,-524.674923285288,120.245624445201,0.0116683787678378,-421.50082131283,-138.246998340209,80.6321787405494,-491.37974739113,-499.169183415001,397.800479934541,619.062742279143,35.8233044130006,38.7767217966381,-134.73304781592,256.5296422388,280.194288044519,660.853331907628,-402.690860196534,-379.020474397551,-0.236431714517033,223.14189026424,-442.525269286078,165.337989790732
416.263214720018,-336.694493399649,-274.068152786944,-156.80004808394,0.211683173378751,-342.689522142609,222.207649902808,71.197494159117,298.580394136787,-0.0538083912037443,1182.70169129824,-432.691478460099,-335.283832073382,546.670236425238,21.7390069574314,795.392702793958,30.1270634529955,-232.728326191667,254.041518920898,348.250778668096,1133.53597559025,411.564823421529,1017.67752551953,-284.36707951023,-487.200120117346,-429.489145190135,240.524024609809,-518.554157526494,0.0324216243392209,-431.828192153259,5072.76158593494,314.672882274626,-0.0672312818035932,839.955413043262,-295.750602415323,317.326897924604,253.957915019448,-651.303886475171,-37.2643138825804,72.5353353209933,0.108881337429688,78.6127399921922,423.077428280841,17.7643093282221,92.9984276283161,1139.35170223519,359.640305117676,19.5099265236751,477.856539425433,-34.0921447844069,124.290031022191,-164.249378352815,275.723004944415,-727.642946484306,-501.592349308183,-475.610208698002,-0.333738405768862,-287.441852498567,592.560862771595,477.128539326855
-417.085882584308,260.454463150506,287.09940817775,-125.718483067549,0.171278192945421,-274.946083449205,-238.2292483793,835.299248967793,-222.909425535779,-0.00477170849075887,-391.939400798661,-347.160172154941,-268.670590434701,-335.876167335966,2193.70082891716,255.003061627931,227.040215399367,20.5192635136193,413.944195909622,1384.49988757806,461.123988343984,-315.921456783517,-526.124492172719,-228.23201416146,-391.709413133441,-345.100948706392,386.256677140015,-415.331208826943,-0.0200714993039827,337.141453246838,314.672882274626,4426.24309301073,0.00600571381547038,-509.285846410831,-237.293057678738,449.948806782883,-423.391156877505,-522.20740606547,-523.383441698122,200.410566890108,0.169889995696524,-425.967116005268,1137.33963926147,170.071746591129,-493.282385849577,-500.798030804985,29.6544774362535,796.039402532305,-425.647782417597,686.774713244726,-133.961510963317,321.157160307844,-204.287101707223,-576.167944732098,-400.048875849199,-378.000452716986,-0.299186888272261,300.724741036307,-440.685406682784,213.665069771336
-7.09807139644137,-0.143655875678171,-0.140321481764644,-0.0743733181804229,0.00738902209739309,-0.0886811165050777,-2.55780397517423,-0.84367344872259,-1.55197064550562,0.0113992943618046,0.930536149058422,-0.136595795826706,-3.03016803106839,-0.134960534739245,0.387451619766347,2.36660926132985,-0.27438419267535,-7.90958941809749,-0.127705137081274,-0.0997448274300476,-6.16493938243777,-0.34257415816674,-5.02567023569726,-0.0666058857161464,-0.149315506125056,4.72785864255837,-0.306141666652594,-0.285584830693619,0.000444141137519375,-0.109022341733777,-0.0672312818035932,0.00600571381547037,0.0883415572794875,-0.0980787453314311,0.0135361955827937,-0.149551369257206,-0.323411923598775,-0.29452205155027,-0.230899559758181,-0.0603519353949336,0.0871623876224425,-0.0295832430044466,-0.028431213535528,-0.219787410497826,-0.209290556119805,-0.206033464813186,-0.186504531420787,-0.126012074219159,-0.0711574140283951,-0.0917552612539908,-0.0783201944811055,-0.0528702145339483,-0.225088781827836,-0.40543265627784,-0.216329267262272,-0.273886958236179,-0.0203268662054609,-0.108014479690843,-0.251692967601375,-0.0985706632954532
-621.054543462318,125.49776805543,173.377544324028,-188.100881418153,0.246958183943276,8.22011454299446,-351.011527126075,-599.89328658021,276.104817875934,-0.0693991113651522,-581.232682838297,-511.154984412538,1385.49127390284,524.51614586432,-56.759451539902,751.298952720752,2327.47911014371,-1210.61097181443,201.547173392762,-567.720355365871,-651.693879223673,-465.573863576899,-776.946220816654,-340.472550455097,-577.73797826635,1089.55892181524,192.463485860707,809.507317204419,0.0437012673978547,160.631018786113,839.955413043262,-509.285846410831,-0.0980787453314311,6240.95492798992,-350.52149356669,-509.25401300735,-631.225557232687,-769.607944281532,-775.892311477264,-556.418583742199,0.105765093167415,658.023145335909,-205.715015902709,-51.0337330961367,15.7286974751142,-120.850403101728,810.409936094928,-668.888587319965,-632.250047260378,-107.415055177337,108.790542068642,-193.794403910197,-303.305603540481,-858.095201679257,-595.139459397184,-132.758459585505,-0.384701200674911,-342.697394078451,-51.3336318840226,481.752100354101
-286.193145778616,-184.497663218325,368.640648695965,-85.3483949453046,0.121449779731995,677.506680356153,-163.146954173804,1000.37254088967,-148.274439548032,-0.0242885968137046,343.341112346402,-235.818220015812,-185.443659940598,298.857788935487,-332.511681363293,432.461854402782,-402.963634028133,300.668846442131,568.738443519006,-259.464200174927,-297.716188011819,-214.703804191552,-355.485456238647,-157.787827918968,-264.983922011813,-233.754510174502,-268.994596712787,-283.747760939122,0.0198751996168529,-236.930501793983,-295.750602415323,-237.293057678738,0.0135361955827937,-350.52149356669,3179.19998241168,-232.401482522039,-288.177047785673,382.182297800105,-359.429346324313,334.737744540863,0.109059877964223,-286.411512095144,-93.9265838276207,960.985341450748,-335.542928205075,-340.292991921409,196.223354946646,-305.782039254637,262.193504375404,276.51774891741,-92.0471783405425,-87.9419069825932,438.175563296494,1091.13809715415,-271.920551338628,189.451611772378,-0.194948062278141,-156.908634243837,-299.908884540141,-82.7520160538971
83.6322831501506,-265.776364823331,-217.853403899272,-126.061584328648,0.160350098267267,146.534766568996,311.082453512514,-405.659222206217,-225.158319808137,-0.0695337494244529,-393.83918874634,336.311675046089,-267.95213144718,-336.364322403024,851.336250223076,1018.31240806359,-585.335629431633,856.770135966936,-425.013585829717,493.963960028752,1348.20395687422,-316.921794634138,-522.35671762369,-232.167815279007,377.666220103706,-344.773613169697,-394.776084019113,1021.08492002298,0.0471854659664574,334.787705400875,317.326897924604,449.948806782883,-0.149551369257206,-509.25401300735,-232.401482522039,4406.06859256507,-417.78240726579,197.318290710021,-525.284374584108,1355.26750072638,-0.0202606289180346,-419.448436276646,500.38911841936,-444.808675626274,260.663210823899,-497.765514807827,30.8934596529026,172.626214162229,648.154442673872,117.948122696411,-134.853678520018,-130.027101652295,-204.816075134249,148.587211083674,831.327196443504,-376.312374093438,-0.233071118759745,299.105930551829,167.36860417939,-120.710535769124
539.692827880003,-326.012708204996,-265.589279384513,306.477282645865,0.182448221548126,551.56010910777,-289.899016316888,-499.361072542865,-276.538388022925,-0.118016601950586,764.334549970555,-422.210179226866,-327.432071407352,669.543251687818,810.696367602442,175.316854336864,131.874391498973,-110.504163272533,-517.490233222163,-473.340005432325,-544.62307309253,511.240132915526,-641.272483443578,551.499259259077,-476.310926216358,426.49179794778,339.133845566777,-511.398334954532,0.0799284682320364,-425.756180685656,253.957915019448,-423.391156877505,-0.323411923598775,-631.225557232687,-288.177047785673,-417.78240726579,5604.98205705024,-636.265612334204,-644.073095592562,147.415620184545,-0.177511410053771,-516.87000865612,-171.158892555169,101.970555413581,-602.064307463727,703.510784385275,-54.174106515289,-549.7836216394,-525.409930690485,-556.735515436821,-165.065106594615,-159.182293086575,-250.45046105057,52.3431067085581,805.116099228973,450.343318293149,-0.239213497810024,1383.15715261509,738.116737722473,-146.902075371823
