0.17010780264615,-0.00311778722944967,0.0185517168731726,-0.00209699188695541,0.0329782111533415,0.0128978909377946,0.0138440391235006,-0.00548418553823003,-0.00581643115620613,0.0105010422442385,0.00999276588490964,0.0129613649304103,0.00574180639137877,0.0167790100899513,-0.00317292018500103,-0.0188336536798867,0.0104785462685734,0.013447919409475,-0.00417313040244142,-0.0190705967065012,0.0281956329247576,-0.00174833426576348,0.00338156958066881,0.00610094718937263
-0.00311778722944967,0.0294031647450599,-0.000740507333994743,0.01911667723773,-0.00027785104969442,-0.000870126639466414,0.00102056107918337,-0.000744157555559745,0.0190060086126147,-0.00303033752901991,0.00110175255229696,-4.92238052951305e-05,-0.00943892637908644,0.0197029241554069,-0.0062255624615495,0.000466306137927204,0.00782398417815507,0.00065127932006795,-0.000158764762391244,-0.00436497513900137,-0.00699360855556621,-0.00129450213612296,-0.0117130621328765,-0.000749857625024673
0.0185517168731726,-0.000740507333994743,0.0735134805051369,-0.000112515263882046,0.00597849444860052,0.00798143758076961,0.00229147955048911,0.0086585263419032,-0.0082126917322289,0.00242794465993363,0.0211852914060576,0.0240922194769703,-0.00480013200638531,0.0103424216467274,-0.00118109307312597,-0.00280408898288784,0.00411909534553877,-0.00372853565467238,0.00341243922068478,-0.00742741364722314,0.0167853965154742,4.82420411072127e-05,0.00686740306943596,-0.00777328272351396
-0.00209699188695541,0.01911667723773,-0.000112515263882046,0.0256629253884031,0.00125392900786651,-0.00273221450047524,-0.00041905669627681,0.000483344396888788,0.0190321548619631,6.58011175257483e-05,-0.00113541178901597,0.000846709283370438,-0.00288509405042369,0.0216398709036257,-0.00353528457386107,0.00013312169830171,0.0122783179408357,-0.000895832489705251,0.00232240814429972,-0.00307344020062937,-0.00912528136134459,-0.00031776695360242,-0.0103939931844963,-0.0128312814281081
0.0329782111533415,-0.00027785104969442,0.00597849444860052,0.00125392900786651,0.150714637790609,0.0196200245903106,-0.00440271946289103,0.0129154238879044,0.00296252878494344,0.0145235085027121,0.00632785640969458,0.000866896888886703,0.00576128895249281,0.0197532759514479,-0.00310948374546434,0.00381666204276981,0.00806187415394814,0.00847960226447461,-0.0054855574211621,9.43781713125589e-05,-0.00296883725401288,0.00137008381062432,-0.0123034091031976,0.0134324383850139
0.0128978909377946,-0.000870126639466414,0.00798143758076961,-0.00273221450047524,0.0196200245903106,0.0968863767186515,0.00819015091572029,0.028627844931663,-0.000687162366587763,0.0202929768655731,-0.00236614613346474,0.00668960996192075,0.0148229179782986,0.0128330662275179,0.000809303181959046,0.00714292242875579,0.00480671199469735,0.000318303393649113,-0.00314657522376598,-0.00623117524315366,-0.00319790231384569,-0.0124079603174905,0.00275584051078432,0.0106235706194731
0.0138440391235006,0.00102056107918337,0.00229147955048911,-0.00041905669627681,-0.00440271946289103,0.00819015091572029,0.058828373832815,-0.00366644317113569,-0.000549413663162704,-0.000568909945761911,-0.00287290275887187,0.00298633024491338,0.0108896630269772,0.00766067505441403,0.00176244743388473,0.00323920247838127,0.00560616225547844,-0.00562069968898753,0.0031196033747363,-0.0136445098507605,0.0110597355110366,2.11965435290623e-06,-0.000759280178953463,-0.00725806353754099
-0.00548418553823003,-0.000744157555559745,0.0086585263419032,0.000483344396888788,0.0129154238879044,0.028627844931663,-0.00366644317113569,0.141178795838738,0.0190740857676208,0.0210932948230802,-0.00215644936671458,0.00502170387849785,-0.000406105030536972,0.00983453032841992,-0.00422906639552248,0.0028474648609299,0.0158343642746369,0.000618201135534771,-0.00365810526235658,0.0272711697064871,-0.0490488093798108,-0.00157583782286331,0.00372175003750462,-0.00154497974021398
-0.00581643115620613,0.0190060086126147,-0.0082126917322289,0.0190321548619631,0.00296252878494344,-0.000687162366587763,-0.000549413663162704,0.0190740857676208,0.120025393272392,0.00398780433407183,-0.00971450191984081,-0.00782246296613449,-0.00435016070103483,0.0250588485904632,-0.00591974392716965,0.0101125870616936,0.0173311500717681,0.0100168584247518,0.00259381809374271,0.000869286641748963,-0.0576517524592184,0.00335978189593106,-0.0264675946121418,0.00190875023433787
0.0105010422442385,-0.00303033752901991,0.00242794465993363,6.58011175257483e-05,0.0145235085027121,0.0202929768655731,-0.000568909945761911,0.0210932948230802,0.00398780433407183,0.0422832370095502,0.000701023939362996,0.00448394139186186,0.00789469364683184,0.021395818431199,0.00265321060333104,0.001494144572408,0.00397460776575758,0.000701220139159365,-0.00174072254621339,-0.0136918182711026,0.000685634943082774,0.003263482124404,0.000905566509422035,-0.0191946664876389
0.00999276588490964,0.00110175255229696,0.0211852914060576,-0.00113541178901597,0.00632785640969458,-0.00236614613346474,-0.00287290275887187,-0.00215644936671458,-0.00971450191984081,0.000701023939362996,0.127478094186187,-0.00168289969057302,-0.0154323380776642,-0.0101535503340803,0.00268939703367977,-0.00510284315352427,-0.00134739958111336,0.0101897079797392,-0.000518386588494362,0.00523206201526957,0.00902938659508811,-4.71552087870089e-05,-0.00479890163797122,0.0157158917434149
0.0129613649304103,-4.92238052951305e-05,0.0240922194769703,0.000846709283370438,0.000866896888886703,0.00668960996192075,0.00298633024491338,0.00502170387849785,-0.00782246296613449,0.00448394139186186,-0.00168289969057302,0.0372845189858548,0.00320571351791709,0.00821982331495625,0.000611357470001643,0.00160849599803369,-0.00122959616416401,-0.00177013930548669,0.000393783720294877,-0.000382465607046222,0.0114828801206399,0.0025415302957537,-0.0031808995430976,-0.00104561623813262
0.00574180639137877,-0.00943892637908644,-0.00480013200638531,-0.00288509405042369,0.00576128895249281,0.0148229179782986,0.0108896630269772,-0.000406105030536972,-0.00435016070103483,0.00789469364683184,-0.0154323380776642,0.00320571351791709,0.124461662903558,-0.0149974108715438,0.00564121482354146,0.0119797756561442,0.00802978758481393,0.00182276419138989,-0.00542838484905417,0.00450253717127052,-0.0107259015935455,0.00220562523760941,0.0184936469826481,-0.0194137843543904
0.0167790100899513,0.0197029241554069,0.0103424216467274,0.0216398709036257,0.0197532759514479,0.0128330662275179,0.00766067505441403,0.00983453032841992,0.0250588485904632,0.021395818431199,-0.0101535503340803,0.00821982331495625,-0.0149974108715438,0.242100539483981,-0.016540021371064,-0.0237332126050855,0.0139462517848544,0.0100271636703621,-0.00636980306572855,0.00256396536864799,-0.0140277505022572,-0.00257756117131381,-0.0441448777002235,-0.0263639462147074
-0.00317292018500103,-0.0062255624615495,-0.00118109307312597,-0.00353528457386107,-0.00310948374546434,0.000809303181959046,0.00176244743388473,-0.00422906639552248,-0.00591974392716965,0.00265321060333104,0.00268939703367977,0.000611357470001643,0.00564121482354146,-0.016540021371064,0.0438700464131272,0.0112059758266162,0.00184264228345672,-0.0121773615384028,0.00576455186269721,0.00281454010729286,0.0049472889245724,0.00140596931544467,0.00523589341587082,0.000176574836199097
-0.0188336536798867,0.000466306137927204,-0.00280408898288784,0.00013312169830171,0.00381666204276981,0.00714292242875579,0.00323920247838127,0.0028474648609299,0.0101125870616936,0.001494144572408,-0.00510284315352427,0.00160849599803369,0.0119797756561442,-0.0237332126050855,0.0112059758266162,0.174358077142429,-0.0197599265296437,0.00835561065156752,-0.00531104864148495,-0.0114368797223088,0.00980658256598732,0.00397335446102657,-0.00435203404961569,-0.0042108058871833
0.0104785462685734,0.00782398417815507,0.00411909534553877,0.0122783179408357,0.00806187415394814,0.00480671199469735,0.00560616225547844,0.0158343642746369,0.0173311500717681,0.00397460776575758,-0.00134739958111336,-0.00122959616416401,0.00802978758481393,0.0139462517848543,0.00184264228345672,-0.0197599265296437,0.0795434402094557,0.00334383595433824,-0.005193569269513,0.00111028345565672,-0.0201982660204219,-0.00204180005817423,-0.00958024940798183,-0.00996408152236204
0.013447919409475,0.00065127932006795,-0.00372853565467238,-0.000895832489705252,0.00847960226447461,0.000318303393649113,-0.00562069968898753,0.000618201135534771,0.0100168584247518,0.000701220139159365,0.0101897079797392,-0.00177013930548669,0.00182276419138989,0.0100271636703621,-0.0121773615384028,0.00835561065156752,0.00334383595433824,0.0878891793138917,-0.0505350079833261,-0.0118309850059738,0.00729617483305156,-0.000884463662377794,-0.000731682330428156,-0.00206686030946391
-0.00417313040244142,-0.000158764762391244,0.00341243922068478,0.00232240814429972,-0.0054855574211621,-0.00314657522376598,0.0031196033747363,-0.00365810526235658,0.00259381809374271,-0.00174072254621339,-0.000518386588494362,0.000393783720294877,-0.00542838484905417,-0.00636980306572855,0.00576455186269721,-0.00531104864148495,-0.005193569269513,-0.0505350079833261,0.0514386977132019,0.00585968436286266,-0.00344141496453475,0.00149751500174032,-0.00142287028002148,-0.00299577391259477
-0.0190705967065012,-0.00436497513900137,-0.00742741364722314,-0.00307344020062937,9.43781713125589e-05,-0.00623117524315366,-0.0136445098507605,0.0272711697064871,0.000869286641748963,-0.0136918182711026,0.00523206201526957,-0.000382465607046222,0.00450253717127052,0.00256396536864799,0.00281454010729286,-0.0114368797223088,0.00111028345565672,-0.0118309850059738,0.00585968436286266,0.139577723709689,-0.120358047657945,-0.00120441326718285,-0.000602793315345646,0.00255374165484127
0.0281956329247576,-0.00699360855556621,0.0167853965154742,-0.00912528136134459,-0.00296883725401288,-0.00319790231384569,0.0110597355110366,-0.0490488093798108,-0.0576517524592184,0.000685634943082774,0.00902938659508811,0.0114828801206399,-0.0107259015935455,-0.0140277505022572,0.0049472889245724,0.00980658256598732,-0.0201982660204219,0.00729617483305156,-0.00344141496453475,-0.120358047657945,0.198603614919675,0.00253614347558534,0.0167335575190422,-0.00103580836487463
-0.00174833426576348,-0.00129450213612296,4.82420411072127e-05,-0.00031776695360242,0.00137008381062432,-0.0124079603174905,2.11965435290623e-06,-0.00157583782286331,0.00335978189593106,0.003263482124404,-4.71552087870089e-05,0.0025415302957537,0.00220562523760941,-0.00257756117131381,0.00140596931544467,0.00397335446102657,-0.00204180005817423,-0.000884463662377794,0.00149751500174032,-0.00120441326718285,0.00253614347558534,0.0223328664668427,-0.00485538837936782,-0.0151081814540793
0.00338156958066881,-0.0117130621328765,0.00686740306943596,-0.0103939931844963,-0.0123034091031976,0.00275584051078432,-0.000759280178953463,0.00372175003750462,-0.0264675946121418,0.000905566509422035,-0.00479890163797122,-0.0031808995430976,0.0184936469826481,-0.0441448777002235,0.00523589341587082,-0.00435203404961569,-0.00958024940798183,-0.000731682330428156,-0.00142287028002148,-0.000602793315345646,0.0167335575190422,-0.00485538837936782,0.153127790394886,-0.120584347628283
0.00610094718937263,-0.000749857625024673,-0.00777328272351396,-0.0128312814281081,0.0134324383850139,0.0106235706194731,-0.00725806353754099,-0.00154497974021398,0.00190875023433787,-0.0191946664876389,0.0157158917434149,-0.00104561623813262,-0.0194137843543904,-0.0263639462147074,0.000176574836199097,-0.0042108058871833,-0.00996408152236204,-0.00206686030946391,-0.00299577391259477,0.00255374165484126,-0.00103580836487463,-0.0151081814540793,-0.120584347628283,0.235165867512289
