0.0358627823231845,0.0060351506462277,0.000311643693132494,-0.00227112015265942,-0.000716232358307011,0.00057850250030952,-0.00206989169125904,0.0218665180249791
0.0060351506462277,0.0226009443515363,0.000546870233977329,-0.000714939168226809,0.00520908049717367,0.00244720287470859,0.00318198957730527,0.00992184879978223
0.000311643693132494,0.000546870233977329,0.0239888665142566,0.00568405032618258,0.00612580202159719,-0.000159421629238158,-0.000666269722125449,0.0073393195827912
-0.00227112015265942,-0.000714939168226809,0.00568405032618258,0.0247080971194691,0.00798075700633636,0.00838218338380608,0.00480295981483985,-0.00247783093704849
-0.000716232358307011,0.00520908049717367,0.00612580202159719,0.00798075700633636,0.0177550172110896,0.0038004354594137,0.000292259985808811,-0.00370650123760725
0.00057850250030952,0.00244720287470859,-0.000159421629238158,0.00838218338380608,0.0038004354594137,0.0162336438255337,0.00525300396817649,-0.00370693245148331
-0.00206989169125904,0.00318198957730527,-0.000666269722125449,0.00480295981483985,0.000292259985808811,0.00525300396817649,0.0240015026653671,0.00652579725060739
0.0218665180249791,0.00992184879978223,0.0073393195827912,-0.00247783093704849,-0.00370650123760725,-0.00370693245148331,0.00652579725060739,0.0380221324997863
