1616.75248164447,75.9416808569023,-133.341465946862,-69.2904531903337,56.2131206743836,-257.702613806504,132.155498258129,-0.386210254114757,9.85942425309277,-312.265762747585,-144.49350181241,-291.137637892254,151.291112061729,96.8582988162353,321.625919223152,-260.131205244778,158.591906679547,-639.88871156664,-299.662731702856,-494.306879058695,637.740506023197,-266.267150656216,288.248336995029,41.1550858387617,-207.249219459372,-302.129647511474,14.2520671694063,-0.0135490052603642,599.499512754157,1006.77683307524,-0.725949097369305,389.884443495094,12.0325803914776,54.2492575224541,397.101135524488,-388.324387361115,-434.02086893807,-104.445175611676,-24.3630377472315,41.2952673575805,13.6131087443544,-248.814494301427,674.731343554898,243.402700416244,358.08939193912,40.7696914282554,324.477278016,125.660582275871,0.22011090737635,-138.136422428796,98.6260275840824,-196.421743845507,679.659492056245,40.6324410365382,-139.64543854925,-95.8927694071432,32.3105734542474,8.09765089658791,274.490398802008,68.2006535218532
75.9416808569023,1533.24536686522,-122.038796234502,-62.8224014269064,81.9693709937855,73.391583659843,495.45964449855,-0.325733757513697,973.571187223984,386.827212769163,-130.623744720766,125.594156239069,-191.28077252242,124.262734457522,-391.527985163159,-236.356766026022,202.315907754689,-579.807707768126,-271.720705594388,-450.283623570641,-182.988056588385,166.141027967962,-105.829373747492,495.856391143693,-188.868282075579,-275.200961680957,533.958190792245,0.00105157629179427,-218.873026863926,643.385113547227,-348.38105173929,61.598628739047,58.1444010968118,-317.33354261907,467.464034806535,483.087304802619,-395.746361028909,279.197508273935,-352.088703885034,79.8232979292461,56.5645112865877,156.725389637846,-288.215426522151,-3.76950027094101,-247.85294764999,75.3642232375674,-183.172449240723,151.865372058024,0.189379490842121,174.162552305018,113.224523044004,-179.205832170212,-179.492641369517,73.7106007662016,-127.291344423463,165.381676821503,61.2312281110316,-192.896823283167,-190.488747422222,-85.1512675813556
-133.341465946862,-122.038796234502,1134.8243241374,105.065119041283,68.7299475873499,-202.206743363461,136.41776577829,-0.736818842778096,571.15063551891,332.23184632395,-110.727385472509,108.265786911962,-164.892081540885,-157.798527824735,-5.40600856081539,184.429926365553,-254.988605852807,-502.266943250584,152.81110439184,-390.877695271604,-158.417640448196,139.473150588625,267.038911493075,72.350440725904,201.702613959615,569.007152829499,-340.940131875575,-0.520198579536382,-190.636740188459,-185.141907012532,41.1060831221464,50.1696355416709,701.779154715617,-273.192399581492,23.9045216711703,53.0411974878802,391.400282973307,-82.2160777591884,347.289373829927,64.6370197040762,44.632320422856,461.016714893748,-249.070912013932,-5.86327896813792,-216.026524015315,63.1966030041266,-159.716372549831,-135.014092230037,0.0328236034773079,407.790526037256,96.8924481446173,209.005196993885,-154.488692404552,-201.554290682899,107.077123403191,332.795182544062,-166.33368360891,618.066594957845,-164.094207418524,-73.6548812715844
-69.2904531903337,-62.8224014269065,105.065119041283,540.521835058176,-74.5656332421065,132.052431536184,-77.1647953483106,-0.00679791810608215,-115.369067082528,133.046254765555,236.608026233329,-116.136763357578,-84.3424228868401,-80.3169176026116,126.360349663219,244.098459241547,-131.460910495307,-256.714927531885,-119.805798539452,168.686241705424,-80.3415957571593,-108.132126303318,-47.2023792727289,-142.774340758595,-83.0242937282719,241.453894732753,-174.655160746998,-0.17947978385065,-98.1629122664554,235.361452362974,-154.179950239219,-145.626853178671,-143.001323873529,-139.573405462743,-182.347628877031,-158.788323633494,152.571855357626,-42.6908650140319,135.361733215141,-111.070985227382,-137.726151380438,-101.356293537933,-127.523900840176,-135.174588733432,141.324716313531,135.68825701066,127.662884286163,-70.0556133067642,-0.0609512590109879,-57.0879514380423,113.847784453359,-79.280975827428,-80.2300939724411,-103.123754946274,138.548310640293,-126.424993657948,109.392194011361,88.7982064025225,107.497408102971,-37.7661804260641
56.2131206743836,81.9693709937855,68.7299475873499,-74.5656332421065,1858.43004502252,-273.645047652436,-202.827489983786,-0.374696707530491,332.468319314665,14.9592868475394,245.39296321435,497.206167851944,-221.468508239926,-213.092038019533,-55.1836083052802,662.344789613474,168.255265440699,-681.548422213939,616.157813196803,-33.6361081202684,-214.845467281696,134.539164490216,-126.216812051132,-380.151745148204,-224.930148262932,159.467918050558,-463.973777754722,0.0100049697560264,190.412142528983,190.046485668186,-410.346151917973,-390.684337895207,13.3839425811373,487.953979006198,-29.2742780961976,449.915589902557,858.758754365241,-113.538707884892,-23.4026577588652,44.8866315754906,-365.819059492012,127.371593405672,368.604232138537,-49.2384308395307,-296.500956593862,370.042358069302,64.2840551890363,-184.254208997535,0.223135766843849,161.86772383742,-97.795515809787,227.595906305112,-212.942541616947,42.9725175206186,-149.564651669095,-104.259387372238,-229.31709714401,7.47997975959333,34.8049775709919,-99.9435543889102
-257.702613806504,73.391583659843,-202.206743363461,132.052431536184,-273.645047652436,3130.97713618473,143.676554631024,-0.478267787730944,-33.2386951840561,-33.3297268967962,-214.686749541061,-429.891197576135,164.116457446324,-300.29426442667,-643.406203791071,190.772540335056,786.469808489761,-350.580555909935,133.851578278145,-736.022397677199,-298.206238204323,642.981576361556,-174.004069927178,-3.76471102389696,779.511255781094,-456.712212285579,-52.4233416233867,0.0414109755643554,-362.486545190843,741.392019338555,448.806450281506,458.840960805115,-41.2505128420205,545.202553522043,-669.11039304778,-42.6116094257943,-107.765311651772,-153.536243673114,-575.682207696973,8.86030138346605,-507.335795139561,-371.91918296536,-476.933327976314,-498.930901530347,846.59550073643,9.30104592046306,395.334253782232,136.02917111346,0.301565771902489,-209.358838594913,-136.840592228406,-293.340728136733,93.528119444576,-381.390860930499,113.023339220447,106.029926554591,-315.783305313506,-26.1500120452976,8.37397222820886,73.8171042823055
132.155498258129,495.45964449855,136.41776577829,-77.1647953483106,-202.827489983786,143.676554631024,2589.46036816821,-0.0828726983451764,-319.779643305633,124.960535668316,-161.054550488083,220.420782614616,-232.32625465746,-223.199359179234,609.252387871216,-287.171968818279,334.862815133009,-56.5362664783491,-331.422536638153,-551.342114520016,-226.009548596188,-297.645369814904,-129.270289827957,201.875860370819,361.941308081825,-338.001860372667,-480.391061531999,-0.564830951258441,340.324963436671,931.60763504471,-422.290756046935,1233.7825356546,-389.136877620713,-382.77208225485,112.982954144915,154.003823523691,-484.413411343399,-112.473396838218,-424.536931866015,155.624824662822,134.496233187881,-273.082232859854,-353.415348133035,462.511703472072,-305.332139702474,-290.937219585557,-221.943750133952,-188.703442037099,-0.0992367836993384,266.066379031229,-100.18747502191,76.0594929282626,625.526721836887,-282.21487505302,-155.818273099427,593.166605399854,-236.464729816251,83.0533293649366,-231.24243540898,130.809195631616
-0.386210254114757,-0.325733757513697,-0.736818842778096,-0.00679791810608215,-0.374696707530491,-0.478267787730944,-0.0828726983451764,0.0860626987430298,-0.456073534114491,-0.491892778650937,-0.134901595583724,-0.451975293691887,-0.343164142491281,-0.352212527695305,-0.692722473650212,0.731707273862764,-0.614086506217773,14.8638477720524,-2.24672896763267,-0.996284164486863,-0.423757809549082,-0.607253353213598,-0.364662870678342,-4.8557910218188,5.7691670781888,-0.790193591252891,-0.94531271574745,0.0610848897233354,-0.443738300499973,1.12668408734975,1.34568818770756,-0.75417775539458,-0.870036432663001,-0.827109386891652,-0.970074835715978,-0.865371968129157,-0.904817083833152,-0.149654282097192,-0.803910603216375,-0.619137159185089,-0.772290434066996,-0.638608268701162,-0.770569875195648,-0.73973735774337,-0.590246766204406,-0.636310638504181,-0.424911315722009,-0.357978525305082,-0.0100178041801095,-0.334921526769257,-0.212783419091166,-0.375417352409259,-0.407757306638913,-0.55775451451951,-0.201782355370804,-0.56528285452482,-0.283724309242162,-0.388305308171988,-0.42287448953032,-0.184538094878345
9.85942425309277,973.571187223984,571.15063551891,-115.369067082528,332.468319314664,-33.2386951840561,-319.779643305633,-0.456073534114491,3501.92915111175,-83.6181251825887,-236.499165740105,519.007474261908,-348.507595643433,458.092667352176,-722.789290054023,-431.704708911504,102.887807495028,140.647161407538,85.3840086982624,-824.085059666518,-337.852340094751,609.088280800038,346.254437959226,462.918286758792,199.89603232284,-512.086843498162,470.882649881965,0.0716325228451281,-409.306581805068,157.267945156259,385.347503873314,-105.658272021104,1368.44435196585,-45.3606842309916,379.573270336177,428.271950901917,-178.779804654705,307.551617220158,-648.635936761418,810.096825428204,-95.6967713607333,1063.21912110409,-533.884719374026,-172.56802314891,-37.5446749778659,371.145044497746,12.7459429331552,-288.086528059506,0.316802077233186,542.169520124291,99.8136257692134,215.032737694667,-332.592834399511,-32.5481711693749,-233.368081724682,55.9760240169507,-355.100490206784,233.036611174184,-350.41583725626,-157.983692957556
-312.265762747585,386.827212769163,332.23184632395,133.046254765555,14.9592868475394,-33.3297268967962,124.960535668316,-0.491892778650937,-83.6181251825887,4114.92527639453,-254.82486947162,-520.515019818627,143.920396834448,67.64580633272,852.344461188428,-469.773562246982,107.109634002047,-1157.00211085638,90.4998838121139,-892.807108557618,-367.112877525174,-481.308532551152,-216.572248311744,-74.8125089174231,-381.329227284101,104.422727527662,-782.000741468619,0.0924848249031231,779.054975955778,171.79101773755,418.081594853609,-658.383204512306,-109.066593540078,-627.168350983715,410.123522886079,-119.475608013026,400.405581444681,-188.997361238767,888.596431633961,-496.99086229422,-106.869975592096,84.4182412141887,-576.723517460766,231.394248778237,-498.06966480341,-37.575735298202,14.4434290245766,-311.401367460779,0.347532690762,-251.887045770281,-164.089384984804,-354.25910759019,-357.004450572564,-31.9574781022121,97.9966933704903,691.196161500613,-29.3450866441834,574.014460153691,-28.9061195836743,-169.32632140165
-144.49350181241,-130.623744720766,-110.727385472509,236.608026233329,245.39296321435,-214.686749541061,-161.054550488083,-0.134901595583724,-236.499165740105,-254.82486947162,2331.30011130255,-240.930843542189,-174.175950162805,-166.577913629573,261.063444199495,1235.02360655169,-271.075220651994,-532.467636549297,-249.80177851452,-412.538243166154,-170.319027854654,1085.07270077737,-97.752879384906,361.145721764007,-172.922485412737,-247.918243602451,-357.06914420111,0.0980661570040569,497.497714995564,489.611639482997,-318.815204257154,-300.873382304578,-292.306888494604,-289.027552666453,1026.24731338376,-326.629310097378,1005.10855595448,-87.2251389390273,-321.538415923158,-228.114486850041,302.699916393815,-205.065981537098,283.03404043059,202.515420042775,296.581912472713,285.905376198675,-167.958338099058,-142.73419385566,0.141849737765192,-116.554026053425,-75.640963903788,174.662522276256,-165.87663454548,-212.698859184554,-116.4093228619,-258.847580162239,-177.478785174616,-177.947655811584,225.617499372208,-78.8945821909687
-291.137637892254,125.594156239069,108.265786911962,-116.136763357578,497.206167851944,-429.891197576135,220.420782614616,-0.451975293691887,519.007474261908,-520.515019818627,-240.930843542189,4551.21109891505,253.780681492899,-336.457615022796,-95.3887318435279,294.926926849592,256.546518641963,-315.046906679197,1692.68615087451,-833.344240442597,363.06554537033,214.340221924924,480.792996795416,71.0834218890861,-351.736533560577,1009.27971998327,23.8231742641259,0.0930748580042714,-408.281892021619,-399.14976888426,3.74526201270157,22.856329052187,23.3786920320273,90.3484769968716,-45.2617590194394,25.0447533599693,-732.186888143181,-171.498538597454,-648.053617347915,603.667790583084,-570.922992203712,205.23330627118,576.506382826163,-72.9975062567334,-459.547101734337,-444.299960967241,102.296820827224,211.049058959045,0.325419180464312,253.44401265978,-152.204262670058,-331.670365200231,160.706455439827,66.706683652174,173.358064399968,-160.962732924045,-358.864051107834,15.0398325180229,54.3746156882492,-156.57596581439
151.291112061729,-191.28077252242,-164.892081540885,-84.3424228868401,-221.468508239926,164.116457446324,-232.32625465746,-0.343164142491281,-348.507595643433,143.920396834448,-174.175950162805,253.780681492899,3223.83106355951,711.340791939298,-524.159633231632,-316.534070529126,379.077552938365,679.582344506323,-360.953397177789,149.670741556772,430.780763381748,-324.416039684318,-144.139725504988,-427.486463810164,-253.8739300212,362.302199149504,-521.885539824112,0.0694587818071241,-292.428139059685,-285.659210380672,157.258794905187,-437.801100184818,165.029578615302,-417.095657977553,137.989044646401,-470.065055299559,-526.792896595724,-123.938063622491,121.284419086256,175.673425312809,155.167412940547,293.682067088149,147.372231774149,61.687980213911,179.348594988495,-320.900990015551,-245.732917081937,1227.95209493223,0.24264008132441,-170.802948854294,-111.014162866826,89.291218695355,-238.81764094004,166.841662659456,-170.933948425741,322.262722268714,135.155685060009,100.591552261631,137.371822724758,-112.609269673735
96.8582988162353,124.262734457522,-157.798527824735,-80.3169176026115,-213.092038019533,-300.29426442667,-223.199359179234,-0.352212527695305,458.092667352176,67.64580633272,-166.577913629573,-336.457615022796,711.340791939298,2526.22458972373,-1.93015321407833,-304.539730967679,-374.897885006671,1655.41995392709,-345.008888517869,44.3895081504974,-233.775990400866,-311.723591732473,401.179357584618,-410.083424143434,302.853848016594,-354.949556526844,-501.233450159457,0.0605102706573992,-283.579106280164,-275.359557564487,63.277701126195,77.7913951303705,-410.986745129384,-402.815200641037,-522.332083186949,84.8655106519896,-507.936012318328,358.635370988462,521.500099541999,100.595963471398,-395.523561909667,691.852145979263,507.377018866651,377.767448319313,520.58285074101,96.6458524377972,-236.649869769526,588.280199585365,0.237257582131764,-164.417102626981,145.208370320293,41.6315535654474,-229.738656576378,94.5317898159114,-164.633070853567,500.699422081175,402.660587971768,46.6058961877386,78.3788839147701,-109.115410183258
321.625919223152,-391.527985163159,-5.40600856081539,126.360349663219,-55.1836083052802,-643.406203791071,609.252387871216,-0.692722473650212,-722.789290054023,852.344461188428,261.063444199495,-95.3887318435279,-524.159633231632,-1.93015321407833,6561.79231876604,84.3679864638054,-2.33189643528278,-867.123825232429,-747.695192190077,-1243.73955231148,904.674427738173,-7.50848401837854,387.297578147262,-224.270249402709,153.907326840561,-770.110826619588,-333.418011199842,0.604675101287481,808.204644229152,102.468566875362,-317.172679824911,-280.678085614937,966.97735189474,478.140838991203,1010.12102014273,1066.39212998601,992.095890691972,-260.694910163729,879.325210245589,-690.470202560129,-255.379827167948,1.24938726337663,-243.309544693619,133.63547484082,377.333691049835,883.034890909604,-61.8700520882069,-431.181666901265,0.76818565337781,142.314610556366,-226.860063961254,-147.981436138244,491.415966105663,354.096447781215,-352.929334780254,-423.325680449181,-121.44652478582,580.174118995626,-525.88108852502,310.435021585051
-260.131205244778,-236.356766026022,184.429926365553,244.098459241547,662.344789613474,190.772540335056,-287.171968818279,0.731707273862764,-431.704708911504,-469.773562246982,1235.02360655169,294.926926849592,-316.534070529126,-304.539730967679,84.3679864638054,4791.39502304493,-490.340595267959,-920.791102861141,402.887392142037,160.1788186121,-303.484914679464,368.736632930704,-174.300785113754,-531.020385074237,-316.74153089219,1317.96436288056,-653.363118246571,2.30148574188071,459.020046677987,-357.243877493018,211.483613503386,-551.338675165536,-535.438212406828,1047.20616547236,-681.63464315944,-591.4184965728,957.717186171017,-158.738145401066,130.637791386341,-415.877104281826,-513.14436402204,-378.149786192539,162.457622863631,59.1887995524911,205.526681632045,-400.31612629724,-304.933921376134,-261.127561358372,0.823909063495308,-214.378069843822,233.70677214794,502.868442779646,-298.822639728221,190.962934486346,739.238923882929,-51.5493714502267,-325.130494463563,-322.968005961444,-316.360983247245,-140.517919405729
158.591906679547,202.315907754689,-254.988605852807,-131.460910495307,168.255265440699,786.469808489761,334.862815133009,-0.614086506217773,102.887807495028,107.109634002047,-271.075220651994,256.546518641963,379.077552938365,-374.897885006671,-2.33189643528278,-490.340595267959,6554.26077132163,-230.188151212554,-560.320923533037,-926.727408438018,-374.531231148271,-498.715872505024,-217.661515652376,-660.016723517724,-391.700414718985,401.385458066597,2062.9242545376,0.0853661047101053,-456.745557756683,1335.5247084555,105.966100479257,126.955022445337,912.150208206953,209.07351046684,-841.4173321754,1003.30189147919,-818.862441254613,-194.293598365319,56.8396410625095,841.338264294361,116.322439489007,-470.134687368851,106.879695761405,-10.0831960777994,841.599311932254,157.669898479066,-378.389558875641,311.873854338435,0.399506688777365,-264.329675822619,235.077249186607,-368.259687995639,-372.554298199371,790.001464607947,-262.932012047252,342.250479628141,-401.317581849123,-399.699173437343,-393.377716014488,-173.920820197851
-639.888711566641,-579.807707768127,-502.266943250584,-256.714927531885,-681.548422213939,-350.580555909935,-56.5362664783491,14.8638477720524,140.647161407538,-1157.00211085638,-532.467636549297,-315.046906679197,679.582344506323,1655.41995392709,-867.123825232429,-920.791102861141,-230.188151212554,10613.9437529831,-1103.80263873015,52.0735777125418,-745.478978903373,-189.241163073966,383.795381907621,-1310.598798305,134.207328318565,-216.356906680065,-690.270000179116,11.3022630172921,-905.819042737072,-875.89966610906,995.32597778831,943.046060627476,-564.536295072218,-471.395030022918,-802.474299909234,-618.361085039131,-778.577916366001,-382.667582253501,783.912663970653,1546.04777079696,1595.3586216502,-177.291148405974,155.103436541221,1098.73323191179,261.891966055617,869.618596550535,-752.099505850559,559.443947140483,-1.02196618788345,-523.266309023193,43.4001167012286,919.879036443478,-137.711026630276,244.846490932527,-30.0111635066626,153.924024368445,-295.105254211267,103.905898441945,-287.477505814204,961.480489743279
-299.662731702856,-271.720705594388,152.81110439184,-119.805798539452,616.157813196803,133.851578278145,-331.422536638153,-2.24672896763267,85.3840086982624,90.4998838121139,-249.80177851452,1692.68615087451,-360.953397177789,-345.008888517869,-747.695192190077,402.887392142037,-560.320923533037,-1103.80263873015,5453.67795579648,51.6651297422338,470.440908759543,304.281361195596,586.393410954737,156.463616892122,-362.664799620901,1241.31751586237,999.354921555581,-0.939261322515281,398.3228036312,-413.194389819984,87.6294614470621,101.706733980346,99.5497064167117,180.428776307819,43.2978476111302,-676.600018653956,-759.231385007998,-182.36311796044,40.9772978250655,-478.38974241777,98.306699925791,1010.1034044948,90.2029479084154,-581.885781702658,140.366729719075,-459.934423730965,-351.534222101244,-300.219168341992,0.582139744614994,323.182274782427,-157.653981325272,57.4098739487399,229.889492402502,134.267225676506,230.398484044373,-121.558643313048,108.886306357144,58.524210567404,107.245426839505,-161.826919248953
-494.306879058695,-450.283623570641,-390.877695271604,168.686241705424,-33.6361081202684,-736.022397677199,-551.342114520016,-0.996284164486863,-824.085059666518,-892.807108557618,-412.538243166154,-833.344240442597,149.670741556772,44.3895081504974,-1243.73955231148,160.1788186121,-926.727408438018,52.0735777125418,51.6651297422338,9247.78616906597,-578.170618675934,-763.312338145819,-331.957517979301,-1014.83421854425,260.937389089002,1022.34943483228,635.903172340728,0.0673420351276436,183.373612908131,-677.102219251507,-290.674981333912,-255.673394586319,-246.618578517133,1515.25728933071,472.61373275366,1410.60682385946,-392.923228132842,-299.885039356306,1173.74792021318,-128.372774564373,-239.68182858962,-718.969925175853,462.597995573765,-958.46380936887,-125.188122570091,-122.974092275631,518.405839977117,-494.67743081626,0.607596075926159,199.515425899359,131.867733338297,710.81443433618,-569.192018635519,499.12972446326,610.187513323874,4.33294168726417,1942.59860376077,-613.468974322901,-100.894143348968,-267.396436628709
637.740506023197,-182.988056588385,-158.417640448196,-80.3415957571593,-214.845467281696,-298.206238204323,-226.009548596188,-0.423757809549082,-337.852340094751,-367.112877525174,-170.319027854654,363.06554537033,430.780763381748,-233.775990400866,904.674427738173,-303.484914679464,-374.531231148271,-745.478978903373,470.440908759543,-578.170618675934,3703.11575169493,-310.985011911434,-135.474318934357,321.265625936514,-246.241407283091,495.515385137565,-503.876913905787,0.0198894376410198,502.334164564476,-283.838587141687,-452.166846109088,-430.840749756701,273.682618896312,1099.06205198799,-530.918840553847,302.383774271416,-514.673908623541,-123.604339848624,231.783894620329,-323.081769636877,264.000064479509,403.570724588334,246.023236154692,149.830992098909,868.0025453953,-311.259341178005,258.051361011206,-204.361516691657,0.250927600234157,-164.292229102515,-106.443150038004,-230.198351290736,319.589453732614,257.567575889369,294.434396485686,-368.213264410868,-251.855986808574,-252.517148785298,-247.248577864377,194.724613213271
-266.267150656216,166.141027967962,139.473150588625,-108.132126303318,134.539164490216,642.981576361556,-297.645369814904,-0.607253353213598,609.088280800038,-481.308532551152,1085.07270077737,214.340221924924,-324.416039684318,-311.723591732473,-7.50848401837854,368.736632930704,-498.715872505024,-189.241163073966,304.281361195596,-763.312338145819,-310.985011911434,4443.68730912339,-180.70433387557,844.799490201288,-319.813461431477,-470.35025847907,913.769890434358,-0.00512166567516122,367.009641289851,365.378744977152,-591.914170071316,766.671480492246,749.403958991363,-533.951844727299,55.7862561270274,114.74603591316,51.6545724876513,-162.053365214407,-599.414243389475,134.562096583796,719.115798005638,267.375079807119,91.6354938230893,-5.16462954872977,135.963473236894,129.721133505307,-311.003320433721,-266.104204473215,0.343901229494608,295.494615016032,-141.184429631941,55.1474588852308,726.404584070386,-396.277208138154,-216.560224221677,-103.42619557707,-331.541647650723,56.5248585811974,526.938526396693,139.933977581556
288.248336995029,-105.829373747492,267.038911493075,-47.2023792727289,-126.216812051132,-174.004069927178,-129.270289827957,-0.364662870678342,346.254437959226,-216.572248311744,-97.752879384906,480.792996795416,-144.139725504988,401.179357584618,387.297578147262,-174.300785113754,-217.661515652376,383.795381907621,586.393410954737,-331.957517979301,-135.474318934357,-180.70433387557,2106.69112849393,471.432782126282,603.684690492918,-208.963338531669,-291.0083233233,-0.0650742865268441,-167.496226190274,-159.520218977927,-260.30212339105,-248.427096754092,426.715396158243,-234.295133864367,460.441852684195,-261.4470813739,-298.995838743656,-70.1949983451045,-265.147708434854,387.715210812917,-231.416117352535,500.702604820861,381.047682848441,294.418627481984,-185.068238486714,371.48162135638,-135.830004712867,-119.162991034876,0.171288650533803,-95.9360736277277,-61.4350851237888,-134.026240003431,395.257397615548,-173.706525969053,-95.431267449149,-214.310937980266,297.82333345825,252.228743139189,-142.389834193795,-62.3104783143314
41.1550858387617,495.856391143693,72.350440725904,-142.774340758595,-380.151745148204,-3.76471102389696,201.875860370819,-4.8557910218188,462.918286758792,-74.8125089174231,361.145721764007,71.0834218890861,-427.486463810164,-410.083424143434,-224.270249402709,-531.020385074237,-660.016723517724,-1310.598798305,156.463616892122,-1014.83421854425,321.265625936514,844.799490201288,471.432782126282,5612.62713224292,-431.588127182944,-632.632599662663,-95.4740975278783,-3.73381713712244,241.618483715668,235.14640334083,-785.468086142925,-78.946362961517,1219.74503799476,-11.5281671171767,571.342923062022,-804.622935335782,-175.089181469068,1061.26573916491,-154.494344733961,-565.833949992595,1168.48167655324,140.737768367799,-656.316447002012,-178.627253398481,-6.70948660790453,-5.49697474222882,48.3178899983205,170.559562880549,1.04748388196042,-288.802077845778,-187.950175768653,-407.586990989199,-409.193445412222,-6.99564967220683,-289.547373965493,120.475732250045,-437.883656567371,340.809944847158,423.532584746782,93.8116988766498
-207.249219459372,-188.868282075579,201.702613959615,-83.0242937282719,-224.930148262932,779.511255781094,361.941308081825,5.7691670781888,199.89603232284,-381.329227284101,-172.922485412737,-351.736533560577,-253.8739300212,302.853848016594,153.907326840561,-316.74153089219,-391.700414718985,134.207328318565,-362.664799620901,260.937389089002,-246.241407283091,-319.813461431477,603.684690492918,-431.588127182944,3596.02323963174,-372.257321044751,-521.514319920787,3.13881399087987,-295.616975351918,-284.719108317494,245.853658088658,258.601915717826,249.947819517529,1052.02114218345,236.182326827154,-474.304892725524,-535.593495255413,-127.155527938359,-472.166822743458,250.948808004876,-412.185656870163,-300.547332859293,-386.523548109549,-406.592925781274,250.103005135847,243.626631892177,728.253258615625,-209.029040013618,-1.42851908053144,365.961876166865,-109.68038404821,-237.913857962942,-239.343477169605,-314.19779572997,-171.77204888283,17.3758954016676,196.162215475795,147.174496625717,-253.999749274796,-112.686068257014
-302.129647511474,-275.200961680957,569.007152829499,241.453894732753,159.467918050558,-456.712212285579,-338.001860372667,-0.790193591252891,-512.086843498162,104.422727527662,-247.918243602451,1009.27971998327,362.302199149503,-354.949556526844,-770.110826619588,1317.96436288056,401.385458066597,-216.356906680065,1241.31751586237,1022.34943483228,495.515385137565,-470.35025847907,-208.963338531669,-632.632599662663,-372.257321044751,5924.20738974307,-767.748736593641,-0.0923162834290555,-433.874206146422,-418.276684602682,98.3866683204565,-646.918627026982,-626.717634637375,194.780899602432,67.787457703364,-689.16194556621,59.9049969566972,-182.682116002491,59.1345387805845,-489.805013146913,830.367284429813,-439.036282684501,108.873622578996,-5.77206835471917,-486.529602028273,-469.964517142174,-361.865390410619,-303.492658663151,0.407033147278877,-248.584539732847,610.987730285979,481.240225706756,-349.260404589386,1355.43282903494,1235.94502443527,1208.80099959444,123.529578151262,-377.631813822224,-372.047131807119,-163.376385609562
14.2520671694063,533.958190792245,-340.940131875575,-174.655160746998,-463.973777754722,-52.4233416233867,-480.391061531999,-0.94531271574745,470.882649881965,-782.000741468619,-357.06914420111,23.8231742641259,-521.885539824112,-501.233450159457,-333.418011199842,-653.363118246571,2062.9242545376,-690.270000179116,999.354921555581,635.903172340728,-503.876913905787,913.769890434358,-291.0083233233,-95.4740975278783,-521.514319920787,-767.748736593641,7880.14643309225,0.0134833028560707,-609.925164259487,235.94515745706,-191.232977866049,-159.876361340615,-151.602805665204,-72.0792642201235,-273.269597466904,2264.60607784152,-275.292924978496,461.563323364689,-239.869060899263,577.703662156449,1973.62448824111,-626.5078014886,-137.037161050937,-260.73109868019,581.153229577333,-50.6855852515269,-508.136369031073,761.804901410546,0.559557258074254,232.462451492686,151.327625019913,-85.1906792403815,89.5394374708056,541.593692521623,-354.117547664591,-354.477120856543,940.582651957274,-534.225841357685,-41.834373828038,-235.680084705394
-0.0135490052603642,0.00105157629179427,-0.520198579536382,-0.17947978385065,0.0100049697560264,0.0414109755643554,-0.564830951258441,0.0610848897233354,0.0716325228451281,0.0924848249031231,0.0980661570040569,0.0930748580042714,0.0694587818071241,0.0605102706573992,0.604675101287481,2.30148574188071,0.0853661047101054,11.3022630172921,-0.939261322515281,0.0673420351276436,0.0198894376410198,-0.00512166567516122,-0.0650742865268441,-3.73381713712244,3.13881399087987,-0.0923162834290555,0.0134833028560707,0.0501065143818867,0.106668900197665,0.855660999227996,3.97211073912389,-0.0103663710074763,-0.0906865619271138,-0.0661556360120005,-0.0105623639661601,-0.0232492769783804,-0.0150028589548425,0.0164739963914861,-0.000267591872227712,-0.0448640503926782,-0.0707149973615215,-0.118922948453204,-0.0945083072476637,-0.0281711578364129,-0.00646164315418669,-0.051499547294574,0.00348017953406037,0.0110199434279439,-0.00306164334850933,-0.0106733739953364,-0.00277513110404234,0.021048273883117,-0.020319833510396,0.00767774776049478,0.0835718254453219,0.0499185577255912,0.0677966561410624,0.0318463280746743,0.0305328145510345,0.0340742480778763
599.499512754157,-218.873026863926,-190.636740188458,-98.1629122664554,190.412142528983,-362.486545190843,340.324963436671,-0.443738300499973,-409.306581805068,779.054975955778,497.497714995564,-408.281892021619,-292.428139059685,-283.579106280164,808.204644229152,459.020046677987,-456.745557756683,-905.819042737072,398.3228036312,183.373612908131,502.334164564476,367.009641289851,-167.496226190274,241.618483715668,-295.616975351918,-433.874206146422,-609.925164259487,0.106668900197665,4445.56949832495,1234.44965224385,-539.798730323852,-512.965508840677,-505.634937139223,-495.739532067917,1765.92035897874,-552.227534809081,-622.122815592872,-147.829961000103,140.229747972461,-392.288175689317,185.124910215492,349.359680958896,-448.056658815994,-475.214231042984,208.653652694543,204.476925970241,-289.11722299695,-242.215529487739,0.320903996484059,-194.497595150039,-126.060895428359,-277.420772124113,826.984133946102,-364.448056957338,261.681563654534,-446.148249709915,-301.310067752171,117.501831427995,618.678711124639,-132.534702321639
1006.77683307524,643.385113547227,-185.141907012532,235.361452362974,190.046485668186,741.392019338555,931.60763504471,1.12668408734975,157.267945156259,171.79101773755,489.611639482997,-399.14976888426,-285.659210380672,-275.359557564487,102.468566875362,-357.243877493018,1335.5247084555,-875.89966610906,-413.194389819985,-677.102219251507,-283.838587141687,365.378744977152,-159.520218977927,235.14640334083,-284.719108317494,-418.276684602682,235.94515745706,0.855660999227996,1234.44965224385,4311.0002077704,-526.919300395208,197.898433410608,-490.749165890347,-482.569681148216,1742.77839096541,214.625423578731,-604.686946412377,-143.872876834536,-536.681698172423,-381.601021182581,183.236946254892,-340.682162258872,-437.154561653588,75.7959284422666,-380.024147830983,768.362974736315,207.995512004451,-235.959068435351,-0.197269246020099,-191.925101493462,227.017833880373,-272.113440984276,269.329058777694,195.952964974481,-193.285852256304,-30.5376898451741,-293.971829727526,-291.708591987507,610.56422686007,-130.059430020742
-0.725949097369305,-348.38105173929,41.1060831221464,-154.179950239219,-410.346151917973,448.806450281506,-422.290756046935,1.34568818770756,385.347503873314,418.081594853609,-318.815204257154,3.74526201270157,157.258794905187,63.277701126195,-317.172679824911,211.483613503386,105.966100479257,995.32597778831,87.6294614470621,-290.674981333912,-452.166846109088,-591.914170071316,-260.30212339105,-785.468086142925,245.853658088658,98.3866683204565,-191.232977866049,3.97211073912389,-539.798730323852,-526.919300395208,5829.83865257837,489.631853441596,-784.06714731404,-79.0729049933485,-992.865896454231,-864.755331883249,447.643678944883,-232.356272802846,-230.80900179308,481.224902544994,-152.379705150217,-552.490816189646,-141.715933000731,-246.321980320615,-610.509827652926,459.708631317715,908.04509168722,129.515905991015,1.42624609078631,187.87537684886,449.30981284893,264.655111810315,-441.978868575454,-575.673233065898,-312.888267618145,48.4915524098126,-51.2226621451591,666.471454665042,367.099869524504,347.064295268385
389.884443495094,61.598628739047,50.1696355416709,-145.626853178671,-390.684337895207,458.840960805116,1233.7825356546,-0.75417775539458,-105.658272021104,-658.383204512306,-300.873382304578,22.856329052187,-437.801100184818,77.7913951303705,-280.678085614937,-551.338675165536,126.955022445337,943.046060627476,101.706733980346,-255.673394586319,-430.840749756701,766.671480492246,-248.427096754092,-78.946362961517,258.601915717826,-646.918627026982,-159.876361340615,-0.0103663710074763,-512.965508840677,197.898433410608,489.631853441596,5609.85510906716,-129.99346120315,-736.245978429163,-946.719120115504,-824.242592669832,-227.225942674024,389.76236346557,-820.030620001482,-48.0120842711965,471.098361115805,98.0914600420323,-114.566279028126,271.545246112156,-580.708720070719,-44.8595494028804,17.4838325196895,-360.687654591987,0.45178381586811,688.747138083275,448.280991207705,273.720181737946,570.975047635902,-43.7064261616071,-296.027729447318,70.7030745439512,378.381533365971,670.780514834274,375.310249871775,621.366109088314
12.0325803914776,58.1444010968118,701.779154715617,-143.001323873529,13.3839425811373,-41.2505128420205,-389.136877620713,-0.870036432663002,1368.44435196585,-109.066593540078,-292.306888494604,23.3786920320273,165.029578615302,-410.986745129384,966.97735189474,-535.438212406828,912.150208206953,-564.536295072218,99.5497064167117,-246.618578517133,273.682618896312,749.403958991363,426.715396158243,1219.74503799476,249.947819517529,-626.717634637375,-151.602805665204,-0.0906865619271138,-505.634937139223,-490.749165890347,-784.06714731404,-129.99346120315,5308.27673825776,604.588025802545,1164.05523019343,1195.14332109176,458.752816269564,-216.260566991839,404.60566068418,-45.0703473378646,458.143176567377,1305.0073980509,-655.834556513305,-688.255467581679,996.448609705643,-46.393725234723,445.717603757716,133.611766938298,0.465191530095411,668.117593766155,-189.262518992617,-70.387357049559,74.6953607570199,-40.8340037542401,-288.97338807948,-286.041282306242,-438.566140641108,650.959949549236,-34.86710611474,604.900675018182
54.2492575224541,-317.33354261907,-273.192399581492,-139.573405462743,487.953979006198,545.202553522043,-382.77208225485,-0.827109386891652,-45.3606842309916,-627.168350983715,-289.027552666453,90.3484769968716,-417.095657977553,-402.815200641037,478.140838991203,1047.20616547236,209.07351046684,-471.395030022918,180.428776307819,1515.25728933071,1099.06205198799,-533.951844727299,-234.295133864367,-11.5281671171767,1052.02114218345,194.780899602432,-72.0792642201235,-0.0661556360120005,-495.739532067917,-482.569681148216,-79.0729049933485,-736.245978429163,604.588025802545,5784.44695144214,-150.618372935413,663.029090682499,-886.872989147174,-214.588370393316,527.848743051393,15.6537512489393,581.080528468049,-505.139068529936,-48.6315844379464,-674.689992859153,584.548800722144,562.081348151286,1010.04651879598,-345.070723379891,0.452070850624464,-283.112546423424,-183.934142116757,-396.460870005847,-396.918443278215,544.804702060431,152.919890553883,-633.872435503243,8.55484966646172,-427.770017719377,10.0413303266865,102.412930397398
397.101135524488,467.464034806534,23.9045216711703,-182.347628877031,-29.2742780961976,-669.11039304778,112.982954144915,-0.970074835715978,379.573270336177,410.123522886079,1026.24731338376,-45.2617590194394,137.989044646401,-522.332083186949,1010.12102014273,-681.63464315944,-841.4173321754,-802.474299909234,43.2978476111302,472.61373275366,-530.918840553847,55.7862561270274,460.441852684195,571.342923062022,236.182326827154,67.787457703364,-273.269597466905,-0.0105623639661601,1765.92035897874,1742.77839096541,-992.865896454231,-946.719120115504,1164.05523019343,-150.618372935413,7651.10648960951,-249.308725778995,-355.714471769712,-274.732541926315,-1016.17368862851,-116.478378698456,1121.92018488152,753.581821884227,-827.652722080963,-871.595812275851,-715.488523420642,1045.50108660436,-30.8975041560659,118.476195768247,0.570886109392093,186.987225314429,-237.072405044322,-125.711105123005,38.7156065159266,-107.454625334815,-367.184751080546,6.20042770207479,-89.6061976298989,281.89625681909,-86.7117843803076,63.3605293831453
-388.324387361115,483.087304802619,53.0411974878802,-158.788323633494,449.915589902557,-42.6116094257943,154.003823523691,-0.865371968129157,428.271950901917,-119.475608013026,-326.629310097378,25.0447533599693,-470.065055299559,84.8655106519896,1066.39212998601,-591.4184965728,1003.30189147919,-618.361085039131,-676.600018653956,1410.60682385946,302.383774271416,114.74603591316,-261.4470813739,-804.622935335782,-474.304892725524,-689.16194556621,2264.60607784152,-0.0232492769783804,-552.227534809081,214.625423578731,-864.755331883249,-824.242592669832,1195.14332109176,663.029090682499,-249.308725778995,6451.53003034346,1251.9477322184,-238.460858946909,-219.50970246034,-625.244316873308,-772.619453904065,772.048250962453,475.046039846565,-234.815658618783,-48.6684269666706,505.061508730245,15.9547256920974,150.503711734039,0.501222914177884,1263.01209041417,-207.335421108052,293.753708575638,-445.005409448756,1029.93707679602,-319.128455789736,-316.665309636096,404.292242167643,-81.3670752886231,-475.228047206677,82.818418516316
-434.02086893807,-395.746361028909,391.400282973307,152.571855357626,858.758754365241,-107.765311651772,-484.413411343399,-0.904817083833152,-178.779804654705,400.405581444681,1005.10855595448,-732.186888143181,-526.792896595724,-507.936012318328,992.095890691972,957.717186171017,-818.862441254613,-778.577916366001,-759.231385007998,-392.923228132842,-514.673908623541,51.6545724876513,-298.995838743656,-175.089181469068,-535.593495255413,59.9049969566972,-275.292924978496,-0.0150028589548425,-622.122815592872,-604.686946412376,447.643678944883,-227.225942674024,458.752816269564,-886.872989147174,-355.714471769712,1251.9477322184,7285.55309740638,-266.4447747399,-985.994101100198,-698.975938124243,-215.740625148866,47.8729750821106,411.20241288741,753.163075946699,-111.300944387486,453.61755914406,-30.2417599091193,-436.67488036712,0.530585723170289,718.325375233227,-232.566448357739,632.963262978547,-498.57128555999,441.14605484192,91.6799133644138,5.98983005697732,-88.2848890950685,681.664628477261,-533.055468416207,361.426824265727
