0.0674893049217775,-0.00454329199017148,0.0263564647330383,-0.00609138328789091,0.0109805876495766,-0.0144147491725806,-0.00141926445491287,0.00128974568159768,0.0320693083342099,-0.0151325730620113,0.0307239549147419,-0.00548356426864305,0.0115680174902239,-0.0057937793566236,0.016382920828612,0.000235718997181235,0.00871065878341084
-0.00454329199017148,0.114221397478354,0.00551368901005916,0.0722823790624939,0.00585217750596088,0.0639680882158457,0.000290596149190278,0.0385801797981689,0.0201314651755748,0.0342891396935866,0.0256112638590051,0.0286122534767265,0.0240815010828085,0.0447397901697777,0.00867916539843513,0.0233447570252077,0.00606598962428557
0.0263564647330383,0.00551368901005916,0.0680429835435686,0.00281894349053429,0.0337732648931484,0.00915343042209549,0.0188170008900799,-0.00418574703511973,0.0284525459993106,-0.0108364182371793,0.0298084392015843,-0.00348521783701371,0.0494937724906661,-0.00765804763659987,0.0168765940761448,-0.00654528567275636,0.014476186018723
-0.00609138328789091,0.0722823790624939,0.00281894349053429,0.0979664771101662,0.00113024885722184,0.0524167121370931,-3.94027708741909e-05,0.055558425580823,0.00492490689611918,0.0328838816593709,0.00722245946993005,0.0352043909901176,0.0138799251153821,0.0293869471526043,0.0260296156499922,0.0335969863522762,0.00874973905489583
0.0109805876495766,0.00585217750596088,0.0337732648931484,0.00113024885722184,0.0672504565445731,0.0253384183334983,0.0250530581091724,-0.0062949143565899,0.0352270320419291,0.00347245867508008,0.0355207820431113,-0.00674817481591407,0.033027629172349,-0.00721586251297309,0.0236708197073763,-0.00641588322381785,0.013878388851396
-0.0144147491725806,0.0639680882158457,0.00915343042209549,0.0524167121370931,0.0253384183334983,0.0962798662999767,0.00545335990133638,0.0306201175969074,0.0135616189679376,0.0400368082289753,0.0309781541657255,0.0235953154996724,0.0264760050624014,0.0488800380813711,0.0110390256455136,0.0275994322377377,0.014338139505279
-0.00141926445491287,0.000290596149190278,0.0188170008900799,-3.94027708741909e-05,0.0250530581091724,0.00545335990133638,0.0773420259879123,0.00864556812908207,0.0356568205810869,0.016142074514428,0.00780723517070207,0.000643503151069666,0.0334316308240588,-0.0240360646378708,0.00332756750962555,-0.0181588851162248,0.0181219059573752
0.00128974568159768,0.0385801797981689,-0.00418574703511973,0.055558425580823,-0.0062949143565899,0.0306201175969074,0.00864556812908207,0.0717795149454364,0.00861751077030145,0.0382610075905735,0.0107636856229512,0.0500216227055533,0.0166326595218172,0.0187422778473368,0.0131232452202491,0.0190391382400336,0.00560853677498848
0.0320693083342099,0.0201314651755748,0.0284525459993106,0.00492490689611918,0.0352270320419291,0.0135616189679376,0.0356568205810868,0.00861751077030146,0.0816042830102962,0.000710079046776421,0.0434298305580364,-0.0029613799514286,0.0384085323913624,-0.00909642570997726,0.0144496444535597,-0.0136436406494953,0.0279476997071645
-0.0151325730620113,0.0342891396935866,-0.0108364182371793,0.0328838816593709,0.00347245867508008,0.0400368082289753,0.016142074514428,0.0382610075905735,0.000710079046776421,0.069572529682957,0.00301451569410982,0.0260570715602656,0.0242225583395215,0.0129382345598565,0.0110208530396965,0.0263441516717657,0.000645463441141277
0.0307239549147419,0.0256112638590051,0.0298084392015843,0.00722245946993005,0.0355207820431113,0.0309781541657255,0.00780723517070207,0.0107636856229512,0.0434298305580364,0.00301451569410982,0.0932425614188376,-0.00344095094066123,0.0424557777594832,-0.0112510137605052,0.0460673658642897,-0.00272630368998573,0.0310364557274506
-0.00548356426864305,0.0286122534767265,-0.00348521783701371,0.0352043909901176,-0.00674817481591407,0.0235953154996724,0.000643503151069666,0.0500216227055533,-0.0029613799514286,0.0260570715602656,-0.00344095094066123,0.0697121998630194,0.00958198677109289,0.0266458976312543,0.000652437628384858,0.0328352806650326,0.00321421129772895
0.0115680174902239,0.0240815010828085,0.0494937724906661,0.0138799251153821,0.033027629172349,0.0264760050624014,0.0334316308240588,0.0166326595218172,0.0384085323913624,0.0242225583395215,0.0424557777594832,0.00958198677109289,0.0791417511447723,-0.013159690548919,0.0297214193002178,-0.00999252753592909,0.0204424427305768
-0.0057937793566236,0.0447397901697777,-0.00765804763659987,0.0293869471526043,-0.00721586251297309,0.0488800380813711,-0.0240360646378708,0.0187422778473368,-0.00909642570997726,0.0129382345598565,-0.0112510137605052,0.0266458976312543,-0.013159690548919,0.0857236304665099,-0.005184892029344,0.0426484269745286,0.0028141148628431
0.016382920828612,0.00867916539843513,0.0168765940761448,0.0260296156499922,0.0236708197073763,0.0110390256455136,0.00332756750962555,0.0131232452202491,0.0144496444535597,0.0110208530396965,0.0460673658642897,0.000652437628384858,0.0297214193002178,-0.005184892029344,0.0787186429788655,-0.00236522531681151,0.0291371399312741
0.000235718997181235,0.0233447570252077,-0.00654528567275636,0.0335969863522762,-0.00641588322381785,0.0275994322377377,-0.0181588851162248,0.0190391382400336,-0.0136436406494953,0.0263441516717657,-0.00272630368998573,0.0328352806650326,-0.00999252753592909,0.0426484269745286,-0.00236522531681151,0.060108830880554,-0.00388771572968903
0.00871065878341084,0.00606598962428557,0.014476186018723,0.00874973905489583,0.013878388851396,0.014338139505279,0.0181219059573752,0.00560853677498848,0.0279476997071645,0.000645463441141277,0.0310364557274506,0.00321421129772895,0.0204424427305768,0.0028141148628431,0.0291371399312741,-0.00388771572968903,0.0484109501805439
