0.186809189865602,-0.00847657156435314,0.066248828962617,-0.00505757695003368,0.0654713783440315,0.0361753452059572,-0.00605200574152758,0.0114037825032082,-0.0394117240020559,0.0227638751168544,-0.000210652269571693,0.00459507989486199,-0.027858102532556,0.0326237142706603,0.0253979267847931,-0.058296638293577,-0.041212761462709,0.0213455464181722,0.00479012490680698,-0.0418089564451913,0.0481303980710042,0.00110226582421458,-0.0514067828504152,0.0328466500189435
-0.00847657156435314,0.0312826657889488,-0.00590634528804976,0.0116279910395092,-0.0169872799637617,-0.00329263289881882,0.000871892935062175,0.0234761116383173,0.0161112653455332,0.007088566693011,0.00849428132362011,-0.00857970040671335,-0.00596513025099616,-0.0105826921879526,-0.0105265568136036,0.00351543858459362,0.0045409945910377,0.0115942256912704,-0.0106936889278765,-0.0203486483588013,-0.00531209791640788,-0.000595785295894049,-0.00885229571593625,0.00502254303742943
0.066248828962617,-0.00590634528804976,0.0694787999865519,0.00255251717266733,-0.00645914738610841,0.0172733668007454,-0.0163017422587511,-0.000409989301279799,-0.0102650226974269,0.00281585513047275,-0.0112917583848871,0.0159186923643096,-0.0364098701179218,0.009165601649613,0.00025733666156017,0.00602492659781853,-0.0102815231499369,-0.00913875568962994,0.00396198959823772,-0.0174969185284728,0.00576253175499922,0.0034429319958786,0.0206909520948862,-0.0248197389762762
-0.00505757695003367,0.0116279910395092,0.00255251717266733,0.0181603109689292,-0.00778949995574681,-0.000514593502652501,0.0113993503962257,0.00654620208002183,0.026225462569603,0.000928888406293027,-0.00387270965999043,0.00356090675835709,-0.00935084155137736,0.0263999214578153,0.00311317694102734,-0.0052481499980019,-0.000361993031993828,-0.000487715297963854,-0.000277893503062617,0.0033134801627176,-0.0421404513228584,0.00213562886968184,-0.000856190549966742,0.00823175821529214
0.0654713783440315,-0.0169872799637617,-0.00645914738610841,-0.00778949995574681,0.148490961506274,0.0596916670884745,-0.011829401125222,0.0121126396521129,-0.00832724523980107,0.0160678315488857,0.0225761676802615,0.0193279902932378,-0.000541818660280948,-0.0114106710240063,0.0126190813737575,-0.0166186177365424,-0.0101496571736804,0.0283383561846277,0.0179974562352055,-0.0107937917418004,0.0170432923527805,-0.00657790338804072,0.00795095283824809,0.0261317148937629
0.0361753452059572,-0.00329263289881882,0.0172733668007454,-0.000514593502652501,0.0596916670884745,0.0901187927129884,0.0136078550902593,0.0253553083084875,-0.0150717566041355,0.0139110918040022,0.00872397929035494,0.0209612243105516,-0.0108046364331478,0.00917153006869283,-0.0169979784825099,0.00115509875815558,0.00992517637729891,-0.0188932780483355,0.0104071423780416,-0.0120736464633347,0.00636374784816347,-0.00199391087932281,0.00380972197157115,0.0246154049945898
-0.00605200574152758,0.000871892935062175,-0.0163017422587511,0.0113993503962257,-0.011829401125222,0.0136078550902593,0.0563005739721554,0.00286927462901712,0.0115598908103939,-0.00743419844036697,0.00289784519808573,5.10926431746177e-05,0.0181662381051614,0.0288429366703833,0.0172297665684043,-0.0139146623773461,0.000557084537601938,-0.0138282896533069,0.00343733798587615,-0.00980472510424708,-0.0376201978083317,-0.000451275201960904,-0.00631486382630087,0.0389147688117665
0.0114037825032082,0.0234761116383173,-0.000409989301279799,0.00654620208002183,0.0121126396521129,0.0253553083084875,0.00286927462901712,0.127251287381546,0.032584722035621,0.0129095599825447,-0.0197301539609154,0.0018133008827371,0.0170609392805864,-0.0375066147730474,0.0097650251449641,0.0165850353552661,0.0106918304348207,-0.00362202146472132,-0.0146848041584263,0.0393484072422302,-0.0870610013472745,0.00463013255303331,-0.00988356254758782,0.0138647710008081
-0.0394117240020559,0.0161112653455332,-0.0102650226974269,0.026225462569603,-0.00832724523980107,-0.0150717566041355,0.0115598908103939,0.032584722035621,0.148122198551502,-0.0157541578666216,-0.0343988112728853,0.0124642586892789,0.0220800314094104,0.0406082558121491,0.023506820210425,0.00991633135496312,0.0408925963548674,0.0299775200184656,-0.0131663586263153,-0.0110157772223851,-0.0913771776969329,0.0115820268875596,-0.0150691196235694,0.0381634799097731
0.0227638751168544,0.007088566693011,0.00281585513047275,0.000928888406293027,0.0160678315488857,0.0139110918040022,-0.00743419844036697,0.0129095599825447,-0.0157541578666216,0.0497657021795115,0.000197410213329546,0.00836505949434368,0.0483699633039686,0.0105386426957162,-0.00269374823120595,0.0136170692171154,-0.00110375740779619,0.00639902358519565,8.97322068371347e-05,-0.000807341674631178,-0.00759758558385572,-0.00198140156123698,-0.00961665833846565,-0.0260796529764245
-0.000210652269571693,0.00849428132362011,-0.0112917583848871,-0.00387270965999043,0.0225761676802615,0.00872397929035494,0.00289784519808573,-0.0197301539609154,-0.0343988112728853,0.000197410213329546,0.135128169439762,-0.0319036042475432,-0.0199665704327868,0.0166045102291561,-0.00557764402235809,0.0217431141373198,-0.0395325460695203,0.0200516500492331,-0.018133807945532,-0.0113886645215963,0.0400043213648561,-0.0344734280922047,0.0121447716051782,-0.00404591325448991
0.00459507989486199,-0.00857970040671335,0.0159186923643096,0.00356090675835709,0.0193279902932378,0.0209612243105516,5.10926431746177e-05,0.0018133008827371,0.0124642586892789,0.00836505949434368,-0.0319036042475432,0.0360151004923807,0.00761408087691667,-0.0261749844124319,0.000140461059172943,0.00843787674958147,0.018941999460526,0.00360220318481042,-0.000442567400496924,-0.00458323526959653,-0.0250714331623663,0.009083303766206,0.036165929475097,-0.000858500137207732
-0.027858102532556,-0.00596513025099616,-0.0364098701179218,-0.00935084155137736,-0.000541818660280948,-0.0108046364331478,0.0181662381051614,0.0170609392805864,0.0220800314094104,0.0483699633039686,-0.0199665704327868,0.00761408087691667,0.16270998293725,0.00712343274058355,0.030108641949021,0.0217193126552726,0.0522210577780319,0.0143153345445074,-0.00573726234139767,0.00669886392168625,-0.0335156085608698,0.000114975334444033,-0.0096158628076835,-0.0383386561533264
0.0326237142706603,-0.0105826921879526,0.009165601649613,0.0263999214578153,-0.0114106710240063,0.00917153006869283,0.0288429366703833,-0.0375066147730474,0.0406082558121491,0.0105386426957162,0.0166045102291561,-0.0261749844124319,0.00712343274058355,0.250576244207831,0.0305145235779182,-0.0405604290826786,-0.025743040942342,0.00851597967768744,0.00652827831342742,0.03252528042305,-0.0518575814761765,-0.00432718957409354,-0.0834059301577918,-0.0232804171452599
0.0253979267847931,-0.0105265568136036,0.00025733666156017,0.00311317694102734,0.0126190813737575,-0.0169979784825099,0.0172297665684043,0.0097650251449641,0.023506820210425,-0.00269374823120595,-0.00557764402235809,0.000140461059172943,0.030108641949021,0.0305145235779182,0.0415747566123907,-0.0195311627511375,-0.00430959921732911,0.0190812647947496,-0.00253485096441133,0.00496136179942771,-0.0372506702511273,0.000637805128157082,0.00181758003030329,-0.0110857951153236
-0.058296638293577,0.00351543858459362,0.00602492659781853,-0.0052481499980019,-0.0166186177365424,0.00115509875815558,-0.0139146623773461,0.0165850353552661,0.00991633135496312,0.0136170692171154,0.0217431141373198,0.00843787674958147,0.0217193126552726,-0.0405604290826786,-0.0195311627511375,0.185792191165695,-0.0117365739211203,0.0100579967890284,-0.00218593373060637,-0.0141123901655858,-0.0395472104289831,-0.00729849603541958,0.0480390814302706,0.0125949914278245
-0.041212761462709,0.0045409945910377,-0.0102815231499369,-0.000361993031993828,-0.0101496571736804,0.00992517637729891,0.000557084537601938,0.0106918304348207,0.0408925963548674,-0.00110375740779619,-0.0395325460695203,0.018941999460526,0.0522210577780319,-0.025743040942342,-0.00430959921732911,-0.0117365739211203,0.075357513923556,0.00625677155019297,-0.0111821580617861,-0.00491626963669906,-0.00683826645705605,0.0108637361948336,0.00662310090484022,-0.0093342884781496
0.0213455464181721,0.0115942256912704,-0.00913875568962994,-0.000487715297963854,0.0283383561846277,-0.0188932780483355,-0.0138282896533069,-0.00362202146472132,0.0299775200184656,0.00639902358519565,0.0200516500492331,0.00360220318481042,0.0143153345445074,0.00851597967768744,0.0190812647947496,0.0100579967890284,0.00625677155019297,0.0987440236389349,-0.0403974322841089,-0.0405143776968958,0.018329782072592,-0.00099663342545883,0.00742057016944126,-0.0127677883274427
0.00479012490680698,-0.0106936889278765,0.00396198959823772,-0.000277893503062617,0.0179974562352055,0.0104071423780416,0.00343733798587615,-0.0146848041584263,-0.0131663586263153,8.97322068371347e-05,-0.018133807945532,-0.000442567400496924,-0.00573726234139767,0.00652827831342742,-0.00253485096441133,-0.00218593373060637,-0.0111821580617861,-0.0403974322841089,0.0379970786454684,-0.000824090781057856,0.00477748808903329,0.00155628714855678,-0.000390589655944519,0.0021695823063025
-0.0418089564451913,-0.0203486483588013,-0.0174969185284728,0.0033134801627176,-0.0107937917418004,-0.0120736464633347,-0.00980472510424708,0.0393484072422302,-0.0110157772223851,-0.000807341674631178,-0.0113886645215963,-0.00458323526959653,0.00669886392168625,0.03252528042305,0.00496136179942771,-0.0141123901655858,-0.00491626963669906,-0.0405143776968958,-0.000824090781057856,0.139920037012949,-0.0961398280067782,0.000224710647334914,-0.0120693007415382,-0.0199464725946354
0.0481303980710042,-0.00531209791640788,0.00576253175499922,-0.0421404513228584,0.0170432923527805,0.00636374784816347,-0.0376201978083316,-0.0870610013472745,-0.0913771776969329,-0.00759758558385572,0.0400043213648561,-0.0250714331623663,-0.0335156085608697,-0.0518575814761765,-0.0372506702511273,-0.0395472104289831,-0.00683826645705605,0.018329782072592,0.00477748808903329,-0.0961398280067782,0.228401875924957,-0.00973763513898998,-0.0170880810027776,-0.021542237566736
0.00110226582421458,-0.000595785295894049,0.0034429319958786,0.00213562886968184,-0.00657790338804072,-0.00199391087932281,-0.000451275201960904,0.00463013255303331,0.0115820268875596,-0.00198140156123698,-0.0344734280922047,0.009083303766206,0.000114975334444033,-0.00432718957409354,0.000637805128157082,-0.00729849603541958,0.0108637361948336,-0.00099663342545883,0.00155628714855678,0.000224710647334914,-0.00973763513898998,0.00945110273954449,-0.00400170678981046,0.00561623099464124
-0.0514067828504152,-0.00885229571593625,0.0206909520948862,-0.000856190549966742,0.00795095283824809,0.00380972197157115,-0.00631486382630087,-0.00988356254758782,-0.0150691196235694,-0.00961665833846565,0.0121447716051782,0.036165929475097,-0.0096158628076835,-0.0834059301577918,0.00181758003030329,0.0480390814302706,0.00662310090484022,0.00742057016944126,-0.000390589655944519,-0.0120693007415382,-0.0170880810027776,-0.00400170678981046,0.159583712870907,-0.102528641132744
0.0328466500189435,0.00502254303742943,-0.0248197389762762,0.00823175821529214,0.0261317148937629,0.0246154049945898,0.0389147688117665,0.0138647710008081,0.0381634799097731,-0.0260796529764245,-0.00404591325448991,-0.000858500137207732,-0.0383386561533264,-0.0232804171452599,-0.0110857951153236,0.0125949914278245,-0.0093342884781496,-0.0127677883274427,0.0021695823063025,-0.0199464725946354,-0.021542237566736,0.00561623099464124,-0.102528641132744,0.232467825500815
