0.00442471022304608,-0.00113086836770773,0.00271199392928558,0.000104711609334539,-0.00153026585943376,-0.000623276990448864,-0.00196167701354359,0.00172180894599618,-0.000398953192504442,0.00905923436262211
-0.00113086836770773,0.109766406913173,0.0708783796329331,0.0658344320359935,0.0474908410126683,0.0378399519077293,0.0866060070588477,0.0451009922740759,0.0555754032429576,0.0235424353087555
0.00271199392928558,0.0708783796329331,0.132217680661294,0.111259483908235,0.0845921661669454,0.0649257224528605,0.111702779972697,0.089750533432476,0.0903692805525241,0.0407795191073303
0.000104711609334539,0.0658344320359935,0.111259483908235,0.113424792517251,0.0787850323404913,0.0583362065396338,0.106863987777465,0.0765698762030698,0.0794761423989,0.0287020084972117
-0.00153026585943376,0.0474908410126683,0.0845921661669454,0.0787850323404913,0.0968424601282649,0.0497046509979161,0.0938928733241216,0.0615025171888703,0.0644099297187339,0.0247222613595147
-0.000623276990448864,0.0378399519077293,0.0649257224528605,0.0583362065396338,0.049704650997916,0.0591322117637524,0.0625967244581806,0.0497658056826812,0.0533632040312638,0.0248838207358566
-0.00196167701354359,0.0866060070588477,0.111702779972697,0.106863987777465,0.0938928733241216,0.0625967244581806,0.180327624288766,0.0811191593674184,0.0833950011656339,0.0226541208580002
0.00172180894599618,0.0451009922740759,0.089750533432476,0.0765698762030698,0.0615025171888703,0.0497658056826812,0.0811191593674184,0.0873212585525891,0.0691824984176854,0.0276166802368631
-0.000398953192504442,0.0555754032429576,0.0903692805525241,0.0794761423988999,0.0644099297187339,0.0533632040312638,0.0833950011656339,0.0691824984176854,0.110626663182635,0.0262153923127241
0.00905923436262211,0.0235424353087555,0.0407795191073303,0.0287020084972117,0.0247222613595147,0.0248838207358566,0.0226541208580002,0.0276166802368631,0.0262153923127241,0.0560183873599659
