0.00516966952909275,-0.00149694636658425,-0.00189129967213218,-0.00103242195205666,-0.00229525951861205,-0.00146328911227976,-0.00325323083311048,-0.00142976261411292,-0.0021153232765117,-0.000241721381028905
-0.00149694636658425,0.0954978923427553,0.0647079056107258,0.0632665264314383,0.0516010467114646,0.0378459617151213,0.0670456980295337,0.0455984888721339,0.0531334200193237,0.0208287462197874
-0.00189129967213218,0.0647079056107258,0.099091910065804,0.0891842292516056,0.0672126077924787,0.0541393086209799,0.0830719352782636,0.064230451385154,0.0732124811847693,0.0229055167264237
-0.00103242195205666,0.0632665264314383,0.0891842292516056,0.0979516148547525,0.0667936770233251,0.0521351261789131,0.0855929002512614,0.0620413952119252,0.07016938518936,0.0215965637572621
-0.00229525951861205,0.0516010467114646,0.0672126077924787,0.0667936770233251,0.107188429018927,0.0449038748449509,0.0913995638611587,0.0557147505050667,0.0677049750501653,0.0246044266081467
-0.00146328911227976,0.0378459617151213,0.0541393086209799,0.0521351261789131,0.0449038748449509,0.062551831108031,0.05538639954734,0.0389342226194968,0.0519585301935513,0.0158449480570949
-0.00325323083311048,0.0670456980295337,0.0830719352782636,0.0855929002512614,0.0913995638611587,0.05538639954734,0.163484838680049,0.0761086592258399,0.0690394217591105,0.0192472801095735
-0.00142976261411292,0.0455984888721339,0.064230451385154,0.0620413952119252,0.0557147505050667,0.0389342226194968,0.0761086592258399,0.0724588754454135,0.0580520163502813,0.015956971622403
-0.0021153232765117,0.0531334200193237,0.0732124811847693,0.07016938518936,0.0677049750501653,0.0519585301935513,0.0690394217591105,0.0580520163502813,0.103843090707069,0.0181427383462513
-0.000241721381028905,0.0208287462197874,0.0229055167264237,0.0215965637572621,0.0246044266081467,0.0158449480570949,0.0192472801095735,0.015956971622403,0.0181427383462513,0.0349639420119603
