0.218716279677621,-0.0020495583083186,-0.0291036773844305,-0.0270421839466762,0.0404376221481155,0.0229579671763131,-0.00466253302291369,0.107356207474111,-0.0313524200957406,-0.0183672235460987,0.00546710814580142,-0.0309530438921495,0.0226544682812998,-0.000731499021387336
-0.0020495583083186,0.0280702137054175,0.00984633979533013,-0.00645714158026029,-0.00725453036608722,0.00664283500313653,0.0146479999322818,0.0137659904571951,-0.0155457408217533,-0.0039954064299559,0.00184346970131528,-0.00736724322681242,0.000840546008730388,-0.000409965994442659
-0.0291036773844305,0.00984633979533013,0.0211597351774673,-0.000542605027246434,-0.0032948575982793,0.0152109886463454,0.0105653225132938,0.0329725119135846,0.0211147892252287,0.00633800013955127,0.00359770277399458,0.00408283031076762,-0.00425018463796727,-5.7068465274786e-06
-0.0270421839466762,-0.00645714158026029,-0.000542605027246434,0.0462225849954118,0.00613753705393089,0.001110242576103,0.00367037886505017,0.012028226505352,0.00978833165277343,-0.000801333879544485,0.0503503735489219,-0.00237140596889349,0.000257355682854001,4.34005107262584e-05
0.0404376221481155,-0.00725453036608722,-0.0032948575982793,0.00613753705393089,0.0696116324166366,-0.00105415919780806,-0.0104820090894048,0.0218742413853777,0.00557092829356217,0.00154609493037793,-0.0598632909375165,0.00488349307604212,0.00657149903185337,0.000432857182955615
0.0229579671763131,0.00664283500313653,0.0152109886463454,0.001110242576103,-0.00105415919780806,0.0770753135754533,0.011019895218315,0.0592636240831552,0.0169969079543376,-0.00248812693293912,0.00781337191926329,-0.0322057718947379,0.00358679443083983,-0.000359320378375315
-0.00466253302291369,0.0146479999322818,0.0105653225132938,0.00367037886505017,-0.0104820090894048,0.011019895218315,0.0174441488520811,0.035776293437338,0.0139816303290087,0.00221539502825882,0.0245558302866884,-0.00342665139859704,0.00189861201197551,7.29943435000031e-06
0.107356207474111,0.0137659904571951,0.0329725119135846,0.012028226505352,0.0218742413853777,0.0592636240831552,0.035776293437338,0.257616313341401,0.10629882536893,0.0128871174377091,0.0891126937943148,-0.00659383789858528,0.00807310639798738,0.000985866232986672
-0.0313524200957406,-0.0155457408217533,0.0211147892252287,0.00978833165277343,0.00557092829356217,0.0169969079543376,0.0139816303290087,0.10629882536893,0.379129029204291,0.0570502041111882,-0.0650044257331859,0.0154501225344772,-0.0143175644747845,0.00510449451515158
-0.0183672235460987,-0.0039954064299559,0.00633800013955127,-0.000801333879544484,0.00154609493037793,-0.00248812693293912,0.00221539502825882,0.0128871174377091,0.0570502041111882,0.0122384460321505,-0.00849920625406127,0.0111787586130332,-0.00282757178502303,0.00113366646229525
0.00546710814580142,0.00184346970131528,0.00359770277399458,0.0503503735489219,-0.0598632909375165,0.00781337191926329,0.0245558302866884,0.0891126937943148,-0.0650044257331859,-0.00849920625406127,0.26256259523226,0.0060406764032769,0.00700423748544375,0.000228252459272034
-0.0309530438921495,-0.00736724322681242,0.00408283031076762,-0.00237140596889349,0.00488349307604212,-0.0322057718947379,-0.00342665139859704,-0.00659383789858528,0.0154501225344772,0.0111787586130332,0.0060406764032769,0.0303820844796902,-0.00381094738277232,0.00114794801176425
0.0226544682812998,0.000840546008730388,-0.00425018463796727,0.000257355682854001,0.00657149903185337,0.00358679443083983,0.00189861201197551,0.00807310639798738,-0.0143175644747845,-0.00282757178502303,0.00700423748544375,-0.00381094738277232,0.0056794743609697,-1.45822069377418e-05
-0.000731499021387336,-0.000409965994442659,-5.7068465274786e-06,4.34005107262584e-05,0.000432857182955615,-0.000359320378375315,7.29943435000031e-06,0.000985866232986672,0.00510449451515158,0.00113366646229525,0.000228252459272034,0.00114794801176425,-1.45822069377418e-05,0.00018301580047054
