7805.56705634287,0,0,0,547.915850027418,0,1030.67439409467,0,0,0,0,-119.26860933441,0,0,0,-844.637014196758,0,0,-416.885158606508,1186.5583261187,0,109.376428596772,0,-59.9679041965404,0,0,0,0,1721.77517339936,0,0,0,-429.082215366157,0,0,0,0,0,0,317.609462263381,690.921630048115,2973.10319978696,-95.9951097715762,517.60971217937,0,0,0,-1187.04564931534,245.083231705145,12.9456128734967,0,634.777744660402,-224.790305033424,0,0,290.813698707704,617.779312929903,0,0,757.771282721608
0,0.00883861912935745,0,0,0,0,0,0,0,0,0,0,0,0,0,0,0,0,0,0,0,0,0,0,0,0,0,0,0,0,0,0,0,0,0,0,0,0,0,0,0,0,0,0,0,0,0,0,0,0,0,0,0,0,0,0,0,0,0,0
0,0,0.0168935677936686,0,0,0,0,0,0,0,0,0,0,0,0,0,0,0,0,0,0,0,0,0,0,0,0,0,0,0,0,0,0,0,0,0,0,0,0,0,0,0,0,0,0,0,0,0,0,0,0,0,0,0,0,0,0,0,0,0
0,0,0,0.00862806829019728,0,0,0,0,0,0,0,0,0,0,0,0,0,0,0,0,0,0,0,0,0,0,0,0,0,0,0,0,0,0,0,0,0,0,0,0,0,0,0,0,0,0,0,0,0,0,0,0,0,0,0,0,0,0,0,0
547.915850027418,0,0,0,3075.19510101001,0,205.984450845614,0,0,0,0,-699.762062763482,0,0,0,299.760044552078,0,0,524.556104500094,-326.580974916329,0,457.244804525796,0,-528.537173836538,0,0,0,0,-316.911712507215,0,0,0,-430.808910183152,0,0,0,0,0,0,412.029298125542,-310.06485193194,178.604423981565,-321.576778639813,766.770665933126,0,0,0,-656.473994484559,684.086419975209,-125.523834540372,0,6.80162383850968,73.2961161056071,0,0,166.382743061869,254.104867227521,0,0,753.069863641382
0,0,0,0,0,0.0292971446615829,0,0,0,0,0,0,0,0,0,0,0,0,0,0,0,0,0,0,0,0,0,0,0,0,0,0,0,0,0,0,0,0,0,0,0,0,0,0,0,0,0,0,0,0,0,0,0,0,0,0,0,0,0,0
1030.67439409467,0,0,0,205.984450845614,0,8186.86330587215,0,0,0,0,474.20386390691,0,0,0,-472.866295194421,0,0,1033.23091784448,3521.50841411841,0,-110.104472002076,0,-1259.41609406533,0,0,0,0,-364.520244828387,0,0,0,-612.396994479084,0,0,0,0,0,0,-228.524302706037,1359.10666577063,1525.60787396785,-15.872675818594,253.091445240042,0,0,0,509.45501252096,-685.418816335061,996.903205634912,0,396.022880855111,670.643495739408,0,0,352.42938268362,-58.8940874635404,0,0,467.586204867122
0,0,0,0,0,0,0,0.0499536425777503,0,0,0,0,0,0,0,0,0,0,0,0,0,0,0,0,0,0,0,0,0,0,0,0,0,0,0,0,0,0,0,0,0,0,0,0,0,0,0,0,0,0,0,0,0,0,0,0,0,0,0,0
0,0,0,0,0,0,0,0,0.0544581113685624,0,0,0,0,0,0,0,0,0,0,0,0,0,0,0,0,0,0,0,0,0,0,0,0,0,0,0,0,0,0,0,0,0,0,0,0,0,0,0,0,0,0,0,0,0,0,0,0,0,0,0
0,0,0,0,0,0,0,0,0,0.0415140711813352,0,0,0,0,0,0,0,0,0,0,0,0,0,0,0,0,0,0,0,0,0,0,0,0,0,0,0,0,0,0,0,0,0,0,0,0,0,0,0,0,0,0,0,0,0,0,0,0,0,0
0,0,0,0,0,0,0,0,0,0,0.0293608831391367,0,0,0,0,0,0,0,0,0,0,0,0,0,0,0,0,0,0,0,0,0,0,0,0,0,0,0,0,0,0,0,0,0,0,0,0,0,0,0,0,0,0,0,0,0,0,0,0,0
-119.26860933441,0,0,0,-699.762062763482,0,474.20386390691,0,0,0,0,9891.64829420279,0,0,0,-456.385240156561,0,0,2173.25653568125,3057.02867824021,0,1676.79145856531,0,-2354.40778108105,0,0,0,0,-140.951395007779,0,0,0,1622.8146256242,0,0,0,0,0,0,-218.117260764963,628.488767577111,1250.53215952772,1580.73229742025,33.3953197848417,0,0,0,-352.050897494309,-2163.46758398243,686.304649197863,0,-79.9312065473042,565.628001054495,0,0,-678.88425578452,-452.51672314792,0,0,-836.921240873998
0,0,0,0,0,0,0,0,0,0,0,0,0.0287902344325101,0,0,0,0,0,0,0,0,0,0,0,0,0,0,0,0,0,0,0,0,0,0,0,0,0,0,0,0,0,0,0,0,0,0,0,0,0,0,0,0,0,0,0,0,0,0,0
0,0,0,0,0,0,0,0,0,0,0,0,0,0.0314668982874566,0,0,0,0,0,0,0,0,0,0,0,0,0,0,0,0,0,0,0,0,0,0,0,0,0,0,0,0,0,0,0,0,0,0,0,0,0,0,0,0,0,0,0,0,0,0
0,0,0,0,0,0,0,0,0,0,0,0,0,0,0.0517460636683264,0,0,0,0,0,0,0,0,0,0,0,0,0,0,0,0,0,0,0,0,0,0,0,0,0,0,0,0,0,0,0,0,0,0,0,0,0,0,0,0,0,0,0,0,0
-844.637014196758,0,0,0,299.760044552078,0,-472.866295194421,0,0,0,0,-456.385240156561,0,0,0,10265.2572948244,0,0,577.19090352349,-1776.95719271624,0,-362.168021638281,0,1974.02881179151,0,0,0,0,353.419896751546,0,0,0,1076.98948588008,0,0,0,0,0,0,894.649597195685,714.760296212478,-1819.2628115208,-367.322290964715,-1072.49574056633,0,0,0,601.865364029298,1914.50381729515,-42.1021730159799,0,574.400930564582,561.679639776302,0,0,508.734752887566,715.681046389972,0,0,1119.86860603563
0,0,0,0,0,0,0,0,0,0,0,0,0,0,0,0,0.0776346087692559,0,0,0,0,0,0,0,0,0,0,0,0,0,0,0,0,0,0,0,0,0,0,0,0,0,0,0,0,0,0,0,0,0,0,0,0,0,0,0,0,0,0,0
0,0,0,0,0,0,0,0,0,0,0,0,0,0,0,0,0,0.0591489875219795,0,0,0,0,0,0,0,0,0,0,0,0,0,0,0,0,0,0,0,0,0,0,0,0,0,0,0,0,0,0,0,0,0,0,0,0,0,0,0,0,0,0
-416.885158606508,0,0,0,524.556104500094,0,1033.23091784448,0,0,0,0,2173.25653568125,0,0,0,577.19090352349,0,0,14669.5693456752,-526.659384065306,0,325.468426087746,0,-1501.91579981431,0,0,0,0,-1283.53149781908,0,0,0,2306.59439148052,0,0,0,0,0,0,2175.47536202009,-384.202297963456,362.785582843732,-1098.77800233494,-197.687531574618,0,0,0,-67.315117133011,-145.110028200225,-817.791419596331,0,148.935557185918,1686.15022267912,0,0,-1006.02299384528,1019.32053110247,0,0,-62.9801993840748
1186.5583261187,0,0,0,-326.580974916329,0,3521.50841411841,0,0,0,0,3057.02867824021,0,0,0,-1776.95719271624,0,0,-526.659384065306,12377.7774822521,0,775.9189829367,0,-1623.80594716561,0,0,0,0,2869.97893984544,0,0,0,460.230764660006,0,0,0,0,0,0,-973.004962296805,408.502363087337,3023.58923399205,910.66715792934,-797.456010376881,0,0,0,404.81605783017,-330.968487954382,944.010077822249,0,801.15351938639,808.524977753856,0,0,19.8940512682727,-752.932825842235,0,0,-210.257462162236
0,0,0,0,0,0,0,0,0,0,0,0,0,0,0,0,0,0,0,0,0.06216648315584,0,0,0,0,0,0,0,0,0,0,0,0,0,0,0,0,0,0,0,0,0,0,0,0,0,0,0,0,0,0,0,0,0,0,0,0,0,0,0
109.376428596772,0,0,0,457.244804525797,0,-110.104472002076,0,0,0,0,1676.79145856531,0,0,0,-362.168021638281,0,0,325.468426087746,775.9189829367,0,8503.40422857238,0,-504.097584741151,0,0,0,0,-1106.43680111474,0,0,0,-906.803012040455,0,0,0,0,0,0,1032.92308797424,1302.21873461464,743.622910058586,-467.020711333965,-652.402464899084,0,0,0,-1283.04931762736,-1272.91981211262,1444.14209448549,0,413.130093572377,-1088.24103903272,0,0,-539.83000760564,1190.81738842616,0,0,-152.705515267785
0,0,0,0,0,0,0,0,0,0,0,0,0,0,0,0,0,0,0,0,0,0,0.0682465022003825,0,0,0,0,0,0,0,0,0,0,0,0,0,0,0,0,0,0,0,0,0,0,0,0,0,0,0,0,0,0,0,0,0,0,0,0,0
-59.9679041965404,0,0,0,-528.537173836538,0,-1259.41609406533,0,0,0,0,-2354.40778108105,0,0,0,1974.02881179151,0,0,-1501.91579981431,-1623.80594716561,0,-504.097584741151,0,15347.4238409385,0,0,0,0,684.828706428192,0,0,0,-582.485052577102,0,0,0,0,0,0,1563.12729505295,3194.14187281645,-1339.37219693121,-787.358066517443,639.251775178461,0,0,0,-962.378660229149,155.99512585161,-1221.89792437825,0,1203.51314163222,134.056179970505,0,0,699.003054818832,630.96374042781,0,0,977.800586599905
0,0,0,0,0,0,0,0,0,0,0,0,0,0,0,0,0,0,0,0,0,0,0,0,0.0748585771881598,0,0,0,0,0,0,0,0,0,0,0,0,0,0,0,0,0,0,0,0,0,0,0,0,0,0,0,0,0,0,0,0,0,0,0
0,0,0,0,0,0,0,0,0,0,0,0,0,0,0,0,0,0,0,0,0,0,0,0,0,0.0673226001721074,0,0,0,0,0,0,0,0,0,0,0,0,0,0,0,0,0,0,0,0,0,0,0,0,0,0,0,0,0,0,0,0,0,0
0,0,0,0,0,0,0,0,0,0,0,0,0,0,0,0,0,0,0,0,0,0,0,0,0,0,0.062468698630727,0,0,0,0,0,0,0,0,0,0,0,0,0,0,0,0,0,0,0,0,0,0,0,0,0,0,0,0,0,0,0,0,0
0,0,0,0,0,0,0,0,0,0,0,0,0,0,0,0,0,0,0,0,0,0,0,0,0,0,0,0.042698793429,0,0,0,0,0,0,0,0,0,0,0,0,0,0,0,0,0,0,0,0,0,0,0,0,0,0,0,0,0,0,0,0
1721.77517339936,0,0,0,-316.911712507215,0,-364.520244828387,0,0,0,0,-140.951395007779,0,0,0,353.419896751546,0,0,-1283.53149781908,2869.97893984544,0,-1106.43680111474,0,684.828706428192,0,0,0,0,11745.7576984838,0,0,0,-1497.09676986297,0,0,0,0,0,0,-53.719214012901,403.060635793282,1549.15077917656,-617.00986606087,162.451982375255,0,0,0,1011.31096875573,922.932026498494,15.3304051579657,0,779.537097619492,788.073710971455,0,0,1363.50744553241,-732.355620603635,0,0,929.983299413688
0,0,0,0,0,0,0,0,0,0,0,0,0,0,0,0,0,0,0,0,0,0,0,0,0,0,0,0,0,0.0436634095607683,0,0,0,0,0,0,0,0,0,0,0,0,0,0,0,0,0,0,0,0,0,0,0,0,0,0,0,0,0,0
0,0,0,0,0,0,0,0,0,0,0,0,0,0,0,0,0,0,0,0,0,0,0,0,0,0,0,0,0,0,0.0464215991166665,0,0,0,0,0,0,0,0,0,0,0,0,0,0,0,0,0,0,0,0,0,0,0,0,0,0,0,0,0
0,0,0,0,0,0,0,0,0,0,0,0,0,0,0,0,0,0,0,0,0,0,0,0,0,0,0,0,0,0,0,0.0449928112752224,0,0,0,0,0,0,0,0,0,0,0,0,0,0,0,0,0,0,0,0,0,0,0,0,0,0,0,0
-429.082215366157,0,0,0,-430.808910183152,0,-612.396994479084,0,0,0,0,1622.8146256242,0,0,0,1076.98948588008,0,0,2306.59439148052,460.230764660006,0,-906.803012040455,0,-582.485052577102,0,0,0,0,-1497.09676986297,0,0,0,5417.72224109429,0,0,0,0,0,0,45.3448702700142,-28.3372857011158,-31.9034923469857,1664.00844117141,-605.532987161814,0,0,0,-246.655032380453,1067.8845485499,-270.977993982166,0,514.80096666499,161.596719215326,0,0,-17.6823676968507,306.795195467302,0,0,174.670249413214
0,0,0,0,0,0,0,0,0,0,0,0,0,0,0,0,0,0,0,0,0,0,0,0,0,0,0,0,0,0,0,0,0,0.062478421526163,0,0,0,0,0,0,0,0,0,0,0,0,0,0,0,0,0,0,0,0,0,0,0,0,0,0
0,0,0,0,0,0,0,0,0,0,0,0,0,0,0,0,0,0,0,0,0,0,0,0,0,0,0,0,0,0,0,0,0,0,0.0526229106659723,0,0,0,0,0,0,0,0,0,0,0,0,0,0,0,0,0,0,0,0,0,0,0,0,0
0,0,0,0,0,0,0,0,0,0,0,0,0,0,0,0,0,0,0,0,0,0,0,0,0,0,0,0,0,0,0,0,0,0,0,0.0749468372241006,0,0,0,0,0,0,0,0,0,0,0,0,0,0,0,0,0,0,0,0,0,0,0,0
0,0,0,0,0,0,0,0,0,0,0,0,0,0,0,0,0,0,0,0,0,0,0,0,0,0,0,0,0,0,0,0,0,0,0,0,0.09288509093506,0,0,0,0,0,0,0,0,0,0,0,0,0,0,0,0,0,0,0,0,0,0,0
0,0,0,0,0,0,0,0,0,0,0,0,0,0,0,0,0,0,0,0,0,0,0,0,0,0,0,0,0,0,0,0,0,0,0,0,0,0.0649949808654565,0,0,0,0,0,0,0,0,0,0,0,0,0,0,0,0,0,0,0,0,0,0
0,0,0,0,0,0,0,0,0,0,0,0,0,0,0,0,0,0,0,0,0,0,0,0,0,0,0,0,0,0,0,0,0,0,0,0,0,0,0.0279344298763435,0,0,0,0,0,0,0,0,0,0,0,0,0,0,0,0,0,0,0,0,0
317.609462263381,0,0,0,412.029298125542,0,-228.524302706037,0,0,0,0,-218.117260764963,0,0,0,894.649597195685,0,0,2175.47536202009,-973.004962296805,0,1032.92308797424,0,1563.12729505295,0,0,0,0,-53.719214012901,0,0,0,45.3448702700142,0,0,0,0,0,0,5860.29356354344,344.70819484528,255.497933720849,-176.352385671471,-1126.85100922654,0,0,0,-1712.71110454308,1628.69280295201,-903.59959473695,0,214.20191483607,702.873607357759,0,0,191.111950418231,466.666261327177,0,0,997.542692032397
690.921630048115,0,0,0,-310.06485193194,0,1359.10666577063,0,0,0,0,628.488767577111,0,0,0,714.760296212478,0,0,-384.202297963456,408.502363087337,0,1302.21873461464,0,3194.14187281645,0,0,0,0,403.060635793282,0,0,0,-28.3372857011158,0,0,0,0,0,0,344.70819484528,5326.2190989326,112.079337477364,507.067165651391,73.7775081469877,0,0,0,227.628754169596,-1516.05506060314,743.391618105236,0,463.622189735591,-955.578437089643,0,0,-21.4220886674216,372.746367022367,0,0,578.259584401345
2973.10319978696,0,0,0,178.604423981565,0,1525.60787396785,0,0,0,0,1250.53215952772,0,0,0,-1819.2628115208,0,0,362.785582843732,3023.58923399205,0,743.622910058586,0,-1339.37219693121,0,0,0,0,1549.15077917656,0,0,0,-31.9034923469857,0,0,0,0,0,0,255.497933720849,112.079337477364,10775.3659451696,1004.78299169777,-735.572702053805,0,0,0,-191.395687607631,2360.7918945884,241.820240069321,0,81.9504324191307,933.395962582851,0,0,71.8999210849654,-178.258424773317,0,0,-172.99670915956
-95.9951097715762,0,0,0,-321.576778639813,0,-15.872675818594,0,0,0,0,1580.73229742025,0,0,0,-367.322290964715,0,0,-1098.77800233494,910.66715792934,0,-467.020711333965,0,-787.358066517443,0,0,0,0,-617.00986606087,0,0,0,1664.00844117141,0,0,0,0,0,0,-176.352385671471,507.067165651391,1004.78299169777,6410.86006243383,25.2896341740591,0,0,0,169.52127814165,1440.69843831562,-114.932232102708,0,211.597567170163,842.542184211692,0,0,-545.648623620114,453.898943308774,0,0,-1911.42496651147
517.60971217937,0,0,0,766.770665933126,0,253.091445240042,0,0,0,0,33.3953197848417,0,0,0,-1072.49574056633,0,0,-197.687531574618,-797.456010376881,0,-652.402464899084,0,639.251775178461,0,0,0,0,162.451982375255,0,0,0,-605.532987161814,0,0,0,0,0,0,-1126.85100922654,73.7775081469877,-735.572702053805,25.2896341740591,5324.3497796064,0,0,0,-40.7197389955153,-1360.92857702508,435.883630528643,0,-168.679074791523,-73.3128643835746,0,0,-149.386176420771,-149.106682545941,0,0,347.337463086197
0,0,0,0,0,0,0,0,0,0,0,0,0,0,0,0,0,0,0,0,0,0,0,0,0,0,0,0,0,0,0,0,0,0,0,0,0,0,0,0,0,0,0,0,0.0169604932614173,0,0,0,0,0,0,0,0,0,0,0,0,0,0,0
0,0,0,0,0,0,0,0,0,0,0,0,0,0,0,0,0,0,0,0,0,0,0,0,0,0,0,0,0,0,0,0,0,0,0,0,0,0,0,0,0,0,0,0,0,0.0169201248712092,0,0,0,0,0,0,0,0,0,0,0,0,0,0
0,0,0,0,0,0,0,0,0,0,0,0,0,0,0,0,0,0,0,0,0,0,0,0,0,0,0,0,0,0,0,0,0,0,0,0,0,0,0,0,0,0,0,0,0,0,0.0392125455688086,0,0,0,0,0,0,0,0,0,0,0,0,0
-1187.04564931534,0,0,0,-656.473994484559,0,509.45501252096,0,0,0,0,-352.050897494309,0,0,0,601.865364029298,0,0,-67.315117133011,404.81605783017,0,-1283.04931762736,0,-962.378660229149,0,0,0,0,1011.31096875573,0,0,0,-246.655032380453,0,0,0,0,0,0,-1712.71110454308,227.628754169596,-191.395687607631,169.52127814165,-40.7197389955153,0,0,0,8960.71653422137,621.324345827081,1130.20236641147,0,-462.402194107106,527.527116875434,0,0,192.165568535982,263.58145355999,0,0,-420.473914140059
245.083231705146,0,0,0,684.086419975209,0,-685.418816335061,0,0,0,0,-2163.46758398243,0,0,0,1914.50381729515,0,0,-145.110028200225,-330.968487954382,0,-1272.91981211262,0,155.99512585161,0,0,0,0,922.932026498494,0,0,0,1067.8845485499,0,0,0,0,0,0,1628.69280295201,-1516.05506060314,2360.7918945884,1440.69843831562,-1360.92857702508,0,0,0,621.324345827081,10062.3765894669,529.083638778336,0,-519.883422631946,2340.88022415922,0,0,450.401821065419,776.001210201076,0,0,-966.320844611203
12.9456128734967,0,0,0,-125.523834540372,0,996.903205634912,0,0,0,0,686.304649197863,0,0,0,-42.10217301598,0,0,-817.791419596331,944.010077822249,0,1444.14209448549,0,-1221.89792437825,0,0,0,0,15.3304051579657,0,0,0,-270.977993982166,0,0,0,0,0,0,-903.59959473695,743.391618105236,241.820240069321,-114.932232102708,435.883630528643,0,0,0,1130.20236641147,529.083638778336,5806.39353828981,0,-490.086596451068,450.295642014986,0,0,229.39147226106,-140.928644306747,0,0,-452.402599034863
0,0,0,0,0,0,0,0,0,0,0,0,0,0,0,0,0,0,0,0,0,0,0,0,0,0,0,0,0,0,0,0,0,0,0,0,0,0,0,0,0,0,0,0,0,0,0,0,0,0,0.00580534335598223,0,0,0,0,0,0,0,0,0
634.777744660402,0,0,0,6.80162383850968,0,396.022880855111,0,0,0,0,-79.9312065473042,0,0,0,574.400930564582,0,0,148.935557185918,801.15351938639,0,413.130093572378,0,1203.51314163222,0,0,0,0,779.537097619492,0,0,0,514.80096666499,0,0,0,0,0,0,214.20191483607,463.622189735591,81.9504324191307,211.597567170163,-168.679074791523,0,0,0,-462.402194107106,-519.883422631946,-490.086596451068,0,3544.77446354514,-736.685097609786,0,0,11.1279246248542,7.08228813629019,0,0,509.587264273447
-224.790305033424,0,0,0,73.2961161056071,0,670.643495739408,0,0,0,0,565.628001054495,0,0,0,561.679639776302,0,0,1686.15022267912,808.524977753856,0,-1088.24103903272,0,134.056179970505,0,0,0,0,788.073710971455,0,0,0,161.596719215326,0,0,0,0,0,0,702.873607357759,-955.578437089643,933.395962582851,842.542184211692,-73.3128643835746,0,0,0,527.527116875434,2340.88022415922,450.295642014985,0,-736.685097609786,7361.39865240905,0,0,123.786355893413,82.9132254068161,0,0,47.1075026523521
0,0,0,0,0,0,0,0,0,0,0,0,0,0,0,0,0,0,0,0,0,0,0,0,0,0,0,0,0,0,0,0,0,0,0,0,0,0,0,0,0,0,0,0,0,0,0,0,0,0,0,0,0,0.0497440893488801,0,0,0,0,0,0
0,0,0,0,0,0,0,0,0,0,0,0,0,0,0,0,0,0,0,0,0,0,0,0,0,0,0,0,0,0,0,0,0,0,0,0,0,0,0,0,0,0,0,0,0,0,0,0,0,0,0,0,0,0,0.0107462981698367,0,0,0,0,0
290.813698707704,0,0,0,166.382743061869,0,352.42938268362,0,0,0,0,-678.88425578452,0,0,0,508.734752887566,0,0,-1006.02299384528,19.8940512682727,0,-539.83000760564,0,699.003054818832,0,0,0,0,1363.50744553241,0,0,0,-17.6823676968507,0,0,0,0,0,0,191.111950418231,-21.4220886674216,71.8999210849654,-545.648623620114,-149.386176420771,0,0,0,192.165568535982,450.401821065419,229.39147226106,0,11.1279246248542,123.786355893413,0,0,2789.16286569199,-722.572656437533,0,0,175.011509966549
617.779312929903,0,0,0,254.104867227521,0,-58.8940874635404,0,0,0,0,-452.51672314792,0,0,0,715.681046389972,0,0,1019.32053110247,-752.932825842235,0,1190.81738842616,0,630.96374042781,0,0,0,0,-732.355620603635,0,0,0,306.795195467302,0,0,0,0,0,0,466.666261327177,372.746367022367,-178.258424773317,453.898943308774,-149.106682545941,0,0,0,263.58145355999,776.001210201076,-140.928644306747,0,7.08228813629019,82.9132254068161,0,0,-722.572656437533,3939.8494203617,0,0,853.163606173887
0,0,0,0,0,0,0,0,0,0,0,0,0,0,0,0,0,0,0,0,0,0,0,0,0,0,0,0,0,0,0,0,0,0,0,0,0,0,0,0,0,0,0,0,0,0,0,0,0,0,0,0,0,0,0,0,0,0.00837969027877563,0,0
0,0,0,0,0,0,0,0,0,0,0,0,0,0,0,0,0,0,0,0,0,0,0,0,0,0,0,0,0,0,0,0,0,0,0,0,0,0,0,0,0,0,0,0,0,0,0,0,0,0,0,0,0,0,0,0,0,0,0.0169291042473877,0
757.771282721608,0,0,0,753.069863641382,0,467.586204867122,0,0,0,0,-836.921240873998,0,0,0,1119.86860603563,0,0,-62.9801993840748,-210.257462162236,0,-152.705515267785,0,977.800586599904,0,0,0,0,929.983299413688,0,0,0,174.670249413214,0,0,0,0,0,0,997.542692032397,578.259584401345,-172.99670915956,-1911.42496651147,347.337463086197,0,0,0,-420.473914140059,-966.320844611203,-452.402599034863,0,509.587264273447,47.1075026523521,0,0,175.011509966549,853.163606173887,0,0,7522.41509881767
