0.0597798791178229,0.0175054256388101,0.042130270536529,0.00035345605518318,-0.0058338378101899,0.00268741325330491,-0.000525801345972323,0.00241240742124923,0.0060335867225474,0.00310969718481944,0.00872161624519414,0.0043913925864328,0.00554817009792365,0.00868525992547441,0.00356517495983423,0.00452676697423517,-0.018297718454317,-0.00306992535569389,-0.0132084634081625,0.00744926783407425,0.00247380947392814,-0.0126195381579282
0.0175054256388101,0.00967922977053557,0.00757160025317527,-0.00510008649892608,-0.00600578614303139,-0.00361900607856998,-0.00254292777403153,-0.00405328336002105,-0.000650501700247713,-0.000265784281941867,0.0010317384534743,-0.00168808655296707,-0.00229103137954173,0.000991138072435677,8.98535465586891e-05,0.000291829257657254,-0.00464705452300179,-0.00734280930505657,-0.0106518704143494,-0.00193913104668467,0.000561800128961578,-0.00960143219880553
0.042130270536529,0.00757160025317527,0.0688025471972683,-0.0128821791053044,-0.0109869902055874,-0.0110455922492778,-0.0115151876451359,-0.0110968715574431,-0.0133359779101152,-0.0112733429155597,-0.0142770956650315,-0.0133900133564218,-0.00678676496588621,-0.0142668518868981,-0.0129025604866518,0.0237917909385481,-0.0396677315458505,0.0235093018653983,-0.0210414672572475,-0.00225211555189759,-0.00643108180186221,-0.0215240697551563
0.00035345605518318,-0.00510008649892608,-0.0128821791053044,0.028955091764208,0.0213746822288128,0.0285606597299359,0.0213961978748864,0.0308189749979973,0.0288986190866906,0.0208735472831504,0.0297905281642798,0.02629481583073,0.0230425422539893,0.0297960244912081,0.0226295670306381,-0.0303303122289908,0.0138823517702489,-0.0138142407515633,0.0311685776639545,0.0109708524387546,0.0173276930648861,0.0301153852447761
-0.0058338378101899,-0.00600578614303139,-0.0109869902055874,0.0213746822288128,0.0171594275259138,0.0212483630550973,0.0165901883397882,0.023321503371325,0.0201916261326046,0.0149721746489209,0.0206012063219594,0.0179652409641082,0.0154138758095105,0.020618773391247,0.0165416067195686,-0.0228017712849256,0.00926257430880523,-0.0070512009892872,0.025189276123472,0.00452974338296493,0.012707775992009,0.0243637776697982
0.00268741325330491,-0.00361900607856998,-0.0110455922492778,0.0285606597299359,0.0212483630550973,0.0289837862451444,0.0221161521735596,0.0315409684435809,0.0286570945187164,0.0208867761821182,0.0298195285010617,0.0255656500112877,0.0218842366545373,0.029815809331198,0.0232856346611578,-0.0309152806115968,0.0106826756221104,-0.0149729010791213,0.0298142872786008,0.00806658594643645,0.0179088736126681,0.0291947637740012
-0.000525801345972323,-0.00254292777403153,-0.0115151876451359,0.0213961978748864,0.0165901883397882,0.0221161521735596,0.0181165407271734,0.0244399817244556,0.0225473601003351,0.0170874985747442,0.0239907725802262,0.019775510620933,0.0153499446269978,0.0239936464728035,0.0179484922316051,-0.025046107521434,0.00875070534435939,-0.00977008723608598,0.0242784095404923,0.00270349986344948,0.0153803022995528,0.0241117943731513
0.00241240742124923,-0.00405328336002105,-0.0110968715574431,0.0308189749979973,0.023321503371325,0.0315409684435809,0.0244399817244556,0.0345514034556,0.0308206007788648,0.0226481447474361,0.03211576726289,0.0273260343950713,0.0229970661113381,0.0321139284190116,0.0251391844716949,-0.0335143558477944,0.0101650240094239,-0.0147906336749012,0.0326586937749521,0.00678960506325038,0.0197878551376713,0.0321123382222674
0.0060335867225474,-0.000650501700247713,-0.0133359779101152,0.0288986190866906,0.0201916261326046,0.0286570945187164,0.0225473601003351,0.0308206007788648,0.0376068360391093,0.0277830371030171,0.0411235701042366,0.0336205972489807,0.0269577264310082,0.0411524121747477,0.0237941662919499,-0.0376712397858349,0.0222046718709253,-0.0163283857677519,0.0349538310008404,0.018175129537288,0.0271048718787175,0.0335552825328312
0.00310969718481944,-0.000265784281941867,-0.0112733429155597,0.0208735472831504,0.0149721746489209,0.0208867761821182,0.0170874985747442,0.0226481447474361,0.0277830371030171,0.0209273995695869,0.0306965688727901,0.0244440905001468,0.0189564365052063,0.0307192912282838,0.0177879285130138,-0.0287629687874489,0.0164522497764361,-0.0114876802384561,0.0260933546672186,0.0108856234518465,0.0202225370741943,0.025236257658998
0.00872161624519414,0.0010317384534743,-0.0142770956650315,0.0297905281642798,0.0206012063219594,0.0298195285010617,0.0239907725802262,0.03211576726289,0.0411235701042366,0.0306965688727901,0.0458711114268732,0.0361385727163885,0.0283056510253335,0.0459077152492885,0.0255138340701582,-0.0415381380379172,0.0254278781483315,-0.0183321874744453,0.0362929907970415,0.0174491639719525,0.0286063428408415,0.0351342425385757
0.0043913925864328,-0.00168808655296707,-0.0133900133564218,0.02629481583073,0.0179652409641082,0.0255656500112877,0.019775510620933,0.0273260343950713,0.0336205972489807,0.0244440905001468,0.0361385727163885,0.0314292243769586,0.0249615613548667,0.0361704191301759,0.0197631990632195,-0.0308692712305433,0.0214122526478009,-0.0119770939957717,0.0329078367921991,0.0210631160590765,0.0261840815792617,0.0312698384423484
0.00554817009792365,-0.00229103137954173,-0.00678676496588621,0.0230425422539893,0.0154138758095105,0.0218842366545373,0.0153499446269978,0.0229970661113381,0.0269577264310082,0.0189564365052063,0.0283056510253335,0.0249615613548667,0.0225468174728669,0.0283186654842622,0.0175189585993317,-0.0258395325099286,0.0160967681940787,-0.0132223331092798,0.0253030277554729,0.0186539570163866,0.0174829724087839,0.0236480641975774
0.00868525992547441,0.000991138072435677,-0.0142668518868981,0.0297960244912081,0.020618773391247,0.029815809331198,0.0239936464728035,0.0321139284190116,0.0411524121747477,0.0307192912282838,0.0459077152492885,0.0361704191301759,0.0283186654842622,0.045945718068531,0.0254891733879309,-0.041519729299789,0.0255524627132397,-0.0181636057867053,0.0364094968931155,0.0175169398207055,0.0286648277256501,0.0352322053200803
0.00356517495983423,8.98535465586891e-05,-0.0129025604866518,0.0226295670306381,0.0165416067195686,0.0232856346611578,0.0179484922316051,0.0251391844716949,0.0237941662919499,0.0177879285130137,0.0255138340701582,0.0197631990632195,0.0175189585993317,0.0254891733879309,0.0223200346743528,-0.0305856759419872,0.0108523121956458,-0.0205413231562671,0.0211976850291548,0.0031802790923904,0.0128724660578864,0.0210574632328396
0.00452676697423517,0.000291829257657254,0.0237917909385481,-0.0303303122289908,-0.0228017712849256,-0.0309152806115968,-0.025046107521434,-0.0335143558477944,-0.0376712397858349,-0.0287629687874489,-0.0415381380379172,-0.0308692712305433,-0.0258395325099286,-0.041519729299789,-0.0305856759419872,0.0502215629978638,-0.0241030140350401,0.0312431837764005,-0.0327894319287352,-0.00435589789370434,-0.0222623704821056,-0.0325831688822628
-0.018297718454317,-0.00464705452300179,-0.0396677315458505,0.0138823517702489,0.00926257430880523,0.0106826756221104,0.00875070534435939,0.0101650240094239,0.0222046718709253,0.0164522497764361,0.0254278781483315,0.0214122526478009,0.0160967681940787,0.0255524627132396,0.0108523121956458,-0.0241030140350401,0.0513064107633059,-0.010958916379895,0.0253585049656323,0.0135590960126762,0.00994780696761912,0.0240441874110337
-0.00306992535569389,-0.00734280930505657,0.0235093018653983,-0.0138142407515633,-0.0070512009892872,-0.0149729010791213,-0.00977008723608598,-0.0147906336749012,-0.0163283857677519,-0.0114876802384561,-0.0183321874744453,-0.0119770939957717,-0.0132223331092798,-0.0181636057867053,-0.0205413231562671,0.0312431837764005,-0.010958916379895,0.0509669888988996,0.0016190526100558,0.000746240499174542,0.000248876712880232,-0.000652252263608405
-0.0132084634081625,-0.0106518704143494,-0.0210414672572475,0.0311685776639545,0.025189276123472,0.0298142872786008,0.0242784095404923,0.0326586937749521,0.0349538310008404,0.0260933546672186,0.0362929907970415,0.0329078367921991,0.0253030277554729,0.0364094968931155,0.0211976850291548,-0.0327894319287352,0.0253585049656323,0.0016190526100558,0.0485349896194246,0.02292636541141,0.0323837660198265,0.0451296060613212
0.00744926783407425,-0.00193913104668467,-0.00225211555189759,0.0109708524387546,0.00452974338296493,0.00806658594643645,0.00270349986344948,0.00678960506325038,0.018175129537288,0.0108856234518465,0.0174491639719525,0.0210631160590765,0.0186539570163866,0.0175169398207055,0.0031802790923904,-0.00435589789370434,0.0135590960126762,0.000746240499174542,0.02292636541141,0.0586939483998569,0.0318908390789309,0.0169484539385129
0.00247380947392814,0.000561800128961578,-0.00643108180186221,0.0173276930648861,0.012707775992009,0.0179088736126681,0.0153803022995527,0.0197878551376713,0.0271048718787175,0.0202225370741942,0.0286063428408415,0.0261840815792617,0.0174829724087839,0.0286648277256501,0.0128724660578864,-0.0222623704821056,0.00994780696761912,0.000248876712880232,0.0323837660198265,0.0318908390789309,0.0419217943976126,0.0289308823834573
-0.0126195381579282,-0.00960143219880553,-0.0215240697551563,0.0301153852447761,0.0243637776697982,0.0291947637740012,0.0241117943731513,0.0321123382222674,0.0335552825328312,0.025236257658998,0.0351342425385757,0.0312698384423484,0.0236480641975774,0.0352322053200803,0.0210574632328396,-0.0325831688822628,0.0240441874110337,-0.000652252263608405,0.0451296060613212,0.0169484539385129,0.0289308823834573,0.0426189429520242
