0.0964887239829762,0.0243587863621962,0.0374914855417769,-0.00273632908602547,-0.0173719941501336,-0.00292410603283648,-0.00522679110002277,-0.00295187138853553,-0.010635485401543,-0.00234000202268453,-0.0059852980650804,-0.00770646690037601,0.000183714824700891,-0.00568694003742896,0.00415369047618347,0.00369764619255046,-0.0436322349661242,-0.0224994795506669,-0.0316374394383132,-0.0444511200323411,-0.0170190689080564,-0.019792497228493
0.0243587863621962,0.0179171360803617,0.0117236142347907,-0.0048617997008656,-0.00947238698708867,-0.00452891653858472,-0.00502596524191351,-0.00456482644180025,-0.00917072388797003,-0.00662284006831818,-0.0112757980264221,-0.00858366313531872,-0.00319106130631095,-0.010840402666616,-0.000511782092425334,0.00841337386405552,-0.00059495679486997,-0.0180560995353022,-0.0102784768029035,-0.00805009977431198,-0.00668628635378993,-0.00408724255157803
0.0374914855417769,0.0117236142347907,0.0667988340674773,-0.0128016014165258,-0.0167567560605867,-0.0120195639342886,-0.0145215153749577,-0.0121139978648523,-0.0139199107604709,-0.012351649179487,-0.010054536251166,-0.0124483714477973,-0.0105471751005688,-0.0109374594054,-0.0027686448219581,0.0194715555776761,-0.0356349066081718,-0.0174374574276373,-0.0321551683881457,-0.0310535381227328,-0.0159304293043582,-0.0235845619204151
-0.00273632908602547,-0.0048617997008656,-0.0128016014165258,0.0123366690709412,0.0108959600757194,0.0109446497176424,0.0110449678078595,0.0110339348950626,0.00869407697540292,0.0107593712074259,0.0117974020878773,0.00758262093908352,0.00616836966587932,0.0121188766862408,0.00815857289841678,-0.0139214334320188,0.0151730348082106,-0.00601691935486331,0.0129934440099395,0.00522182513700771,0.0186190439447884,0.0094486823856864
-0.0173719941501336,-0.00947238698708867,-0.0167567560605867,0.0108959600757194,0.0124944401333806,0.00980960858855071,0.010394003839664,0.00988746497684906,0.010076594447724,0.0101390067415599,0.0122214434691768,0.00860725792088365,0.00590905508954267,0.0125086248152335,0.00573312937632656,-0.0132219865919819,0.0179779033910978,0.000493151307742502,0.0156578009967504,0.0111531348866852,0.0164938446429999,0.010843799126609
-0.00292410603283648,-0.00452891653858472,-0.0120195639342886,0.0109446497176424,0.00980960858855072,0.00990920743945634,0.0100947881954496,0.00999350514555557,0.00783692189291873,0.00939928380731298,0.0105370179561054,0.00690507618370884,0.00545583441339038,0.0107813738693318,0.00684491091132858,-0.0123540797993885,0.0120355630790901,-0.00370696064521844,0.0116103196786147,0.00411920878927651,0.0153419303903577,0.00771968578560566
-0.00522679110002277,-0.00502596524191351,-0.0145215153749577,0.0110449678078595,0.010394003839664,0.0100947881954496,0.0114206170148067,0.0101661759914262,0.0091893511400012,0.0104651956111384,0.0115499453697525,0.00859388845511032,0.00745253108806801,0.0118373234941538,0.00618357903585157,-0.0157257259052562,0.013204847609662,-0.0073260135720785,0.0118775562858642,0.00273526130829808,0.0137244155256977,0.00926433271454728
-0.00295187138853553,-0.00456482644180025,-0.0121139978648523,0.0110339348950626,0.00988746497684906,0.00999350514555557,0.0101661759914262,0.0100788421575511,0.00789159399353836,0.00946300930940096,0.0106170681330308,0.00694870298925327,0.00547414584098622,0.0108615281667249,0.00690034546642906,-0.0124142976930032,0.0120998746562616,-0.00364111718743511,0.0117158020144135,0.00417627728650674,0.0154802643444013,0.00775194762726679
-0.010635485401543,-0.00917072388797003,-0.0139199107604709,0.00869407697540292,0.010076594447724,0.00783692189291873,0.0091893511400012,0.00789159399353836,0.0193667845787776,0.0184968980438197,0.0239690658597149,0.0192375896049476,0.0139606313100988,0.0243672752152951,0.00204652918080195,-0.0260781937848249,0.0111350193763145,-0.000372685149208144,0.0118701735500222,0.00698945130382002,0.0156998376347184,0.0101958732990553
-0.00234000202268453,-0.00662284006831818,-0.012351649179487,0.0107593712074259,0.0101390067415599,0.00939928380731298,0.0104651956111384,0.00946300930940096,0.0184968980438197,0.0193113048748835,0.0237299566476709,0.0183593623166089,0.0142239979713798,0.0242200358148344,0.00478354492404089,-0.0269667369965607,0.0128570210970475,-0.006946112439656,0.011536426036561,0.00448278476825947,0.0194236616804064,0.0110357402836938
-0.0059852980650804,-0.0112757980264221,-0.010054536251166,0.0117974020878773,0.0122214434691768,0.0105370179561054,0.0115499453697525,0.0106170681330308,0.0239690658597149,0.0237299566476708,0.0313460191664075,0.023907225221951,0.0169353504023681,0.0316812808366356,0.00414883130801942,-0.0324829413628529,0.00905292854847274,-0.00182134350617081,0.0124980920962016,0.0042304352029936,0.0215705036984175,0.0102011984165613
-0.00770646690037602,-0.00858366313531872,-0.0124483714477973,0.00758262093908352,0.00860725792088365,0.00690507618370884,0.00859388845511032,0.00694870298925327,0.0192375896049476,0.0183593623166089,0.023907225221951,0.0196643778676305,0.0144307813942714,0.0241829218525166,0.00118144659726206,-0.0268389226322631,0.0070195297501216,-0.00105884200935586,0.00964385179901584,0.00349570552959076,0.0135100265461634,0.00875357396850249
0.000183714824700891,-0.00319106130631095,-0.0105471751005688,0.00616836966587932,0.00590905508954267,0.00545583441339038,0.00745253108806801,0.00547414584098622,0.0139606313100988,0.0142239979713798,0.0169353504023681,0.0144307813942714,0.0124332934116411,0.0174416653258552,0.00152579931813602,-0.0220698013046831,0.00826197068740231,-0.00902766445924151,0.00618916992816636,0.000497423698077138,0.00883011995912579,0.00848154365396944
-0.00568694003742896,-0.010840402666616,-0.0109374594054,0.0121188766862408,0.0125086248152335,0.0107813738693318,0.0118373234941538,0.0108615281667249,0.0243672752152951,0.0242200358148344,0.0316812808366356,0.0241829218525166,0.0174416653258552,0.0321336683256243,0.0043149752505046,-0.0330979694743453,0.0108114451117869,-0.00285765242840128,0.0129679985445514,0.00510052795941905,0.0219017794388273,0.0110619661918935
0.00415369047618347,-0.000511782092425334,-0.0027686448219581,0.00815857289841678,0.00573312937632656,0.00684491091132858,0.00618357903585157,0.00690034546642906,0.00204652918080195,0.00478354492404089,0.00414883130801942,0.00118144659726206,0.00152579931813602,0.0043149752505046,0.00739236330314661,-0.00511022859276421,0.0106611618112583,-0.00912443103721495,0.00656428221245397,0.00157898044953675,0.0145389958849246,0.00537756820219288
0.00369764619255046,0.00841337386405551,0.0194715555776761,-0.0139214334320188,-0.0132219865919819,-0.0123540797993885,-0.0157257259052562,-0.0124142976930032,-0.0260781937848249,-0.0269667369965607,-0.0324829413628529,-0.0268389226322631,-0.0220698013046831,-0.0330979694743453,-0.00511022859276421,0.0413077786031188,-0.0163060662056631,0.0161609475252391,-0.0142798335069993,-0.000993494947971265,-0.0223394843073432,-0.0160347624515128
-0.0436322349661242,-0.000594956794869971,-0.0356349066081718,0.0151730348082106,0.0179779033910978,0.0120355630790901,0.013204847609662,0.0120998746562616,0.0111350193763145,0.0128570210970475,0.00905292854847274,0.0070195297501216,0.0082619706874023,0.0108114451117869,0.0106611618112583,-0.0163060662056631,0.0733101251687197,-0.0284956278370723,0.0323815988684609,0.0404844875640649,0.0391704289090854,0.0333243423236886
-0.0224994795506669,-0.0180560995353022,-0.0174374574276373,-0.00601691935486331,0.000493151307742502,-0.00370696064521844,-0.0073260135720785,-0.00364111718743511,-0.000372685149208144,-0.006946112439656,-0.00182134350617081,-0.00105884200935586,-0.00902766445924151,-0.00285765242840128,-0.00912443103721495,0.0161609475252391,-0.0284956278370723,0.070022094041444,0.00485214726695014,0.0143491797254802,-0.0147361630117231,-0.0127948852435322
-0.0316374394383132,-0.0102784768029035,-0.0321551683881457,0.0129934440099395,0.0156578009967504,0.0116103196786147,0.0118775562858642,0.0117158020144135,0.0118701735500222,0.011536426036561,0.0124980920962016,0.00964385179901584,0.00618916992816636,0.0129679985445514,0.00656428221245397,-0.0142798335069993,0.0323815988684609,0.00485214726695014,0.0250571489829356,0.0241170740946477,0.0248829597154362,0.0172947598484784
-0.0444511200323411,-0.00805009977431198,-0.0310535381227328,0.00522182513700771,0.0111531348866852,0.00411920878927651,0.00273526130829808,0.00417627728650674,0.00698945130382002,0.00448278476825947,0.0042304352029936,0.00349570552959076,0.000497423698077138,0.00510052795941905,0.00157898044953675,-0.000993494947971265,0.0404844875640649,0.0143491797254802,0.0241170740946477,0.0393401680037246,0.0198959880010055,0.0174646120069841
-0.0170190689080564,-0.00668628635378993,-0.0159304293043582,0.0186190439447884,0.0164938446429999,0.0153419303903577,0.0137244155256977,0.0154802643444013,0.0156998376347184,0.0194236616804064,0.0215705036984175,0.0135100265461634,0.00883011995912579,0.0219017794388273,0.0145389958849246,-0.0223394843073432,0.0391704289090854,-0.0147361630117231,0.0248829597154362,0.0198959880010055,0.0477732795272497,0.0196662635912392
-0.019792497228493,-0.00408724255157803,-0.0235845619204151,0.0094486823856864,0.010843799126609,0.00771968578560566,0.00926433271454728,0.00775194762726679,0.0101958732990553,0.0110357402836938,0.0102011984165613,0.00875357396850249,0.00848154365396944,0.0110619661918935,0.00537756820219288,-0.0160347624515128,0.0333243423236886,-0.0127948852435322,0.0172947598484784,0.0174646120069841,0.0196662635912392,0.0182312954082852
