0.062944432343715,0.0227332039665338,0.0339615293028253,-0.00691040716680804,-0.0148494242844399,-0.00506844939762367,-0.00708699976002507,-0.00506852366345067,-0.00821374330199912,-0.00718377915382765,-0.00992525918191947,-0.00632005076941401,-0.00565574327894273,-0.00992286964396854,-3.49820341004035e-06,0.0049563796031726,-0.0312993351429597,-0.0360752519292431,-0.0260945239227053,-0.0157221866838942,0.00594596236425125,-0.0222797089949529
0.0227332039665338,0.0400880507857793,-0.00500550256508268,0.000395601774402542,-0.00303099552890153,0.00035109207797159,-0.00109226230053466,0.00034448840719003,-0.00391952214015383,-0.00265295299587361,-0.00495456166064217,-0.00455433046021653,-0.00245432542640634,-0.00495324768618235,0.00135079062642947,0.00285976027388888,-0.00980065836960309,-0.0199110747472239,-0.0028152694988148,0.000234147087092356,0.00517326593772728,-0.00486914468787538
0.0339615293028253,-0.00500550256508268,0.0718113765102071,-0.0104645328909443,-0.0127440934978599,-0.0077549684963518,-0.00975709383113699,-0.00774440162527652,-0.00852599481319707,-0.00803709409488565,-0.00958897033128017,-0.00635965299921038,-0.00688749453902892,-0.009589726828051,-0.00629603108624434,0.0172420317147153,-0.0408011509276043,-0.00875324629516802,-0.0280963051325802,-0.0161260086569225,-0.0072191819838372,-0.0238608122649862
-0.00691040716680804,0.000395601774402542,-0.0104645328909443,0.0124568089843955,0.0106083663101056,0.0108727284283594,0.0117490570191894,0.0108651700759351,0.00987043156647957,0.00966802746787788,0.0103776861717074,0.00938278281163403,0.00626022934920076,0.0103760744574807,0.00758146676392326,-0.00993015786945946,0.0123232105619959,0.00476689076012447,0.0134051200810113,0.00845492959716315,0.00845693109251519,0.0115417684358716
-0.0148494242844399,-0.00303099552890153,-0.0127440934978599,0.0106083663101056,0.0109381659500083,0.00909077279740775,0.0101620445712372,0.00908572086267317,0.00895738723687698,0.00845036899209121,0.00972450047390085,0.00818767703700033,0.00571292919824995,0.00972322359610821,0.00564872357152708,-0.0083483699382306,0.0144127331276631,0.00800530924997481,0.0146263219504218,0.00954475283530773,0.00552721774388552,0.0128286419042736
-0.00506844939762367,0.00035109207797159,-0.0077549684963518,0.0108727284283594,0.00909077279740775,0.00985118789188486,0.0100025897790259,0.00984633650057835,0.00876469671102496,0.00854485590056259,0.00930291635118163,0.00811929936343851,0.00543731825003019,0.00930139687678707,0.00680667590519679,-0.00883773429937631,0.0113874258813079,0.00322630572682661,0.0109672992452933,0.00653746498257143,0.00765735290307759,0.00934503581979435
-0.00708699976002507,-0.00109226230053466,-0.00975709383113699,0.0117490570191894,0.0101620445712372,0.0100025897790259,0.0121530837692269,0.00999472805591168,0.0104114180176939,0.0103350530090617,0.0109147473033821,0.0107148474732056,0.00679574496295638,0.0109131566419758,0.00707303094252484,-0.0103438999663506,0.0110102530564917,0.00790476836972701,0.0129082488749497,0.00898586917353089,0.00674499859674665,0.0124164212426094
-0.00506852366345067,0.00034448840719003,-0.00774440162527652,0.0108651700759351,0.00908572086267317,0.00984633650057835,0.00999472805591168,0.00984152255763828,0.00876237082077201,0.00854240409380592,0.00930055826065454,0.008115821144384,0.00543633156624436,0.00929903836953344,0.00680244269617049,-0.0088382291915443,0.0113944415087299,0.00321936250906974,0.0109671926341354,0.00652994459638187,0.00765254832102394,0.00934355828074234
-0.00821374330199912,-0.00391952214015383,-0.00852599481319707,0.00987043156647957,0.00895738723687698,0.00876469671102496,0.0104114180176939,0.00876237082077201,0.0210631661237318,0.0189432153129951,0.0239653224641327,0.0202904387963203,0.0132183416302907,0.0239599839816337,0.00705140262063763,-0.0163763275735466,0.0192055455881361,0.00921651328122871,0.0135076058494403,0.0109675932412473,0.00999249782156119,0.0128241297362789
-0.00718377915382765,-0.00265295299587361,-0.00803709409488565,0.00966802746787788,0.00845036899209121,0.00854485590056259,0.0103350530090617,0.00854240409380592,0.0189432153129951,0.0178821243929218,0.0212623258371221,0.0186465974499623,0.0121647944579804,0.0212576460951044,0.00692770660023616,-0.015173789936026,0.016410112024014,0.00904133092487868,0.0120772349381765,0.0101042572606167,0.00838247448049796,0.011506396750686
-0.00992525918191947,-0.00495456166064217,-0.00958897033128017,0.0103776861717074,0.00972450047390085,0.00930291635118163,0.0109147473033821,0.00930055826065454,0.0239653224641327,0.0212623258371221,0.0278503059010307,0.022706395781227,0.0147290586295169,0.0278438775014757,0.00763122731140169,-0.0186461999305459,0.0222031138195376,0.0110668370715728,0.0139456539316296,0.0114452256429991,0.0101674441473188,0.0132644557851485
-0.00632005076941401,-0.00455433046021653,-0.00635965299921038,0.00938278281163403,0.00818767703700033,0.00811929936343851,0.0107148474732056,0.008115821144384,0.0202904387963203,0.0186465974499623,0.022706395781227,0.0206742740406183,0.0127907843302528,0.0227015136627231,0.00635271520863339,-0.0157153953525363,0.0154787632558211,0.010380134332784,0.0128452756001452,0.0111154638263615,0.00876818659332577,0.013085239805897
-0.00565574327894273,-0.00245432542640634,-0.00688749453902892,0.00626022934920076,0.00571292919824995,0.00543731825003019,0.00679574496295638,0.00543633156624436,0.0132183416302907,0.0121647944579804,0.0147290586295169,0.0127907843302528,0.0088713378266026,0.0147256052923493,0.00470512918048719,-0.0107758341955429,0.013792465864468,0.00498544306319815,0.00903229190038406,0.00769221934630995,0.00649565293399871,0.00881910339595264
-0.00992286964396854,-0.00495324768618235,-0.009589726828051,0.0103760744574807,0.00972322359610821,0.00930139687678707,0.0109131566419758,0.00929903836953344,0.0239599839816337,0.0212576460951044,0.0278438775014757,0.0227015136627231,0.0147256052923493,0.0278374541211761,0.00762965660060161,-0.0186412886741843,0.0221965551933126,0.0110662846499869,0.0139431827948947,0.0114421610722051,0.01016493738222,0.013262291520015
-3.49820341004035e-06,0.00135079062642947,-0.00629603108624434,0.00758146676392326,0.00564872357152708,0.00680667590519679,0.00707303094252484,0.00680244269617049,0.00705140262063763,0.00692770660023616,0.00763122731140169,0.00635271520863339,0.00470512918048719,0.00762965660060161,0.00705449929454257,-0.00868128495807593,0.0107308129345853,-0.00276739296136772,0.00600123504349695,0.00460842366912354,0.00813616985628142,0.00484775026666954
0.0049563796031726,0.00285976027388888,0.0172420317147153,-0.00993015786945946,-0.0083483699382306,-0.00883773429937631,-0.0103438999663506,-0.0088382291915443,-0.0163763275735466,-0.015173789936026,-0.0186461999305459,-0.0157153953525363,-0.0107758341955429,-0.0186412886741843,-0.00868128495807593,0.0246296151967129,-0.0223811908320835,-4.35151489310484e-05,-0.0146207292922327,-0.00941838413113332,-0.0153296338510618,-0.0129437800364784
-0.0312993351429597,-0.00980065836960309,-0.0408011509276043,0.0123232105619959,0.0144127331276631,0.0113874258813079,0.0110102530564917,0.0113944415087299,0.0192055455881361,0.016410112024014,0.0222031138195376,0.0154787632558211,0.013792465864468,0.0221965551933126,0.0107308129345853,-0.0223811908320835,0.0681682731750155,-0.00238286867330138,0.0249322208399882,0.0195599924665214,0.0113146575002776,0.0223082130545967
-0.0360752519292431,-0.0199110747472239,-0.00875324629516802,0.00476689076012447,0.00800530924997481,0.00322630572682661,0.00790476836972701,0.00321936250906974,0.00921651328122871,0.00904133092487868,0.0110668370715728,0.010380134332784,0.00498544306319815,0.0110662846499869,-0.00276739296136772,-4.35151489310484e-05,-0.00238286867330138,0.0605102665945889,0.0117226061799736,0.0104782324224776,-0.00988135471332031,0.0131435630178407
-0.0260945239227053,-0.0028152694988148,-0.0280963051325802,0.0134051200810113,0.0146263219504218,0.0109672992452933,0.0129082488749497,0.0109671926341354,0.0135076058494403,0.0120772349381765,0.0139456539316296,0.0128452756001452,0.00903229190038406,0.0139431827948947,0.00600123504349695,-0.0146207292922327,0.0249322208399882,0.0117226061799736,0.0345943206017542,0.0229439882693098,0.0140823821060588,0.0289197081887551
-0.0157221866838942,0.000234147087092356,-0.0161260086569225,0.00845492959716316,0.00954475283530773,0.00653746498257143,0.00898586917353089,0.00652994459638187,0.0109675932412473,0.0101042572606167,0.0114452256429991,0.0111154638263615,0.00769221934630995,0.0114421610722051,0.00460842366912354,-0.00941838413113332,0.0195599924665214,0.0104782324224776,0.0229439882693098,0.032004250735508,0.0104924197268779,0.0200462991146897
0.00594596236425125,0.00517326593772728,-0.0072191819838372,0.00845693109251519,0.00552721774388552,0.00765735290307759,0.00674499859674665,0.00765254832102394,0.00999249782156119,0.00838247448049796,0.0101674441473188,0.00876818659332577,0.00649565293399871,0.01016493738222,0.00813616985628142,-0.0153296338510618,0.0113146575002776,-0.00988135471332031,0.0140823821060588,0.0104924197268779,0.0308618232705833,0.00992475789406487
-0.0222797089949529,-0.00486914468787538,-0.0238608122649862,0.0115417684358716,0.0128286419042736,0.00934503581979435,0.0124164212426094,0.00934355828074234,0.0128241297362789,0.011506396750686,0.0132644557851485,0.013085239805897,0.00881910339595264,0.013262291520015,0.00484775026666954,-0.0129437800364784,0.0223082130545967,0.0131435630178407,0.0289197081887551,0.0200462991146897,0.00992475789406486,0.0266627089160244
