0.0527095170811852,0.0171595820842465,-0.000522416083145473,-0.0171016486313896,0.0101688940640693,-0.0253950529697096,0.00647099570994405,-0.0305708440053843,0.00796756018016109,-0.0268287940090544,0.00428031892394865,-0.0175181908216308,-0.0266802434092665,0.00715263204921315,-0.0187202563349903,0.0194849614273152,0.0130492473565764
0.0171595820842465,0.0976509801371003,-0.0192223739219892,0.0353141418823354,0.00515289261777126,0.0564778747987598,0.00755447465738008,0.0389326944757617,0.0128174798939132,0.016674197409306,0.00875761151279536,0.0336782172263604,-0.0269366410240103,0.0566284300466027,0.016737247158337,0.0580766821011668,0.0140222256311788
-0.000522416083145473,-0.0192223739219892,0.0355410963677893,-0.0110764930702401,0.0390974002840958,0.00792694895725387,0.0435036819966249,-0.0153777917782122,0.0200565542020046,-0.0166844337388461,0.0150773872531777,-0.00858305513401648,0.0258744617578119,-0.0107128788238517,-0.0117797798686906,-0.0117592351564087,-0.0140456061085301
-0.0171016486313896,0.0353141418823354,-0.0110764930702401,0.108941552919721,0.00722902979494772,0.00821323568745778,0.0175498373615498,0.0554141543598311,0.0365813649274166,0.0434339080492412,0.0466198361972065,0.0399655063413886,0.0176957071043925,0.0442711267252754,0.0767626319636525,0.0222564974771008,0.0182782308706535
0.0101688940640693,0.00515289261777126,0.0390974002840958,0.00722902979494772,0.053831648162622,0.0169583371605709,0.0589398604389093,-0.00835333463381044,0.0346193529275524,-0.0161015964663808,0.027077865210445,-0.000694725414906235,0.0227983483705633,0.00759390613620861,-0.00224035014095088,0.00436204902786015,-0.0118191030232325
-0.0253950529697096,0.0564778747987598,0.00792694895725387,0.00821323568745779,0.0169583371605709,0.109593751040322,0.0311054789284101,0.0453364792444165,0.0123354612881922,0.0361606893597111,0.0247063366742528,0.0315732699753967,0.0436522788045687,0.0127663499923507,-0.0193753413059761,0.0379600151328894,-0.0106908520878064
0.00647099570994405,0.00755447465738008,0.0435036819966249,0.0175498373615498,0.0589398604389093,0.0311054789284101,0.0999980897573435,0.00202038794549864,0.0362744972083802,-0.0163701402140449,0.0426180239136051,0.0177316568780694,0.0444789379647831,0.0230307693337278,-0.0131734190716342,0.00608272562780523,0.0118930140040197
-0.0305708440053843,0.0389326944757617,-0.0153777917782122,0.0554141543598311,-0.00835333463381044,0.0453364792444165,0.00202038794549864,0.0587731764644244,-0.0011008632377401,0.0471617858695755,0.0114746529141757,0.0469835027362303,0.0202989889558992,0.0375593991946694,0.0217971844907005,0.0256197517383439,-0.00655335687986667
0.00796756018016109,0.0128174798939132,0.0200565542020046,0.0365813649274166,0.0346193529275524,0.0123354612881922,0.0362744972083802,-0.0011008632377401,0.0509853782564373,-0.00270097180222566,0.0477325355152527,-0.0102452427980255,0.0153672290917818,-0.00380409870962614,0.0393337811941271,0.00641024813046103,0.0184577852358906
-0.0268287940090544,0.016674197409306,-0.0166844337388461,0.0434339080492412,-0.0161015964663808,0.0361606893597111,-0.0163701402140449,0.0471617858695755,-0.00270097180222566,0.0536261307285595,0.0168839055674641,0.0308492375701206,0.0326488816078756,0.0107867253303594,0.0105701352421164,0.0211810872387058,-0.0146463601352504
0.00428031892394865,0.00875761151279536,0.0150773872531777,0.0466198361972065,0.027077865210445,0.0247063366742528,0.0426180239136051,0.0114746529141757,0.0477325355152527,0.0168839055674641,0.0632029946233001,0.0010307829202929,0.0431567953358658,-0.0050453882311484,0.0250105883365718,0.0145176466472036,0.0219443126192761
-0.0175181908216308,0.0336782172263604,-0.00858305513401648,0.0399655063413886,-0.000694725414906235,0.0315732699753967,0.0177316568780694,0.0469835027362303,-0.0102452427980255,0.0308492375701206,0.0010307829202929,0.0495195334565031,0.0163940122367403,0.0476962095210315,-0.000275170235319538,0.023926609933536,-0.00929762056682007
-0.0266802434092665,-0.0269366410240103,0.0258744617578119,0.0176957071043925,0.0227983483705633,0.0436522788045687,0.0444789379647831,0.0202989889558992,0.0153672290917818,0.0326488816078756,0.0431567953358658,0.0163940122367403,0.0870309092253723,-0.018331825318437,-0.0233643046633853,-0.000774301010901155,-0.0165003825299308
0.00715263204921315,0.0566284300466027,-0.0107128788238517,0.0442711267252754,0.00759390613620861,0.0127663499923507,0.0230307693337278,0.0375593991946695,-0.00380409870962614,0.0107867253303594,-0.0050453882311484,0.0476962095210315,-0.018331825318437,0.0703063457789252,0.0108504423048122,0.0336536525175685,0.00106270410382757
-0.0187202563349903,0.016737247158337,-0.0117797798686906,0.0767626319636525,-0.00224035014095088,-0.0193753413059761,-0.0131734190716342,0.0217971844907005,0.0393337811941271,0.0105701352421164,0.0250105883365718,-0.000275170235319538,-0.0233643046633853,0.0108504423048122,0.10393642691187,-0.00885490277524402,0.0331943813229219
0.0194849614273152,0.0580766821011668,-0.0117592351564087,0.0222564974771008,0.00436204902786015,0.0379600151328894,0.00608272562780523,0.0256197517383439,0.00641024813046103,0.0211810872387058,0.0145176466472036,0.023926609933536,-0.000774301010901155,0.0336536525175685,-0.00885490277524402,0.0470859705903887,-0.00139444233477589
0.0130492473565764,0.0140222256311788,-0.0140456061085301,0.0182782308706535,-0.0118191030232325,-0.0106908520878064,0.0118930140040197,-0.00655335687986667,0.0184577852358906,-0.0146463601352504,0.0219443126192761,-0.00929762056682007,-0.0165003825299308,0.00106270410382757,0.033194381322922,-0.00139444233477589,0.0636192045843539
