0.0907769802961333,0.0269172776211494,0.055514178492019,-0.00709263858200895,-0.0175913335804532,-0.00390886306341171,-0.00627931635423667,-0.00351777921615064,-0.00283382270362016,-0.0019084280628954,0.00138196495575303,0.00100168798454637,-0.00619976647075956,0.00137872582082551,-0.00223946201979519,0.00387196488899394,-0.0287421041651127,-0.0210099135824137,-0.0223324910152532,-0.016117615269578,-0.00167093149332431,-0.0243506450438194
0.0269172776211494,0.00909266465437353,0.0149178713416706,-0.00128407702361637,-0.00406869226707365,-0.000548539794588482,-0.000790516932237067,-0.000472972401094077,0.000684990366060862,0.00107118176497413,0.00189317177119368,0.00188472789594809,0.000158111333262933,0.00188203429328156,0.000108244782855596,-0.00135403711422794,-0.00570485713682213,-0.00581122514545981,-0.0035021635876873,-0.000456019196466424,0.00371730732421952,-0.0042182480506285
0.055514178492019,0.0149178713416706,0.136809520891451,-0.0222166016765766,-0.0214454334991603,-0.0158963694555443,-0.0215107911515974,-0.0175835742884035,-0.0370797983135251,-0.034666104662273,-0.0387958641769982,-0.0326904290269503,-0.0321325094737531,-0.03867387653626,-0.00742577544565483,0.0105488801379328,-0.00657738956189381,-0.0525466315225265,-0.0499975802438233,-0.0409567545689616,-0.00365536052692151,-0.0518710949287198
-0.00709263858200895,-0.00128407702361637,-0.0222166016765766,0.0100265224744331,0.00911057669439682,0.00876915111481975,0.00969200470306613,0.00949595300087284,0.0104465303763982,0.0105828371452976,0.012150662993454,0.0101449290494232,0.0111130682957399,0.0120994145896842,0.00364506556448931,-0.00933020708921528,0.00364441335513345,0.00523749928630291,0.0141158454267801,0.00982189648605005,0.00718712686185422,0.0144668465577345
-0.0175913335804532,-0.00406869226707365,-0.0214454334991603,0.00911057669439682,0.010665526585122,0.00797565601615708,0.00881876578658271,0.00843326429146784,0.00765566291839421,0.00768087922195707,0.00845309656049755,0.00718311750361933,0.00974924872032961,0.0084118339635128,0.0039564130130469,-0.00806845040483066,0.00917638986413031,0.0040722653115893,0.0135652313624898,0.0104077516440898,0.00622371579294832,0.0136878081149783
-0.00390886306341171,-0.000548539794588482,-0.0158963694555443,0.00876915111481975,0.00797565601615708,0.00808883103645492,0.00848291438813118,0.00878177384899159,0.00860407351936436,0.00853021795602865,0.0104172403413029,0.00837872666947952,0.00961074289003744,0.0103713772428062,0.00350682283907743,-0.0084320799466214,0.0031504820839571,0.00236275692254057,0.011144327995023,0.0077477088788196,0.00592295905554399,0.0111254346991426
-0.00627931635423667,-0.000790516932237067,-0.0215107911515974,0.00969200470306613,0.00881876578658271,0.00848291438813118,0.00986614279318744,0.00924619124465847,0.0106860796482037,0.0110210147196518,0.0123954036540305,0.0105091335664604,0.0117872453913886,0.0123465059900084,0.00416768506487269,-0.0102751476394869,0.00297339828595327,0.00464628740855596,0.0139888035507816,0.00929945290378331,0.00720332072424308,0.0143895688877612
-0.00351777921615063,-0.000472972401094077,-0.0175835742884035,0.00949595300087284,0.00843326429146784,0.00878177384899159,0.00924619124465847,0.00959517902026648,0.00967580096748173,0.0095407083420416,0.0118190644222908,0.00940716530063929,0.0105906927339394,0.0117715753151139,0.00383140403941976,-0.00917315650555826,0.00270609484766862,0.00254685005960755,0.0121030679924149,0.00757695657019503,0.00585054112739443,0.0121324869732157
-0.00283382270362016,0.000684990366060863,-0.0370797983135251,0.0104465303763982,0.00765566291839421,0.00860407351936436,0.0106860796482037,0.00967580096748173,0.0253106041393558,0.0222628602624722,0.0298662663265403,0.0225393698222002,0.0208932465813555,0.0298274210664428,0.00531064895221775,-0.0173500959875428,0.0178762139533707,0.00718947884021428,0.020011898546009,0.0191482264666789,0.0133975522039232,0.0198271437000886
-0.0019084280628954,0.00107118176497413,-0.034666104662273,0.0105828371452976,0.00768087922195707,0.00853021795602865,0.0110210147196518,0.0095407083420416,0.0222628602624722,0.0206634119999586,0.0259653871115136,0.0204574590175883,0.0190522842124696,0.0259196860027013,0.00491440807530392,-0.016045342260981,0.0115272490623652,0.00830465520408234,0.0194762842859953,0.0166850080234732,0.0126116706624959,0.0198439901421768
0.00138196495575303,0.00189317177119369,-0.0387958641769982,0.012150662993454,0.00845309656049755,0.0104172403413029,0.0123954036540305,0.0118190644222908,0.0298662663265403,0.0259653871115136,0.0361233068403793,0.0266303889160927,0.0242397821351237,0.0360842586277746,0.00626681722656014,-0.0202757139788872,0.020203736221312,0.00579318845012382,0.0217765379658238,0.0187189309549529,0.0139087640842233,0.0214052467347788
0.00100168798454637,0.00188472789594809,-0.0326904290269503,0.0101449290494232,0.00718311750361933,0.00837872666947952,0.0105091335664604,0.00940716530063929,0.0225393698222002,0.0204574590175883,0.0266303889160927,0.020675776759987,0.0191116566301663,0.0265911141392261,0.00512703009473945,-0.0154815109244712,0.0131041272744428,0.00589864820987203,0.0181061201241411,0.0163427781839917,0.0117470183361044,0.0180678654697116
-0.00619976647075956,0.000158111333262933,-0.0321325094737531,0.0111130682957399,0.00974924872032961,0.00961074289003744,0.0117872453913886,0.0105906927339394,0.0208932465813555,0.0190522842124696,0.0242397821351237,0.0191116566301663,0.0201442857062568,0.0241913512287571,0.00660900807574275,-0.0175426126602949,0.0162279750398613,0.00375589906750445,0.0190962130590597,0.0195817384418128,0.0137515966732914,0.0186751538482411
0.00137872582082551,0.00188203429328156,-0.03867387653626,0.0120994145896842,0.0084118339635128,0.0103713772428062,0.0123465059900084,0.0117715753151139,0.0298274210664428,0.0259196860027013,0.0360842586277746,0.0265911141392261,0.0241913512287571,0.0360459207316735,0.00625462899599937,-0.0202234002128998,0.0202378471749765,0.0057064073913608,0.0216942725695347,0.0186014363186922,0.013826517242202,0.0213242753650044
-0.00223946201979519,0.000108244782855596,-0.00742577544565483,0.00364506556448931,0.00395641301304691,0.00350682283907743,0.00416768506487269,0.00383140403941976,0.00531064895221775,0.00491440807530392,0.00626681722656014,0.00512703009473945,0.00660900807574275,0.00625462899599937,0.003163931940511,-0.00538412635915977,0.00573760212929155,-0.00219130476139902,0.0045794238783267,0.00529351087182482,0.00286886010693088,0.00409040920266619
0.00387196488899394,-0.00135403711422794,0.0105488801379328,-0.00933020708921528,-0.00806845040483066,-0.0084320799466214,-0.0102751476394869,-0.00917315650555826,-0.0173500959875428,-0.016045342260981,-0.0202757139788872,-0.0154815109244712,-0.0175426126602949,-0.0202234002128998,-0.00538412635915977,0.0238022774143173,-0.0188610352930703,0.00135801813512989,-0.0176641123936074,-0.0190031433038073,-0.0238149632566787,-0.017592956766707
-0.0287421041651127,-0.00570485713682213,-0.00657738956189381,0.00364441335513345,0.00917638986413031,0.0031504820839571,0.00297339828595327,0.00270609484766862,0.0178762139533707,0.0115272490623652,0.020203736221312,0.0131041272744428,0.0162279750398613,0.0202378471749765,0.00573760212929155,-0.0188610352930703,0.0633048654398197,-0.0157649630805503,0.0104549769905288,0.0290806753236137,0.0233007588828812,0.00763320291088099
-0.0210099135824137,-0.00581122514545981,-0.0525466315225265,0.00523749928630291,0.0040722653115893,0.00236275692254057,0.00464628740855596,0.00254685005960755,0.00718947884021428,0.00830465520408234,0.00579318845012382,0.00589864820987203,0.00375589906750445,0.0057064073913608,-0.00219130476139902,0.00135801813512989,-0.0157649630805503,0.0370899858865599,0.0191766629689209,0.0130410168019463,0.00134407431194238,0.0214504577912257
-0.0223324910152532,-0.0035021635876873,-0.0499975802438233,0.0141158454267801,0.0135652313624898,0.011144327995023,0.0139888035507816,0.0121030679924149,0.020011898546009,0.0194762842859953,0.0217765379658238,0.0181061201241411,0.0190962130590597,0.0216942725695347,0.0045794238783267,-0.0176641123936074,0.0104549769905289,0.0191766629689209,0.0322805484728522,0.0245105539569235,0.0192654921714298,0.0335604148771292
-0.016117615269578,-0.000456019196466424,-0.0409567545689616,0.00982189648605005,0.0104077516440898,0.0077477088788196,0.00929945290378331,0.00757695657019503,0.0191482264666789,0.0166850080234732,0.0187189309549529,0.0163427781839917,0.0195817384418128,0.0186014363186922,0.00529351087182482,-0.0190031433038073,0.0290806753236137,0.0130410168019463,0.0245105539569235,0.0492758350636287,0.0320524439445084,0.0224771973910387
-0.00167093149332431,0.00371730732421952,-0.00365536052692151,0.00718712686185422,0.00622371579294832,0.00592295905554399,0.00720332072424308,0.00585054112739443,0.0133975522039232,0.0126116706624959,0.0139087640842233,0.0117470183361044,0.0137515966732914,0.013826517242202,0.00286886010693088,-0.0238149632566787,0.0233007588828812,0.00134407431194238,0.0192654921714298,0.0320524439445084,0.0367580527961847,0.018816193587532
-0.0243506450438194,-0.0042182480506285,-0.0518710949287198,0.0144668465577345,0.0136878081149783,0.0111254346991426,0.0143895688877612,0.0121324869732157,0.0198271437000886,0.0198439901421768,0.0214052467347788,0.0180678654697116,0.0186751538482411,0.0213242753650044,0.00409040920266619,-0.017592956766707,0.00763320291088099,0.0214504577912257,0.0335604148771292,0.0224771973910387,0.018816193587532,0.0354948915412869
