0.00042432681041492,-0.000730773780407211,-0.00113350477713385,-0.00209468843041913,-0.00299102124420586,3.02098713361063e-05,-0.00326605657907729,-0.00144287508560981,-0.00155146839226125,-0.000715376803753859
-0.000730773780407211,0.0903005193860625,0.0563249387187905,0.0697454376795884,0.0312956493727632,0.048433386045984,0.0669650092540729,0.0477331688293555,0.0276788826909055,0.0115706172325798
-0.00113350477713385,0.0563249387187905,0.10932566155874,0.0991494707746814,0.0688041477342313,0.0705487833249605,0.103303418331893,0.0705581215693563,0.0677362350517908,0.0317195051453099
-0.00209468843041913,0.0697454376795884,0.0991494707746814,0.109580273059123,0.0691120933632776,0.0680280078056716,0.107252427073813,0.0768481473055786,0.0474879843545632,0.033737323624033
-0.00299102124420586,0.0312956493727632,0.0688041477342313,0.0691120933632776,0.0906575156752355,0.0457209953350614,0.0917606114488403,0.0510312652182024,0.0578355471023982,0.0286887498502656
3.02098713361063e-05,0.048433386045984,0.0705487833249605,0.0680280078056716,0.0457209953350614,0.0662809559738042,0.0835793904466451,0.0521567933788033,0.0324826434481869,0.0168428473024344
-0.00326605657907729,0.0669650092540729,0.103303418331893,0.107252427073813,0.0917606114488403,0.0835793904466451,0.197708493342539,0.101843820312435,0.082223477309193,0.0380390629477526
-0.00144287508560981,0.0477331688293555,0.0705581215693562,0.0768481473055786,0.0510312652182024,0.0521567933788033,0.101843820312435,0.0734517146306246,0.048446684183925,0.0213183634398018
-0.00155146839226125,0.0276788826909055,0.0677362350517908,0.0474879843545632,0.0578355471023982,0.0324826434481869,0.082223477309193,0.048446684183925,0.0984539940172804,0.0257498508231754
-0.000715376803753859,0.0115706172325798,0.0317195051453099,0.033737323624033,0.0286887498502656,0.0168428473024344,0.0380390629477526,0.0213183634398018,0.0257498508231754,0.0341914506695809
