0.0121983886946029,-0.0122840345904864,-0.00481325937311202,-0.00197795785087046,-0.00340038677643077,-0.0032858430482133,-0.00714291971891522,-0.00376320901247818,-0.00190276840647385,-0.00125824539833667
-0.0122840345904864,0.110302848382241,0.0694428104976518,0.0567672960040747,0.0401932120544774,0.0575072732146636,0.0970333829954339,0.0714072120720367,0.0765448740611446,0.0121607181122031
-0.00481325937311202,0.0694428104976518,0.145234900596388,0.106795671585776,0.0976009138363484,0.0632107369475328,0.0848518006933329,0.0868389311748563,0.0888710217671734,0.0561176058638304
-0.00197795785087046,0.0567672960040747,0.106795671585776,0.105708307100282,0.0610454588501532,0.0570073130445244,0.0644757852966671,0.064403656619744,0.0999814144380799,0.0483736207791328
-0.00340038677643077,0.0401932120544774,0.0976009138363484,0.0610454588501532,0.0909751815108142,0.051752083083738,0.0937855636396721,0.0693661061199113,0.0297985040137363,0.0523799571260096
-0.00328584304821329,0.0575072732146636,0.0632107369475328,0.0570073130445244,0.051752083083738,0.055184365008963,0.0954937829660672,0.0575840772492523,0.0554179220587929,0.0281397780116861
-0.00714291971891523,0.0970333829954339,0.0848518006933329,0.0644757852966671,0.0937855636396721,0.0954937829660672,0.193195488109692,0.0980528017880705,0.0546653923027123,0.0434154205224263
-0.00376320901247818,0.0714072120720367,0.0868389311748563,0.064403656619744,0.0693661061199113,0.0575840772492523,0.0980528017880705,0.0865132620677812,0.0602511142709063,0.0361194029234775
-0.00190276840647385,0.0765448740611446,0.0888710217671734,0.0999814144380799,0.0297985040137363,0.0554179220587929,0.0546653923027123,0.0602511142709063,0.13123014664511,0.0128204418278537
-0.00125824539833667,0.0121607181122031,0.0561176058638304,0.0483736207791328,0.0523799571260096,0.0281397780116861,0.0434154205224263,0.0361194029234775,0.0128204418278537,0.0549269113178797
