0.0408181974255962,0.00625153180681504,0.00901446370892573,-0.00193929812553597,0.00194941954449597,-0.0016282142060887,-0.00258974015101245,0.0176981133101704
0.00625153180681504,0.0272658318322877,0.00289118209126681,0.00303305067164625,0.00738133973562642,0.00449277986109956,0.00538960380392379,0.00925724851408232
0.00901446370892573,0.00289118209126681,0.0271877510749418,0.0056047880699825,0.00235108410425381,0.00250297991091081,-0.00222700505219669,0.00506205096640229
-0.00193929812553597,0.00303305067164625,0.0056047880699825,0.0255905198364764,0.0109190776843043,0.00818412902343282,0.00455539002080077,-0.00474806674766597
0.00194941954449597,0.00738133973562642,0.00235108410425381,0.0109190776843043,0.0163193145998729,0.00334031456320621,0.00434829281464172,-0.000716945288542457
-0.0016282142060887,0.00449277986109956,0.00250297991091081,0.00818412902343282,0.00334031456320621,0.0139800573570315,0.00514421174748615,0.000597417933142535
-0.00258974015101245,0.00538960380392379,-0.00222700505219669,0.00455539002080077,0.00434829281464172,0.00514421174748615,0.0230170886159794,-0.000623610727262403
0.0176981133101704,0.00925724851408232,0.00506205096640229,-0.00474806674766597,-0.000716945288542457,0.000597417933142535,-0.000623610727262403,0.0348376096930856
