0.185322623587168,0.00578341042368834,0.0361200096399348,0.0286558306518253,0.00989754631827867,0.0522491437066419,0.0447165443249972,-0.0318926761205624,-0.0115956184758774,0.0237309585662621,-0.00817573189713062,0.00980565272009168,0.0361206651205551,0.0748291196363126,-0.0155053516662094,-0.0238743848387675,0.0220237344211317,-0.00104047576334332,0.00907041017124445,-0.048978091796314,0.0143260143195666,-0.0122200257079519,-0.0475577994225001,0.00830668838218588
0.00578341042368834,0.0205665808981362,0.0124644002158149,0.00975589981774345,0.00142897949567202,0.000328167798897041,0.00203909530448721,-0.005338295277235,-0.0137837279422081,-0.00971133157543435,0.0044658007202466,0.00431514389699764,-0.00282912242680554,-0.00944441920890204,-0.00552336270269407,-0.0137766858056196,-0.0029083421559458,-0.00233145392107961,0.00485984174940431,0.00583089834354355,-0.00811685666398665,-0.00510355687296248,-0.00777957470434617,0.0113246363659478
0.0361200096399348,0.0124644002158149,0.087071629558078,0.0115584064689042,0.0221989074662642,0.0308413793082116,0.00807899985331236,0.00948032785524771,-0.00138634745124126,0.0064341536830635,-0.00426097088895191,0.0401197895613246,0.000849706584757822,0.000430927200234376,-0.00984274521927086,-0.00076675669542529,0.00482465475956895,-0.0150685606012263,0.0119335489230773,-0.0230088198052838,0.0266629394108596,-0.0116922871232793,-0.0185266368018023,0.0146694158843956
0.0286558306518253,0.00975589981774345,0.0115584064689042,0.0276209600565094,0.00801518518618046,0.0112404173140655,-0.00230973613228774,-0.0126238727012435,0.00506983951698868,0.0103691500411466,0.0100243519608013,0.0098965682105554,0.0252121668056992,0.0220931435571888,-0.0051555127683824,-0.0156810277196408,0.0114135918557602,0.00946612842941143,0.00378476358797419,0.0108726192876449,-0.0225503410978896,0.000781299040863875,-0.00571095666441484,-0.00191501257562191
0.00989754631827867,0.00142897949567202,0.0221989074662642,0.00801518518618046,0.16027822044086,0.0683229989030908,0.0171723682031389,0.0204497040047938,-0.0105770165369345,0.0225277168269107,0.000879415553294182,0.0040165555547185,-0.0220301329500595,0.0598847559351831,0.00272225433050225,-0.0164756532604626,0.0226514458979762,-0.02073234377768,-0.00527065348893066,0.0260471624366815,-0.039360339923076,-0.00777343023400284,-0.00527373697998153,-0.0343885183976922
0.0522491437066419,0.000328167798897041,0.0308413793082116,0.0112404173140655,0.0683229989030908,0.107646474850058,0.0214240575414457,0.0063590132017382,0.0151486527283065,0.0293713918817785,-0.0340791358181652,0.0161912921954705,0.0061015534148141,0.0500905443871475,0.000670452437350436,0.000134263850256737,-0.0319690218299249,-0.000576547444895614,-0.00780325083393837,-0.00938566073983433,-0.00678391933824069,-0.0207639052476963,-0.0331383412797336,0.0246863705455123
0.0447165443249972,0.00203909530448721,0.00807899985331236,-0.00230973613228774,0.0171723682031389,0.0214240575414457,0.0653464846345419,-0.0132510660914685,-0.00347018676914707,0.00577199409848836,-0.00522071815048936,-0.00142350150704424,-0.0133086404480911,-0.0258628535809325,0.0037881692311738,-0.0117116421935023,0.0077443430960497,0.00462385470232714,-0.00698209372890227,-0.0278400267359658,-0.0128724682348696,-0.0052987620781716,-0.00158081010447777,-0.00189376488720374
-0.0318926761205624,-0.005338295277235,0.00948032785524771,-0.0126238727012435,0.0204497040047938,0.0063590132017382,-0.0132510660914685,0.149953820998779,0.0191633816190922,0.0190721845047157,0.0456486905694847,-0.00146435314287216,0.0143380012708582,-0.0150284853943421,-0.0121126118129846,-0.00548482174555596,0.0123312484553553,-0.00549196485814509,0.00606429292616376,0.034210433860355,-0.0336017666426371,-0.00224010638388433,-0.0558634842867623,0.0653019809869199
-0.0115956184758774,-0.0137837279422081,-0.00138634745124126,0.00506983951698868,-0.0105770165369345,0.0151486527283065,-0.00347018676914707,0.0191633816190922,0.125479338457338,0.0244114990854905,-0.00108236668762662,0.00474333716385383,-0.00710449467795221,0.0591327853874235,-0.00439294434668664,0.00233878318404802,0.00830120035620133,-0.00921287576308851,0.00728848948168161,-0.0198246783370127,-0.012698102871952,-0.00752915541095327,-0.021178397022912,0.066038960417605
0.0237309585662621,-0.00971133157543435,0.0064341536830635,0.0103691500411466,0.0225277168269107,0.0293713918817785,0.00577199409848836,0.0190721845047157,0.0244114990854905,0.0400652278731808,0.0048460887997982,0.000193359830483699,0.0143228020224899,0.00924244249688887,0.00199267922128206,-0.000659803868694137,0.00681614268134475,0.0118926527416735,-0.00703138754447881,-0.0265814456019834,-0.0073962190250449,-0.00150611221825763,-0.0163277819760016,0.01238142669423
-0.00817573189713062,0.0044658007202466,-0.00426097088895191,0.0100243519608013,0.000879415553294182,-0.0340791358181652,-0.00522071815048936,0.0456486905694847,-0.00108236668762662,0.0048460887997982,0.125142275714588,-0.0192105585695842,0.028563222628937,-0.0151580029982945,0.0139408072392424,-0.0344735927358669,0.00467613471424426,0.0485182480092378,-0.00886196736206961,0.0330356472910853,-0.00915089975927007,-0.00665431540734777,0.0315849152848522,0.0101718964118459
0.00980565272009168,0.00431514389699764,0.0401197895613246,0.0098965682105554,0.0040165555547185,0.0161912921954705,-0.00142350150704424,-0.00146435314287216,0.00474333716385383,0.000193359830483699,-0.0192105585695842,0.0312488526778612,0.0152380826970458,-0.00821064455498449,-0.0108172122224861,0.00168144281063763,0.01188819909329,-0.00745386746909562,0.00963304852318297,-0.00448274932994007,0.00995684737368254,0.00103087727619246,-0.0157712017004416,0.011761060881973
0.0361206651205551,-0.00282912242680554,0.000849706584757822,0.0252121668056992,-0.0220301329500595,0.0061015534148141,-0.0133086404480911,0.0143380012708582,-0.00710449467795221,0.0143228020224899,0.028563222628937,0.0152380826970458,0.105541581549855,-0.0226459725725042,0.00399440789709333,-0.0213001414174241,0.0211103138367604,0.0141195245511944,0.0290992052545196,0.0191992544648412,-0.00330568509146877,-0.00533872362105025,0.0247500800257047,-0.00608839320143629
0.0748291196363126,-0.00944441920890204,0.000430927200234376,0.0220931435571888,0.0598847559351831,0.0500905443871475,-0.0258628535809325,-0.0150284853943421,0.0591327853874235,0.00924244249688887,-0.0151580029982945,-0.00821064455498449,-0.0226459725725042,0.246456635083424,-0.0109340574483338,-0.0261451833891378,-0.00723368511824674,-0.043949714577426,0.00910910697848281,0.0242890929714263,-0.00810335329169713,-0.00924427629137391,-0.0307569352732805,-0.0244723494435027
-0.0155053516662094,-0.00552336270269407,-0.00984274521927086,-0.0051555127683824,0.00272225433050225,0.000670452437350436,0.0037881692311738,-0.0121126118129846,-0.00439294434668664,0.00199267922128206,0.0139408072392424,-0.0108172122224861,0.00399440789709333,-0.0109340574483338,0.0230757812053978,0.0158419412617502,-0.00755109986419635,0.00930135366434196,-0.00217837747992777,0.00149819891183496,0.00943153642370101,-0.00750743264991854,0.0595366724906765,-0.0413558923550982
-0.0238743848387675,-0.0137766858056196,-0.00076675669542529,-0.0156810277196408,-0.0164756532604626,0.000134263850256737,-0.0117116421935023,-0.00548482174555596,0.00233878318404802,-0.000659803868694137,-0.0344735927358669,0.00168144281063763,-0.0213001414174241,-0.0261451833891378,0.0158419412617502,0.181785834098671,0.0174416733084829,0.0280288672221592,-0.0219208948838626,0.0282867139086524,-0.0397384360843554,-0.00182039934896397,0.0465406870900207,-0.0141508148390816
0.0220237344211317,-0.0029083421559458,0.00482465475956895,0.0114135918557602,0.0226514458979762,-0.0319690218299249,0.0077443430960497,0.0123312484553553,0.00830120035620133,0.00681614268134475,0.00467613471424426,0.01188819909329,0.0211103138367604,-0.00723368511824674,-0.00755109986419635,0.0174416733084829,0.107495111710662,-0.0011535268388709,0.0087535321139486,-0.0116825737763883,0.00688758758388654,0.0265635157040201,0.0226272206202979,-0.0527509929003999
-0.00104047576334332,-0.00233145392107961,-0.0150685606012263,0.00946612842941143,-0.02073234377768,-0.000576547444895614,0.00462385470232714,-0.00549196485814509,-0.00921287576308851,0.0118926527416734,0.0485182480092378,-0.00745386746909562,0.0141195245511944,-0.043949714577426,0.00930135366434196,0.0280288672221592,-0.0011535268388709,0.0814953185253325,-0.0434115223015086,-0.000370338272253431,0.0068904453309969,0.0120138909908799,0.0106431718665959,0.00988218211667466
0.00907041017124445,0.00485984174940431,0.0119335489230773,0.00378476358797419,-0.00527065348893066,-0.00780325083393837,-0.00698209372890227,0.00606429292616376,0.00728848948168161,-0.00703138754447881,-0.00886196736206961,0.00963304852318297,0.0290992052545196,0.00910910697848281,-0.00217837747992777,-0.0219208948838626,0.00875353211394861,-0.0434115223015086,0.0408785441697139,0.00878693107726289,-0.00734563891947876,-0.0139712333502704,0.0123028501995966,-0.00160433681286854
-0.048978091796314,0.00583089834354355,-0.0230088198052838,0.0108726192876449,0.0260471624366815,-0.00938566073983433,-0.0278400267359658,0.034210433860355,-0.0198246783370127,-0.0265814456019834,0.0330356472910853,-0.00448274932994007,0.0191992544648412,0.0242890929714263,0.00149819891183496,0.0282867139086524,-0.0116825737763883,-0.000370338272253431,0.00878693107726289,0.148534392840547,-0.128703078007526,-0.0033269769557962,0.0165196399227696,-0.00749293584431831
0.0143260143195666,-0.00811685666398665,0.0266629394108596,-0.0225503410978896,-0.039360339923076,-0.00678391933824069,-0.0128724682348696,-0.0336017666426371,-0.012698102871952,-0.0073962190250449,-0.00915089975927007,0.00995684737368254,-0.00330568509146877,-0.00810335329169713,0.009431536423701,-0.0397384360843554,0.00688758758388654,0.0068904453309969,-0.00734563891947876,-0.128703078007526,0.223415504357833,0.0102667054475636,0.0379828833421566,-0.0495572911782202
-0.0122200257079519,-0.00510355687296248,-0.0116922871232793,0.000781299040863875,-0.00777343023400284,-0.0207639052476963,-0.0052987620781716,-0.00224010638388433,-0.00752915541095327,-0.00150611221825763,-0.00665431540734777,0.00103087727619246,-0.00533872362105025,-0.00924427629137391,-0.00750743264991854,-0.00182039934896397,0.0265635157040201,0.0120138909908799,-0.0139712333502704,-0.0033269769557962,0.0102667054475636,0.0266689353860662,-0.00854630410752361,-0.0245860318763978
-0.0475577994225001,-0.00777957470434617,-0.0185266368018023,-0.00571095666441484,-0.00527373697998153,-0.0331383412797336,-0.00158081010447777,-0.0558634842867623,-0.021178397022912,-0.0163277819760016,0.0315849152848522,-0.0157712017004416,0.0247500800257047,-0.0307569352732805,0.0595366724906765,0.0465406870900207,0.0226272206202979,0.0106431718665959,0.0123028501995966,0.0165196399227696,0.0379828833421566,-0.00854630410752361,0.19729540008396,-0.159328984831078
0.00830668838218588,0.0113246363659478,0.0146694158843956,-0.00191501257562191,-0.0343885183976922,0.0246863705455123,-0.00189376488720374,0.0653019809869199,0.0660389604176049,0.01238142669423,0.0101718964118459,0.011761060881973,-0.00608839320143629,-0.0244723494435027,-0.0413558923550982,-0.0141508148390816,-0.0527509929003999,0.00988218211667466,-0.00160433681286854,-0.00749293584431831,-0.0495572911782202,-0.0245860318763978,-0.159328984831078,0.231136785934881
