0.0344322389122893,-0.000327079178650731,0.0050264478272108,0.00933060237994973,0.0102437725303276,0.030384677999865,0.00548921464422744,0.000617601947289502,0.062470254068402,0.0130061126864181,-0.00219083516372487,0.00675844791137234,-0.0021164156818343
-0.000327079178650731,0.234120272534843,-0.0104030983030028,0.00264325080066057,-0.014055820932744,0.0578015470374859,-0.0199173387183994,0.00572426512638946,0.0624626914690094,-0.00388043134161939,0.0926341232187469,0.021089737326238,0.000178017922764696
0.0050264478272108,-0.0104030983030028,0.0807045671141384,0.00266570156778254,-0.00588069393353488,-0.0399437277315129,-0.0178711923385195,-0.0200534323229353,0.0248916045258945,0.0168512635716075,0.0148614316133341,-0.00625165960484925,0.0834320727928759
0.00933060237994973,0.00264325080066057,0.00266570156778254,0.026398947561745,0.00232410958298462,0.0125633756684374,0.0399687274386408,-0.0123419934680104,0.0490215907992393,0.00941682627086448,0.00828217671483765,0.00346886238171882,0.0290131785757579
0.0102437725303276,-0.014055820932744,-0.00588069393353488,0.00232410958298462,0.0090176463668979,0.001098320569009,0.0187041941953831,0.00476980268923545,0.01750117166438,0.00292347498296812,-0.0145270151540909,0.00511687758345108,-0.0126072237088027
0.030384677999865,0.0578015470374859,-0.0399437277315129,0.0125633756684374,0.001098320569009,0.112322825446194,-0.0219913961263447,0.0112399333101359,0.0136712378135529,-0.0134067608995612,-0.00526349647998298,-0.0355051249044055,-0.0514761278792392
0.00548921464422744,-0.0199173387183994,-0.0178711923385195,0.0399687274386408,0.0187041941953831,-0.0219913961263447,0.246559043468956,-0.000309639487981377,0.0738966766831317,0.00625195198395808,-0.0099532062401834,0.0449502284661993,0.0345934297318195
0.000617601947289502,0.00572426512638946,-0.0200534323229353,-0.0123419934680104,0.00476980268923545,0.0112399333101359,-0.000309639487981377,0.0222381019104385,-0.0403197407829668,-0.00736780801071276,-0.00444835838619284,-0.0216073462318986,-0.0646252092624318
0.062470254068402,0.0624626914690094,0.0248916045258945,0.0490215907992393,0.01750117166438,0.0136712378135529,0.0738966766831317,-0.0403197407829669,0.332533117959169,0.0219427761656475,0.0463097357380895,0.15591973700405,0.160682529036803
0.0130061126864181,-0.00388043134161939,0.0168512635716075,0.00941682627086448,0.00292347498296812,-0.0134067608995611,0.00625195198395808,-0.00736780801071276,0.0219427761656475,0.0350075813734163,0.0223769429881937,-0.00263433633515554,0.000840222374688417
-0.00219083516372487,0.0926341232187469,0.0148614316133341,0.00828217671483765,-0.0145270151540909,-0.00526349647998298,-0.0099532062401834,-0.00444835838619284,0.0463097357380895,0.0223769429881937,0.106577472791784,0.0144138502098522,0.00940993339238359
0.00675844791137234,0.021089737326238,-0.00625165960484925,0.00346886238171882,0.00511687758345108,-0.0355051249044055,0.0449502284661993,-0.0216073462318986,0.15591973700405,-0.00263433633515554,0.0144138502098522,0.133176932970333,0.0994064131244449
-0.0021164156818343,0.000178017922764696,0.0834320727928759,0.0290131785757579,-0.0126072237088027,-0.0514761278792392,0.0345934297318195,-0.0646252092624318,0.160682529036803,0.000840222374688417,0.00940993339238359,0.099406413124445,0.241130206389742
