0.0446307955835216,0.00392676597549812,0.00779578779146641,0.00180945457942072,0.00178474345430238,0.00400092118000832,-0.00327820312889234,0.0199089374410872
0.00392676597549812,0.0268354220890613,0.00341244192269496,-0.00125233174863016,0.00529030477373658,0.00385627548786103,0.00115429400047785,0.0109848043458435
0.00779578779146641,0.00341244192269496,0.0266798760684796,0.00790842137113402,0.00356360363978909,0.00695424818023443,0.00268593329465607,0.00562650330550563
0.00180945457942072,-0.00125233174863016,0.00790842137113402,0.026427251105764,0.00905589250891445,0.00689322812493789,0.00487954510412937,-0.00242896274711576
0.00178474345430238,0.00529030477373658,0.00356360363978909,0.00905589250891445,0.0150743027589008,0.00380602106696131,0.00390208717865469,-0.00226508654671012
0.00400092118000832,0.00385627548786103,0.00695424818023444,0.0068932281249379,0.00380602106696131,0.013303422941403,0.00166959928254344,0.00302432524785458
-0.00327820312889234,0.00115429400047785,0.00268593329465607,0.00487954510412937,0.00390208717865469,0.00166959928254344,0.022577989586529,7.25257627426739e-05
0.0199089374410872,0.0109848043458435,0.00562650330550563,-0.00242896274711576,-0.00226508654671012,0.00302432524785458,7.25257627426739e-05,0.0431418250753164
