0.00208041816097109,-0.00017503311060979,0.000429781056364321,-0.000752182745836253,-0.00154512575551707,-0.000910657370671149,-0.00286727433174402,-0.000676738261798745,-0.0020152170944667,-0.00177959183376368
-0.00017503311060979,0.0940575380836546,0.0663783289299353,0.0666691641787692,0.0472168954032963,0.0306971470278609,0.0684670778219529,0.0546038982554553,0.0412854349999499,0.0184027414208996
0.000429781056364321,0.0663783289299353,0.0910738056882188,0.0866652143755516,0.0644001747448853,0.0499050581251233,0.0801553470021037,0.0689037134185036,0.0660850145031138,0.0209396578579232
-0.000752182745836253,0.0666691641787692,0.0866652143755516,0.106033835434002,0.0728093983525771,0.0548684559483103,0.0926767164795754,0.0667899812213835,0.0713132029779062,0.0238948497731773
-0.00154512575551707,0.0472168954032963,0.0644001747448853,0.0728093983525771,0.0957656820036964,0.0457158604862736,0.0736385354030116,0.0597097425341198,0.050105419377616,0.01855576713329
-0.000910657370671149,0.0306971470278609,0.0499050581251233,0.0548684559483103,0.0457158604862736,0.0535164226098897,0.0559593790304121,0.0457490176295775,0.0422125527174756,0.0235779588873713
-0.00286727433174401,0.0684670778219529,0.0801553470021038,0.0926767164795754,0.0736385354030116,0.0559593790304121,0.172001578673132,0.0763000432119181,0.0695254147348956,0.0245389335355314
-0.000676738261798745,0.0546038982554553,0.0689037134185036,0.0667899812213835,0.0597097425341198,0.0457490176295775,0.0763000432119181,0.0805751263460139,0.0646400136221194,0.0188184861476805
-0.0020152170944667,0.0412854349999499,0.0660850145031138,0.0713132029779062,0.050105419377616,0.0422125527174756,0.0695254147348956,0.0646400136221194,0.102470278507107,0.0193280859759569
-0.00177959183376368,0.0184027414208996,0.0209396578579232,0.0238948497731773,0.01855576713329,0.0235779588873713,0.0245389335355314,0.0188184861476805,0.0193280859759569,0.024586633456511
