1591.37400406035,-144.041057343475,-135.822096565084,229.095014028555,0.00906016517450227,526.957099233863,166.628264695046,648.015845642424,143.403204054966,-0.824095099918374,123.415617411556,-70.9347211790609,-161.360968320202,-132.490236074166,-199.242928336768,167.225214585697,343.619233830153,-311.912164985501,2.4916754984999,290.125628211026,-323.219307549455,-1.29617766921902,-196.613595716512,145.992236209437,-146.2859301796,294.23736406479,186.425093056651,-108.19259047471,-224.14887131003,-174.271084258019,-206.645858160594,1.07362866618848,147.464714349457,292.709615735676,54.7135925904737,-261.248380911465,-224.461319584199,258.498041855241,-258.93251764989,191.723837987826,-0.473353903084931,-90.9827085854922,189.117086614185,-193.986054851065,-237.114906531311,161.13321982378,-170.587426669561,-3.05868093368624,451.285914850837,-156.675692262605,140.888007447438,-168.419695064586,166.466581365609,504.702407033232,1.36656730082788,-156.946250728232,1.00963033141376,-106.36365485998,-3022759.76750932,-68.4363882755641
-144.041057343475,1678.37318748189,-192.651249415258,-11.4190372904126,-0.239203315756094,-276.612124715959,292.205785787528,381.080077605455,-404.663901901494,2.03336828666941,229.405245716008,206.349769830821,80.2701478169586,58.7953235815761,-281.613732388305,307.930811705347,572.011390212147,10.9483267931365,-6.9462216431483,58.4460766329519,-455.138128122533,1.77214928731092,857.481300397601,-78.7494863343225,-209.044412119396,92.1378771119784,-30.9494478726854,206.806928794599,411.402252563563,-244.523230222526,-291.909671776041,-1.70996517245663,-63.613366827309,96.5597928825395,-281.864552595223,487.070589789324,101.001054956098,-337.868120028602,-366.195222458921,38.47444119801,1.53140055901726,-126.605326503955,63.6809712105929,-273.395390411591,358.287337633602,284.791139845051,203.537377038076,5.6006273820159,-408.454637338399,462.745945159811,232.881381473813,159.184212498143,33.2690860006534,-354.593179901318,-2.73954390627633,286.751326012029,-3.4674739041979,249.216907078047,7079220.61871103,-97.0935020395267
-135.822096565084,-192.651249415258,1199.39662385888,-133.66793936463,-0.271116365167662,-260.777858922485,-264.956432387414,-273.924285625976,404.279066717417,2.60652652535075,-315.182616496385,-92.9615487561689,-215.479804461702,392.69787327434,-264.657389938149,-378.139461714335,-259.535894835601,-67.7758353918096,-8.82635104081907,-364.728542768346,-428.103808909381,2.36659114741959,323.50063902653,147.230542474503,99.3318800294171,327.838676021685,-94.1222187092177,-145.725760239331,-17.6516957546257,67.4219525869413,319.464998803947,-2.24993051233245,141.252940904077,329.477712846622,3.84672652720223,-353.572955490162,-303.51674770822,-321.361824326425,442.27534712426,-13.5521432475503,1.9439238499925,-121.942130835661,214.55793631135,393.983720952548,-51.3448744978821,175.152395979745,116.9205950374,7.29095467510904,-162.424181264615,320.838085104096,41.6363824424631,-223.622667706525,-208.884021178737,-334.538561100416,-3.53966791080307,-11.8602628559946,-4.40628657843101,322.717946565527,9166364.52635655,7.51496826047326
229.095014028555,-11.4190372904126,-133.66793936463,705.958674261055,-0.0301608583635098,-13.2889627120162,340.286687318896,215.740965915968,-278.665429582778,-0.783410009642005,-55.9440231135806,-69.0365768718792,33.228933668556,-129.056108435675,-192.949790666837,-55.8261367537217,-188.797816549192,-23.7965726549648,2.41721634379232,8.72595052794695,-313.251001184891,-0.98576558589211,-190.860042940827,-79.3941074093193,93.5545331731863,-207.548083461072,406.266582212079,-105.849685872309,7.78704809641886,72.3285046774397,277.243589916331,0.841946755121169,-67.4342331255625,38.9102310754889,55.0903761634724,8.42851281541707,-221.372640344319,-232.870631770495,167.356244119818,6.12479452307609,-0.531050210024506,-89.2391268795095,24.5897698457011,-13.9258921215906,-232.648130658725,-14.3883357544128,-28.7558406397497,-2.49113896873831,-102.1408232067,-12.8000273822675,38.8038877617305,-39.7966911981509,4.94402643017795,308.533316442627,1.13856496111399,3.96753493848205,1.22397185038666,-106.041632187483,-3010022.25314481,12.2594999297506
0.00906016517450227,-0.239203315756094,-0.271116365167662,-0.0301608583635098,0.0263450298888885,0.0404667841378499,-0.0521384321681285,-0.218696599375512,-0.0722423259870081,0.00470097585540955,-1.28544299327366,-0.0109765318904261,1.9333518738503,-0.0251286378792865,-0.0312715466364222,5.26768301580693,-0.0158744571265094,-0.856674541507837,0.0257452087326271,-0.0635085773820069,-0.0725524630039294,0.0310146785462087,2.96787318878734,-0.228992904153266,-0.209287232735289,-0.291717397136361,-0.422392660338219,-1.13254085204062,-0.235017509781339,-0.31695240573822,-0.425704486756591,-0.0166123136508153,-0.229901325903311,-0.0332917316766075,-0.343327427310552,-0.0871630929175307,-0.285208638677247,-0.0755639653638094,-0.224148903531877,-0.0350554904037043,0.00214185399298889,-0.159993532060668,-0.0304000828039671,-0.0518442802750825,-0.0547794574347877,-0.033572185456264,-0.237781398764743,0.0452211986282407,-0.0779789412356244,-0.145045202731238,-0.0928071446505288,-0.237617109188575,-0.0437722409127063,-0.0719368840027376,-0.00293429137079369,-0.0442535007893848,-0.0181447811982485,-0.715792266189572,-19880.2425764986,-0.0776377962206402
526.957099233863,-276.612124715959,-260.777858922485,-13.2889627120162,0.0404667841378499,3109.74526679449,10.5934030777117,-394.611779531815,375.207117122289,-1.84294511126809,-64.2766640913107,-132.625525738867,530.300533624375,-250.218019448735,-375.150701432569,-57.3753540999608,205.208469437936,-592.655152303776,5.57568591434245,85.8889723740132,524.334854051206,-2.95162522988847,139.628615309185,-113.17099020692,-278.916988475296,-408.38059024495,-39.0136163352869,-207.606273469691,69.3688993988984,199.838142149176,-392.618432953763,2.41929256744892,-82.8655961795204,670.676678144058,241.154915798455,-499.494315029363,1287.14560203135,605.42528906288,-32.5648474388425,54.9073015071122,-1.03831075566168,228.362059612566,438.738348860228,15.1926529396882,-452.588850076767,-365.618437848721,882.650559629907,-5.57814151421393,237.971820403152,-301.091619361568,99.7410493965202,-318.622772622856,47.7660229232652,329.753536031442,3.09856922961575,46.7060110828297,2.1862263819751,-206.598401724437,-5872639.19924195,216.064616435277
166.628264695046,292.205785787528,-264.956432387414,340.286687318896,-0.0521384321681285,10.5934030777117,3153.26653922394,61.2597154708709,-551.957721711136,-1.52081304039412,316.169683755567,-137.825509071378,952.417202280545,79.6864452001407,57.6665059665159,-546.895234679442,-376.812736334119,638.249083779596,4.70670455106044,-529.22980921819,-49.888004993052,-1.89605436758107,137.122842585954,394.08827070976,-284.11116067982,-420.525647940736,-45.7857642406605,284.091189879905,64.6207072349064,-332.826599688943,-397.557281639739,1.62444632229078,-86.4645701649709,130.834911911792,232.976290052083,79.4775012547603,141.029686436911,608.28290498601,-500.195385907338,450.295783532265,-1.03450059412606,-176.283855059833,86.1963814116116,-373.493285451698,-460.591248666389,771.726500068991,278.428010195282,-4.85398334286776,-163.575470518653,320.723298561232,100.065906559721,491.609327654463,-302.722906188895,-82.045648969125,2.20498147314646,45.4369232770842,2.38342357025188,-210.021467223125,-5960754.11133563,-132.719965558413
648.015845642424,381.080077605455,-273.924285625976,215.740965915968,-0.218696599375512,-394.611779531815,61.2597154708709,3918.99732537172,-577.44670947026,0.972254443600774,-22.6584601987146,-141.769295271239,170.93268325821,-266.709669410313,-400.83043321879,569.773095530726,969.750054540182,98.670291367993,-3.53636272778951,166.823394135598,25.936916629391,0.604308334265167,211.997095056762,-49.3750969492301,-299.285726290953,198.379317853197,19.7754423016187,941.842678360098,-456.254281749839,-348.895329583191,821.971217312915,-0.671297453849487,-30.9430969579161,209.03380832456,403.994241124819,156.068409325911,218.895898100776,-482.404060561729,21.6937192574373,106.550662106656,0.778049144969155,-184.354485381386,-283.118676007956,510.385985726914,75.0384041076035,58.8851794703241,-346.812379009264,2.38905689290805,351.955106555708,416.319747714171,133.25759142323,-21.5845242004455,92.4567323192518,-29.7091022842706,-1.24744144164333,-315.93882201724,-1.74001412285487,106.763876214522,3035348.09821153,68.226840335364
143.403204054966,-404.663901901494,404.279066717417,-278.665429582778,-0.0722423259870081,375.207117122289,-551.957721711136,-577.44670947026,5194.92622717348,-2.19936807785947,252.193809024743,-195.415256526046,-445.799328621249,420.573283557602,484.461716101115,-217.681606765542,137.995872266413,1314.7759224469,6.80839958507578,676.464183667265,-217.683645971322,-2.74738696695782,67.5240834282318,310.862808165504,824.269748091428,680.075062284369,-779.377064595314,-298.665182460634,-622.756191643187,144.211477819104,43.1178496189672,2.35333901973164,296.992111887734,685.297497901987,-720.067752636314,-736.721640717348,729.070024468426,1222.1194503577,-724.253827975559,-27.9663942040833,-1.49375735988811,-253.093022595462,449.492801388074,823.052453820881,-104.176003942202,-84.2552024884634,-475.596344033842,-7.02588122764504,-808.505075772842,-72.0849402261401,-169.753964856199,-465.777414375673,-437.016226526779,258.065212892214,3.19384332551501,-26.3149272884252,3.4382174299872,-302.436920410754,-8583871.39417817,-191.862628319559
-0.824095099918374,2.03336828666941,2.60652652535075,-0.783410009642005,0.00470097585540955,-1.84294511126809,-1.52081304039412,0.972254443600774,-2.19936807785947,0.0860148296134074,0.221311396645502,-0.534288321692616,0.460073441040325,-1.00153386048278,-1.50067167089732,2.83548232260422,-1.46337684705373,0.453903192721784,-0.267434114125184,-2.10927000103445,-2.46414427645329,0.0986290304757411,6.7524657925454,2.2301531134538,1.80236744646848,1.96405222471311,3.37603082816547,-0.877939901910646,1.01498796788047,0.179900982673746,4.19645743388285,-0.085176200981527,0.341404626426595,-1.62590964509867,-0.600562369463433,-2.06621899968076,1.40276334728482,-1.86024609304896,0.561428284162349,-1.34806034458687,0.0614370359531704,1.52503145546702,-1.06580063872349,-1.48771384684981,-1.83221009337633,-1.46899103283776,2.0558550894902,0.240170101216653,-2.224006847249,0.53167577721567,0.736364456673914,1.70693730204457,-1.16731177776985,-1.92310414411141,-0.118834605378859,-1.2080518383407,-0.144530063601021,9.75033209694265,277212.455808947,0.445148324224342
123.415617411556,229.405245716008,-315.182616496385,-55.9440231135806,-1.28544299327366,-64.2766640913107,316.169683755567,-22.6584601987146,252.193809024743,0.221311396645502,3653.01869060433,-159.176022500197,-367.437961968887,-301.368588548844,414.620833284987,288.721808876453,120.132283609025,493.998670212828,-2.5522706983964,-33.4687059683341,-742.595075662319,-0.645182754516554,-454.860938438007,-236.001522712859,688.023348272006,33.5648678731257,831.015664282917,-257.068836595704,-520.640931997405,123.849844835721,41.7848591275828,0.104790451136522,250.62000900129,-493.610364227604,-595.856194158524,547.426138141146,-526.581413453655,2078.00725031473,313.23429091878,-19.0392576838534,0.109163356914567,-212.092605041325,-322.16425734712,-70.9214466625055,-551.641247553894,305.09555126125,-95.470127175931,2.14640214671199,504.296637447169,-56.8281817873452,72.4157082122075,-120.040192777682,-362.852406408927,-181.628751272048,-0.687744782448101,-17.4463316972361,0.466325730738097,21.6132938253752,599535.385158351,13.6728283738962
-70.9347211790609,206.349769830821,-92.9615487561689,-69.0365768718792,-0.0109765318904261,-132.625525738867,-137.825509071378,-141.769295271239,-195.415256526046,-0.534288321692616,-159.176022500197,1275.10987023997,-111.497033478678,-90.4780376906061,334.079611173313,321.915494026915,-133.923889670216,-216.418392133788,1.66107155247333,-190.048948948826,390.256290046081,-0.66895449849411,415.242732572064,-218.618665171061,-99.8621398307637,428.129940931142,-192.299345152575,-75.0222734175727,375.964645085041,-118.074441930114,-142.450384379312,0.574134158811341,-195.883644056869,-146.213315442001,-354.868796923493,-180.277871342899,-156.755589426238,-163.210129165204,-177.718140158437,-122.678764265734,-0.360853656582141,366.88458125925,281.013931737567,-133.115319969248,339.527327626805,674.93545162295,-117.274300996412,-1.72609460722135,-199.122622218927,224.690880809225,190.355252221219,-115.000964647844,262.335707097691,-174.068811951692,0.781133031083127,262.657318568496,0.825663533016883,-73.6706042445972,-2090882.90030767,-47.0255383874182
-161.360968320202,80.2701478169586,-215.479804461702,33.228933668556,1.9333518738503,530.300533624375,952.417202280545,170.93268325821,-445.799328621249,0.460073441040325,-367.437961968887,-111.497033478678,2935.22882191892,-207.612139135547,-308.530253585466,-442.165445746736,-305.49499112512,173.637194952204,1.82790413850675,-431.96361691894,1344.2809083288,3.20424913072607,826.088432768284,580.502798539934,-230.689778541473,-338.034120662838,-442.254755328945,361.05558210563,183.96828016111,300.887219083351,-322.904403656968,-1.9817337767955,546.439999698729,249.924975614225,1175.77328643906,217.562312518596,881.672652564974,200.336067175814,-405.738906880512,992.60191490904,0.00594260503820423,-142.507366817693,-217.42308674198,109.985089088396,133.688285942492,105.341685547109,386.332961440104,-3.31425755963695,-28.7262550935446,87.7641185081581,-94.9724298084365,28.7524295433519,128.250531633684,-396.361192867347,-0.81304855071385,126.535456434875,-0.8203145822004,-169.99437385738,-4760720.32164596,-108.040302740063
-132.490236074166,58.7953235815761,392.69787327434,-129.056108435675,-0.0251286378792865,-250.218019448735,79.6864452001407,-266.709669410313,420.573283557602,-1.00153386048278,-301.368588548844,-90.4780376906061,-207.612139135547,1832.42527078155,-253.637235400528,466.04633438391,-251.244506378499,654.89240178706,3.11309140806357,-351.585438112369,76.9605750293548,-1.24160088249511,-253.087713478315,-407.17696436428,-188.549827257904,187.249458070044,495.607210997506,-140.458801806824,562.569446459326,-222.983542407073,-266.53616292725,1.06706242868145,28.5088488851145,190.10016239608,913.548079394822,165.552334762725,-291.773012040359,-306.685525142965,-330.347260520516,-227.249274694745,-0.681120085745183,230.202119129058,730.910889628322,409.007765134495,98.0310271564305,79.5580907890779,41.5053358258505,-3.21485064986295,-31.3743838873069,64.6367750237879,-77.5171715752548,16.1760645371804,-200.443028189674,370.393306593826,1.45443910545394,96.5947382138327,1.56424585594306,-139.460720506862,-3957894.93093494,-88.8536599952749
-199.242928336768,-281.613732388305,-264.657389938149,-192.949790666837,-0.0312715466364222,-375.150701432569,57.6665059665159,-400.83043321879,484.461716101115,-1.50067167089732,414.620833284987,334.079611173313,-308.530253585466,-253.637235400528,3575.93527904567,1.56995727200989,-376.321212919863,92.6380000289036,4.67193214092802,157.702203034404,26.8125653867934,-1.86070048386685,-378.033151241169,-608.526084196864,-281.356022154232,-413.321299017495,-539.771212970667,347.520022685282,-433.701723773355,856.672139282678,-402.168076621107,1.60042031191461,485.857359834547,-412.238648904481,-311.103407628035,-510.819107691169,207.653708192407,1338.23107727909,-500.398092054088,-343.204586763533,-1.01895119387986,277.933187844135,-269.497674442317,-373.193163705095,70.8376227717811,56.4757885886115,-331.140970413978,-4.83356220255726,-113.905573446069,44.8925353935007,-118.449566547706,589.6706857313,-301.026566359987,-31.2714738939818,2.18375729299948,89.8445048414295,2.33555544130409,-209.111937826772,-5934546.84973541,-132.288458331832
167.225214585697,307.930811705347,-378.139461714335,-55.8261367537217,5.26768301580693,-57.3753540999608,-546.895234679442,569.773095530726,-217.681606765542,2.83548232260422,288.721808876453,321.915494026915,-442.165445746736,466.04633438391,1.56995727200989,5309.90869640785,179.674032554088,-860.988640021382,-1.49976919007741,-754.146688661897,529.429515800553,6.71679684389808,738.868998669026,993.997903039922,240.219098636585,74.938476224252,464.538241538431,-319.969196503332,-3.39931684533901,-475.766133615882,82.0121263957543,-4.08150371320499,-214.569418962661,85.8384748181939,92.847449013787,-731.002378604779,-629.137693002398,-663.492783173998,-142.098900819957,-490.09820290835,2.24032896630737,751.274437464768,-384.494385909744,-59.9530445885771,514.108409490994,-56.8617297173892,-95.226983632457,5.49353708072367,-310.293323701944,338.7471138984,371.615486781658,-464.430915913228,-430.370367852362,311.091315304666,-2.37039359689913,427.992611179465,-8.13427347592264,41.4377708899902,1286112.75510666,26.2610590304059
343.619233830153,572.011390212148,-259.535894835601,-188.797816549192,-0.0158744571265094,205.208469437936,-376.812736334119,969.750054540182,137.995872266413,-1.46337684705373,120.132283609025,-133.923889670216,-305.49499112512,-251.244506378499,-376.321212919863,179.674032554088,4774.12626577269,317.424004637166,4.57206955587285,382.111297073446,-611.713467395364,-1.81680565932011,392.44049150546,881.406692479704,-281.671884434861,1193.02088063629,-534.885999408993,-208.471873398017,309.689033144027,-329.634232896692,-397.145897970184,1.5653213600063,819.710449070948,394.103522828577,-76.4215691774289,-504.966948158571,-427.992045124217,-455.959698072897,-495.043147934472,-340.476138874545,-0.989442839460485,-174.087768766945,-267.084428492275,-370.174224129528,946.568769672074,-365.304849008533,126.001875592203,-4.753333760079,35.2624117220803,-300.526210899713,-117.257998425739,-320.437338440263,218.094276512589,121.448826649096,2.14059828952186,-299.894654570696,2.25715020885353,-204.202160279274,-5795101.77373113,-131.691291813928
-311.912164985501,10.9483267931365,-67.7758353918096,-23.7965726549648,-0.856674541507837,-592.655152303776,638.249083779597,98.670291367993,1314.7759224469,0.453903192721784,493.998670212828,-216.418392133788,173.637194952204,654.89240178706,92.6380000289036,-860.988640021382,317.424004637166,7829.1928537718,-2.40537231228162,129.814299851467,-981.474312385337,0.623552450502658,-600.132334128381,-963.754517043465,372.239015220302,185.211406011037,-860.346244142647,449.25824955005,888.940335874499,312.357319309431,-631.658424252361,-0.714682017747594,582.907648252772,201.507110348803,1334.22194840161,121.92217967671,222.517220479644,111.852010351641,-62.3916719165943,-543.411700575403,0.0830616448799231,-277.073766836834,132.388168779581,1228.30033669263,-730.321513310247,15.163947210164,921.683991884107,4.94404444655253,-257.685585930058,-480.516634272373,-185.10530447604,774.017156598745,-472.999526184666,-126.51931784696,-1.27608527597711,73.531757260831,0.431339472733067,104.408094416237,2957914.31606331,-210.764222746401
2.4916754984999,-6.9462216431483,-8.82635104081907,2.41721634379232,0.0257452087326271,5.57568591434245,4.70670455106044,-3.53636272778951,6.80839958507578,-0.267434114125184,-2.5522706983964,1.66107155247333,1.82790413850675,3.11309140806357,4.67193214092802,-1.49976919007741,4.57206955587285,-2.40537231228162,0.894994580443199,6.5325052106641,7.63844804973082,-0.264245240960407,-17.0275816976419,-7.0604769787943,-6.14352615924475,-6.41818815646914,-11.5769583593999,1.17343168005337,-3.70722489312373,-1.85835141904664,-14.1879802576716,0.244485558235404,-1.5786079691967,5.05401622494503,1.16204998021348,6.36521779115262,-5.03021499491016,5.73879698195553,-2.25911750076543,4.18399879508342,-0.193704173091503,-5.1730499024772,3.30715118086551,4.60362174756482,5.67825645815924,4.56425353493997,-7.02731304204577,-0.694413076483333,6.87752447683396,-1.9880263946865,-2.52481277129901,-5.90007872546248,3.61538424744488,5.93754549146679,0.373475853868813,3.73385953554806,0.435935430213052,-32.3748724277384,-919707.012325448,-1.57210767733593
290.125628211026,58.4460766329519,-364.728542768346,8.72595052794695,-0.0635085773820069,85.8889723740132,-529.22980921819,166.823394135598,676.464183667265,-2.10927000103445,-33.4687059683341,-190.048948948826,-431.96361691894,-351.585438112369,157.702203034404,-754.146688661897,382.111297073446,129.814299851467,6.5325052106641,6869.73433836587,34.3897185380408,-2.64468170763352,-526.935163045448,-847.381220885479,-392.780081567996,268.345569496077,-752.386404079028,-292.351592239591,-605.016886636457,359.027836092654,-561.05049181259,2.26456104408002,-43.9307960214605,-569.179463981696,-426.989995854767,1122.73866339828,2089.14459041717,-640.232583554437,30.5287236021337,-470.689679201095,-1.42831493863136,-245.289975410535,-375.88152336157,82.7102840715,-639.515426369645,-514.787865897308,16.4343072876377,-6.75400613370972,1080.37441563523,-422.959350214052,-164.326905465378,-448.002766642376,667.459229587002,-673.3379030526,3.07225977974237,122.964242952217,3.28152563727838,-288.280871680282,-8182375.22055427,-184.667719285849
-323.219307549455,-455.138128122533,-428.103808909381,-313.251001184891,-0.0725524630039294,524.334854051206,-49.888004993052,25.936916629391,-217.683645971322,-2.46414427645329,-742.595075662319,390.256290046081,1344.2809083288,76.9605750293548,26.8125653867934,529.429515800553,-611.713467395364,-981.474312385337,7.63844804973082,34.3897185380408,7393.38435519649,-3.0766431217182,-616.209822022434,481.623490307299,-462.681398276262,114.451062885216,-154.813500719952,-343.060746882054,26.2987872435222,232.47181302749,118.660044394409,2.63747006359262,455.838283420403,918.477978761601,1978.75095798922,-832.614848271559,131.221812591702,-754.128091274386,-817.446350457487,601.218804837246,-1.67201359450562,305.17171285549,-438.094963196035,-605.907833275348,637.229366898042,511.408198632075,354.174935419005,-7.89351858641022,251.891243643499,-496.474494130757,-191.944699280885,269.400367068417,531.077213072488,-195.247185557396,3.58316594620944,524.739509692789,3.84294091651246,-339.482236852139,-9635161.78433034,39.5783852278218
-1.29617766921902,1.77214928731092,2.36659114741959,-0.98576558589211,0.0310146785462086,-2.95162522988847,-1.89605436758107,0.604308334265167,-2.74738696695782,0.0986290304757411,-0.645182754516554,-0.66895449849411,3.20424913072607,-1.24160088249511,-1.86070048386685,6.71679684389808,-1.81680565932011,0.623552450502658,-0.264245240960407,-2.64468170763352,-3.0766431217182,0.145508725537779,10.1544486400301,3.30371432682774,1.59796884297829,2.66157142013533,2.90443632371459,-1.75294187262186,0.611044734981793,-2.19443047401394,3.83540116492199,-0.11424021911656,-0.200169694636856,-2.038268248421,-1.5828860992782,-2.60303407053993,0.96750336410625,-2.33125549382958,0.0807800204389537,-1.68367729662943,0.0671416949638958,1.36549493514497,-1.32497457492773,-1.8538969109065,-2.28847434564828,-1.83604114036791,1.76804589078325,0.313888211461575,-2.78175747328164,0.266683226436094,0.636370174361831,1.41996996247086,-1.43667665642293,-2.41635215462808,-0.136719140778572,-1.51022793338779,-0.169447786467832,9.61915251184064,273991.148167626,0.330815041803067
-196.613595716512,857.481300397601,323.50063902653,-190.860042940827,2.96787318878734,139.628615309185,137.122842585954,211.997095056762,67.5240834282318,6.7524657925454,-454.860938438007,415.242732572064,826.088432768284,-253.087713478315,-378.033151241169,738.868998669026,392.44049150546,-600.132334128381,-17.0275816976419,-526.935163045448,-616.209822022434,10.1544486400301,4449.46732995489,1383.4725859097,-283.578979834962,301.502302537411,118.97359744936,444.983550387689,891.468428449696,373.657289465082,-396.288771504366,-7.60071782473008,674.631212140982,-405.850322439882,-178.581807598686,268.440145930498,1090.80304324418,-457.236028571517,114.569773856152,181.083725598077,4.74294413852061,-174.109298328812,200.966537295202,135.661165532323,1421.31225928375,137.981097971129,75.4627989379134,11.8273634899313,-35.1601207936596,111.131980576675,170.661025669254,-319.769444272165,-298.104702200952,52.8036716908838,-8.8973712156738,-300.280863431446,-12.4900720195247,519.886377422898,14866367.7375596,-133.383540283407
145.992236209437,-78.7494863343225,147.230542474503,-79.3941074093193,-0.228992904153266,-113.17099020692,394.08827070976,-49.3750969492301,310.862808165504,2.2301531134538,-236.001522712859,-218.618665171061,580.502798539934,-407.17696436428,-608.526084196864,993.997903039922,881.406692479704,-963.754517043465,-7.0604769787943,-847.381220885479,481.623490307299,3.30371432682774,1383.4725859097,6151.29765818379,-451.274099907796,41.7372722718714,-228.520070274998,296.95877176011,-49.5717483988906,131.722211067536,-636.304269444655,-2.74628138952213,1491.14579031443,2127.08323184763,-803.869541866276,-58.8415003354016,-698.387465910274,-736.970365253256,-803.114939210679,972.504092258613,1.29142784391758,-280.331627326176,-429.759946664446,-598.738807575171,1697.44333856922,388.457434940537,-529.425793317079,1.71908690492769,-388.265099712315,-86.3464198437521,-189.644004911193,181.476869848796,-34.1026847397703,265.018894844417,-3.72437407030897,-34.6528856132027,-2.65469034815321,20.3288223686937,613979.778592465,12.267128394016
-146.2859301796,-209.044412119396,99.3318800294171,93.5545331731863,-0.209287232735289,-278.916988475296,-284.11116067982,-299.285726290953,824.269748091428,1.80236744646848,688.023348272006,-99.8621398307636,-230.689778541473,-188.549827257904,-281.356022154232,240.219098636585,-281.671884434861,372.239015220302,-6.14352615924475,-392.780081567996,-462.681398276262,1.59796884297829,-283.578979834962,-451.274099907796,3257.66060556903,1132.78761007202,264.965184862438,-157.027971754735,-317.051726097316,-243.55013689647,1111.34627118939,-1.53211054004561,205.828728517076,-307.608652788021,79.6157022978203,-380.697464259806,-326.883412407871,367.425372635301,244.760438540354,-256.210260761506,1.35017546593374,-130.196564964199,-198.416762948336,744.524031514251,-341.590152408032,-270.929783808974,160.699269968679,4.92672558003261,-415.013981892608,-225.653424876276,-88.4534649449556,-239.299527427356,-225.204288183402,178.392466362305,-2.4412863897794,-222.835596222383,-3.05323121705209,211.303334121469,6004197.23730872,133.925467362496
294.23736406479,92.1378771119784,327.838676021685,-207.548083461072,-0.291717397136361,-408.38059024495,-420.525647940736,198.379317853197,680.075062284369,1.96405222471311,33.5648678731257,428.129940931142,-338.034120662838,187.249458070044,-413.321299017495,74.938476224252,1193.02088063629,185.211406011037,-6.41818815646914,268.345569496077,114.451062885216,2.66157142013533,301.502302537411,41.7372722718714,1132.78761007202,4821.47878829667,-591.047275474321,-233.748909821196,219.610397360704,-369.14589049443,295.341171674539,-2.28521429120878,40.0043988877845,-448.711471694755,614.748293998719,-555.203917175278,-476.197131240651,-506.939073765798,-548.042022499325,-373.464029326311,1.18799182161868,-187.98748667652,-290.255796079064,124.439744315826,807.079340142844,123.859139392494,481.632177806209,4.52326498690108,-62.8534660237983,99.3816145077276,-129.314571092206,-351.185780473169,153.777884067795,34.0672305516325,-3.20524027844019,-325.897135593192,-2.44213907261711,153.731368733542,4384565.17847438,97.6956710448793
186.425093056651,-30.9494478726854,-94.1222187092177,406.266582212079,-0.422392660338219,-39.0136163352869,-45.7857642406605,19.7754423016187,-779.377064595314,3.37603082816547,831.015664282917,-192.299345152575,-442.254755328945,495.607210997506,-539.771212970667,464.538241538431,-534.885999408993,-860.346244142647,-11.5769583593999,-752.386404079028,-154.813500719952,2.90443632371459,118.97359744936,-228.520070274998,264.965184862438,-591.047275474321,5634.58644917943,-302.785809146399,662.450199793842,-471.464898324721,-566.685069513237,-2.81712595473242,398.991491026091,-584.4632564856,153.421601635982,779.516522119085,-620.649364309202,-657.286895621287,473.039454507401,522.487767961096,2.54759804171014,266.729429653676,523.132463658321,-535.553412114676,-52.3777264741371,-527.77370594238,-471.620497798823,9.22334172563834,219.613137461452,-34.5953612483478,390.204335045994,-113.550585266264,-431.383493429391,1911.24116624267,-4.54480217758307,459.335207639794,-5.75864568821723,405.666957620159,11524973.4343071,257.931408650154
-108.19259047471,206.806928794599,-145.725760239331,-105.849685872309,-1.13254085204062,-207.606273469691,284.091189879905,941.842678360097,-298.665182460634,-0.877939901910646,-257.068836595704,-75.0222734175727,361.05558210563,-140.458801806824,347.520022685282,-319.969196503332,-208.471873398017,449.25824955005,1.17343168005337,-292.351592239591,-343.060746882054,-1.75294187262186,444.983550387689,296.95877176011,-157.027971754735,-233.748909821196,-302.785809146399,2395.34338720365,-235.273640575943,486.711875328682,-221.143608273921,1.15753727187086,-302.783964656278,-225.422011346318,-548.676149844976,465.944397700557,492.492866024506,423.906643699466,311.947762299142,811.825101326654,-0.669459118973828,-94.9129917348669,-146.659727384838,279.691104332616,347.287974268914,-204.817829064776,-183.99657875736,-2.16750891446689,-308.024925334883,622.101180338616,-64.9851528200113,851.302536019789,274.353248221948,761.239097834609,0.890829601215789,-165.170059889573,2.18030863806648,-116.040916324493,-3305371.21810479,-73.3944941016544
-224.14887131003,411.402252563563,-17.6516957546257,7.78704809641886,-0.235017509781339,69.3688993988984,64.6207072349064,-456.254281749839,-622.756191643187,1.01498796788047,-520.640931997405,375.964645085041,183.96828016111,562.569446459326,-433.701723773355,-3.39931684533901,309.689033144027,888.940335874499,-3.70722489312373,-605.016886636457,26.2987872435222,0.611044734981793,891.468428449696,-49.5717483988906,-317.051726097316,219.610397360704,662.450199793842,-235.273640575943,4597.50185766468,-374.940138869295,-451.484446863844,-0.688679811169604,-36.6370728887674,-466.920938511179,-349.992248433662,173.702067894283,977.678857738123,-524.152492143576,22.9408531789059,116.975564508768,0.816414752571175,-199.293237325651,147.148645596978,553.455493098595,81.4131682326744,549.222263776783,788.870244249397,2.47559548398529,-128.126462517508,-345.676073157846,-133.194936416998,671.145292277048,102.287612964836,488.419567324734,-1.29596367619158,99.9323342359622,-1.82544016808027,111.587331101419,3172462.81670257,-151.450990353511
-174.271084258019,-244.523230222526,67.4219525869413,72.3285046774397,-0.31695240573822,199.838142149176,-332.826599688943,-348.895329583191,144.211477819104,0.179900982673747,123.849844835721,-118.074441930114,300.887219083351,-222.983542407073,856.672139282678,-475.766133615882,-329.634232896692,312.357319309431,-1.85835141904664,359.027836092654,232.47181302749,-2.19443047401394,373.657289465082,131.722211067536,-243.55013689647,-369.14589049443,-471.464898324721,486.711875328682,-374.940138869295,4039.14592618019,-351.614541214511,1.30866384457065,767.948599235163,-356.63559894076,-39.7199678867523,350.226054090964,400.994474127009,1041.5842482685,190.915060927418,-296.552443296582,0.74952766088233,-152.786962471028,-233.322668957522,-325.582155822724,-399.358987941468,-323.592267623937,123.13357014324,3.92832492809496,587.866780980333,-266.124022008457,-103.300315893906,85.3454685524895,677.501181330399,129.962754566406,0.841696573068074,207.204790300121,-1.99383968569067,186.821385598668,5275036.45936358,-116.913583536791
-206.645858160594,-291.909671776041,319.464998803947,277.243589916331,-0.425704486756591,-392.618432953763,-397.557281639739,821.971217312915,43.1178496189672,4.19645743388285,41.7848591275828,-142.450384379312,-322.904403656968,-266.53616292725,-402.168076621107,82.0121263957543,-397.145897970184,-631.658424252361,-14.1879802576716,-561.05049181259,118.660044394409,3.83540116492199,-396.288771504366,-636.304269444654,1111.34627118939,295.341171674539,-566.685069513237,-221.143608273921,-451.484446863844,-351.614541214511,4560.08336778828,-3.63746052326434,-581.759012481125,-433.761621501431,610.965627466059,-536.674237118389,-463.211922166799,-490.156344589997,96.2270966987437,-358.537649130026,3.12491291979599,361.881503717501,-281.773504228507,640.122202308958,-483.344758070844,-388.017758172963,65.4867472347928,11.7640178701227,-49.8513838257528,101.782580569777,-124.854157819482,-340.212699773596,-318.374054466595,-508.610688861829,-5.70531291176519,150.349458036261,-7.08546293691212,520.32800167292,14779047.3807327,333.247913685956
1.07362866618848,-1.70996517245663,-2.24993051233245,0.841946755121169,-0.0166123136508153,2.41929256744892,1.62444632229078,-0.671297453849487,2.35333901973164,-0.085176200981527,0.104790451136522,0.574134158811341,-1.9817337767955,1.06706242868145,1.60042031191461,-4.08150371320499,1.5653213600063,-0.714682017747594,0.244485558235404,2.26456104408002,2.63747006359262,-0.11424021911656,-7.60071782473007,-2.74628138952213,-1.53211054004561,-2.28521429120878,-2.81712595473242,1.15753727187086,-0.688679811169605,1.30866384457065,-3.63746052326434,0.0933475313838739,0.0164187813252279,1.74900521730615,1.14941015077205,2.22121826851982,-1.02932875225971,1.9923748343647,-0.22311179791275,1.44437816501753,-0.0588743608510401,-1.30337435222338,1.13728582214324,1.58839119416573,1.96162337478862,1.57572469455494,-1.71100990006288,-0.259046678612977,2.3811339434462,-0.327841837780767,-0.616496130052982,-1.3959241943356,1.23393753865051,2.06529695332874,0.11867871089486,1.29238952466942,0.1435919773672,-8.88255517907454,-252778.448880808,-0.339855878303203
147.464714349457,-63.613366827309,141.252940904077,-67.4342331255625,-0.229901325903311,-82.8655961795204,-86.4645701649709,-30.9430969579161,296.992111887734,0.341404626426595,250.62000900129,-195.883644056869,546.439999698729,28.5088488851145,485.857359834547,-214.569418962661,819.710449070948,582.907648252772,-1.5786079691967,-43.9307960214605,455.838283420403,-0.200169694636856,674.631212140982,1491.14579031443,205.828728517076,40.0043988877845,398.991491026091,-302.783964656278,-36.6370728887674,767.948599235163,-581.759012481125,0.0164187813252279,5189.50106454166,50.8743035738017,-1439.34479769176,-728.934798634994,-625.079238197963,592.516063047207,-174.978988909126,439.891269535532,0.356658926352734,-253.279975352518,31.360795980348,-84.4550265445021,1571.82067652417,-87.208069860685,-476.971637412848,0.347670830246533,-338.090345553279,-437.867480449674,-169.498063520295,-146.216356381809,-434.758507215954,-215.609864411013,-0.315974600992025,-434.889430767983,-0.780124291650311,23.0328991734327,658375.9944977,13.9628730615101
292.709615735676,96.5597928825395,329.477712846622,38.9102310754889,-0.0332917316766075,670.676678144058,130.834911911792,209.03380832456,685.297497901987,-1.62590964509867,-493.610364227604,-146.213315442001,249.924975614225,190.10016239608,-412.238648904481,85.838474818194,394.103522828577,201.507110348803,5.05401622494503,-569.179463981696,918.477978761601,-2.038268248421,-405.850322439882,2127.08323184763,-307.608652788022,-448.711471694755,-584.4632564856,-225.422011346318,-466.920938511179,-356.63559894076,-433.761621501431,1.74900521730615,50.8743035738017,4801.79191109462,-226.055737095982,270.104954912229,-467.928940961503,-498.203297042339,-541.908840747128,180.78082769362,-1.09735520773453,-185.925587816078,203.374913736623,130.822086656743,-492.012946868616,1702.90520701633,64.4761470781422,-5.26155926045597,-53.3078378202565,105.1804367991,-126.61183984012,29.6303614325167,-324.526470579029,43.9588133519247,2.37855778550921,-325.510948313291,2.51023047088523,-224.64603390188,-6375705.18445711,-142.163162287576
54.7135925904737,-281.864552595223,3.84672652720223,55.0903761634724,-0.343327427310552,241.154915798456,232.976290052083,403.994241124819,-720.067752636314,-0.600562369463433,-595.856194158524,-354.868796923493,1175.77328643906,913.548079394822,-311.103407628035,92.847449013787,-76.4215691774289,1334.22194840161,1.16204998021348,-426.989995854767,1978.75095798922,-1.5828860992782,-178.581807598686,-803.869541866276,79.6157022978203,614.748293998719,153.421601635982,-548.676149844976,-349.992248433662,-39.7199678867523,610.965627466059,1.14941015077205,-1439.34479769176,-226.055737095982,11914.1992961446,-410.887630620251,-238.423552922184,-1218.40495306714,-1324.1572348543,346.580208403239,-0.242841263240452,177.968446410154,-148.295438860784,829.578351344601,-469.289922075116,-381.006130489825,-391.640421674573,-2.91002111117269,1034.31967531344,-311.450755375948,31.700697995619,5.77508148256456,-244.16389855092,13.7321406294131,1.10887742266034,-243.261492537905,0.615424986615841,-115.807855569204,-3280469.36944284,-72.6931725206068
-261.248380911465,487.070589789324,-353.572955490162,8.42851281541707,-0.0871630929175307,-499.494315029363,79.4775012547603,156.068409325911,-736.721640717348,-2.06621899968076,547.426138141146,-180.277871342899,217.562312518596,165.552334762725,-510.819107691169,-731.002378604779,-504.966948158571,121.92217967671,6.36521779115262,1122.73866339828,-832.614848271559,-2.60303407053993,268.440145930498,-58.8415003354016,-380.697464259806,-555.203917175278,779.516522119085,465.944397700557,173.702067894283,350.226054090964,-536.674237118389,2.22121826851982,-728.934798634994,270.104954912229,-410.887630620251,6393.69083152931,279.76293638758,-618.94189426926,-672.348791957711,138.743665076834,-1.40154629178941,-231.883309230538,709.067559430914,76.6010423556611,-616.933502444248,74.7640405651277,-442.903541327459,-6.56128849653661,449.239179575231,530.61951527182,-158.627374967104,-431.177932438978,-405.836221800972,-31.3664202883189,2.99950471071328,116.705351231262,3.23500211204941,-280.083167718758,-7950187.69822892,85.4360676824508
-224.461319584199,101.001054956098,-303.51674770822,-221.372640344319,-0.285208638677247,1287.14560203135,141.029686436911,218.895898100776,729.070024468426,1.40276334728482,-526.581413453655,-156.755589426238,881.672652564974,-291.773012040359,207.653708192407,-629.137693002398,-427.992045124217,222.517220479644,-5.03021499491016,2089.14459041717,131.221812591702,0.96750336410625,1090.80304324418,-698.387465910274,-326.883412407871,-476.197131240651,-620.649364309202,492.492866024506,977.678857738123,400.994474127009,-463.211922166799,-1.02932875225971,-625.079238197963,-467.928940961503,-238.423552922184,279.76293638758,5450.74664889741,-526.397365546933,108.436896427691,189.447091556915,1.10197792086997,394.166457984873,213.432996418215,138.550955366265,-530.561480597688,-427.180553949999,966.621135393366,3.63611434543251,531.469143155267,108.530090765566,-136.399121426073,30.088595886207,168.977574350512,-550.484524412309,-1.83158079684593,-347.294300204799,-2.46479276201811,165.123372249116,4691910.47904699,104.801600836506
258.498041855241,-337.868120028602,-321.361824326425,-232.870631770495,-0.0755639653638094,605.42528906288,608.28290498601,-482.404060561729,1222.1194503577,-1.86024609304896,2078.00725031473,-163.210129165204,200.336067175814,-306.685525142965,1338.23107727909,-663.492783173998,-455.959698072897,111.852010351641,5.73879698195553,-640.232583554437,-754.128091274386,-2.33125549382958,-457.236028571517,-736.970365253256,367.425372635301,-506.939073765798,-657.286895621287,423.906643699466,-524.152492143576,1041.5842482685,-490.156344589997,1.9923748343647,592.516063047207,-498.203297042339,-1218.40495306714,-618.94189426926,-526.397365546933,5272.50355055545,22.4418750780653,125.438176701724,-1.26471561256193,-214.300077761071,-325.32213211449,-454.309146670085,-561.264609090661,586.04823510835,-402.615412540621,-5.91140473221251,404.059791891689,-372.306881689612,-144.669053167918,348.04552680491,-366.219725030598,-32.0704955834829,2.69574557943992,-365.00859205222,2.91963064496049,-254.439790745649,-7221886.57613849,-161.152955810539
