0.00570777713820316,-0.0112865666722147,0.00289468694813702,-3.68173748317455e-05,-0.00222007195392538,-0.000657370303678679,-0.00267867798439229,-0.00113947603618796,-0.00258448870680573,-8.42498696917614e-05
-0.0112865666722147,0.110452728764596,0.0723492557672745,0.0753842031595101,0.0685045039717645,0.0460552709347343,0.0860841116369678,0.0516358177664363,0.0805225019829004,0.0236460485050832
0.00289468694813702,0.0723492557672745,0.129602955624437,0.10931490030448,0.0734691372922553,0.0748979827520004,0.10213354610351,0.0722818030586215,0.107785974851478,0.0301894555748828
-3.68173748317455e-05,0.0753842031595101,0.10931490030448,0.118601017699245,0.0674051632865635,0.0737722537563123,0.105762623902734,0.0678453952275742,0.108535816216231,0.0339863011657102
-0.00222007195392538,0.0685045039717645,0.0734691372922553,0.0674051632865635,0.112364459585408,0.053336974155507,0.111004509492632,0.0492342327745885,0.0890086961361461,0.0209951048821666
-0.000657370303678679,0.0460552709347343,0.0748979827520004,0.0737722537563123,0.053336974155507,0.0783964827850931,0.0641018410641918,0.0420725556274598,0.0706874787580204,0.0223738213653156
-0.00267867798439229,0.0860841116369678,0.10213354610351,0.105762623902734,0.111004509492632,0.0641018410641918,0.193268016793182,0.083333182146487,0.112029887950823,0.0315270478513716
-0.00113947603618796,0.0516358177664363,0.0722818030586215,0.0678453952275742,0.0492342327745885,0.0420725556274598,0.083333182146487,0.0689536518473441,0.0640005683156415,0.0132576003701016
-0.00258448870680573,0.0805225019829004,0.107785974851478,0.108535816216231,0.0890086961361461,0.0706874787580204,0.112029887950823,0.0640005683156415,0.148360318995036,0.0336487926869348
-8.42498696917614e-05,0.0236460485050832,0.0301894555748828,0.0339863011657102,0.0209951048821666,0.0223738213653156,0.0315270478513716,0.0132576003701016,0.0336487926869348,0.0341071186980281
