0.0359503843578772,0.00555984706795574,0.00430927594883202,-0.00318279080850116,-0.00174861828128858,0.00027276471256647,0.000193201605386173,0.0196649248130539
0.00555984706795574,0.0263845440828256,0.00361902762172737,-0.00084383457740193,0.00606573508726688,0.00310550756079275,0.00358495157373264,0.00910726679739982
0.00430927594883202,0.00361902762172737,0.0214827501117966,0.00571941433651872,0.000838890987294002,0.00279005897552598,0.00130486148881045,0.00711083159325374
-0.00318279080850116,-0.000843834577401929,0.00571941433651872,0.0243230283026634,0.00811777019905268,0.00720042231269958,0.00291989651489199,-0.000738755844361064
-0.00174861828128858,0.00606573508726688,0.000838890987294001,0.00811777019905268,0.0140604193056282,0.00227237888820511,0.00272915316108916,-0.000201044850417106
0.00027276471256647,0.00310550756079275,0.00279005897552598,0.00720042231269958,0.00227237888820511,0.015057601095171,0.000921399724356556,0.0017963772605756
0.000193201605386174,0.00358495157373264,0.00130486148881045,0.00291989651489199,0.00272915316108916,0.000921399724356556,0.0199441820886559,0.00317422399457646
0.0196649248130539,0.00910726679739982,0.00711083159325374,-0.000738755844361064,-0.000201044850417106,0.0017963772605756,0.00317422399457646,0.0339411049688997
