0.0319250503634739,0.0192709143891206,-0.00347412628455696,-0.00992244294832776,0.0151261917784086,-0.0496130553993868,0.0340703053934105,-0.00154536610641832,0.0319454206538476,0.0243924704761995,0.0197730064893146,0.044689423592587,0.043123756475018
0.0192709143891206,0.332912540587671,-0.0295289973107093,-0.0093729042192694,0.0414997301418327,-0.188454964353166,-0.00447367686948614,-0.0477449544214757,0.178329658407083,0.0398057958298757,-0.0760705081908921,0.0364734451937011,-0.0929566130706463
-0.00347412628455696,-0.0295289973107093,0.125596006485184,0.0407202993489995,-0.0283386171465533,0.0288253268786469,-0.10504020136839,-0.0169171391770381,-0.00681974915201112,0.0149701770315121,-0.0368371519750523,0.0888669123645964,0.0521258823632022
-0.00992244294832776,-0.0093729042192694,0.0407202993489995,0.0234090687254214,-0.014073787037389,0.0166818376930862,-0.0165701955361385,0.00438822630111236,-0.0433345641118258,-4.37861622722334e-05,-0.0322926852705218,0.0248241816695616,-0.0260709001670445
0.0151261917784086,0.0414997301418327,-0.0283386171465533,-0.014073787037389,0.0153456889185024,-0.0407636143335069,0.0294044701377628,-0.00301936762507102,0.0349783676736828,0.00982766548999983,0.01095472266266,0.00177958331975663,0.00469151777758641
-0.0496130553993868,-0.188454964353166,0.0288253268786469,0.0166818376930862,-0.0407636143335069,0.157904466065109,-0.0607961765998156,0.0192816094292208,-0.111678765669824,-0.0496539028417171,0.0152845789512523,-0.071270093491298,0.00933273966338195
0.0340703053934105,-0.00447367686948614,-0.10504020136839,-0.0165701955361385,0.0294044701377628,-0.0607961765998156,0.250898465894925,0.0653586200794858,-0.141175004846492,0.00269336088610805,0.00407236541468499,-0.0302970664395944,-0.0774869754590725
-0.00154536610641832,-0.0477449544214757,-0.0169171391770381,0.00438822630111236,-0.00301936762507102,0.0192816094292208,0.0653586200794858,0.0271803206566562,-0.0829767409559324,-0.00947985971585129,-0.00268707595302183,-0.0173769993716006,-0.0285344972103843
0.0319454206538476,0.178329658407083,-0.00681974915201112,-0.0433345641118258,0.0349783676736828,-0.111678765669824,-0.141175004846492,-0.0829767409559324,0.303291097373925,0.0419084993473511,0.0466844672357384,0.0466169971019483,0.112013547066724
0.0243924704761995,0.0398057958298757,0.0149701770315121,-4.37861622722334e-05,0.00982766548999983,-0.0496539028417171,0.00269336088610805,-0.00947985971585129,0.0419084993473512,0.0274756076976102,0.00288378968327945,0.0612877396689833,0.0228792633059334
0.0197730064893146,-0.0760705081908921,-0.0368371519750523,-0.0322926852705218,0.01095472266266,0.0152845789512523,0.00407236541468499,-0.00268707595302183,0.0466844672357384,0.00288378968327945,0.079586352806295,-0.0111840309393763,0.090881552067702
0.044689423592587,0.0364734451937011,0.0888669123645964,0.0248241816695616,0.00177958331975663,-0.071270093491298,-0.0302970664395944,-0.0173769993716006,0.0466169971019483,0.0612877396689833,-0.0111840309393763,0.171849703199315,0.0528017374834518
0.043123756475018,-0.0929566130706463,0.0521258823632022,-0.0260709001670445,0.00469151777758641,0.00933273966338195,-0.0774869754590725,-0.0285344972103843,0.112013547066724,0.0228792633059334,0.090881552067702,0.0528017374834518,0.232406389238466
