0.061704458950818,0.00832966463292419,0.0293273149288514,-0.0141041620432179,0.0380721268276679,-0.0186493997452897,0.0287309051018196,0.0111757223413463,0.031647131359057,-0.00526686044917652,0.0343849778978542,-0.00219781813996543,-0.0171588326456465,0.0082963354401992,0.0301607023979907,0.00452216437043704,-0.0012384858438443
0.00832966463292419,0.13358657654262,-0.00666974737296394,0.0636739743586544,0.0263535676670202,0.0453449304514157,0.0171656329298498,0.0843486313043637,0.046258785565825,0.00992636730391099,0.0633270564692775,0.0401825375108231,0.015885374040754,0.0394534182372343,-0.0276819179190966,0.0357637490568284,0.00886984295738531
0.0293273149288514,-0.00666974737296394,0.0694755253059259,0.013684912699231,0.0408936125101228,0.00719898103504274,0.0149557799726793,0.00576574150633187,0.0112643511135511,-0.000253857893682687,0.0286542083975467,-0.0333363263486371,0.0158621424851882,-0.0304088698628267,0.0304865527724483,-0.0108656653241394,0.0253750696803052
-0.0141041620432179,0.0636739743586544,0.013684912699231,0.0780531756454968,0.0136813074409952,0.0700710065630455,0.00966167361583664,0.0459435622652305,0.00562870861565222,0.0379981186165567,0.0182357429998242,0.0160744992515164,0.0011888960516032,0.0203626695379585,-0.0187631084559526,0.0273836129648782,-0.00399112058690882
0.0380721268276679,0.0263535676670202,0.0408936125101228,0.0136813074409952,0.0583859520633038,0.0234537171199515,0.0188553416107129,0.00107368745376705,0.0491755417575699,-0.00853038170366608,0.0434883415493458,-0.0138021806092832,0.0165671685504622,-0.0226632874398809,0.0271030412887712,-0.0023675802875613,0.0185016095519362
-0.0186493997452897,0.0453449304514157,0.00719898103504274,0.0700710065630455,0.0234537171199515,0.0867094663766147,0.0105611482481603,0.0129937289863902,0.0197804968755168,0.0294148611132045,0.00791475785983646,0.0084549636044351,0.0139520605178816,0.00117494021397444,-0.00650701239361411,0.0121143465328132,0.000911921819965809
0.0287309051018196,0.0171656329298498,0.0149557799726793,0.00966167361583664,0.0188553416107129,0.0105611482481603,0.0673398666989868,0.00928998671111209,0.00313105388989031,-0.0156631506039863,0.0310914685020401,-0.0152673386128017,-0.000232864862779521,-0.00154538766948536,0.0202378008898098,-0.0333345960593866,0.00015802349288642
0.0111757223413463,0.0843486313043637,0.00576574150633187,0.0459435622652305,0.00107368745376705,0.0129937289863902,0.00928998671111209,0.0869672121601702,-0.000929345300492793,0.0144630216213329,0.0334226966933602,0.0277717609553155,-0.0107752286873165,0.0504849464526031,-0.0317287639509173,0.0404735013227009,-0.0094104074183735
0.031647131359057,0.046258785565825,0.0112643511135511,0.00562870861565222,0.0491755417575699,0.0197804968755168,0.00313105388989031,-0.000929345300492793,0.0841090299511831,0.00164622200019642,0.0472233431368978,0.00198668051960226,0.0166364556347887,-0.0173702062730166,0.0168277621074777,-0.001043364711441,0.0220643343441935
-0.00526686044917652,0.00992636730391099,-0.000253857893682687,0.0379981186165567,-0.00853038170366608,0.0294148611132045,-0.0156631506039863,0.0144630216213329,0.00164622200019642,0.060378279880232,-0.01327162312111,0.030270356900746,-0.0256612911354407,0.0310992030599925,-0.000699108136032173,0.0366668164832898,-0.0111396998766576
0.0343849778978543,0.0633270564692775,0.0286542083975467,0.0182357429998242,0.0434883415493458,0.00791475785983646,0.0310914685020401,0.0334226966933601,0.0472233431368978,-0.01327162312111,0.0645016677713536,-0.00758568762504001,0.0156110196630615,-0.00925136073943134,0.00789750989316792,-0.00684172354458242,0.0193633270307642
-0.00219781813996543,0.0401825375108231,-0.0333363263486371,0.0160744992515164,-0.0138021806092832,0.0084549636044351,-0.0152673386128017,0.0277717609553155,0.00198668051960226,0.030270356900746,-0.00758568762504001,0.0617741294670354,-0.0113208452307646,0.0551241360007811,-0.00274788139439621,0.0487440997211162,-0.00700371514580251
-0.0171588326456465,0.015885374040754,0.0158621424851882,0.0011888960516032,0.0165671685504622,0.0139520605178816,-0.000232864862779521,-0.0107752286873165,0.0166364556347887,-0.0256612911354407,0.0156110196630615,-0.0113208452307646,0.0609800646659726,-0.0365945626221012,0.0186273249584701,-0.0265491301262969,0.0482247264392642
0.0082963354401992,0.0394534182372343,-0.0304088698628267,0.0203626695379585,-0.0226632874398809,0.00117494021397444,-0.00154538766948536,0.0504849464526031,-0.0173702062730166,0.0310992030599925,-0.00925136073943134,0.0551241360007811,-0.0365945626221012,0.0730792361212331,-0.0180124686190084,0.052918513042723,-0.0300182307895082
0.0301607023979907,-0.0276819179190966,0.0304865527724483,-0.0187631084559526,0.0271030412887712,-0.00650701239361411,0.0202378008898098,-0.0317287639509173,0.0168277621074777,-0.000699108136032172,0.00789750989316792,-0.00274788139439621,0.0186273249584701,-0.0180124686190084,0.059351511894418,-0.0175951311631547,0.0304683089805062
0.00452216437043704,0.0357637490568284,-0.0108656653241394,0.0273836129648782,-0.00236758028756131,0.0121143465328132,-0.0333345960593866,0.0404735013227009,-0.001043364711441,0.0366668164832898,-0.00684172354458242,0.0487440997211162,-0.0265491301262969,0.052918513042723,-0.0175951311631547,0.0686375547620811,-0.0206226349318046
-0.0012384858438443,0.00886984295738531,0.0253750696803052,-0.00399112058690882,0.0185016095519362,0.000911921819965809,0.00015802349288642,-0.0094104074183735,0.0220643343441935,-0.0111396998766576,0.0193633270307642,-0.00700371514580251,0.0482247264392642,-0.0300182307895082,0.0304683089805062,-0.0206226349318046,0.0485597060719421
