0.0325439515590379,0.0236403399923243,0.00523149419864301,0.00735801901437335,0.00916645007382455,0.0116282826682512,0.0129425510862438,-0.012837755531131,0.0310138829353935,0.00106522019858012,0.00282889760136915,0.0101283513854182,0.0141682525819409
0.0236403399923243,0.264286198747666,-0.0164873623557798,0.0187504389648242,-0.0161865040973457,-0.00524310847533483,0.0691471386057644,-0.00295480449341053,0.0538884185880451,-0.00013957523044529,-0.0289294194887668,0.0400063746162363,0.119934494407333
0.00523149419864301,-0.0164873623557798,0.0912122735898385,-0.00889252969414648,0.0155109898261576,0.000522823500672295,0.0340613126049425,-0.00525309658691039,0.0627115498874302,-0.00286798410077737,0.0221162750811773,0.0225401975264686,-0.00368155707763578
0.00735801901437335,0.0187504389648242,-0.00889252969414648,0.0273894778841177,-8.35450074892099e-06,0.00177065720390132,0.014774934806462,0.00314579470377712,0.0219435890071424,0.0072900599313343,0.00452017057192924,-0.00651689629104809,0.0227281719417228
0.00916645007382456,-0.0161865040973457,0.0155109898261576,-8.35450074892099e-06,0.0237720950499209,0.0142085161864814,0.0259797196581546,-0.00169507177294938,0.0135008340496169,-0.00491240133586862,0.0105868516322943,-0.000918907028793948,0.022627958564849
0.0116282826682512,-0.00524310847533483,0.000522823500672295,0.00177065720390132,0.0142085161864814,0.107266182481944,0.0424537623186026,-0.00091464743564005,-0.0405496857377742,3.68631327048316e-05,0.00336856135828025,0.0083307485979358,-0.00821681110715415
0.0129425510862438,0.0691471386057644,0.0340613126049425,0.014774934806462,0.0259797196581546,0.0424537623186026,0.244874648425687,-0.00224990949603159,0.00853954420895623,-0.0177578618461754,0.0121083971533804,0.0268484158930641,-0.0327222689719703
-0.012837755531131,-0.00295480449341053,-0.00525309658691039,0.00314579470377712,-0.00169507177294938,-0.00091464743564005,-0.00224990949603159,0.0234319303049684,-0.017887449193954,-0.0109755552015315,-0.0178381440430468,-0.0194281548019207,-0.0171098617966798
0.0310138829353934,0.0538884185880451,0.0627115498874302,0.0219435890071424,0.0135008340496169,-0.0405496857377742,0.00853954420895623,-0.017887449193954,0.251055203098836,0.0121229563989367,0.0201493512021274,0.0540232679252908,0.0750529513957603
0.00106522019858012,-0.00013957523044529,-0.00286798410077737,0.0072900599313343,-0.00491240133586863,3.68631327048316e-05,-0.0177578618461754,-0.0109755552015315,0.0121229563989367,0.0246285132304974,0.0232145193404689,0.00624161956906671,0.00666304939525541
0.00282889760136915,-0.0289294194887668,0.0221162750811773,0.00452017057192924,0.0105868516322943,0.00336856135828025,0.0121083971533804,-0.0178381440430468,0.0201493512021274,0.0232145193404689,0.0873858161252108,0.0295784854896665,0.0165098137166002
0.0101283513854182,0.0400063746162363,0.0225401975264686,-0.00651689629104809,-0.000918907028793948,0.0083307485979358,0.0268484158930641,-0.0194281548019207,0.0540232679252908,0.00624161956906671,0.0295784854896665,0.118664802271573,0.0233403620583774
0.0141682525819409,0.119934494407333,-0.00368155707763578,0.0227281719417228,0.022627958564849,-0.00821681110715414,-0.0327222689719703,-0.0171098617966798,0.0750529513957604,0.00666304939525541,0.0165098137166002,0.0233403620583774,0.23899556545466
