3691.93439495867,936.545178323805,22.8959636678049,-65.6403999195818,53.7808532712663,924.346421401212,-20.5361213482192,-415.95403270197,506.179619771452,-486.150253023972,0,0,113.280852189295,566.699520050144,0,922.002007062218,-812.503244906286,591.880662081658,0,-1439.66314855607,918.796365689459,555.315658637245,232.38761277079,0,0,-114.949834032133,-383.069736542371,-158.446216578688,356.69453133161,261.805991081511,-770.135198599347,-296.379491115182,535.485809567859,-332.683520938303,1487.59203940495,801.586848439696,52.0055625236532,110.411041406158,0,-310.933510945552,254.863722235481,-580.112628256992,1052.70431285253,-59.326027993329,-148.752637957642,0,247.123817046068,0,556.788992638137,0,207.668592877141,60.3813679782363,32.0885540642512,68.3583686800624,118.148420307228,0,134.05146584935,-310.862464874442,-152.98825714199,-356.416807300564
936.545178323805,2931.22035824403,611.812107293128,27.5292355567189,-536.009400268854,642.264103918638,-384.980556349292,-252.185717640523,-151.321203198886,-617.934053453264,0,0,245.11690355596,565.700234106558,0,554.049281638333,-458.666313959529,1003.78254827249,0,-152.195904390236,166.495150990839,222.259836137803,-427.231674805324,0,0,38.1821058854277,-1432.18701028061,-689.302310366785,144.976726608777,337.788291658668,280.387407676736,-942.396693283511,-207.299986713416,-100.210316795916,505.794836216359,2067.69507623285,-189.528404651921,238.751187574579,0,-1166.3283848693,-265.029738168977,-380.61543696841,469.046630637409,115.96372506347,64.9723366997927,0,510.050267916039,0,930.43419603185,0,-358.28837255896,127.854853106099,130.611532637649,390.590194052359,153.130494618157,0,227.415243926143,-356.486117589594,-36.0363495956212,261.883921700483
22.8959636678049,611.812107293128,1865.59997362142,63.1549134723317,-359.390597582292,410.72627094761,-241.581523107707,119.802526814229,-413.315008338906,411.448010159864,0,0,29.3328705011434,-57.333591970607,0,-329.87175033068,-993.209197701568,-14.1848339880425,0,55.7325640573204,588.73764382204,-1068.72151734707,-240.222808468799,0,0,-775.776789014906,-350.319292447361,-158.532917844783,504.454104373201,108.561566872786,346.945222488392,383.611829060898,-16.2008128210904,-290.22228532698,259.95022992048,821.44607365555,-365.819500496199,296.118840277985,0,-13.152539330487,133.127224583041,-187.415151909191,-271.213230865984,172.522597262135,-447.530768222639,0,-234.856420834097,0,77.6585281713867,0,28.913048237527,15.8582928040533,397.709049606229,-10.2619669271566,48.8041038780499,0,59.647575310097,-57.8364638826539,-642.544661315805,-276.42451196873
-65.6403999195818,27.5292355567189,63.1549134723317,1272.43589614653,-359.075367027335,-61.5493426477387,57.3337636445059,-169.652623859593,218.605207093035,285.08635182169,0,0,161.925096636722,-121.656850680384,0,406.12648426738,268.084991622301,526.770170119771,0,-385.962882675406,-272.754701073972,-464.742736725345,-673.28919201779,0,0,-231.764060571166,-387.966725708046,-292.476144570269,35.0998383200242,292.964754832829,461.034298106031,259.952737879274,197.63787054389,-102.373248007034,168.703404979209,-308.325449464565,-153.978081971861,632.403338064303,0,-316.698806553189,233.908248148766,-248.873955784065,59.4637316602249,-417.897189463074,-9.53196119531486,0,-440.780435899578,0,187.224252634358,0,-105.29782914833,-44.3243031814605,91.9238669491791,-59.6139035581323,-127.703309883453,0,-212.556851018788,-145.619252933555,438.876226809854,-336.248780527779
53.7808532712663,-536.009400268854,-359.390597582292,-359.075367027335,3324.98620430601,48.990229023398,-297.111866456168,124.614500921435,-504.016183707078,-505.191081786639,0,0,-264.484921643132,-322.145010695549,0,-16.7216883187961,-241.737809915172,-128.388123651716,0,-490.104911351694,-435.784132309039,399.609356653083,-642.968719165693,0,0,-210.120244702288,1503.02256442769,272.80289975767,708.890271460687,-312.269156889819,454.05097567258,790.906588428978,-118.922740347702,-312.550956808832,-233.481373430777,-1056.75951129445,801.976746158844,-901.447265346758,0,889.683625636384,-94.0148235930744,-278.452395361288,65.2019921461974,-310.715928190312,-466.002513930505,0,-735.014618525264,0,-489.198427792299,0,410.851195714725,207.932865205276,-13.649903120469,-84.448147620026,-143.729233785212,0,111.241997868658,-8.36065188399241,-234.743461545439,-63.0605627430916
924.346421401212,642.264103918638,410.72627094761,-61.5493426477387,48.990229023398,3232.72037765604,239.01165112076,543.913814630126,-263.401251849892,-454.87164116368,0,0,106.54641235228,807.778616489502,0,42.6698589627304,-762.171467407465,553.575351785606,0,-318.153351758675,392.010345608476,49.3669723462907,681.545976543572,0,0,-956.011493283423,-814.056415815798,277.57786245882,-65.1660357264462,-185.655361109586,122.932969814085,630.555066146918,-752.710703380293,-749.258975764173,931.354850270426,753.818655009283,508.651313214356,103.494941564054,0,75.8465657952041,-127.240529377377,215.177904795315,3.04653662526239,-391.496538202646,-546.104589020192,0,-265.454745831994,0,-186.947721030869,0,62.2451595706093,-328.093557044212,-530.73712495314,-240.814621701998,501.473458367585,0,392.791917532524,-540.177178218195,-141.407609632751,-333.774251671832
-20.5361213482192,-384.980556349292,-241.581523107707,57.3337636445059,-297.111866456168,239.01165112076,3350.12486295628,395.168711838274,122.975937192714,-243.118769058728,0,0,-27.6481301685843,-394.264434557035,0,288.673118781209,62.4642282841263,313.415155790894,0,952.455916601304,-662.214755595574,331.086131709543,-388.899945659248,0,0,-281.200445845515,308.012245270084,-686.982083355848,210.668555873363,-374.482332950408,-441.455373215776,-922.588539585387,-124.395561261142,394.265568949047,221.67487101544,-59.5560846744581,763.629730003875,-26.4297057480088,0,-105.65862704441,120.476912233893,776.77849262551,235.54419292571,-150.182328252881,128.175407828646,0,-114.842902479711,0,45.7106758835334,0,17.2950294684918,357.870748309193,-346.929752830277,798.090418175934,211.309747162772,0,35.0819760584747,615.191689293469,-599.045245429877,-400.453649182879
-415.95403270197,-252.185717640523,119.802526814229,-169.652623859593,124.614500921435,543.913814630126,395.168711838274,5152.56752977481,90.6647852416712,896.698232015838,0,0,763.365546633206,100.551456428976,0,736.321881800011,-610.209353402831,787.52205954826,0,-1422.84789958065,-332.825043929375,844.667929418551,528.202218960346,0,0,-452.644522885719,-833.006483850064,1097.96866685087,-283.457513440256,955.595385891922,373.949024384144,-176.504522157126,-1259.01650346118,-1162.69477928048,124.3152387905,-250.734709047727,826.175067101314,-533.454669426962,0,-1543.99045987368,75.0738400163942,844.3881496341,-148.2292679842,1341.50873366506,-867.702168427338,0,-201.221291815375,0,814.978125952696,0,-5.8217757962332,-511.315889911947,-157.048575673172,-199.819743057595,202.353108278808,0,935.686778516401,-470.229347658185,337.299558090354,-824.865509322461
506.179619771452,-151.321203198886,-413.315008338906,218.605207093035,-504.016183707078,-263.401251849892,122.975937192714,90.6647852416712,3096.64099567033,445.830420611836,0,0,1014.04340864051,389.731014844267,0,657.671581934138,989.479666418545,-129.025945224596,0,438.792690130732,239.984162615759,752.889685156589,-377.416833732978,0,0,519.353459895064,-129.831461080155,134.443364287415,204.089198062622,446.521863284613,-420.673339256094,-461.459611496821,-120.552657055092,378.7735042432,-217.016113744848,415.421432623962,311.277939277783,-359.628890687267,0,587.039140665547,796.366393510888,-315.289852941092,-75.2498523522436,-141.929578283511,-247.22862301071,0,-111.480140317296,0,-616.991640394365,0,17.3696978862772,346.808555769278,-594.543134982479,-654.875175544843,201.555125506851,0,31.3723989634379,127.226694180255,640.36134305771,311.458859847595
-486.150253023972,-617.934053453264,411.448010159864,285.08635182169,-505.191081786639,-454.87164116368,-243.118769058728,896.698232015838,445.830420611837,7095.48012831238,0,0,1414.0966291246,-260.345169138714,0,-264.760971541081,2724.10266316294,284.121070007388,0,476.835802713362,-389.723347724004,345.89646641038,-1313.87236785769,0,0,-530.044465684128,1540.05996695038,695.192839580249,220.588662830558,3507.3653668548,437.304994491379,1672.37957217626,-899.359439949012,1056.4912533907,1418.78507864098,-302.104069388057,-299.644897503658,366.517901020275,0,229.973732318064,596.384701268427,-1112.65628497441,280.013337759078,-278.658897333289,1777.97669381093,0,449.463138490106,0,1447.03527686556,0,-188.098812911171,729.149731415987,208.451287090916,187.281875237509,-302.802563163158,0,356.812494604465,-206.329432584304,397.5543709348,-280.60089555277
0,0,0,0,0,0,0,0,0,0,0.0373877614740017,0,0,0,0,0,0,0,0,0,0,0,0,0,0,0,0,0,0,0,0,0,0,0,0,0,0,0,0,0,0,0,0,0,0,0,0,0,0,0,0,0,0,0,0,0,0,0,0,0
0,0,0,0,0,0,0,0,0,0,0,0.0457886192284551,0,0,0,0,0,0,0,0,0,0,0,0,0,0,0,0,0,0,0,0,0,0,0,0,0,0,0,0,0,0,0,0,0,0,0,0,0,0,0,0,0,0,0,0,0,0,0,0
113.280852189295,245.11690355596,29.3328705011434,161.925096636722,-264.484921643132,106.54641235228,-27.6481301685843,763.365546633206,1014.04340864051,1414.0966291246,0,0,6470.39274883314,-28.9786394921947,0,63.8512613309945,1029.91978249395,133.154801524924,0,277.906474824862,1882.11482875386,67.830207200011,303.739010991057,0,0,-154.246613248009,132.075250509541,-1417.6544045787,476.042704482595,957.911881052882,171.932413211969,-389.420447749109,-470.445441579731,-1058.21416690467,-1943.93055412461,1065.36765900711,67.5537853194997,142.391727854618,0,624.549220216341,846.867850510481,843.427252402483,5.0566818151427,-555.986274802246,373.130406712626,0,-25.1076138392713,0,232.480942851125,0,88.3311901497085,351.723535920007,-351.28699235778,-771.674676034895,-122.359590241392,0,557.889284142934,-56.8214540329131,720.598474972261,-120.784341281664
566.699520050144,565.700234106558,-57.333591970607,-121.656850680384,-322.145010695549,807.778616489502,-394.264434557035,100.551456428976,389.731014844267,-260.345169138714,0,0,-28.9786394921947,3909.43325632181,0,-119.823996361559,591.147409433563,2275.81979208608,0,-1135.99694067979,755.338890089863,-137.190590125755,59.4864235270604,0,0,136.964155283662,-1094.89909212436,1043.28313612149,-191.531430940939,-400.587848516856,-28.3691935377274,-43.2516792620384,-1011.64500109486,-29.4930403454527,237.86481191523,1535.82972090624,-129.876378214226,-404.572870155063,0,658.305152580847,896.05103246546,-355.24404369658,-769.76120101892,-512.939513193094,-1124.72846573732,0,-125.390092366074,0,49.1089161872572,0,-120.176922600135,-415.971375217891,505.585926569967,222.144928765065,431.803237161979,0,36.4495316578427,-379.738555612084,37.7806218342293,612.508489919859
0,0,0,0,0,0,0,0,0,0,0,0,0,0,0.0325530097351737,0,0,0,0,0,0,0,0,0,0,0,0,0,0,0,0,0,0,0,0,0,0,0,0,0,0,0,0,0,0,0,0,0,0,0,0,0,0,0,0,0,0,0,0,0
922.002007062218,554.049281638333,-329.87175033068,406.12648426738,-16.7216883187961,42.6698589627304,288.673118781209,736.321881800011,657.671581934138,-264.760971541081,0,0,63.8512613309945,-119.823996361559,0,8224.95749655845,1005.28161376966,1403.02798855735,0,-1493.48185580424,1235.17143973162,664.157325422623,214.543069673529,0,0,-312.084485132908,672.126198695288,987.506695967336,428.774268932322,-441.944068599964,-1240.23427356459,-1303.6082141748,1918.01103504796,-604.106512539539,547.211167691097,138.52664124818,-768.708947227284,-1060.66808475329,0,-1747.90245687351,-282.262884923964,-986.763002224254,955.538514154651,356.942367685465,937.114763801931,0,-106.163049937161,0,-385.824783784128,0,266.119670109415,331.649933044323,830.832670880563,-23.6005823629082,-203.661777956267,0,541.745128515481,-119.162279321502,672.080563273103,-584.090751918575
-812.503244906286,-458.666313959528,-993.209197701568,268.084991622301,-241.737809915172,-762.171467407465,62.4642282841263,-610.209353402831,989.479666418544,2724.10266316294,0,0,1029.91978249395,591.147409433563,0,1005.28161376966,10894.6621267963,1274.92515069812,0,-1341.41259786785,-22.2012785691055,1143.82050615984,-2075.68946180427,0,0,-1634.62131677731,2099.47573050194,649.679569034298,-1529.0469435496,-974.646658612,-1215.12448705445,1397.56427390963,2726.82488196816,2042.22325680536,249.037544102638,-1167.63428829825,-2323.2908819933,-361.226556352146,0,319.102405535158,561.619764446243,566.695110993375,93.1354787205247,-14.9402059997871,2139.36242507188,0,532.322166850892,0,-239.470881304429,0,160.05872251986,534.551527612462,162.381679742831,-888.025699964013,-80.1450494024691,0,-185.380238397856,-9.38152940760113,1101.10644661371,-90.8688421752495
591.880662081658,1003.78254827249,-14.1848339880425,526.770170119771,-128.388123651716,553.575351785606,313.415155790894,787.52205954826,-129.025945224596,284.121070007388,0,0,133.154801524924,2275.81979208608,0,1403.02798855734,1274.92515069812,12701.0625850674,0,-962.703810075691,1612.80858920587,-1676.56696516964,-445.860323448049,0,0,-1158.22546331926,-1045.79633126772,2028.46906894457,1385.83449338622,-608.166559499004,154.258694231918,749.425957793506,-232.183767467212,160.701993321469,-1268.99289599609,605.078147327126,-835.903730307461,128.871382944134,0,-1498.92026288952,461.08055536508,-539.316790165543,123.484284833862,-609.223341070669,502.867230080918,0,1172.37724152707,0,901.232420702341,0,-126.877158119441,-605.444912563323,463.654599938338,902.719971091244,750.36745692713,0,687.953214311405,422.876664989875,108.539754322704,-125.620066332173
0,0,0,0,0,0,0,0,0,0,0,0,0,0,0,0,0,0,0.0744872502602309,0,0,0,0,0,0,0,0,0,0,0,0,0,0,0,0,0,0,0,0,0,0,0,0,0,0,0,0,0,0,0,0,0,0,0,0,0,0,0,0,0
-1439.66314855607,-152.195904390236,55.7325640573204,-385.962882675406,-490.104911351694,-318.153351758675,952.455916601305,-1422.84789958065,438.792690130732,476.835802713362,0,0,277.906474824862,-1135.99694067979,0,-1493.48185580424,-1341.41259786785,-962.703810075691,0,15355.9144400368,-818.108451347515,140.555104373436,-1249.0742760966,0,0,-1110.3637284868,-54.8106625249616,-954.646181451917,868.28130759569,355.049626308812,-1339.4389153494,-725.528417910172,-3332.99307245165,-520.90784401693,634.369350614907,1970.11766616382,1030.09998765883,277.389735491753,0,2847.20622219009,-806.338980588014,313.338923002087,-1698.60793721878,71.4490152380877,689.285913268269,0,-533.54088769141,0,-255.643840794159,0,-356.835101788347,895.646651476655,626.256490118165,564.413617497498,-219.741474189338,0,-193.148824316447,56.5067150197317,-371.391116211338,1400.34423223576
918.796365689459,166.495150990839,588.73764382204,-272.754701073972,-435.784132309039,392.010345608476,-662.214755595574,-332.825043929375,239.984162615759,-389.723347724004,0,0,1882.11482875386,755.338890089863,0,1235.17143973162,-22.2012785691054,1612.80858920587,0,-818.108451347515,8609.3782877301,-1928.78638299436,1634.53567038126,0,0,-1216.26608345487,-841.762319875265,-673.895646369459,2339.34195102228,-576.518628853789,-125.657475834455,-1527.96853628474,714.967233368697,-129.794221562429,673.19708437539,343.800592962494,-254.600169680672,-110.591246788599,0,632.587256322267,81.8019758966499,-502.404507847432,-341.987414695097,163.554581625394,93.5016895195714,0,238.114691524476,0,-646.517542456368,0,230.038041609598,-59.2419203734872,840.202988767561,-13.7275478605234,88.5343297352407,0,-488.267114423893,-770.800024241046,145.207473458338,500.257817721316
555.315658637245,222.259836137803,-1068.72151734707,-464.742736725345,399.609356653083,49.3669723462907,331.086131709543,844.667929418551,752.889685156589,345.89646641038,0,0,67.830207200011,-137.190590125755,0,664.157325422623,1143.82050615984,-1676.56696516964,0,140.555104373436,-1928.78638299436,10747.3322125571,242.863977219045,0,0,-350.969516450295,769.414451461393,-381.40782857126,-1655.61090041404,256.622433608523,82.3000946080966,119.139354848654,-784.931629297383,2420.49341975193,618.487429080482,-2552.64480875851,-1695.67282705827,-568.696500910065,0,-1346.2461358143,964.09824839152,-450.290497135678,1093.40494551862,410.340343390621,356.827719181198,0,-564.084880213506,0,818.459201864186,0,305.98516214902,-645.800889373957,-543.351293478401,-27.2137300432368,463.84620609666,0,141.751932312734,-137.876420635164,1351.55390686607,218.375963349747
232.38761277079,-427.231674805324,-240.222808468799,-673.28919201779,-642.968719165693,681.545976543572,-388.899945659248,528.202218960346,-377.416833732978,-1313.87236785769,0,0,303.739010991057,59.4864235270605,0,214.543069673529,-2075.68946180427,-445.860323448049,0,-1249.0742760966,1634.53567038126,242.863977219045,9536.64482261488,0,0,-28.6111382112848,-1241.45393376796,608.589080789764,2109.63034477378,-155.238474025554,353.950352050805,-1095.49263253937,-401.32327688827,-399.535913873669,-1386.90255515076,697.86758331363,-560.931791903176,299.021366354395,0,-357.178338603772,518.069236144443,1208.59400780154,-495.062409724345,578.203760183768,575.024712984673,0,-378.794378797639,0,-222.800552002862,0,-84.5826696915699,-859.058194063914,-841.619565990954,250.202182476283,-416.613735937535,0,306.062495255354,-450.804084170368,1031.69121852709,-527.08082854922
0,0,0,0,0,0,0,0,0,0,0,0,0,0,0,0,0,0,0,0,0,0,0,0.0639765962310332,0,0,0,0,0,0,0,0,0,0,0,0,0,0,0,0,0,0,0,0,0,0,0,0,0,0,0,0,0,0,0,0,0,0,0,0
0,0,0,0,0,0,0,0,0,0,0,0,0,0,0,0,0,0,0,0,0,0,0,0,0.0530212928768323,0,0,0,0,0,0,0,0,0,0,0,0,0,0,0,0,0,0,0,0,0,0,0,0,0,0,0,0,0,0,0,0,0,0,0
-114.949834032133,38.1821058854277,-775.776789014906,-231.764060571166,-210.120244702288,-956.011493283423,-281.200445845515,-452.644522885719,519.353459895064,-530.044465684128,0,0,-154.246613248009,136.964155283662,0,-312.084485132908,-1634.62131677731,-1158.22546331926,0,-1110.3637284868,-1216.26608345487,-350.969516450295,-28.6111382112848,0,0,9666.25231643031,327.843378241731,-564.120147723184,-1044.32813060029,1309.00109184142,-856.335709650783,1947.57263224715,-374.227646127529,-878.891811094849,173.587457250017,-348.288223089137,1131.87879930514,-728.442047674839,0,-330.663784188125,-482.533004023168,-1915.70922925025,849.31029047223,-1405.89182803626,-1183.38208478006,0,924.887431493762,0,-17.6668536354413,0,206.153940368094,-80.0434552562864,-212.701267218239,2189.29638962256,-37.2306387282836,0,-16.1202671216404,562.09636987214,460.092290529896,1275.43316708022
-383.069736542371,-1432.18701028061,-350.319292447361,-387.966725708046,1503.02256442769,-814.056415815798,308.012245270084,-833.006483850064,-129.831461080155,1540.05996695038,0,0,132.075250509541,-1094.89909212436,0,672.126198695288,2099.47573050194,-1045.79633126772,0,-54.8106625249616,-841.762319875265,769.414451461393,-1241.45393376796,0,0,327.843378241731,12295.6859757592,-946.898627744887,-723.194184050544,-2093.73789546313,-580.888633894293,2301.07688439986,1217.59731518075,156.40310835851,-1244.8539619835,-2041.2863018103,-2406.71000674498,129.332630672593,0,1712.68800789024,-806.934471396621,1439.23422165432,125.055806846631,-20.0732972410615,497.220398824113,0,-131.235288254842,0,-936.055400652664,0,106.467888490199,68.2971111307534,-18.8577238246765,-690.310386807785,-272.400233919476,0,213.199078887624,845.692574366689,110.122235432672,-123.038175135642
-158.446216578688,-689.302310366785,-158.532917844783,-292.476144570269,272.80289975767,277.57786245882,-686.982083355848,1097.96866685087,134.443364287415,695.192839580249,0,0,-1417.6544045787,1043.28313612149,0,987.506695967336,649.679569034298,2028.46906894457,0,-954.646181451917,-673.895646369459,-381.40782857126,608.589080789764,0,0,-564.120147723184,-946.898627744887,7576.00644826853,726.781814516298,2115.28199345426,-920.644094729091,640.221635531815,-190.367788396148,1170.05522379299,-335.176243757041,-2400.77919186104,1105.1418142737,-201.669202330126,0,421.824717530747,566.933496474024,-605.203372944303,-382.583696304303,1145.09973841201,-28.8344988988567,0,135.796548004442,0,-107.829733054208,0,174.14838163229,-421.91590677458,225.53614209788,-634.799682860707,-307.50624618992,0,351.791090438593,48.4435551013879,1070.09955961147,-416.925596096994
356.69453133161,144.976726608777,504.454104373201,35.0998383200242,708.890271460687,-65.1660357264462,210.668555873363,-283.457513440256,204.089198062622,220.588662830558,0,0,476.042704482595,-191.531430940939,0,428.774268932322,-1529.0469435496,1385.83449338622,0,868.28130759569,2339.34195102228,-1655.61090041405,2109.63034477378,0,0,-1044.32813060029,-723.194184050544,726.781814516298,6291.47271463005,826.278878534847,535.448706497251,77.8210906522209,-23.8507578920486,-783.408246638476,-830.420850634004,1076.87370214573,-220.871242914748,-88.4036181127841,0,1101.55637690559,65.5733206820521,146.713055986508,-792.86029199388,-378.148850152131,689.43850286871,0,-550.211006029663,0,-550.811801108118,0,-204.734497119519,242.127847959029,292.949383014638,-14.8185431672105,-820.266903665168,0,-7.96064415530941,100.672888807016,1122.09889349392,45.0107842188226
261.805991081511,337.788291658668,108.561566872786,292.964754832829,-312.269156889819,-185.655361109586,-374.482332950408,955.595385891922,446.521863284613,3507.3653668548,0,0,957.911881052882,-400.587848516856,0,-441.944068599964,-974.646658612,-608.166559499004,0,355.049626308812,-576.518628853789,256.622433608523,-155.238474025554,0,0,1309.00109184142,-2093.73789546313,2115.28199345426,826.278878534847,10375.1619318963,-995.826968622094,1800.33639490654,-1238.77233728542,1119.21543513712,1482.33569076328,-607.552218668631,1748.93920934858,-258.170764702756,0,-493.26288794956,11.979313082775,-221.037612024676,258.812797098597,134.31479288248,11.3142732536677,0,451.452832114032,0,1038.91988870592,0,-261.977075682907,806.671807017897,-304.574857576767,-404.192085461083,-431.640669731644,0,-90.4183744574309,512.170149758619,348.424847239268,7.02375487948471
-770.135198599347,280.387407676736,346.945222488392,461.034298106031,454.05097567258,122.932969814085,-441.455373215776,373.949024384144,-420.673339256094,437.304994491379,0,0,171.932413211969,-28.3691935377274,0,-1240.23427356459,-1215.12448705445,154.258694231918,0,-1339.4389153494,-125.657475834455,82.3000946080966,353.950352050805,0,0,-856.335709650783,-580.888633894293,-920.644094729091,535.448706497251,-995.826968622094,8322.72850898171,-449.749118882344,-532.005816454824,203.497426878521,-1457.04465375769,2022.98112338979,810.853551517901,-987.970670746077,0,120.245450086011,379.319333051347,956.549056420735,7.00979399383776,-629.173820223057,-230.577562020574,0,-426.575937116826,0,-867.008344377523,0,101.307861107417,87.8144130435805,-850.711027978378,-881.153658177824,-136.75271003289,0,-1088.04610877994,-469.902030679576,-746.554149765091,-140.242950092894
-296.379491115182,-942.39669328351,383.611829060898,259.952737879274,790.906588428979,630.555066146918,-922.588539585387,-176.504522157126,-461.459611496821,1672.37957217626,0,0,-389.420447749109,-43.2516792620384,0,-1303.6082141748,1397.56427390963,749.425957793506,0,-725.528417910172,-1527.96853628474,119.139354848654,-1095.49263253937,0,0,1947.57263224715,2301.07688439986,640.221635531815,77.8210906522209,1800.33639490654,-449.749118882344,11835.3496566765,-1485.37589344817,282.037723858168,-1031.13350045447,-2643.45346680109,-671.220603978556,855.263425932736,0,-673.608922971633,-1338.31775672985,-378.804373692157,-364.671220220241,-1092.86538681055,600.451746822197,0,-42.4882941650931,0,-834.47216799388,0,372.348155149309,-865.144036711233,68.7196603405724,1542.57154675949,-532.176667789189,0,750.649166913295,44.1615067770271,795.251896418332,-60.4370402902088
535.485809567859,-207.299986713416,-16.2008128210904,197.63787054389,-118.922740347702,-752.710703380293,-124.395561261142,-1259.01650346118,-120.552657055092,-899.359439949012,0,0,-470.445441579731,-1011.64500109486,0,1918.01103504796,2726.82488196816,-232.183767467212,0,-3332.99307245165,714.967233368697,-784.931629297382,-401.32327688827,0,0,-374.227646127529,1217.59731518075,-190.367788396148,-23.8507578920486,-1238.77233728542,-532.005816454824,-1485.37589344817,10422.2198159756,136.658433757134,-410.645297536565,1350.07280073058,-1486.79399071455,119.838672060744,0,-1940.8773366011,990.610128497917,721.567545718213,633.284268717302,515.307153197457,1742.28361450752,0,1064.50946221927,0,-302.689409383087,0,305.306517659171,62.1651851637941,-17.9301710587555,-152.814772979697,682.147807420959,0,-1082.00080509894,378.788501317125,617.862027208608,-511.874991168633
-332.683520938303,-100.210316795916,-290.22228532698,-102.373248007034,-312.550956808832,-749.258975764173,394.265568949047,-1162.69477928048,378.7735042432,1056.4912533907,0,0,-1058.21416690467,-29.4930403454527,0,-604.106512539539,2042.22325680537,160.701993321469,0,-520.90784401693,-129.794221562429,2420.49341975193,-399.535913873669,0,0,-878.891811094849,156.40310835851,1170.05522379299,-783.408246638476,1119.21543513712,203.497426878521,282.037723858168,136.658433757134,8940.1859970889,-745.250995405196,-438.524040919127,-1441.91913222747,-1023.11801682503,0,-486.984469342814,996.063206635068,354.894021669571,5.48197064841602,460.232076688057,434.514609948312,0,385.294737376831,0,277.265383669944,0,-116.214165644391,89.8193140107647,-412.970367072842,103.72603035926,-142.37875145397,0,657.609727173976,343.799026317664,-232.871860932189,267.985993121656
1487.59203940495,505.794836216359,259.95022992048,168.703404979209,-233.481373430777,931.354850270426,221.67487101544,124.3152387905,-217.016113744848,1418.78507864098,0,0,-1943.93055412461,237.86481191523,0,547.211167691097,249.037544102638,-1268.99289599609,0,634.369350614907,673.19708437539,618.487429080482,-1386.90255515076,0,0,173.587457250017,-1244.8539619835,-335.176243757041,-830.420850634004,1482.33569076328,-1457.04465375769,-1031.13350045447,-410.645297536565,-745.250995405196,13067.8380456537,-1440.72061703896,2213.69604980069,1281.58919011762,0,-1010.33999017419,-278.616500749243,-2687.36927345878,1195.69834336754,-688.223752965057,396.315867070174,0,218.491667366667,0,804.555120082607,0,762.054104291116,8.07740080762055,2338.06272501395,765.174729433934,329.97011248553,0,135.022622732014,-953.549934654337,-18.2591648998754,-633.173502754218
801.586848439696,2067.69507623285,821.44607365555,-308.325449464565,-1056.75951129445,753.818655009283,-59.5560846744581,-250.734709047727,415.421432623962,-302.104069388057,0,0,1065.36765900711,1535.82972090624,0,138.52664124818,-1167.63428829825,605.078147327126,0,1970.11766616382,343.800592962494,-2552.64480875851,697.86758331363,0,0,-348.288223089137,-2041.2863018103,-2400.77919186104,1076.87370214573,-607.552218668631,2022.98112338979,-2643.45346680109,1350.07280073058,-438.524040919127,-1440.72061703896,17108.2410931788,-723.849167991796,-348.292521763219,0,-938.01422813271,767.205847896971,942.470927806832,433.680996239361,896.678363034459,843.786355168686,0,-55.4978643595892,0,-147.009465357913,0,-310.503726638516,549.537359101473,-437.954032758811,400.423785818035,-270.621035555074,0,-625.857073834434,-295.386375300104,-1704.94379137513,39.295228087021
52.0055625236532,-189.528404651921,-365.819500496199,-153.978081971861,801.976746158844,508.651313214356,763.629730003875,826.175067101314,311.277939277783,-299.644897503658,0,0,67.5537853194997,-129.876378214226,0,-768.708947227284,-2323.2908819933,-835.903730307461,0,1030.09998765883,-254.600169680672,-1695.67282705827,-560.931791903176,0,0,1131.87879930514,-2406.71000674498,1105.1418142737,-220.871242914748,1748.93920934858,810.853551517901,-671.220603978556,-1486.79399071455,-1441.91913222747,2213.69604980069,-723.849167991796,10263.9374415624,-1180.2843406839,0,-28.5790154915187,943.967135488365,-1762.06220397731,1633.70264227016,-184.714678919655,341.776918213256,0,-1409.24778605025,0,-427.394711027019,0,69.7896471589604,703.19826852802,448.89563308343,-20.7236082910009,456.669718472245,0,-788.573425096827,298.908130948408,-937.607577615093,648.33433961831
110.411041406158,238.751187574579,296.118840277985,632.403338064303,-901.447265346758,103.494941564054,-26.4297057480088,-533.454669426962,-359.628890687267,366.517901020275,0,0,142.391727854618,-404.572870155063,0,-1060.66808475329,-361.226556352146,128.871382944134,0,277.389735491753,-110.591246788599,-568.696500910065,299.021366354395,0,0,-728.442047674839,129.332630672593,-201.669202330126,-88.4036181127841,-258.170764702756,-987.970670746077,855.263425932736,119.838672060744,-1023.11801682503,1281.58919011762,-348.292521763219,-1180.2843406839,6039.20828472508,0,-901.303067319652,-174.397241742928,-1264.7049582487,5.30443082291975,-77.5710608855076,356.708684045029,0,652.353860672058,0,227.513947732374,0,-94.4665183578221,-447.374705035543,45.8132032898818,89.0793525556198,150.819199607463,0,-194.795644614195,-740.404365022089,1584.62952821541,-457.291518472532
0,0,0,0,0,0,0,0,0,0,0,0,0,0,0,0,0,0,0,0,0,0,0,0,0,0,0,0,0,0,0,0,0,0,0,0,0,0,0.047759062297031,0,0,0,0,0,0,0,0,0,0,0,0,0,0,0,0,0,0,0,0,0
-310.933510945552,-1166.3283848693,-13.152539330487,-316.698806553189,889.683625636384,75.8465657952041,-105.65862704441,-1543.99045987368,587.039140665547,229.973732318064,0,0,624.549220216341,658.305152580847,0,-1747.90245687351,319.102405535158,-1498.92026288952,0,2847.20622219009,632.587256322267,-1346.2461358143,-357.178338603772,0,0,-330.663784188125,1712.68800789024,421.824717530747,1101.55637690559,-493.26288794956,120.245450086011,-673.608922971633,-1940.8773366011,-486.984469342814,-1010.33999017419,-938.01422813271,-28.5790154915187,-901.303067319652,0,8112.12980740015,-657.047419472878,102.809882563081,-816.217108991612,-487.546601012572,-163.39183625326,0,-1146.35089758362,0,-765.898534335409,0,85.4330725209723,325.002321550686,-17.7190846012772,-559.626448153503,-221.747515764404,0,171.02743487057,338.931061238796,-366.262364424857,945.705494375069
254.863722235481,-265.029738168977,133.127224583041,233.908248148766,-94.0148235930744,-127.240529377377,120.476912233893,75.0738400163942,796.366393510888,596.384701268427,0,0,846.867850510481,896.051032465459,0,-282.262884923964,561.619764446243,461.08055536508,0,-806.338980588014,81.8019758966499,964.09824839152,518.069236144443,0,0,-482.533004023168,-806.934471396621,566.933496474024,65.5733206820521,11.979313082775,379.319333051347,-1338.31775672985,990.610128497917,996.063206635068,-278.616500749243,767.205847896971,943.967135488365,-174.397241742928,0,-657.047419472878,5526.70521203485,-516.453053168561,124.522840871097,53.1302924348768,-20.3977104360875,0,-224.608588757213,0,392.812132241433,0,-217.393744349474,-91.3123285351255,-579.884148002872,-543.144142293051,547.497979117427,0,-441.565409127668,-649.165393903736,12.2556894882024,-355.575337861931
-580.112628256992,-380.61543696841,-187.415151909191,-248.873955784065,-278.452395361288,215.177904795315,776.77849262551,844.3881496341,-315.289852941092,-1112.65628497441,0,0,843.427252402483,-355.24404369658,0,-986.763002224254,566.695110993375,-539.316790165543,0,313.338923002087,-502.404507847432,-450.290497135678,1208.59400780154,0,0,-1915.70922925025,1439.23422165432,-605.203372944303,146.713055986508,-221.037612024676,956.549056420735,-378.804373692157,721.567545718213,354.894021669571,-2687.36927345878,942.470927806832,-1762.06220397731,-1264.7049582487,0,102.809882563081,-516.453053168561,8062.55692413626,-1188.54745174966,1089.82887866306,15.797441866726,0,-677.741573347341,0,406.281641193319,0,-228.847205535106,-953.816754087474,-671.349892653789,-795.235934049533,-100.545602235239,0,309.205228913596,89.6466843662087,303.469929746739,7.42714342382744
1052.70431285253,469.046630637409,-271.213230865984,59.4637316602249,65.2019921461974,3.04653662526239,235.54419292571,-148.2292679842,-75.2498523522436,280.013337759078,0,0,5.0566818151427,-769.76120101892,0,955.538514154651,93.1354787205247,123.484284833862,0,-1698.60793721878,-341.987414695097,1093.40494551862,-495.062409724345,0,0,849.31029047223,125.055806846631,-382.583696304303,-792.86029199388,258.812797098597,7.00979399383776,-364.67122022024,633.284268717302,5.48197064841602,1195.69834336754,433.680996239361,1633.70264227016,5.30443082291975,0,-816.217108991612,124.522840871097,-1188.54745174966,3874.98202434605,-661.660928690792,641.548019361611,0,230.654657224621,0,1384.14859606958,0,353.710005932774,480.539509411861,-387.946212251092,81.4377270234271,117.016058919011,0,-286.507036152593,436.878756058253,-208.965692867884,85.6996683942591
-59.326027993329,115.96372506347,172.522597262135,-417.897189463074,-310.715928190312,-391.496538202646,-150.182328252881,1341.50873366506,-141.929578283511,-278.658897333289,0,0,-555.986274802246,-512.939513193094,0,356.942367685465,-14.9402059997871,-609.223341070669,0,71.4490152380877,163.554581625394,410.340343390621,578.203760183768,0,0,-1405.89182803626,-20.0732972410615,1145.09973841201,-378.148850152131,134.31479288248,-629.173820223057,-1092.86538681055,515.307153197457,460.232076688057,-688.223752965057,896.678363034459,-184.714678919655,-77.5710608855076,0,-487.546601012572,53.1302924348768,1089.82887866306,-661.660928690792,4369.72353605144,1084.55487483324,0,-460.138922215678,0,-462.697943704676,0,-338.806739594432,-528.803765355782,-108.766100194026,-398.948003425735,-185.564564020095,0,-348.895513472978,-231.887658079178,106.541008635554,-591.192752453034
-148.752637957642,64.9723366997927,-447.530768222639,-9.53196119531486,-466.002513930505,-546.104589020192,128.175407828646,-867.702168427338,-247.22862301071,1777.97669381093,0,0,373.130406712626,-1124.72846573732,0,937.114763801931,2139.36242507188,502.867230080918,0,689.285913268269,93.5016895195714,356.827719181198,575.024712984673,0,0,-1183.38208478006,497.220398824113,-28.8344988988567,689.43850286871,11.3142732536677,-230.577562020574,600.451746822198,1742.28361450752,434.514609948313,396.315867070174,843.786355168686,341.776918213256,356.708684045029,0,-163.39183625326,-20.3977104360875,15.797441866726,641.548019361611,1084.55487483324,6789.32612834152,0,-251.910864651641,0,-648.85433657589,0,-443.314888824121,487.937392940722,1075.87195735472,-134.073315119808,-592.75310712772,0,-80.2666365957239,-336.00220617882,510.048412917626,-394.969037288027
0,0,0,0,0,0,0,0,0,0,0,0,0,0,0,0,0,0,0,0,0,0,0,0,0,0,0,0,0,0,0,0,0,0,0,0,0,0,0,0,0,0,0,0,0,0.0338122901991627,0,0,0,0,0,0,0,0,0,0,0,0,0,0
247.123817046068,510.050267916039,-234.856420834097,-440.780435899578,-735.014618525264,-265.454745831994,-114.842902479711,-201.221291815375,-111.480140317296,449.463138490106,0,0,-25.1076138392713,-125.390092366074,0,-106.163049937161,532.322166850892,1172.37724152707,0,-533.54088769141,238.114691524476,-564.084880213506,-378.794378797639,0,0,924.887431493762,-131.235288254842,135.796548004442,-550.211006029664,451.452832114032,-426.575937116826,-42.4882941650931,1064.50946221927,385.294737376831,218.491667366667,-55.4978643595892,-1409.24778605025,652.353860672058,0,-1146.35089758362,-224.608588757213,-677.741573347341,230.654657224621,-460.138922215678,-251.910864651641,0,3160.13422812357,0,712.300886251966,0,-106.929838456803,167.689964561428,190.957267188545,-86.3003277490539,390.615023914293,0,-220.669079356443,-108.430535177052,30.1567487942916,-389.466908333957
0,0,0,0,0,0,0,0,0,0,0,0,0,0,0,0,0,0,0,0,0,0,0,0,0,0,0,0,0,0,0,0,0,0,0,0,0,0,0,0,0,0,0,0,0,0,0,0.0366236675820714,0,0,0,0,0,0,0,0,0,0,0,0
556.788992638137,930.43419603185,77.6585281713867,187.224252634358,-489.198427792299,-186.947721030869,45.7106758835334,814.978125952695,-616.991640394365,1447.03527686556,0,0,232.480942851125,49.1089161872572,0,-385.824783784128,-239.470881304429,901.232420702341,0,-255.643840794159,-646.517542456368,818.459201864187,-222.800552002862,0,0,-17.6668536354413,-936.055400652664,-107.829733054208,-550.811801108118,1038.91988870592,-867.008344377523,-834.47216799388,-302.689409383087,277.265383669944,804.555120082607,-147.009465357913,-427.394711027019,227.513947732374,0,-765.898534335409,392.812132241433,406.281641193319,1384.14859606958,-462.697943704676,-648.85433657589,0,712.300886251966,0,5527.19535577114,0,-63.1971282980109,-395.074531735834,113.962728249081,1004.61390511924,472.594828962325,0,589.841345350156,-344.972549653271,784.156775797004,-65.1261544846239
0,0,0,0,0,0,0,0,0,0,0,0,0,0,0,0,0,0,0,0,0,0,0,0,0,0,0,0,0,0,0,0,0,0,0,0,0,0,0,0,0,0,0,0,0,0,0,0,0,0.0322362421780317,0,0,0,0,0,0,0,0,0,0
207.668592877141,-358.28837255896,28.913048237527,-105.29782914833,410.851195714725,62.2451595706093,17.2950294684918,-5.8217757962332,17.3696978862772,-188.098812911171,0,0,88.3311901497085,-120.176922600135,0,266.119670109415,160.05872251986,-126.877158119441,0,-356.835101788347,230.038041609598,305.98516214902,-84.5826696915699,0,0,206.153940368094,106.467888490199,174.14838163229,-204.734497119519,-261.977075682907,101.307861107417,372.348155149309,305.306517659171,-116.214165644391,762.054104291116,-310.503726638515,69.7896471589604,-94.4665183578221,0,85.4330725209723,-217.393744349474,-228.847205535106,353.710005932774,-338.806739594432,-443.314888824121,0,-106.929838456803,0,-63.1971282980109,0,774.596462194828,45.7890500633575,323.551158153611,-82.8189698646081,78.1252330809794,0,220.110849648269,122.110162187049,130.211000235195,100.544748797723
60.3813679782363,127.854853106099,15.8582928040533,-44.3243031814605,207.932865205276,-328.093557044212,357.870748309193,-511.315889911947,346.808555769278,729.149731415987,0,0,351.723535920007,-415.971375217891,0,331.649933044323,534.551527612462,-605.444912563323,0,895.646651476655,-59.2419203734872,-645.800889373957,-859.058194063914,0,0,-80.0434552562864,68.2971111307534,-421.91590677458,242.127847959029,806.671807017897,87.8144130435805,-865.144036711233,62.1651851637941,89.8193140107647,8.07740080762055,549.537359101473,703.19826852802,-447.374705035543,0,325.002321550686,-91.3123285351255,-953.816754087474,480.539509411861,-528.803765355782,487.937392940722,0,167.689964561428,0,-395.074531735834,0,45.7890500633575,1721.03203714194,23.0925790627903,-400.21974763163,-60.4635113761583,0,-495.962905587769,333.209038120753,-814.718813691982,481.047131108983
32.0885540642512,130.611532637649,397.709049606229,91.9238669491791,-13.649903120469,-530.73712495314,-346.929752830277,-157.048575673172,-594.543134982479,208.451287090916,0,0,-351.28699235778,505.585926569967,0,830.832670880563,162.381679742831,463.654599938338,0,626.256490118165,840.202988767561,-543.351293478401,-841.619565990954,0,0,-212.701267218239,-18.8577238246765,225.53614209788,292.949383014638,-304.574857576767,-850.711027978378,68.7196603405724,-17.9301710587555,-412.970367072842,2338.06272501395,-437.954032758811,448.89563308343,45.8132032898818,0,-17.7190846012772,-579.884148002872,-671.349892653789,-387.946212251092,-108.766100194026,1075.87195735472,0,190.957267188545,0,113.962728249081,0,323.551158153611,23.0925790627903,3851.46689579951,633.727380675132,-136.377497325568,0,-200.191459248069,-349.216102110899,-575.319045050201,-133.449043792302
68.3583686800624,390.590194052359,-10.2619669271566,-59.6139035581323,-84.448147620026,-240.814621701998,798.090418175934,-199.819743057595,-654.875175544843,187.281875237509,0,0,-771.674676034895,222.144928765065,0,-23.6005823629082,-888.025699964013,902.719971091244,0,564.413617497498,-13.7275478605234,-27.2137300432368,250.202182476283,0,0,2189.29638962256,-690.310386807785,-634.799682860707,-14.8185431672105,-404.192085461083,-881.153658177824,1542.57154675949,-152.814772979697,103.72603035926,765.174729433934,400.423785818035,-20.7236082910009,89.0793525556198,0,-559.626448153503,-543.144142293051,-795.235934049533,81.4377270234271,-398.948003425735,-134.073315119808,0,-86.3003277490539,0,1004.61390511924,0,-82.8189698646081,-400.21974763163,633.727380675132,5537.15272808663,-182.524514007589,0,763.850092523659,-298.640508284458,-1057.08746396458,491.149941076387
