0.0374696795759106,-0.0103798863181525,0.00536559892769788,0.00848682770283977,0.00141177911308609,0.0109710735095672,-0.0074485104459051,-0.0134047579634305,0.0082472807170859,0.0111952059475061,0.0112917478621212,0.00968276175677453,0.0165113972714077
-0.0103798863181525,0.238981214309858,0.0170566715119982,-0.0100531535285906,-0.00958239457090275,-0.0228725673363118,0.0133688326690613,-0.00693864326527679,0.0587115719582081,0.0196509604979792,0.0132593496362028,0.0215640383081485,0.0920925555342992
0.00536559892769788,0.0170566715119982,0.106504015561367,-0.00322437729230578,0.00187343144017999,-0.0220161613776311,0.0637209535756382,-0.0241448148504666,0.0647445709468115,0.0287865627583028,0.0197375389552929,0.0361269639448814,0.0434359163513434
0.00848682770283977,-0.0100531535285906,-0.00322437729230578,0.0207240495340168,0.00257118086151376,0.0205143129825582,-0.012562191449754,-0.00010915363372807,0.000148080294399381,0.00805990625992759,0.00169589725071747,0.012381987014078,0.00302770387692442
0.00141177911308609,-0.00958239457090275,0.00187343144017999,0.00257118086151376,0.0105862587195861,0.00923135242177378,0.00184327105925853,0.000435163242188522,-0.00298680114644243,-0.00438362003612268,-0.00399005665844057,-0.00606360405467508,0.00163375519621056
0.0109710735095672,-0.0228725673363118,-0.0220161613776311,0.0205143129825582,0.00923135242177378,0.099888061231863,-0.010444583545402,0.0108246148036428,0.0148580611921375,-0.00265181820890406,0.00600033197477766,0.0011741513122638,-0.0141338795998316
-0.0074485104459051,0.0133688326690613,0.0637209535756382,-0.012562191449754,0.00184327105925853,-0.010444583545402,0.269731797543171,0.0100050055619389,0.0490093401165775,0.0294514228413467,0.0268127009026067,0.0155727861053027,-0.000344449522075706
-0.0134047579634305,-0.00693864326527679,-0.0241448148504666,-0.00010915363372807,0.000435163242188522,0.0108246148036428,0.0100050055619389,0.0353641533611706,-0.0198885217007023,-0.0110380920684849,-0.0296046688000361,0.0070159375625385,-0.00464011287899872
0.0082472807170859,0.0587115719582081,0.0647445709468115,0.000148080294399381,-0.00298680114644243,0.0148580611921375,0.0490093401165775,-0.0198885217007023,0.21606681146941,0.0436521408350893,0.054657705456686,0.0384102710000229,0.102841736948851
0.0111952059475061,0.0196509604979792,0.0287865627583028,0.00805990625992759,-0.00438362003612268,-0.00265181820890406,0.0294514228413467,-0.0110380920684849,0.0436521408350893,0.0312614765415942,0.0288731736724126,0.0166220203245104,0.0302905906860117
0.0112917478621212,0.0132593496362028,0.0197375389552929,0.00169589725071747,-0.00399005665844057,0.00600033197477766,0.0268127009026067,-0.0296046688000361,0.054657705456686,0.0288731736724126,0.0834294509248301,0.0110913468594304,0.0244538158401865
0.00968276175677453,0.0215640383081485,0.0361269639448814,0.012381987014078,-0.00606360405467508,0.0011741513122638,0.0155727861053027,0.0070159375625385,0.0384102710000229,0.0166220203245104,0.0110913468594304,0.0942012301506873,0.0418846818563314
0.0165113972714077,0.0920925555342992,0.0434359163513434,0.00302770387692442,0.00163375519621056,-0.0141338795998316,-0.000344449522075706,-0.00464011287899872,0.102841736948851,0.0302905906860117,0.0244538158401865,0.0418846818563314,0.227016327824807
