0.163559973838794,0.0236990806650446,-0.00793013370502806,-0.00634014372428121,-0.00889420292411326,0.0564703369185383,0.00752223289931947,-0.0410918680840492,0.0107553035427104,0.00579708484357544,-0.0495723252282291,-0.0127009270452822,0.0333382762369768,-0.0126283298166062,0.000785933675436899,-0.0452211716424305,-0.00326510628272962,0.028204258370092,-0.00615197415393123,-0.0481516793047475,-0.0581495494110003,0.00625470066029624,0.0328241451209326,-0.0686011876325606
0.0236990806650446,0.0398123815806332,-0.00578244447177694,0.0116746158743216,0.0152207402848749,0.0138831714068086,0.00985417598989145,-0.00602266739033134,0.0267239117178784,-0.00872819259820022,0.00352912017383073,-0.00725379443568236,-0.0294358124518054,0.0224242781179559,-0.00232686698610809,-0.000230194105447858,0.0195052169502455,-0.00735562407706077,-0.000966944272426427,-0.00821768678720608,-0.00518886540451212,0.00171068833300072,-0.00761997434186544,-0.0161857455925591
-0.00793013370502806,-0.00578244447177694,0.0728048577166921,0.0129610892167288,0.00514767242578715,0.0152147691318975,0.00649147822758299,0.028840622217965,0.00551174694828792,0.0367069583517876,0.000924019676615439,0.0170281724886004,-0.0206513550614634,0.028116100022841,-0.00165613389725391,0.0027628966074025,0.0564475067571077,0.0091438393240224,0.00243257061651892,-0.0238954464166621,0.016700323278106,-0.00228890167603278,0.0161471931814403,-0.0093457677153102
-0.00634014372428121,0.0116746158743216,0.0129610892167288,0.0290122507024752,0.00682891771879795,-0.00902000795384939,0.00564450203954406,0.00269055602512533,0.0250228410389612,-0.00130976672188998,-0.00780040617998496,0.00909866552386149,-0.0245103806289372,0.0211329358840211,-6.98644034922101e-05,0.000606614887559152,0.0284174678180484,0.0136634652183798,-0.000443308286304706,-0.00526758107941117,-0.0106816116780546,-0.00130223374092574,-0.00257029403403082,0.0195991834615648
-0.00889420292411326,0.0152207402848748,0.00514767242578715,0.00682891771879795,0.172789266797977,0.0431900093820949,0.0241948559465759,-0.00208223301167084,0.0525999576094738,-0.0252205909447309,0.0146735904382482,-0.0287255908719835,-0.057476317364083,0.0233308501976672,-0.00220035271875304,-0.0343099140609468,0.0719261801568807,0.0286750381895378,-0.000698389431972141,0.0266464515975055,0.0319407202641044,0.00730592337956776,-0.029106485785363,0.0256501813310274
0.0564703369185383,0.0138831714068086,0.0152147691318975,-0.00902000795384939,0.0431900093820949,0.10321217612276,0.0228564393471102,0.0335318074345721,0.00126358312468366,0.00950715208196094,-0.00496998183459289,-0.0137513615518822,0.000133036946160788,0.0126694727161505,-0.0052250654437255,-0.0664397690143842,0.064364249179633,0.000834671659427388,-0.00495793876094057,0.00653785146441704,0.0143974517840698,0.00594252726239627,0.0332375036917659,-0.0893561152743992
0.00752223289931947,0.00985417598989145,0.00649147822758299,0.00564450203954406,0.0241948559465759,0.0228564393471102,0.0575060766105499,0.0089267133793844,0.0488698975008241,0.0194569197852714,0.0224491355571992,0.00361372636293674,-0.00840451977123337,0.0739696456640914,-0.00486050190758764,0.0279590557300063,0.0298345086116472,0.0313917049580064,-0.00302820229817454,-0.0301022628013532,-0.00295070146493436,0.000445796302041614,-0.0164179468338383,-0.00482855492036059
-0.0410918680840492,-0.00602266739033134,0.028840622217965,0.00269055602512533,-0.00208223301167084,0.0335318074345721,0.0089267133793844,0.14691488751633,-0.0103555886843008,0.0320504060491387,0.0606148225235933,0.0187155341635147,0.0212259856275046,0.0751066196652808,-0.00210741068008353,-0.0442187904278183,0.0697343830055821,0.00100600056672568,0.00622217236198153,0.0548599971116603,-0.0287856594701748,-0.00244367843380932,-0.0292306663390781,-0.00246928022165043
0.0107553035427104,0.0267239117178784,0.00551174694828792,0.0250228410389612,0.0525999576094738,0.00126358312468366,0.0488698975008241,-0.0103555886843008,0.121655093243997,0.000124569426124892,0.00960991401758239,0.0099983116510483,-0.0440721231050981,0.034642363249792,-0.00280385280629469,-0.00293890232116205,0.073954854341097,0.042280731279862,0.00682873297063658,-0.00506600701274744,-0.0633636645859765,0.00537212142698194,-0.0487017435755129,0.0410296345195403
0.00579708484357544,-0.00872819259820022,0.0367069583517876,-0.00130976672188998,-0.0252205909447309,0.00950715208196094,0.0194569197852714,0.0320504060491387,0.000124569426124892,0.0471814025062187,0.0117648102887716,0.0225279149482041,0.0144374047241545,0.0473579186566219,-0.00320506949856212,0.0258788918640391,0.0121186850172207,0.0228228130005848,0.00301264894549184,-0.0259114092150821,-0.00650465222901711,-0.00261870918785855,0.00911911881697284,-0.0192855619328013
-0.0495723252282291,0.00352912017383073,0.000924019676615439,-0.00780040617998496,0.0146735904382482,-0.00496998183459289,0.0224491355571992,0.0606148225235933,0.00960991401758239,0.0117648102887716,0.103723132909774,0.00242026234583466,-0.018779363370487,0.0855959272398061,0.00150382081244778,0.0368173747573405,0.0256969263189372,-0.0225086864323309,0.00171467321387704,0.0141334069216571,0.011998840956854,-0.00134075091590953,-0.060987208601078,0.0418467446798347
-0.0127009270452822,-0.00725379443568236,0.0170281724886004,0.00909866552386149,-0.0287255908719835,-0.0137513615518822,0.00361372636293674,0.0187155341635147,0.0099983116510483,0.0225279149482041,0.00242026234583467,0.0375127937651761,-0.0087653572447855,0.0117571582812693,-0.000536627651221162,0.00849961032118854,0.000877597332760786,0.0260102244068468,0.0137013096671301,0.0193514549736968,-0.0212389133911059,-0.00233437484496459,0.00955361536762491,0.00998419423144595
0.0333382762369768,-0.0294358124518054,-0.0206513550614634,-0.0245103806289372,-0.057476317364083,0.000133036946160788,-0.00840451977123337,0.0212259856275046,-0.0440721231050981,0.0144374047241545,-0.018779363370487,-0.0087653572447855,0.122881648185504,-0.00964145782500776,-0.0019677374802504,-0.015495458435395,-0.0469618391662765,0.0116237398765854,-0.00799725583107676,-0.0161963306578473,-0.0542934395070368,-0.00181777462901495,-0.00737023025836777,-0.0105261077722228
-0.0126283298166062,0.0224242781179559,0.028116100022841,0.0211329358840211,0.0233308501976672,0.0126694727161505,0.0739696456640914,0.0751066196652808,0.034642363249792,0.0473579186566219,0.0855959272398061,0.0117571582812693,-0.00964145782500776,0.246690932253449,-0.0049676305765603,0.0852381173120031,0.0243737570911688,0.0400183768268839,-0.00667926838294426,-0.0816645475970498,0.0177887685096959,-0.0082256506661086,-0.0563626194862921,0.0549289166702684
0.000785933675436899,-0.00232686698610809,-0.00165613389725391,-6.98644034922101e-05,-0.00220035271875304,-0.0052250654437255,-0.00486050190758764,-0.00210741068008353,-0.00280385280629469,-0.00320506949856212,0.00150382081244778,-0.000536627651221162,-0.0019677374802504,-0.0049676305765603,0.011199594434332,-0.00302438468637491,-0.00145158055485729,-0.0059387013445449,-0.000468407091352179,-0.00103975332611648,-0.00211241474122752,0.00111534296308687,-0.00202258155586465,0.00743989858192042
-0.0452211716424305,-0.000230194105447858,0.0027628966074025,0.000606614887559152,-0.0343099140609468,-0.0664397690143842,0.0279590557300063,-0.0442187904278183,-0.00293890232116205,0.0258788918640391,0.0368173747573405,0.00849961032118854,-0.015495458435395,0.0852381173120031,-0.00302438468637492,0.167522453669461,-0.0795470532238874,0.00194728430977591,-0.0035853345441225,-0.0805830305742264,0.0590491255241356,-0.0104245333969481,-0.0208543906537181,0.0422205029960391
-0.00326510628272962,0.0195052169502455,0.0564475067571077,0.0284174678180484,0.0719261801568807,0.064364249179633,0.0298345086116472,0.0697343830055821,0.073954854341097,0.0121186850172207,0.0256969263189372,0.000877597332760786,-0.0469618391662765,0.0243737570911688,-0.00145158055485729,-0.0795470532238874,0.180729344204022,0.00141829676625081,-0.00339095145484163,0.0243860535529088,-0.0389230377154707,0.00899726646243535,-0.0228308301750448,-0.0160952339211697
0.028204258370092,-0.00735562407706077,0.0091438393240224,0.0136634652183798,0.0286750381895378,0.000834671659427388,0.0313917049580064,0.00100600056672568,0.042280731279862,0.0228228130005848,-0.0225086864323309,0.0260102244068468,0.0116237398765854,0.0400183768268839,-0.0059387013445449,0.00194728430977591,0.00141829676625081,0.1225785006147,0.0138929184233843,0.0272954939636049,-0.0435901397972095,-4.23091462276544e-05,0.00525727423921145,0.0222177439573187
-0.00615197415393123,-0.000966944272426427,0.00243257061651892,-0.000443308286304706,-0.000698389431972141,-0.00495793876094057,-0.00302820229817454,0.00622217236198153,0.00682873297063658,0.00301264894549184,0.00171467321387704,0.0137013096671301,-0.00799725583107676,-0.00667926838294426,-0.000468407091352179,-0.0035853345441225,-0.00339095145484163,0.0138929184233843,0.0145653578466188,0.0279548646407118,-0.0100074613979956,-0.000267827739679779,-0.000290965750223467,0.00757075344783306
-0.0481516793047475,-0.00821768678720607,-0.0238954464166621,-0.00526758107941117,0.0266464515975055,0.00653785146441704,-0.0301022628013532,0.0548599971116603,-0.00506600701274744,-0.0259114092150821,0.0141334069216571,0.0193514549736968,-0.0161963306578473,-0.0816645475970498,-0.00103975332611648,-0.0805830305742264,0.0243860535529088,0.0272954939636049,0.0279548646407118,0.185406480944529,-0.0319528185325779,0.00372130158991371,0.0032516749222641,-0.00735681167892288
-0.0581495494110003,-0.00518886540451212,0.016700323278106,-0.0106816116780546,0.0319407202641044,0.0143974517840698,-0.00295070146493436,-0.0287856594701748,-0.0633636645859765,-0.00650465222901711,0.011998840956854,-0.0212389133911059,-0.0542934395070368,0.0177887685096959,-0.00211241474122752,0.0590491255241356,-0.0389230377154707,-0.0435901397972095,-0.0100074613979956,-0.0319528185325779,0.172481269599744,-0.00555670934270991,0.0455909368563105,-0.0327728875260582
0.00625470066029624,0.00171068833300072,-0.00228890167603278,-0.00130223374092574,0.00730592337956777,0.00594252726239627,0.000445796302041614,-0.00244367843380932,0.00537212142698194,-0.00261870918785855,-0.00134075091590953,-0.00233437484496459,-0.00181777462901495,-0.0082256506661086,0.00111534296308687,-0.0104245333969481,0.00899726646243535,-4.23091462276544e-05,-0.000267827739679779,0.00372130158991371,-0.00555670934270991,0.0121707722893231,-0.000745456344948055,-0.00411336229182842
0.0328241451209326,-0.00761997434186544,0.0161471931814403,-0.00257029403403082,-0.029106485785363,0.0332375036917659,-0.0164179468338383,-0.0292306663390781,-0.0487017435755129,0.00911911881697284,-0.060987208601078,0.00955361536762491,-0.00737023025836777,-0.0563626194862921,-0.00202258155586465,-0.0208543906537181,-0.0228308301750448,0.00525727423921145,-0.000290965750223467,0.0032516749222641,0.0455909368563105,-0.000745456344948055,0.101549563338721,-0.096327430556803
-0.0686011876325606,-0.0161857455925591,-0.0093457677153102,0.0195991834615648,0.0256501813310274,-0.0893561152743992,-0.00482855492036059,-0.00246928022165043,0.0410296345195403,-0.0192855619328013,0.0418467446798347,0.00998419423144595,-0.0105261077722228,0.0549289166702684,0.00743989858192042,0.0422205029960391,-0.0160952339211697,0.0222177439573187,0.00757075344783306,-0.00735681167892288,-0.0327728875260582,-0.00411336229182842,-0.096327430556803,0.19543206526572
