0.0380500255459606,0.00927476742453072,0.00741750410196533,-0.000907681370339894,0.000582400406291544,-0.00153768226018046,0.00263943202490632,0.0217515455351391
0.00927476742453072,0.0257154052194654,0.00545874195924741,0.00209222510416967,0.00854837765516667,0.00535719028424817,0.00432392799523439,0.00891206470383671
0.00741750410196533,0.00545874195924741,0.0233806908920161,0.00556970598498291,0.0018566738426673,0.00992323200696314,0.000705787806772005,0.00852616901396766
-0.000907681370339894,0.00209222510416967,0.00556970598498291,0.0277359503318488,0.0102649197268131,0.00962280874481432,0.00453921964819,-0.00319139254147919
0.000582400406291544,0.00854837765516667,0.0018566738426673,0.0102649197268131,0.0208233004690216,0.00404666799703145,0.00785368978875776,0.00324124888218426
-0.00153768226018046,0.00535719028424817,0.00992323200696314,0.00962280874481432,0.00404666799703145,0.0176504031098526,0.00431192676898627,-0.00176791481797359
0.00263943202490632,0.00432392799523439,0.000705787806772005,0.00453921964819,0.00785368978875776,0.00431192676898627,0.0187947439827066,-0.00102123211624551
0.0217515455351391,0.00891206470383671,0.00852616901396766,-0.00319139254147919,0.00324124888218426,-0.00176791481797359,-0.00102123211624552,0.0365229197392753
