0.04250231464116,0,0,0,0,0,0,0,0,0,0,0,0,0,0,0,0,0,0,0,0,0,0,0,0,0,0,0,0,0,0,0,0,0,0,0,0,0,0,0,0,0,0,0,0,0,0,0,0,0,0,0,0,0,0,0,0,0,0,0
0,0.0333422039612366,0,0,0,0,0,0,0,0,0,0,0,0,0,0,0,0,0,0,0,0,0,0,0,0,0,0,0,0,0,0,0,0,0,0,0,0,0,0,0,0,0,0,0,0,0,0,0,0,0,0,0,0,0,0,0,0,0,0
0,0,0.0147585970020212,0,0,0,0,0,0,0,0,0,0,0,0,0,0,0,0,0,0,0,0,0,0,0,0,0,0,0,0,0,0,0,0,0,0,0,0,0,0,0,0,0,0,0,0,0,0,0,0,0,0,0,0,0,0,0,0,0
0,0,0,0.0143420540633806,0,0,0,0,0,0,0,0,0,0,0,0,0,0,0,0,0,0,0,0,0,0,0,0,0,0,0,0,0,0,0,0,0,0,0,0,0,0,0,0,0,0,0,0,0,0,0,0,0,0,0,0,0,0,0,0
0,0,0,0,10594.3515127707,76.3561153349228,0,0,0,-63.7496637336826,0,0,-245.707474676497,0,228.883150639025,-380.674101062428,0,0,781.827806390754,818.073601567846,557.61077231073,0,0,0,0,0,0,0,341.542880637472,1586.1534958404,1133.45475730946,-462.549325139145,119.36021799173,0,1185.21745992229,0,107.200439470717,1053.8270856899,859.722787008835,0,0,1447.03246548809,0,0,0,0,437.334706666889,904.746937863658,0,-1673.76086972283,660.41257045479,-897.757997002737,0,0,496.983311243444,0,0,0,-344.715831799647,494.231014888474
0,0,0,0,76.3561153349228,4810.66792261796,0,0,0,-199.640821730389,0,0,-38.2223293384413,0,-77.3254470534691,-1043.58847097365,0,0,-209.567429290143,738.92584039317,-304.281906442257,0,0,0,0,0,0,0,-542.195257776002,429.532332823972,108.368587720744,-894.445204110616,616.839135076418,0,112.03729411061,0,137.818687168772,-699.031210398685,1070.09745764149,0,0,-291.502407107299,0,0,0,0,1438.12836434193,535.495303736497,0,853.823535029914,126.12467322449,434.130692439954,0,0,-325.980256007539,0,0,0,54.0931372789763,220.044038811091
0,0,0,0,0,0,0.0378828282703524,0,0,0,0,0,0,0,0,0,0,0,0,0,0,0,0,0,0,0,0,0,0,0,0,0,0,0,0,0,0,0,0,0,0,0,0,0,0,0,0,0,0,0,0,0,0,0,0,0,0,0,0,0
0,0,0,0,0,0,0,0.0317391482969528,0,0,0,0,0,0,0,0,0,0,0,0,0,0,0,0,0,0,0,0,0,0,0,0,0,0,0,0,0,0,0,0,0,0,0,0,0,0,0,0,0,0,0,0,0,0,0,0,0,0,0,0
0,0,0,0,0,0,0,0,0.0263621013253254,0,0,0,0,0,0,0,0,0,0,0,0,0,0,0,0,0,0,0,0,0,0,0,0,0,0,0,0,0,0,0,0,0,0,0,0,0,0,0,0,0,0,0,0,0,0,0,0,0,0,0
0,0,0,0,-63.7496637336826,-199.640821730389,0,0,0,9726.93999279325,0,0,-1148.03810490932,0,259.213192919644,1544.27124733268,0,0,833.073717904444,-362.757891945341,42.3123465486073,0,0,0,0,0,0,0,1005.95841746195,-707.605654777799,1183.93458622946,237.669675381809,-1567.50242932384,0,-555.827054301315,0,712.862713659096,530.703227930196,379.203721080102,0,0,-5.56433114272151,0,0,0,0,-859.64389781171,-123.879624668664,0,2102.40171851404,1147.1907667056,-804.606637046933,0,0,-254.438799343753,0,0,0,-1123.48056521972,268.4187042917
0,0,0,0,0,0,0,0,0,0,0.0486288183188912,0,0,0,0,0,0,0,0,0,0,0,0,0,0,0,0,0,0,0,0,0,0,0,0,0,0,0,0,0,0,0,0,0,0,0,0,0,0,0,0,0,0,0,0,0,0,0,0,0
0,0,0,0,0,0,0,0,0,0,0,0.0269528478834049,0,0,0,0,0,0,0,0,0,0,0,0,0,0,0,0,0,0,0,0,0,0,0,0,0,0,0,0,0,0,0,0,0,0,0,0,0,0,0,0,0,0,0,0,0,0,0,0
0,0,0,0,-245.707474676497,-38.2223293384413,0,0,0,-1148.03810490932,0,0,9853.96592070074,0,1160.28310585874,-487.322036139859,0,0,406.490445594982,-65.9992434257092,1471.65650145455,0,0,0,0,0,0,0,-1306.89300666816,-406.157576012481,-1981.31461127974,1559.36790663819,-1938.09814012175,0,871.895860785319,0,796.465431019245,136.836825026462,-1006.87044033059,0,0,116.963282312083,0,0,0,0,-1054.84471118304,718.404046175616,0,350.723885608494,-527.498828053199,-260.72246126857,0,0,800.680121789021,0,0,0,415.906757162064,364.645235533958
0,0,0,0,0,0,0,0,0,0,0,0,0,0.0277445441302899,0,0,0,0,0,0,0,0,0,0,0,0,0,0,0,0,0,0,0,0,0,0,0,0,0,0,0,0,0,0,0,0,0,0,0,0,0,0,0,0,0,0,0,0,0,0
0,0,0,0,228.883150639025,-77.3254470534691,0,0,0,259.213192919644,0,0,1160.28310585874,0,6946.4520275844,1002.40332384456,0,0,-811.886457166456,382.408326239038,-349.217448545124,0,0,0,0,0,0,0,-2267.56688197122,1044.60220252662,1535.88863495027,327.713623520519,-769.447665430463,0,-834.844307504623,0,1409.91190819511,419.603014966118,367.169533730221,0,0,-1583.9096519109,0,0,0,0,237.328703448497,-784.757824163961,0,-568.129773926302,507.152076368316,-2253.98069941068,0,0,-417.776540358783,0,0,0,-166.046550231476,-146.114339021118
0,0,0,0,-380.674101062428,-1043.58847097365,0,0,0,1544.27124733268,0,0,-487.322036139859,0,1002.40332384456,7836.63806228589,0,0,-273.942853807212,941.30288182363,-920.124086729194,0,0,0,0,0,0,0,2044.39277951791,-1020.78335115414,-367.981668181457,-1628.00186710904,-258.818468323242,0,149.428064815239,0,-327.349818409261,533.205186559765,-53.988840193209,0,0,-1647.46748565586,0,0,0,0,177.298334920673,-976.861994480761,0,-1599.7796919195,-58.6256507854058,-1504.46897471268,0,0,471.857445227732,0,0,0,-181.839154688567,505.646720027342
0,0,0,0,0,0,0,0,0,0,0,0,0,0,0,0,0.0643237511014543,0,0,0,0,0,0,0,0,0,0,0,0,0,0,0,0,0,0,0,0,0,0,0,0,0,0,0,0,0,0,0,0,0,0,0,0,0,0,0,0,0,0,0
0,0,0,0,0,0,0,0,0,0,0,0,0,0,0,0,0,0.0744505259436367,0,0,0,0,0,0,0,0,0,0,0,0,0,0,0,0,0,0,0,0,0,0,0,0,0,0,0,0,0,0,0,0,0,0,0,0,0,0,0,0,0,0
0,0,0,0,781.827806390754,-209.567429290143,0,0,0,833.073717904444,0,0,406.490445594982,0,-811.886457166456,-273.942853807212,0,0,15287.4515259605,-1163.23504635357,2997.7163470667,0,0,0,0,0,0,0,1804.21947290581,2815.1219516724,1454.8398755946,1008.70492076854,-1262.71751752554,0,-662.936659594103,0,-16.536499949617,3811.20711381299,429.133193661477,0,0,2809.76936129917,0,0,0,0,199.146836151671,2871.80744304867,0,-403.586654285094,121.230170348513,-15.3850618166482,0,0,252.775355662725,0,0,0,-317.892285313198,331.091428820585
0,0,0,0,818.073601567846,738.92584039317,0,0,0,-362.757891945341,0,0,-65.9992434257092,0,382.408326239038,941.30288182363,0,0,-1163.23504635357,15848.1412495004,1719.11643777909,0,0,0,0,0,0,0,-206.174375608871,771.659014343823,-524.128468608794,-930.761313722592,1118.48862105758,0,-1297.03231940153,0,-1174.63226434332,2115.19963607817,-75.3322286230432,0,0,68.2745379038911,0,0,0,0,847.358394861105,-1980.31417675751,0,913.930816790051,-1020.11949419301,1373.14353440059,0,0,39.8831354105663,0,0,0,458.09792150642,-1176.07398771622
0,0,0,0,557.61077231073,-304.281906442257,0,0,0,42.3123465486073,0,0,1471.65650145455,0,-349.217448545124,-920.124086729194,0,0,2997.7163470667,1719.11643777909,14190.5043461313,0,0,0,0,0,0,0,943.362181547594,470.469222881067,2628.09503985855,-475.532685349932,1460.10107261037,0,-1505.11640654239,0,-69.462372856938,1075.55620296822,-2217.63008172767,0,0,1522.49442885361,0,0,0,0,-1068.95864042062,2842.58402389695,0,-1757.17883528163,-209.572840157483,-614.035992630865,0,0,1094.61010094118,0,0,0,634.106385604666,1151.56563462161
0,0,0,0,0,0,0,0,0,0,0,0,0,0,0,0,0,0,0,0,0,0.0585699915205555,0,0,0,0,0,0,0,0,0,0,0,0,0,0,0,0,0,0,0,0,0,0,0,0,0,0,0,0,0,0,0,0,0,0,0,0,0,0
0,0,0,0,0,0,0,0,0,0,0,0,0,0,0,0,0,0,0,0,0,0,0.0607134267761187,0,0,0,0,0,0,0,0,0,0,0,0,0,0,0,0,0,0,0,0,0,0,0,0,0,0,0,0,0,0,0,0,0,0,0,0,0
0,0,0,0,0,0,0,0,0,0,0,0,0,0,0,0,0,0,0,0,0,0,0,0.0816719523823826,0,0,0,0,0,0,0,0,0,0,0,0,0,0,0,0,0,0,0,0,0,0,0,0,0,0,0,0,0,0,0,0,0,0,0,0
0,0,0,0,0,0,0,0,0,0,0,0,0,0,0,0,0,0,0,0,0,0,0,0,0.067195740442057,0,0,0,0,0,0,0,0,0,0,0,0,0,0,0,0,0,0,0,0,0,0,0,0,0,0,0,0,0,0,0,0,0,0,0
0,0,0,0,0,0,0,0,0,0,0,0,0,0,0,0,0,0,0,0,0,0,0,0,0,0.061004563028258,0,0,0,0,0,0,0,0,0,0,0,0,0,0,0,0,0,0,0,0,0,0,0,0,0,0,0,0,0,0,0,0,0,0
0,0,0,0,0,0,0,0,0,0,0,0,0,0,0,0,0,0,0,0,0,0,0,0,0,0,0.067833531669511,0,0,0,0,0,0,0,0,0,0,0,0,0,0,0,0,0,0,0,0,0,0,0,0,0,0,0,0,0,0,0,0,0
0,0,0,0,0,0,0,0,0,0,0,0,0,0,0,0,0,0,0,0,0,0,0,0,0,0,0,0.0556924175521467,0,0,0,0,0,0,0,0,0,0,0,0,0,0,0,0,0,0,0,0,0,0,0,0,0,0,0,0,0,0,0,0
0,0,0,0,341.542880637472,-542.195257776002,0,0,0,1005.95841746195,0,0,-1306.89300666816,0,-2267.56688197122,2044.39277951791,0,0,1804.21947290582,-206.174375608871,943.362181547594,0,0,0,0,0,0,0,15409.9161489175,-1300.01951291926,1583.5847221586,-3523.17708732158,1002.95573227064,0,939.689749655673,0,728.476058708417,-37.7836902533082,546.682776342093,0,0,1718.80996100423,0,0,0,0,1495.15603822506,-607.465776384989,0,-1459.01162405661,-452.802596851542,34.8857247992047,0,0,594.595153018024,0,0,0,447.453152094135,392.10903780274
0,0,0,0,1586.1534958404,429.532332823972,0,0,0,-707.605654777799,0,0,-406.157576012481,0,1044.60220252662,-1020.78335115414,0,0,2815.1219516724,771.659014343823,470.469222881067,0,0,0,0,0,0,0,-1300.01951291926,13251.6959497697,-215.206643481219,1304.86959229278,-734.029090574978,0,-2306.49290289889,0,-2090.26070026127,2214.46022163764,184.934064070838,0,0,-251.687390234206,0,0,0,0,429.866615424555,-2067.11482452571,0,2808.48243635241,-234.282430818629,974.278426772895,0,0,1903.4894274448,0,0,0,-772.341068459211,194.296715780763
0,0,0,0,1133.45475730946,108.368587720744,0,0,0,1183.93458622946,0,0,-1981.31461127974,0,1535.88863495027,-367.981668181457,0,0,1454.8398755946,-524.128468608794,2628.09503985855,0,0,0,0,0,0,0,1583.5847221586,-215.206643481219,12781.5735491118,2029.80998218535,1383.11914270263,0,-1433.34185003652,0,-1972.26134514321,-187.49255750618,-1505.96654700231,0,0,-166.717234444314,0,0,0,0,1616.57251415703,57.953481087977,0,-1099.60671158967,918.643331202318,-2147.48996908369,0,0,1035.67488547871,0,0,0,-360.690457863934,-35.3922754468251
0,0,0,0,-462.549325139145,-894.445204110616,0,0,0,237.669675381809,0,0,1559.36790663819,0,327.713623520519,-1628.00186710904,0,0,1008.70492076854,-930.761313722592,-475.532685349932,0,0,0,0,0,0,0,-3523.17708732158,1304.86959229278,2029.80998218535,11718.0934073129,-3516.32518185519,0,180.051569393478,0,2050.93593625013,652.791964404271,-1216.45847626031,0,0,1097.8983288914,0,0,0,0,-796.774244368824,-1195.42012318167,0,1331.17081445379,-607.44246290273,2691.84020119433,0,0,31.4030509124994,0,0,0,-533.934124076572,75.2436700084518
0,0,0,0,119.36021799173,616.839135076418,0,0,0,-1567.50242932384,0,0,-1938.09814012175,0,-769.447665430463,-258.818468323242,0,0,-1262.71751752554,1118.48862105758,1460.10107261037,0,0,0,0,0,0,0,1002.95573227064,-734.029090574978,1383.11914270263,-3516.32518185519,13913.9850542067,0,1450.14995172841,0,-14.2265646746033,-1360.60086043937,1028.21676518712,0,0,-1215.97389000491,0,0,0,0,733.854393187537,1653.28414158744,0,-2739.23577043888,115.483906956435,-1634.41351635812,0,0,1400.58764139765,0,0,0,1357.72126732938,23.0108390100705
0,0,0,0,0,0,0,0,0,0,0,0,0,0,0,0,0,0,0,0,0,0,0,0,0,0,0,0,0,0,0,0,0,0.0628592955594796,0,0,0,0,0,0,0,0,0,0,0,0,0,0,0,0,0,0,0,0,0,0,0,0,0,0
0,0,0,0,1185.21745992229,112.03729411061,0,0,0,-555.827054301315,0,0,871.895860785319,0,-834.844307504623,149.428064815239,0,0,-662.936659594103,-1297.03231940153,-1505.11640654239,0,0,0,0,0,0,0,939.689749655673,-2306.49290289889,-1433.34185003652,180.051569393478,1450.14995172841,0,14000.4340112249,0,596.958204845003,-197.404024269475,305.258169119973,0,0,949.89029535967,0,0,0,0,585.913494918808,2823.19188839547,0,-1145.72073415878,-499.094714729244,490.344036116943,0,0,494.858522565076,0,0,0,1639.20247379409,-36.1163491885903
0,0,0,0,0,0,0,0,0,0,0,0,0,0,0,0,0,0,0,0,0,0,0,0,0,0,0,0,0,0,0,0,0,0,0,0.0802452660682966,0,0,0,0,0,0,0,0,0,0,0,0,0,0,0,0,0,0,0,0,0,0,0,0
0,0,0,0,107.200439470717,137.818687168772,0,0,0,712.862713659095,0,0,796.465431019245,0,1409.91190819511,-327.349818409261,0,0,-16.536499949617,-1174.63226434332,-69.4623728569381,0,0,0,0,0,0,0,728.476058708417,-2090.26070026127,-1972.26134514321,2050.93593625013,-14.2265646746033,0,596.958204845003,0,12920.8267533676,-887.065289396482,850.670871644891,0,0,1870.62826605041,0,0,0,0,1176.12517418277,728.33924170894,0,706.065151484891,15.0096094442021,1344.20982125444,0,0,-133.813278389875,0,0,0,917.408695834413,1083.15283238431
0,0,0,0,1053.8270856899,-699.031210398685,0,0,0,530.703227930196,0,0,136.836825026462,0,419.603014966118,533.205186559765,0,0,3811.20711381299,2115.19963607818,1075.55620296822,0,0,0,0,0,0,0,-37.7836902533081,2214.46022163764,-187.492557506181,652.791964404271,-1360.60086043937,0,-197.404024269475,0,-887.065289396482,11599.4190410431,138.625614228133,0,0,2727.92163281509,0,0,0,0,-996.314134836393,738.40753931714,0,-1081.36469915606,-12.4808710853414,746.621582814897,0,0,632.906157472325,0,0,0,812.712410818599,977.993108743446
0,0,0,0,859.722787008835,1070.09745764149,0,0,0,379.203721080102,0,0,-1006.87044033059,0,367.169533730221,-53.988840193209,0,0,429.133193661477,-75.3322286230432,-2217.63008172767,0,0,0,0,0,0,0,546.682776342093,184.934064070838,-1505.96654700231,-1216.45847626031,1028.21676518712,0,305.258169119973,0,850.670871644891,138.625614228133,11194.6274640924,0,0,126.773866770216,0,0,0,0,348.072355754802,1261.57730905606,0,377.975950199485,-300.420049160266,1672.55762594952,0,0,-720.756068427523,0,0,0,-751.027666635362,124.699838480318
0,0,0,0,0,0,0,0,0,0,0,0,0,0,0,0,0,0,0,0,0,0,0,0,0,0,0,0,0,0,0,0,0,0,0,0,0,0,0,0.0323907912229413,0,0,0,0,0,0,0,0,0,0,0,0,0,0,0,0,0,0,0,0
0,0,0,0,0,0,0,0,0,0,0,0,0,0,0,0,0,0,0,0,0,0,0,0,0,0,0,0,0,0,0,0,0,0,0,0,0,0,0,0,0.0391330210080606,0,0,0,0,0,0,0,0,0,0,0,0,0,0,0,0,0,0,0
0,0,0,0,1447.03246548809,-291.502407107299,0,0,0,-5.5643311427215,0,0,116.963282312083,0,-1583.9096519109,-1647.46748565586,0,0,2809.76936129917,68.2745379038911,1522.49442885361,0,0,0,0,0,0,0,1718.80996100423,-251.687390234206,-166.717234444314,1097.8983288914,-1215.97389000491,0,949.89029535967,0,1870.62826605041,2727.92163281509,126.773866770216,0,0,9207.95917683461,0,0,0,0,-889.237931371482,2424.39951798072,0,470.077444476913,-10.0976173644487,663.882691848941,0,0,1032.61405097375,0,0,0,723.629920586287,-784.631191186677
0,0,0,0,0,0,0,0,0,0,0,0,0,0,0,0,0,0,0,0,0,0,0,0,0,0,0,0,0,0,0,0,0,0,0,0,0,0,0,0,0,0,0.0244954081518419,0,0,0,0,0,0,0,0,0,0,0,0,0,0,0,0,0
0,0,0,0,0,0,0,0,0,0,0,0,0,0,0,0,0,0,0,0,0,0,0,0,0,0,0,0,0,0,0,0,0,0,0,0,0,0,0,0,0,0,0,0.0280184187954043,0,0,0,0,0,0,0,0,0,0,0,0,0,0,0,0
0,0,0,0,0,0,0,0,0,0,0,0,0,0,0,0,0,0,0,0,0,0,0,0,0,0,0,0,0,0,0,0,0,0,0,0,0,0,0,0,0,0,0,0,0.0366500348200238,0,0,0,0,0,0,0,0,0,0,0,0,0,0,0
0,0,0,0,0,0,0,0,0,0,0,0,0,0,0,0,0,0,0,0,0,0,0,0,0,0,0,0,0,0,0,0,0,0,0,0,0,0,0,0,0,0,0,0,0,0.0344132828707298,0,0,0,0,0,0,0,0,0,0,0,0,0,0
0,0,0,0,437.334706666889,1438.12836434193,0,0,0,-859.64389781171,0,0,-1054.84471118304,0,237.328703448497,177.298334920673,0,0,199.146836151671,847.358394861105,-1068.95864042062,0,0,0,0,0,0,0,1495.15603822506,429.866615424555,1616.57251415703,-796.774244368824,733.854393187537,0,585.913494918808,0,1176.12517418277,-996.314134836394,348.072355754802,0,0,-889.237931371483,0,0,0,0,8241.92899187197,313.747674650699,0,-395.055178815913,-768.756421151743,-316.833685482924,0,0,1150.44483421782,0,0,0,-243.836970659125,-445.905740276886
0,0,0,0,904.746937863658,535.495303736497,0,0,0,-123.879624668664,0,0,718.404046175616,0,-784.757824163961,-976.861994480761,0,0,2871.80744304867,-1980.31417675751,2842.58402389695,0,0,0,0,0,0,0,-607.465776384989,-2067.11482452571,57.953481087977,-1195.42012318167,1653.28414158744,0,2823.19188839547,0,728.33924170894,738.40753931714,1261.57730905606,0,0,2424.39951798072,0,0,0,0,313.747674650699,8919.62837823738,0,-1060.0366827617,444.440075494518,-1121.8323543986,0,0,-815.616853685898,0,0,0,293.467541161168,254.995962218765
0,0,0,0,0,0,0,0,0,0,0,0,0,0,0,0,0,0,0,0,0,0,0,0,0,0,0,0,0,0,0,0,0,0,0,0,0,0,0,0,0,0,0,0,0,0,0,0,0.0287465645121894,0,0,0,0,0,0,0,0,0,0,0
0,0,0,0,-1673.76086972283,853.823535029914,0,0,0,2102.40171851404,0,0,350.723885608494,0,-568.129773926302,-1599.7796919195,0,0,-403.586654285094,913.930816790051,-1757.17883528163,0,0,0,0,0,0,0,-1459.01162405661,2808.48243635241,-1099.60671158967,1331.17081445379,-2739.23577043888,0,-1145.72073415878,0,706.065151484891,-1081.36469915606,377.975950199485,0,0,470.077444476913,0,0,0,0,-395.055178815913,-1060.0366827617,0,9652.49958188343,400.735728731631,2435.43141771089,0,0,245.821178184281,0,0,0,-1119.75022511388,-234.215536499688
0,0,0,0,660.412570454789,126.12467322449,0,0,0,1147.1907667056,0,0,-527.498828053199,0,507.152076368316,-58.6256507854058,0,0,121.230170348513,-1020.11949419301,-209.572840157483,0,0,0,0,0,0,0,-452.802596851542,-234.282430818629,918.643331202318,-607.44246290273,115.483906956435,0,-499.094714729244,0,15.0096094442021,-12.4808710853414,-300.420049160266,0,0,-10.0976173644487,0,0,0,0,-768.756421151743,444.440075494518,0,400.735728731631,2481.61196060481,-213.27577869627,0,0,-250.074131142939,0,0,0,-99.5938485975132,-210.487511989683
0,0,0,0,-897.757997002737,434.130692439954,0,0,0,-804.606637046933,0,0,-260.72246126857,0,-2253.98069941068,-1504.46897471268,0,0,-15.3850618166482,1373.14353440059,-614.035992630865,0,0,0,0,0,0,0,34.8857247992047,974.278426772895,-2147.48996908369,2691.84020119433,-1634.41351635812,0,490.344036116943,0,1344.20982125444,746.621582814897,1672.55762594952,0,0,663.882691848941,0,0,0,0,-316.833685482924,-1121.8323543986,0,2435.43141771089,-213.27577869627,8760.06175663966,0,0,1723.26914770668,0,0,0,495.27173705889,-256.141063084931
0,0,0,0,0,0,0,0,0,0,0,0,0,0,0,0,0,0,0,0,0,0,0,0,0,0,0,0,0,0,0,0,0,0,0,0,0,0,0,0,0,0,0,0,0,0,0,0,0,0,0,0,0.030697226786786,0,0,0,0,0,0,0
0,0,0,0,0,0,0,0,0,0,0,0,0,0,0,0,0,0,0,0,0,0,0,0,0,0,0,0,0,0,0,0,0,0,0,0,0,0,0,0,0,0,0,0,0,0,0,0,0,0,0,0,0,0.0565640950837012,0,0,0,0,0,0
0,0,0,0,496.983311243444,-325.980256007539,0,0,0,-254.438799343753,0,0,800.680121789021,0,-417.776540358783,471.857445227732,0,0,252.775355662725,39.8831354105663,1094.61010094118,0,0,0,0,0,0,0,594.595153018024,1903.4894274448,1035.67488547871,31.4030509124995,1400.58764139765,0,494.858522565076,0,-133.813278389875,632.906157472325,-720.756068427523,0,0,1032.61405097375,0,0,0,0,1150.44483421782,-815.616853685898,0,245.821178184281,-250.074131142939,1723.26914770668,0,0,6961.15957256462,0,0,0,237.933008263579,-533.273464598368
0,0,0,0,0,0,0,0,0,0,0,0,0,0,0,0,0,0,0,0,0,0,0,0,0,0,0,0,0,0,0,0,0,0,0,0,0,0,0,0,0,0,0,0,0,0,0,0,0,0,0,0,0,0,0,0.0150385996542622,0,0,0,0
0,0,0,0,0,0,0,0,0,0,0,0,0,0,0,0,0,0,0,0,0,0,0,0,0,0,0,0,0,0,0,0,0,0,0,0,0,0,0,0,0,0,0,0,0,0,0,0,0,0,0,0,0,0,0,0,0.0280137581330625,0,0,0
0,0,0,0,0,0,0,0,0,0,0,0,0,0,0,0,0,0,0,0,0,0,0,0,0,0,0,0,0,0,0,0,0,0,0,0,0,0,0,0,0,0,0,0,0,0,0,0,0,0,0,0,0,0,0,0,0,0.0120320684607171,0,0
0,0,0,0,-344.715831799647,54.0931372789763,0,0,0,-1123.48056521972,0,0,415.906757162064,0,-166.046550231476,-181.839154688567,0,0,-317.892285313198,458.09792150642,634.106385604666,0,0,0,0,0,0,0,447.453152094135,-772.341068459211,-360.690457863934,-533.934124076572,1357.72126732938,0,1639.20247379409,0,917.408695834413,812.712410818599,-751.027666635362,0,0,723.629920586287,0,0,0,0,-243.836970659125,293.467541161168,0,-1119.75022511388,-99.5938485975132,495.27173705889,0,0,237.933008263579,0,0,0,3191.24831683093,404.48654196953
0,0,0,0,494.231014888474,220.044038811091,0,0,0,268.4187042917,0,0,364.645235533958,0,-146.114339021118,505.646720027342,0,0,331.091428820585,-1176.07398771622,1151.56563462161,0,0,0,0,0,0,0,392.10903780274,194.296715780763,-35.3922754468251,75.2436700084518,23.0108390100705,0,-36.1163491885903,0,1083.15283238431,977.993108743446,124.699838480318,0,0,-784.631191186677,0,0,0,0,-445.905740276886,254.995962218765,0,-234.215536499688,-210.487511989683,-256.141063084931,0,0,-533.273464598368,0,0,0,404.48654196953,2456.74163426852
