0.19307347381537,0.00169319543226381,0.022413026274676,0.000245066295827001,0.0358485132609414,0.00941334127672208,-0.00538507934565467,-0.0217565724818985,-0.036841007494188,0.00575044412013948,-0.0322889247255516,0.00261967226173669,0.0673623661600323,0.0212127853734945,0.00590418635835232,-0.00858835264231806,-0.0178595057541445,0.0107759559882731,-0.000284048655679257,-0.0146985078206356,-0.0359010379915815,0,0.0472947342566822,-0.120748592357202
0.00169319543226381,0.0257613797501989,-0.00657194993948386,0.00702898612018577,-0.0145640998686987,-0.00367552937261281,0.00377336529009216,0.0155739840090609,0.00361318650815269,-0.00492800168285505,0.00309111402558721,-0.00783100454230857,0.00457685101933086,0.0620252579081116,-0.00183325710988602,-0.00119750238256822,0.000700949928265607,0.010624590897083,-0.00486598103300511,-0.0151303212393879,-0.0257928287486923,0,-0.0119055509137411,0.00737522015590787
0.022413026274676,-0.00657194993948387,0.0725857429845061,-0.00627616791435738,0.0377761292531,0.0286845381555233,-0.0148234130001741,-0.0273157409704637,-0.0445399785032273,0.0230945545557041,-0.00518746843943847,-0.0014795200538821,-0.00229701656785285,0.00338160910292344,0.0110648025911676,-0.0234946996199032,0.0206550010671756,0.00966404805073075,-0.0118804860802193,-0.0287650424558193,0.0249722020774722,0,-0.0315526958903757,-0.00768278194387509
0.000245066295827001,0.00702898612018577,-0.00627616791435738,0.0321310616126972,-0.0260190414169391,-0.00956136455068142,0.00479444133336609,-0.0176002440413554,0.0176703102447348,0.0189439486547559,0.0155108447057944,-0.00586391834695285,-0.0149595441808507,0.00648216283475769,-0.00195464731493438,0.00371102940829869,0.00132666138164865,-0.0382346160916567,-0.00627093191170968,0.0294647604505914,-0.0440845500579796,0,-0.0117744541561557,-0.0107997514493952
0.0358485132609414,-0.0145640998686987,0.0377761292531,-0.0260190414169391,0.194837944300804,0.0202289648349978,0.055279537262197,-0.0564374936875678,-0.0135670386395742,-0.0185171531028592,-0.0605847631885382,0.0211848602931562,0.032237801704855,0.0174768540834763,0.0298402303545933,-0.0144793802927891,-0.0358403710875419,0.0253869990447368,-0.00341196981242334,-0.0413326568405661,0.0361285937934558,0,-0.0163611275563461,0.0590720075768078
0.00941334127672208,-0.00367552937261281,0.0286845381555233,-0.00956136455068142,0.0202289648349978,0.0743686025081557,0.000483472629518531,0.0564249077991251,-0.0214415537397984,0.0230672815084552,-0.0357897968767605,0.0255971034819494,-0.0173074318738235,0.0449112612181292,0.00944990308178724,0.00219118787264757,-0.00859062123306536,0.00567185062065346,-0.0149709176027895,-0.00673978983900373,6.55211416927357e-05,0,-0.0497954606363729,0.0261310423779542
-0.00538507934565467,0.00377336529009216,-0.0148234130001741,0.00479444133336609,0.055279537262197,0.000483472629518531,0.0508886094234556,-0.00844260411305732,0.0142933179211048,-0.00223155295793102,-0.0277777626483042,0.0169163261294075,-0.00947493822739074,0.0339516216692922,0.0115205930987755,-0.030190751130094,-0.0040414548052061,-0.00772005511601314,-0.0125363442401476,0.0077132056355884,-0.0208898460471671,0,0.00697243808031371,0.0071948851971513
-0.0217565724818985,0.0155739840090609,-0.0273157409704637,-0.0176002440413554,-0.0564374936875678,0.0564249077991251,-0.00844260411305732,0.15046866382885,0.00991427781391358,0.0169308851575335,-0.0251754867536596,0.0262819697530237,0.00398647385938747,0.0906527781585159,-0.0103048720791701,0.0234391177761752,-0.00597577483771332,0.0177376102419979,0.012412757120294,-0.0353323828164861,0.038086063015185,0,-0.00764798455466345,0.0061651198586332
-0.036841007494188,0.00361318650815269,-0.0445399785032273,0.0176703102447348,-0.0135670386395742,-0.0214415537397984,0.0142933179211048,0.00991427781391358,0.133369858485017,-0.00979655399681525,0.0368324474312854,-0.012740848248316,-0.0218653090734927,0.0581204185739227,-0.00401891810581784,0.0671785005133425,-0.0204743402406185,-0.0283459896548492,0.0477970350355181,-0.00409067162602866,0.0422333051501042,0,-0.0233760149079752,0.0323705888119484
0.00575044412013948,-0.00492800168285505,0.0230945545557041,0.0189439486547559,-0.0185171531028592,0.0230672815084552,-0.00223155295793102,0.0169308851575335,-0.00979655399681525,0.0463750173352149,0.000882072431206535,0.00910614089688449,-0.00826862840312267,0.00795199605045524,-0.000302898481669387,-0.0145813235741916,0.0152311580352575,-0.0362956316630428,-0.00628541823549336,0.00787472552328823,0.000697651694784718,0,-0.00653449184047163,-0.0372436314242512
-0.0322889247255516,0.00309111402558721,-0.00518746843943847,0.0155108447057944,-0.0605847631885382,-0.0357897968767605,-0.0277777626483042,-0.0251754867536596,0.0368324474312854,0.000882072431206535,0.103135313933971,-0.0647901332369314,0.0342313778279931,0.00774964086135105,-0.0253826717155277,-0.0102890469724433,-0.0022813931596468,-0.0134596817946274,0.00624747843681991,0.0278821513352105,-0.00161783924936451,0,-0.000534694201407262,-0.0185327958349525
0.00261967226173669,-0.00783100454230857,-0.0014795200538821,-0.00586391834695285,0.0211848602931562,0.0255971034819494,0.0169163261294075,0.0262819697530237,-0.012740848248316,0.00910614089688449,-0.0647901332369314,0.0507846852170307,-0.039899111716681,-0.0174973466154056,0.0169310827187748,0.00870422528373569,0.0177132609525612,-0.00650094261457181,0.00274075444540559,-0.0010889661794597,-5.80101958161743e-05,0,-0.00173034678326361,0.0101876751242816
0.0673623661600323,0.00457685101933086,-0.00229701656785285,-0.0149595441808507,0.032237801704855,-0.0173074318738235,-0.00947493822739074,0.00398647385938747,-0.0218653090734927,-0.00826862840312267,0.0342313778279931,-0.039899111716681,0.123561329377585,0.0286619049834516,-0.0194632290543623,-0.018285119782992,-0.0439592031140895,0.0242722865740575,0.00501616269207426,-0.028025209996762,0.0222602653356259,0,0.0520840078510717,-0.0486279496728862
0.0212127853734945,0.0620252579081116,0.00338160910292344,0.00648216283475769,0.0174768540834763,0.0449112612181292,0.0339516216692922,0.0906527781585159,0.0581204185739227,0.00795199605045524,0.00774964086135105,-0.0174973466154056,0.0286619049834516,0.273024207636575,0.000956638275183887,-0.00793280470666973,-0.0152015662028242,0.0310680050263712,0.000190811595149883,-0.0735072919082934,-0.00584851663592497,0,-0.0602724504283166,0.0141435933323637
0.00590418635835232,-0.00183325710988602,0.0110648025911676,-0.00195464731493438,0.0298402303545933,0.00944990308178724,0.0115205930987755,-0.0103048720791701,-0.00401891810581784,-0.000302898481669387,-0.0253826717155277,0.0169310827187748,-0.0194632290543623,0.000956638275183887,0.0122736155540086,-0.00184370937545491,0.0104940401439751,0.00114125579378653,-0.000592348255765863,-0.00139360221420218,-0.00676454972229798,0,-0.0131697080823997,0.013548546946401
-0.00858835264231806,-0.00119750238256822,-0.0234946996199032,0.00371102940829869,-0.0144793802927891,0.00219118787264757,-0.030190751130094,0.0234391177761752,0.0671785005133425,-0.0145813235741916,-0.0102890469724433,0.00870422528373569,-0.018285119782992,-0.00793280470666973,-0.00184370937545491,0.168062850685642,-0.0439739274527777,-0.0126574476019123,0.0454651859632432,-0.0420908310022232,0.0645093904212775,0,-0.0345567818682051,0.0648753716818886
-0.0178595057541445,0.000700949928265607,0.0206550010671756,0.00132666138164865,-0.0358403710875419,-0.00859062123306536,-0.0040414548052061,-0.00597577483771332,-0.0204743402406185,0.0152311580352575,-0.0022813931596468,0.0177132609525612,-0.0439592031140895,-0.0152015662028242,0.0104940401439751,-0.0439739274527777,0.0947257596823621,-0.00490052887363266,0.00152991896884009,0.025722751491074,-0.0290821616297976,0,0.00917906031913957,-0.0446092332412671
0.0107759559882731,0.010624590897083,0.00966404805073075,-0.0382346160916567,0.0253869990447368,0.00567185062065346,-0.00772005511601314,0.0177376102419979,-0.0283459896548492,-0.0362956316630428,-0.0134596817946274,-0.00650094261457181,0.0242722865740575,0.0310680050263712,0.00114125579378653,-0.0126574476019123,-0.00490052887363266,0.0676519726102066,-0.00179855725354576,-0.0508113765604324,0.032524391266045,0,0.00506112806592597,0.0181591168258264
-0.000284048655679257,-0.00486598103300511,-0.0118804860802193,-0.00627093191170968,-0.00341196981242334,-0.0149709176027895,-0.0125363442401476,0.012412757120294,0.0477970350355181,-0.00628541823549336,0.00624747843681991,0.00274075444540559,0.00501616269207426,0.000190811595149883,-0.000592348255765863,0.0454651859632432,0.00152991896884009,-0.00179855725354576,0.051176669984392,-0.0244099403856169,0.0550333753388446,0,0.00199180932898767,0.0106900733452634
-0.0146985078206356,-0.0151303212393879,-0.0287650424558193,0.0294647604505914,-0.0413326568405661,-0.00673978983900373,0.0077132056355884,-0.0353323828164861,-0.00409067162602866,0.00787472552328823,0.0278821513352105,-0.0010889661794597,-0.028025209996762,-0.0735072919082934,-0.00139360221420218,-0.0420908310022232,0.025722751491074,-0.0508113765604324,-0.0244099403856169,0.144675639085495,-0.146676400992295,0,-0.00870429235888128,-0.00307622161096047
-0.0359010379915815,-0.0257928287486923,0.0249722020774722,-0.0440845500579796,0.0361285937934558,6.55211416927358e-05,-0.0208898460471671,0.038086063015185,0.0422333051501042,0.000697651694784718,-0.00161783924936451,-5.80101958161743e-05,0.0222602653356259,-0.00584851663592497,-0.00676454972229798,0.0645093904212774,-0.0290821616297976,0.032524391266045,0.0550333753388446,-0.146676400992295,0.253391158888917,0,0.0329089564140755,-0.00210052582821882
0,0,0,0,0,0,0,0,0,0,0,0,0,0,0,0,0,0,0,0,0,2.62376971138852e-71,0,0
0.0472947342566822,-0.0119055509137411,-0.0315526958903757,-0.0117744541561557,-0.0163611275563461,-0.0497954606363729,0.00697243808031371,-0.00764798455466345,-0.0233760149079752,-0.00653449184047162,-0.000534694201407262,-0.00173034678326361,0.0520840078510717,-0.0602724504283166,-0.0131697080823997,-0.0345567818682051,0.00917906031913957,0.00506112806592597,0.00199180932898767,-0.00870429235888128,0.0329089564140755,0,0.123396847740693,-0.120999154505642
-0.120748592357202,0.00737522015590787,-0.00768278194387509,-0.0107997514493952,0.0590720075768078,0.0261310423779542,0.0071948851971513,0.0061651198586332,0.0323705888119484,-0.0372436314242512,-0.0185327958349525,0.0101876751242816,-0.0486279496728862,0.0141435933323637,0.013548546946401,0.0648753716818886,-0.0446092332412671,0.0181591168258264,0.0106900733452634,-0.00307622161096047,-0.00210052582821882,0,-0.120999154505642,0.22701921713514
