0.170007710318128,-0.0042156992221553,0.0238529227648662,0.000892659406267616,0.0381445244493223,0.00293532223829698,0.00265533161262657,-0.01142621539616,-0.00637865470624244,0.00591016533070603,0.0151327696707832,0.0017940282560766,0.00713616826977031,0.0234672660599888,-0.00294017044788467,0.0035517189001175,0.0177270035824888,0.014485336031168,-0.00351894492333538,-0.0242025841004943,0.031118034368971,-0.00268354823371129,-0.00928650809149134,-0.0136446324610024
-0.0042156992221553,0.0308331182493651,-0.000218902864900227,0.0169549359611241,0.0047126530718278,0.00945998688940954,-0.00360535889669564,0.00337803271284772,0.0211273411572823,0.00116549181135697,-0.00044020065696444,0.000549175252358135,-0.00446614033695496,0.0260778584857652,-0.00432738946150607,-0.00815896875320487,0.0115642113120973,0.000188983414814461,0.00108180160909207,0.000132800522130474,-0.0100897850115058,-0.000579955954910805,-0.0172677437535146,0.00312114289469132
0.0238529227648662,-0.000218902864900227,0.0758505032553441,-0.00211227373061045,-0.013018952398751,0.00479886148569118,0.00158193924559256,0.00615467606337436,-0.00506294763558748,0.00632031520191905,0.0120802153557868,0.0244682199397924,-0.00120300953418629,0.0123085460638746,-0.000586899438381629,0.00605939289878905,0.00812976848965095,0.00457102163561737,-0.000552907203010575,-0.0171363009532533,0.0152477706168788,-0.0053681530856848,-0.00781753809390371,-0.00111483915843422
0.000892659406267616,0.0169549359611241,-0.00211227373061045,0.0209338064516518,0.00676961602173337,0.00368254862119374,-0.00026073567047392,0.0012439430161213,0.0155298092286638,0.00296293861184549,0.00408320540222118,0.000728578799984773,0.000596616430139355,0.020908668211675,-0.00230985293028224,-0.000906785444660408,0.0157435952090726,0.00185064307017896,0.000528199757684456,0.00098072104746712,-0.0139834879825829,-0.00192473642949221,-0.0100438487286121,-0.0033840436143376
0.0381445244493223,0.0047126530718278,-0.013018952398751,0.00676961602173337,0.162278571046537,0.0171287535874688,0.007629046544024,0.000771525187261863,0.00531146619327038,0.00735264106415635,-0.00636583655767578,-0.00226003339838751,0.00635914215496933,0.0291763391213708,-0.00220443629827744,0.0102288346636368,0.0160736760652792,0.010454626718925,-3.99717051378779e-05,-0.0118005739381531,0.00144039077890411,0.000753147318384901,-0.0189999478500819,0.0174880909296408
0.00293532223829698,0.00945998688940954,0.00479886148569118,0.00368254862119374,0.0171287535874688,0.0898646281328562,0.00724227621295328,0.0196486410785673,0.00746166798588103,0.0137588666779341,-0.00825980643316746,0.0112645037673086,0.00720680119155807,0.0141255962636374,-0.000579096181188702,-0.0159798130571927,0.011523272523536,-0.00587375293981376,0.00446031406751483,-0.0121932989493348,0.00215641285895581,-0.0113221287525443,-0.00193516894557049,0.0220962432745815
0.00265533161262657,-0.00360535889669564,0.00158193924559256,-0.00026073567047392,0.007629046544024,0.00724227621295328,0.0553024192493243,-0.00965831765469052,0.0018962045439478,0.00104941641766415,0.00139620220583919,0.00438696932460564,0.0054628904245733,0.00182206064292183,0.00725806382620671,0.00587899496283915,0.00136983683496198,-0.00337133901634131,0.000947579051012814,-0.0123074192425275,0.0121116073201561,-0.00241827905251477,0.00701201405702891,-0.00324622731789155
-0.01142621539616,0.00337803271284772,0.00615467606337436,0.0012439430161213,0.000771525187261863,0.0196486410785673,-0.00965831765469052,0.134958180349453,0.0258638473684776,0.019128102810387,-0.00585726593529218,0.00594740403352768,0.0112521407537431,0.00582669771299571,-0.00129028338110782,-0.00243642759314438,0.010679136482861,0.00838124432281533,0.00549730210268073,0.021949620101667,-0.0440940476376302,-0.00422429708162576,-0.00622516885861936,0.00216035956980414
-0.00637865470624244,0.0211273411572823,-0.00506294763558748,0.0155298092286638,0.00531146619327038,0.00746166798588104,0.0018962045439478,0.0258638473684776,0.125228579687685,0.00849389470293618,-0.00876696697196873,0.000948956525914343,-0.00688264097628449,0.0453767220667781,-0.00504616305538996,-0.00343879953684065,0.0259593575941069,0.01200867980033,0.00362514540195253,-0.00618960059546634,-0.0535001343171448,-0.000965904418741756,-0.038997277314523,0.0170605328328444
0.00591016533070603,0.00116549181135697,0.00632031520191905,0.00296293861184549,0.00735264106415635,0.0137588666779341,0.00104941641766415,0.019128102810387,0.00849389470293618,0.0369378528998427,-0.00339865616176331,0.00131067275248079,0.00583623357952333,0.0175306351616179,-0.000380905990101933,0.00589013651689174,0.00703912214718909,0.00198607427578409,0.00149461404034583,-0.0184042945579709,-0.00499810572112288,-0.00110616982181266,0.000739984502359678,-0.0128880242859804
0.0151327696707832,-0.00044020065696444,0.0120802153557868,0.00408320540222118,-0.00636583655767578,-0.00825980643316746,0.00139620220583919,-0.00585726593529218,-0.00876696697196873,-0.00339865616176331,0.11264429331309,-0.00273409158591114,-0.0137024199351808,0.00807992456171672,-0.0056494838007192,-0.000847139874896288,0.00709759064902693,0.0100056304778612,0.00534087456460013,0.00475668932662303,-0.00216839955792633,-0.000371542734880132,-0.0158226487037209,-2.05762991041338e-05
0.0017940282560766,0.000549175252358135,0.0244682199397924,0.000728578799984773,-0.00226003339838751,0.0112645037673086,0.00438696932460564,0.00594740403352768,0.000948956525914343,0.00131067275248079,-0.00273409158591114,0.0420848487402082,0.00928960959931536,0.00785890950250398,0.00139814065182,0.000775657555130331,0.00131953612177436,0.000612294874037171,-0.00150115608784309,-0.00468130848494979,0.00629313986096706,-0.0018223197099367,-0.00163171748647151,0.00385624071521468
0.00713616826977031,-0.00446614033695496,-0.00120300953418629,0.000596616430139355,0.00635914215496933,0.00720680119155807,0.0054628904245733,0.0112521407537431,-0.00688264097628449,0.00583623357952333,-0.0137024199351808,0.00928960959931536,0.121157661375916,-0.00034792682290644,0.00305167467966792,0.00726275742795222,0.00380805700241594,0.00449862605155637,-0.00551829818323807,-0.00235522660569806,0.0136669392081011,-0.00276168047530449,0.0161586112802127,-0.0179219404274129
0.0234672660599888,0.0260778584857652,0.0123085460638746,0.020908668211675,0.0291763391213708,0.0141255962636374,0.00182206064292183,0.00582669771299571,0.0453767220667781,0.0175306351616179,0.00807992456171672,0.00785890950250398,-0.00034792682290644,0.243051443183529,-0.0119039637653571,-0.0215329977722618,0.0198039651967232,0.0137191223982666,-0.00122804477375749,-0.00376567731563938,-0.0143813227995249,-0.010570345787628,-0.0559985563119724,-0.013349726177377
-0.00294017044788467,-0.00432738946150607,-0.000586899438381629,-0.00230985293028224,-0.00220443629827744,-0.000579096181188702,0.00725806382620671,-0.00129028338110782,-0.00504616305538996,-0.000380905990101933,-0.0056494838007192,0.00139814065182,0.00305167467966792,-0.0119039637653571,0.0265516107912411,0.0219053101853423,-0.00259202336642923,-0.00939863410202217,0.00232638016961058,0.0043740086997325,-0.00155083127865772,-0.000786625868659031,0.00509641800075679,-0.00116820923013143
0.0035517189001175,-0.00815896875320487,0.00605939289878905,-0.000906785444660408,0.0102288346636368,-0.0159798130571927,0.00587899496283915,-0.00243642759314438,-0.00343879953684065,0.00589013651689174,-0.000847139874896288,0.000775657555130331,0.00726275742795222,-0.0215329977722618,0.0219053101853423,0.192018316075688,-0.0346663263961188,-0.00359203062930708,0.00337840721476144,-0.0102586132700055,0.00140785630721115,0.00352684376664677,0.00176172505524729,-0.0116527251047047
0.0177270035824888,0.0115642113120973,0.00812976848965095,0.0157435952090726,0.0160736760652792,0.011523272523536,0.00136983683496198,0.010679136482861,0.0259593575941069,0.00703912214718909,0.00709759064902693,0.00131953612177436,0.00380805700241594,0.0198039651967232,-0.00259202336642923,-0.0346663263961188,0.117365621934095,0.0108831712588748,-0.00361954157280893,-0.00696411855538397,-0.0126346309649355,-0.00364100445624947,-0.0167371243060142,0.001771393579827
0.014485336031168,0.000188983414814461,0.00457102163561737,0.00185064307017896,0.010454626718925,-0.00587375293981376,-0.00337133901634131,0.00838124432281533,0.01200867980033,0.00198607427578409,0.0100056304778612,0.000612294874037171,0.00449862605155637,0.0137191223982666,-0.00939863410202217,-0.00359203062930708,0.0108831712588748,0.0799865395570558,-0.0251950968072493,-0.0156160119586043,0.0112919253908987,0.00280961608646205,-0.00965980778868865,-0.00321740818704759
-0.00351894492333538,0.00108180160909207,-0.000552907203010575,0.000528199757684456,-3.99717051378779e-05,0.00446031406751483,0.000947579051012814,0.00549730210268073,0.00362514540195253,0.00149461404034583,0.00534087456460013,-0.00150115608784309,-0.00551829818323807,-0.00122804477375749,0.00232638016961058,0.00337840721476144,-0.00361954157280893,-0.0251950968072493,0.0270918517889615,0.0089602820130317,-0.00900427497509314,-0.00104782006574905,-0.000150267111711682,0.00117376986164972
-0.0242025841004943,0.000132800522130474,-0.0171363009532533,0.00098072104746712,-0.0118005739381531,-0.0121932989493348,-0.0123074192425275,0.021949620101667,-0.00618960059546634,-0.0184042945579709,0.00475668932662303,-0.00468130848494979,-0.00235522660569806,-0.00376567731563938,0.0043740086997325,-0.0102586132700055,-0.00696411855538397,-0.0156160119586043,0.0089602820130317,0.16512361518978,-0.141889735870284,-0.000258684931266069,0.00112913125213215,0.00547767046654976
0.031118034368971,-0.0100897850115058,0.0152477706168788,-0.0139834879825829,0.00144039077890411,0.00215641285895581,0.0121116073201561,-0.0440940476376302,-0.0535001343171447,-0.00499810572112288,-0.00216839955792633,0.00629313986096706,0.0136669392081011,-0.0143813227995249,-0.00155083127865772,0.00140785630721115,-0.0126346309649355,0.0112919253908987,-0.00900427497509314,-0.141889735870284,0.212409676794653,0.000511588615324706,0.0079033309630425,-0.00673105635597675
-0.00268354823371129,-0.000579955954910805,-0.0053681530856848,-0.00192473642949221,0.000753147318384901,-0.0113221287525443,-0.00241827905251477,-0.00422429708162576,-0.000965904418741756,-0.00110616982181266,-0.000371542734880132,-0.0018223197099367,-0.00276168047530449,-0.010570345787628,-0.000786625868659031,0.00352684376664677,-0.00364100445624947,0.00280961608646205,-0.00104782006574905,-0.000258684931266069,0.000511588615324706,0.0210854893554385,-0.00269540170532326,-0.0143109685203025
-0.00928650809149134,-0.0172677437535146,-0.00781753809390371,-0.0100438487286121,-0.0189999478500819,-0.00193516894557049,0.00701201405702891,-0.00622516885861936,-0.038997277314523,0.000739984502359678,-0.0158226487037209,-0.00163171748647151,0.0161586112802127,-0.0559985563119724,0.00509641800075679,0.00176172505524729,-0.0167371243060142,-0.00965980778868865,-0.000150267111711682,0.00112913125213215,0.0079033309630425,-0.00269540170532326,0.16530176548886,-0.127795890993332
-0.0136446324610024,0.00312114289469132,-0.00111483915843422,-0.0033840436143376,0.0174880909296408,0.0220962432745815,-0.00324622731789155,0.00216035956980414,0.0170605328328444,-0.0128880242859804,-2.05762991041338e-05,0.00385624071521468,-0.0179219404274129,-0.013349726177377,-0.00116820923013143,-0.0116527251047047,0.001771393579827,-0.00321740818704759,0.00117376986164972,0.00547767046654976,-0.00673105635597675,-0.0143109685203025,-0.127795890993332,0.2373818326893
