0.022708564030389,0,0,0,0,0,0,0,0,0,0,0,0,0,0,0,0,0,0,0,0,0,0,0,0,0,0,0,0,0,0,0,0,0,0,0,0,0,0,0,0,0,0,0,0,0,0,0,0,0,0,0,0,0,0,0,0,0,0,0
0,0.00923297836301666,0,0,0,0,0,0,0,0,0,0,0,0,0,0,0,0,0,0,0,0,0,0,0,0,0,0,0,0,0,0,0,0,0,0,0,0,0,0,0,0,0,0,0,0,0,0,0,0,0,0,0,0,0,0,0,0,0,0
0,0,0.00807626351989672,0,0,0,0,0,0,0,0,0,0,0,0,0,0,0,0,0,0,0,0,0,0,0,0,0,0,0,0,0,0,0,0,0,0,0,0,0,0,0,0,0,0,0,0,0,0,0,0,0,0,0,0,0,0,0,0,0
0,0,0,1515.59576624434,-17.3673973183685,0,-20.3451631672325,0,0,932.51574976019,218.54385184578,0,-214.926624469139,33.9045116454355,315.956807053468,0,0,0,-476.378334291013,127.132581121304,913.70856119279,0,0,0,208.940221587475,0,-1076.66588410371,-179.71079887272,840.344826968205,-582.97538364158,0,939.898170569879,228.146985065955,-84.3504903007711,202.719527532418,692.153678196268,0,665.822705278219,-101.674682604363,0,298.774228290784,240.53236253897,-84.3627343081255,181.917218390948,963.930010076482,0,-209.149588803424,0,277.901540928219,-465.890214665308,-144.525311191041,0,101.555238259974,-228.422716912536,255.264181031563,254.218972533003,57.519630832329,0,15.8425986496906,1029.12745192814
0,0,0,-17.3673973183685,2306.05680450394,0,584.838401990451,0,0,282.379490955181,-365.529871451722,0,-272.276683702411,12.5135576490841,860.735558090819,0,0,0,580.775135084819,419.376983042219,-437.132476130238,0,0,0,1148.33899228631,0,358.448004174871,536.937332889153,-177.221737735265,685.742874142175,0,8.9927218969934,-273.449108881557,-67.0991908766108,232.692758126858,-694.487296137561,0,56.5661467002818,-610.453606974029,0,-93.4341515791302,47.825782029048,91.2627844066018,-682.986306934119,703.683357954066,0,-112.055852076698,0,-86.4588465997628,-323.90868541807,-432.934592680047,0,-50.7475613739862,690.431582952212,421.951114219799,-87.016881628922,176.930346591028,0,298.368523384051,155.609389277776
0,0,0,0,0,0.025053697086648,0,0,0,0,0,0,0,0,0,0,0,0,0,0,0,0,0,0,0,0,0,0,0,0,0,0,0,0,0,0,0,0,0,0,0,0,0,0,0,0,0,0,0,0,0,0,0,0,0,0,0,0,0,0
0,0,0,-20.3451631672325,584.838401990451,0,6842.87460275409,0,0,1033.51530216822,-1787.61539559087,0,-863.160488573475,1769.61266173088,233.375465161416,0,0,0,1148.78502722173,-308.472315476531,-235.14981930906,0,0,0,440.956805320569,0,357.803853061403,1459.54489523891,348.803898302738,-1726.20232925814,0,-161.810403876521,1787.45535936243,747.164944518333,2912.50107369688,-2702.65745131662,0,887.459080393614,157.356021201122,0,231.011262208202,1340.5620668614,570.4971681237,701.310888761122,1215.6780344434,0,54.2135368584807,0,585.937749926922,-737.366367769568,474.183782087505,0,-489.679650609409,-485.519155083266,227.740890336629,-980.316948787215,-518.769238914666,0,589.974431028789,348.119214113149
0,0,0,0,0,0,0,0.0318314040054167,0,0,0,0,0,0,0,0,0,0,0,0,0,0,0,0,0,0,0,0,0,0,0,0,0,0,0,0,0,0,0,0,0,0,0,0,0,0,0,0,0,0,0,0,0,0,0,0,0,0,0,0
0,0,0,0,0,0,0,0,0.0322815765285426,0,0,0,0,0,0,0,0,0,0,0,0,0,0,0,0,0,0,0,0,0,0,0,0,0,0,0,0,0,0,0,0,0,0,0,0,0,0,0,0,0,0,0,0,0,0,0,0,0,0,0
0,0,0,932.51574976019,282.379490955181,0,1033.51530216822,0,0,12097.657154425,623.969071211194,0,-442.145863468412,-881.00416003735,-691.466100870198,0,0,0,919.22792236246,2019.4530415961,650.437434804515,0,0,0,703.283688195602,0,-913.227312435074,856.176588585302,1140.09441199479,513.693588116053,0,321.839953662294,-395.640899612852,20.0484717612966,1416.24714679752,-1333.18387918312,0,476.577692615528,764.876895987213,0,490.716248646564,1938.79038588102,1872.40001709893,-1019.98036625093,704.87836733811,0,-150.294883170189,0,447.310057021331,60.5623313405311,656.613543061013,0,481.523254232971,-2159.2418997685,-1320.38285757635,1966.06188865292,186.715970650953,0,106.992869521526,2138.18230048955
0,0,0,218.54385184578,-365.529871451722,0,-1787.61539559087,0,0,623.969071211194,11562.6923531833,0,3028.65628055003,564.388043465948,840.687021820511,0,0,0,-925.828117936388,-2796.19760781183,-8.49411140798886,0,0,0,2250.82222971004,0,1470.95791967099,-533.429182040185,-1374.60451530708,-2129.19347029917,0,-1182.21695399743,-1823.33800999975,-328.49637695994,-1826.71198262392,1667.18249523215,0,-2471.60389199791,1692.26961934379,0,-1011.69587077716,-771.560705501352,-212.229476835777,195.946161151497,-787.200883308101,0,-153.254695304423,0,460.151737595889,679.093190269168,887.882007021377,0,187.940275354884,10.5587679465297,-122.298203797159,-327.807634344444,82.9978053692599,0,-478.82512239423,617.18078516207
0,0,0,0,0,0,0,0,0,0,0,0.0477217545231641,0,0,0,0,0,0,0,0,0,0,0,0,0,0,0,0,0,0,0,0,0,0,0,0,0,0,0,0,0,0,0,0,0,0,0,0,0,0,0,0,0,0,0,0,0,0,0,0
0,0,0,-214.926624469139,-272.276683702411,0,-863.160488573475,0,0,-442.145863468412,3028.65628055003,0,8542.69541468787,82.4524870727706,-2206.69435438843,0,0,0,1280.7787990639,-2925.75473260643,2783.82126433702,0,0,0,-146.67761905806,0,400.353640681852,-427.791551760168,384.698209777197,285.465722865451,0,784.353692882292,-426.830811135379,-1245.91690547958,-1182.39806127982,477.78046043361,0,-192.205044918261,591.8223831882,0,-2458.74159993782,-366.918592234544,-1042.99807267045,75.0249530722405,-501.716126886992,0,617.764896210731,0,1075.06918317493,20.2959095005455,92.054220408782,0,1034.69192963828,-63.4806541610547,-452.079566204044,-77.8292037903573,-1298.02059274665,0,-274.650896027066,386.207600987085
0,0,0,33.9045116454355,12.5135576490841,0,1769.61266173088,0,0,-881.00416003735,564.388043465948,0,82.4524870727706,9683.26811673636,930.525360293702,0,0,0,-1071.45779546677,-896.475353457412,-1331.71085315885,0,0,0,1307.31280682846,0,1050.34960644474,768.39992005685,-111.261101362443,-1867.48199218916,0,-219.49531961197,1170.28290442165,16.1187862715074,-1060.82006705675,-581.659407857519,0,-1436.83910320466,-1072.1373439141,0,434.957731078485,-716.466121052072,-532.649892445406,-540.649973751247,143.371801096954,0,-134.145527957591,0,-475.72689417497,349.685239079631,-104.796196760664,0,-817.120262663461,-1424.38649986846,1405.14121522562,-1451.41177905133,-589.278291987971,0,-229.50475078357,-608.648797034668
0,0,0,315.956807053468,860.735558090819,0,233.375465161416,0,0,-691.466100870198,840.687021820511,0,-2206.69435438843,930.525360293702,10267.9327196313,0,0,0,-182.55434909043,-655.842191647104,-505.380459261256,0,0,0,2352.66326895371,0,116.597220494738,-1789.71322864442,-1597.53145443151,-506.919090729241,0,-1522.90344466254,-148.840654441005,-946.972868473402,915.198688263554,3446.61107286131,0,763.617295223259,-914.988753893443,0,2090.07593478373,-568.556719131784,527.649744005594,-1200.73528253043,305.176554346343,0,268.153831079854,0,567.334157754717,500.564676711918,-241.231164160853,0,138.078862608961,1317.36661276093,866.301586952696,131.15230710419,-428.49334621898,0,-776.159807337494,1390.36838177203
0,0,0,0,0,0,0,0,0,0,0,0,0,0,0,0.0679837631928016,0,0,0,0,0,0,0,0,0,0,0,0,0,0,0,0,0,0,0,0,0,0,0,0,0,0,0,0,0,0,0,0,0,0,0,0,0,0,0,0,0,0,0,0
0,0,0,0,0,0,0,0,0,0,0,0,0,0,0,0,0.0893941853483236,0,0,0,0,0,0,0,0,0,0,0,0,0,0,0,0,0,0,0,0,0,0,0,0,0,0,0,0,0,0,0,0,0,0,0,0,0,0,0,0,0,0,0
0,0,0,0,0,0,0,0,0,0,0,0,0,0,0,0,0,0.0905541653058368,0,0,0,0,0,0,0,0,0,0,0,0,0,0,0,0,0,0,0,0,0,0,0,0,0,0,0,0,0,0,0,0,0,0,0,0,0,0,0,0,0,0
0,0,0,-476.378334291013,580.775135084819,0,1148.78502722173,0,0,919.22792236246,-925.828117936389,0,1280.7787990639,-1071.45779546677,-182.55434909043,0,0,0,16071.9648493269,-3884.81791887968,-43.9357654071202,0,0,0,-288.129926108562,0,2520.13624968907,202.337507009937,-409.261378917974,522.630227979746,0,1902.30300757809,692.448878759712,111.216346469908,823.865160823016,-863.948131378966,0,946.327369679855,-2636.66019157692,0,-36.1843125846043,-292.440986931147,951.036426844055,-1162.09148035982,1450.22727635028,0,196.377978975909,0,-2815.45789744921,-430.866830792709,-507.914318879193,0,-970.378557311889,-1200.59188819925,-265.199012188808,-1504.78919406461,965.892875374062,0,-1626.14056916624,35.2620237352614
0,0,0,127.132581121304,419.376983042219,0,-308.472315476531,0,0,2019.4530415961,-2796.19760781183,0,-2925.75473260643,-896.475353457412,-655.842191647104,0,0,0,-3884.81791887968,18335.6827645435,-640.25324958317,0,0,0,73.895511975535,0,-3630.53907399536,-237.074987246369,2978.81783694219,3220.92659082663,0,-343.333546647772,-356.888845354618,-397.371594057394,-418.514199538459,-1437.45588898921,0,1429.03327939716,1009.45167029478,0,169.943050787731,-758.098927109154,44.0229559503662,437.310338130122,-1547.80984372249,0,-852.393410647227,0,1949.53866901374,-1090.76906749812,1465.60596064424,0,825.129282320489,-362.606568081013,-55.2873692383628,1491.9989259031,-767.448025905149,0,1546.94912277185,-1722.79523001255
0,0,0,913.70856119279,-437.132476130238,0,-235.14981930906,0,0,650.437434804515,-8.49411140798886,0,2783.82126433702,-1331.71085315885,-505.380459261256,0,0,0,-43.9357654071202,-640.253249583169,14921.8055732352,0,0,0,1403.38986514037,0,525.67122336097,-746.900383997288,4787.15541658961,925.191631806924,0,1093.40468990812,-36.1127293787245,-1960.13746457534,425.81184245238,2034.90942083456,0,529.877087933641,164.840318475641,0,-1696.42607536505,-1324.09282156452,132.267752430793,-1476.64793203352,965.768961892609,0,-43.4306579182531,0,3498.37973167294,-772.283509749931,-208.749132849385,0,100.855635889204,-928.641121613387,297.006468531098,1196.2266425745,154.402700735126,0,389.004538611717,894.305614005195
0,0,0,0,0,0,0,0,0,0,0,0,0,0,0,0,0,0,0,0,0,0.0689472250506455,0,0,0,0,0,0,0,0,0,0,0,0,0,0,0,0,0,0,0,0,0,0,0,0,0,0,0,0,0,0,0,0,0,0,0,0,0,0
0,0,0,0,0,0,0,0,0,0,0,0,0,0,0,0,0,0,0,0,0,0,0.0763324641243663,0,0,0,0,0,0,0,0,0,0,0,0,0,0,0,0,0,0,0,0,0,0,0,0,0,0,0,0,0,0,0,0,0,0,0,0,0
0,0,0,0,0,0,0,0,0,0,0,0,0,0,0,0,0,0,0,0,0,0,0,0.0633401888213553,0,0,0,0,0,0,0,0,0,0,0,0,0,0,0,0,0,0,0,0,0,0,0,0,0,0,0,0,0,0,0,0,0,0,0,0
0,0,0,208.940221587475,1148.33899228631,0,440.956805320569,0,0,703.283688195602,2250.82222971004,0,-146.67761905806,1307.31280682846,2352.66326895371,0,0,0,-288.129926108562,73.895511975535,1403.38986514037,0,0,0,18656.5966250908,0,-1086.03328045606,-43.8000130584877,1513.55638525753,1865.17621339077,0,994.525959778821,1848.51705337193,-85.9468009366369,-4128.80390838652,-2906.57561482934,0,-3620.88464099579,489.374537414857,0,2336.20665692188,-1866.66683913815,810.262449478327,-1416.3322214814,1346.98794770865,0,478.400411097309,0,1556.14454789385,560.647257818662,879.185126420871,0,-2331.79873899851,-847.574029304107,490.313042888173,-851.993621568107,-738.679578662686,0,-594.50701592304,321.491562939157
0,0,0,0,0,0,0,0,0,0,0,0,0,0,0,0,0,0,0,0,0,0,0,0,0,0.0526462996609326,0,0,0,0,0,0,0,0,0,0,0,0,0,0,0,0,0,0,0,0,0,0,0,0,0,0,0,0,0,0,0,0,0,0
0,0,0,-1076.66588410371,358.448004174871,0,357.803853061403,0,0,-913.227312435074,1470.95791967099,0,400.353640681852,1050.34960644474,116.597220494738,0,0,0,2520.13624968907,-3630.53907399536,525.67122336097,0,0,0,-1086.03328045606,0,16029.6537131199,-208.850024735206,-4742.86178202993,860.442317421956,0,-467.895908880937,-2406.16976843029,-1258.49691289238,-960.161647525701,-2135.81320800218,0,-1743.12254605832,666.32357674857,0,-1976.63717867668,1315.53623448365,95.3079425947298,1462.71781095626,92.2619601507988,0,61.5987735888003,0,-1279.91659269353,-471.869383875509,-1085.23483266259,0,-1997.67928498383,1678.181896109,-351.394865252931,-574.108206935261,3619.86294488691,0,-727.973108563068,93.0326823589592
0,0,0,-179.71079887272,536.937332889153,0,1459.54489523891,0,0,856.176588585302,-533.429182040185,0,-427.791551760168,768.39992005685,-1789.71322864442,0,0,0,202.337507009937,-237.074987246369,-746.900383997288,0,0,0,-43.8000130584877,0,-208.850024735206,11340.4640848314,1713.73747296796,501.871741717873,0,308.953397655564,166.409097929556,23.903230166495,1363.96811149665,-1958.81094309179,0,-2231.99530301228,736.210370105325,0,-562.992961351944,284.743586984336,1331.32078112901,216.472955431824,680.485086724372,0,-461.039112012433,0,1386.2249910999,377.467123964625,137.560698676621,0,13.333128023057,-1545.7936617588,326.374700362057,-30.5252656718244,178.22764766014,0,-247.735204219597,897.113408941475
0,0,0,840.344826968205,-177.221737735265,0,348.803898302738,0,0,1140.09441199479,-1374.60451530708,0,384.698209777197,-111.261101362443,-1597.53145443151,0,0,0,-409.261378917974,2978.81783694219,4787.15541658961,0,0,0,1513.55638525753,0,-4742.86178202993,1713.73747296796,13089.7195460008,829.517538349505,0,1631.82435503228,1973.92230822134,12.2670405379362,-1488.46576058439,248.116705381025,0,-1241.84147685663,752.332058502218,0,344.536608375426,-1003.29249185269,1130.02794928052,-340.080378939754,2808.71937060013,0,-270.468203045014,0,320.722722572968,-647.860291482801,134.095587065642,0,944.131844187226,-3570.03377376599,-1415.87750691206,2000.83787862791,-1209.68574830683,0,896.119555305628,988.933716616602
0,0,0,-582.97538364158,685.742874142175,0,-1726.20232925814,0,0,513.693588116053,-2129.19347029917,0,285.465722865451,-1867.48199218916,-506.919090729241,0,0,0,522.630227979746,3220.92659082663,925.191631806924,0,0,0,1865.17621339077,0,860.442317421956,501.871741717873,829.517538349505,13004.1970509407,0,1236.15261693412,416.852740614918,-1701.83907435057,1025.69574033869,-2548.42135117746,0,2300.78812860273,-1026.97534788453,0,-425.597863276982,-1208.08146635321,-946.446887603933,-1351.5887776494,-228.408521200561,0,644.511105465044,0,-899.785437752338,560.810597195442,-809.275530527233,0,640.527588735579,-870.819515127952,115.287582866415,558.645089178014,-44.8741293835985,0,1029.83166457021,-1383.40052451681
0,0,0,0,0,0,0,0,0,0,0,0,0,0,0,0,0,0,0,0,0,0,0,0,0,0,0,0,0,0,0.0393544256498593,0,0,0,0,0,0,0,0,0,0,0,0,0,0,0,0,0,0,0,0,0,0,0,0,0,0,0,0,0
0,0,0,939.898170569879,8.9927218969934,0,-161.810403876521,0,0,321.839953662294,-1182.21695399743,0,784.353692882292,-219.49531961197,-1522.90344466254,0,0,0,1902.30300757809,-343.333546647772,1093.40468990812,0,0,0,994.525959778821,0,-467.895908880937,308.953397655564,1631.82435503228,1236.15261693412,0,10621.0934049019,-13.5028055249286,-2058.98129634638,960.656979356187,-1837.42527490327,0,2688.65152692522,-1370.52997380382,0,-149.926566465033,576.170419730353,44.2343029828296,435.873906558785,1099.38881273454,0,639.701498008807,0,-1473.97881276592,115.857556956937,680.287267728936,0,116.070000307013,833.508442747559,694.578669746779,524.314089981987,-637.808897803827,0,-1000.85484233227,1087.06120044997
0,0,0,228.146985065955,-273.449108881557,0,1787.45535936243,0,0,-395.640899612852,-1823.33800999975,0,-426.830811135379,1170.28290442165,-148.840654441005,0,0,0,692.448878759712,-356.888845354618,-36.1127293787245,0,0,0,1848.51705337193,0,-2406.16976843029,166.409097929556,1973.92230822134,416.852740614918,0,-13.5028055249286,10429.2038281892,-462.37930760403,-1113.15569994605,-695.157556775488,0,763.053176244556,-781.005094557291,0,455.576669876687,-730.783332719324,-129.090514960622,578.722519070421,-319.580697922877,0,158.716235794949,0,-921.346517668514,-46.1337308541404,-645.887102264838,0,491.823306663801,-968.552497926139,-590.983052399451,-488.865191420189,-1528.5826934702,0,-643.566962728657,1129.93384300778
0,0,0,-84.3504903007711,-67.0991908766108,0,747.164944518333,0,0,20.0484717612966,-328.49637695994,0,-1245.91690547958,16.1187862715074,-946.972868473402,0,0,0,111.216346469908,-397.371594057394,-1960.13746457534,0,0,0,-85.9468009366369,0,-1258.49691289238,23.903230166495,12.2670405379362,-1701.83907435057,0,-2058.98129634638,-462.37930760403,10158.683509711,-1516.82852852047,-2172.03637094143,0,91.5814246761116,-674.783799416292,0,619.989053574015,480.104707665579,1602.29341885772,1179.92829450865,788.777948172781,0,1249.23404485564,0,-1347.74315010095,-1517.60171590016,651.336640647482,0,24.3667476385844,891.122438466678,1620.62074482523,-436.397554976801,-936.693927487287,0,414.175816713825,-1508.39661080122
0,0,0,202.719527532418,232.692758126858,0,2912.50107369688,0,0,1416.24714679752,-1826.71198262392,0,-1182.39806127982,-1060.82006705675,915.198688263554,0,0,0,823.865160823016,-418.514199538459,425.81184245238,0,0,0,-4128.80390838652,0,-960.161647525701,1363.96811149665,-1488.46576058439,1025.69574033869,0,960.656979356187,-1113.15569994605,-1516.82852852047,12780.1674200733,1296.85179947972,0,4823.70657251616,2260.10382783959,0,-792.199298279144,1834.82291725592,-245.46320751602,94.4806067141001,-612.189396411824,0,-1293.91565516339,0,804.476183161552,26.5562786126077,114.011289764505,0,1268.43317262683,-78.6941702731517,309.905332288551,322.167285943372,1042.47010063231,0,425.396434539896,469.898138514391
0,0,0,692.153678196268,-694.487296137561,0,-2702.65745131662,0,0,-1333.18387918312,1667.18249523215,0,477.78046043361,-581.659407857519,3446.61107286131,0,0,0,-863.948131378966,-1437.45588898921,2034.90942083456,0,0,0,-2906.57561482934,0,-2135.81320800218,-1958.81094309179,248.116705381025,-2548.42135117746,0,-1837.42527490327,-695.157556775488,-2172.03637094143,1296.85179947972,14783.7785605718,0,144.794624891718,1676.42819767558,0,341.577578652305,-473.096700265026,-1930.16961139168,-361.654109908938,-2405.8869742832,0,-1006.79343365272,0,1400.74372821942,-823.945630679757,34.1285282530475,0,891.748726634709,2365.29507613819,1973.22548131254,-214.307677600434,-15.26930918747,0,-42.9655599540462,835.393884076631
0,0,0,0,0,0,0,0,0,0,0,0,0,0,0,0,0,0,0,0,0,0,0,0,0,0,0,0,0,0,0,0,0,0,0,0,0.073146021766547,0,0,0,0,0,0,0,0,0,0,0,0,0,0,0,0,0,0,0,0,0,0,0
0,0,0,665.822705278219,56.5661467002818,0,887.459080393614,0,0,476.577692615528,-2471.60389199791,0,-192.205044918261,-1436.83910320466,763.617295223259,0,0,0,946.327369679855,1429.03327939716,529.877087933641,0,0,0,-3620.88464099579,0,-1743.12254605832,-2231.99530301228,-1241.84147685663,2300.78812860273,0,2688.65152692522,763.053176244556,91.5814246761116,4823.70657251616,144.794624891718,0,16019.8386521111,-973.760703496486,0,1573.56654467606,1929.39269010963,-1548.46806944817,535.660736393626,-511.364547352208,0,62.1245970948327,0,-1820.82559615464,-468.723621229205,348.663980774449,0,589.764539979876,422.163977844042,1941.30089462786,1648.44899224509,-123.404550385521,0,490.096132633449,1436.61773537284
0,0,0,-101.674682604363,-610.453606974029,0,157.356021201122,0,0,764.876895987213,1692.26961934379,0,591.8223831882,-1072.1373439141,-914.988753893443,0,0,0,-2636.66019157692,1009.45167029478,164.840318475641,0,0,0,489.374537414857,0,666.32357674857,736.210370105325,752.332058502218,-1026.97534788453,0,-1370.52997380382,-781.005094557291,-674.783799416292,2260.10382783959,1676.42819767558,0,-973.760703496486,7850.39940757072,0,-300.601402745497,365.048453004499,-392.070175979884,1258.47929109228,1167.41105694291,0,-295.810571224129,0,884.902844765708,-14.5161014510385,280.654205213777,0,-514.726065211714,631.943912175385,-805.930507975572,883.936393481844,1020.39675509061,0,72.2890936283644,712.063479753255
0,0,0,0,0,0,0,0,0,0,0,0,0,0,0,0,0,0,0,0,0,0,0,0,0,0,0,0,0,0,0,0,0,0,0,0,0,0,0,0.0277580769267584,0,0,0,0,0,0,0,0,0,0,0,0,0,0,0,0,0,0,0,0
0,0,0,298.774228290784,-93.4341515791302,0,231.011262208202,0,0,490.716248646564,-1011.69587077716,0,-2458.74159993782,434.957731078485,2090.07593478373,0,0,0,-36.1843125846043,169.943050787731,-1696.42607536505,0,0,0,2336.20665692188,0,-1976.63717867668,-562.992961351944,344.536608375426,-425.597863276982,0,-149.926566465033,455.576669876687,619.989053574015,-792.199298279144,341.577578652305,0,1573.56654467606,-300.601402745497,0,8247.06485261074,-1910.86888150289,102.255762714823,-1101.79066863228,2110.50118297244,0,809.149661756459,0,-742.708771696184,-10.4853899716212,63.0629281397596,0,472.060056969293,-689.081561206578,576.132451272576,-129.370048159446,109.959555412439,0,-329.711476223949,662.662357160241
0,0,0,240.53236253897,47.825782029048,0,1340.5620668614,0,0,1938.79038588102,-771.560705501352,0,-366.918592234544,-716.466121052072,-568.556719131784,0,0,0,-292.440986931147,-758.098927109154,-1324.09282156452,0,0,0,-1866.66683913815,0,1315.53623448365,284.743586984336,-1003.29249185269,-1208.08146635321,0,576.170419730353,-730.783332719324,480.104707665579,1834.82291725592,-473.096700265026,0,1929.39269010963,365.048453004499,0,-1910.86888150289,8884.71073052352,376.450887861698,-162.320202323264,109.297531117236,0,-989.013306179682,0,-48.1277637354831,442.051458355916,416.353786331303,0,-446.633305991819,-886.635058727883,-659.335667565394,-630.024495907102,1415.46160304081,0,-470.803207435659,1600.55478336749
0,0,0,-84.3627343081255,91.2627844066018,0,570.4971681237,0,0,1872.40001709893,-212.229476835777,0,-1042.99807267045,-532.649892445406,527.649744005594,0,0,0,951.036426844055,44.0229559503662,132.267752430793,0,0,0,810.262449478327,0,95.3079425947298,1331.32078112901,1130.02794928052,-946.446887603933,0,44.2343029828296,-129.090514960622,1602.29341885772,-245.46320751602,-1930.16961139168,0,-1548.46806944817,-392.070175979884,0,102.255762714823,376.450887861698,7453.04370017183,-692.352025077539,688.583968385184,0,1004.88721621801,0,91.8406456380534,425.950678553627,-2.2435421841654,0,-249.613589176244,-664.713175366086,-568.348835679655,-203.093987923717,-697.477378676061,0,-85.7791775208254,225.758312664874
0,0,0,181.917218390948,-682.986306934119,0,701.310888761122,0,0,-1019.98036625093,195.946161151497,0,75.0249530722405,-540.649973751247,-1200.73528253043,0,0,0,-1162.09148035982,437.310338130122,-1476.64793203352,0,0,0,-1416.3322214814,0,1462.71781095626,216.472955431824,-340.080378939754,-1351.5887776494,0,435.873906558785,578.722519070421,1179.92829450865,94.4806067141001,-361.654109908938,0,535.660736393626,1258.47929109228,0,-1101.79066863228,-162.320202323264,-692.352025077539,5125.70397607585,-638.381566707331,0,777.312465653681,0,-686.928499438379,114.114542305128,659.865610752242,0,278.71234461226,836.143291634731,-775.627628272669,51.6379273329141,-1162.81492224449,0,-355.759103019332,-396.020478477143
0,0,0,963.930010076482,703.683357954066,0,1215.6780344434,0,0,704.87836733811,-787.200883308101,0,-501.716126886992,143.371801096954,305.176554346343,0,0,0,1450.22727635028,-1547.80984372249,965.768961892609,0,0,0,1346.98794770865,0,92.2619601507988,680.485086724372,2808.71937060012,-228.408521200561,0,1099.38881273454,-319.580697922877,788.777948172782,-612.189396411824,-2405.8869742832,0,-511.364547352208,1167.41105694291,0,2110.50118297244,109.297531117236,688.583968385184,-638.381566707331,8510.69936200791,0,639.10942973828,0,-196.844497783072,-459.462582285993,-734.788697038784,0,-210.799467875366,-3000.17632633776,-687.317893170697,15.7443883630547,1021.84485086018,0,109.90781096977,1178.53479729825
0,0,0,0,0,0,0,0,0,0,0,0,0,0,0,0,0,0,0,0,0,0,0,0,0,0,0,0,0,0,0,0,0,0,0,0,0,0,0,0,0,0,0,0,0,0.0179581892406028,0,0,0,0,0,0,0,0,0,0,0,0,0,0
0,0,0,-209.149588803424,-112.055852076698,0,54.2135368584807,0,0,-150.294883170189,-153.254695304423,0,617.764896210731,-134.145527957591,268.153831079854,0,0,0,196.377978975909,-852.393410647227,-43.4306579182531,0,0,0,478.400411097309,0,61.5987735888003,-461.039112012433,-270.468203045014,644.511105465044,0,639.701498008807,158.716235794949,1249.23404485564,-1293.91565516339,-1006.79343365272,0,62.1245970948327,-295.810571224129,0,809.149661756459,-989.013306179682,1004.88721621801,777.312465653681,639.10942973828,0,3199.48041051966,0,-287.434090322133,265.51153963463,251.341628097992,0,-23.7770959305437,955.134975453696,37.9670721229203,-378.181738085626,-919.306358417109,0,292.548286420644,-735.130018141943
0,0,0,0,0,0,0,0,0,0,0,0,0,0,0,0,0,0,0,0,0,0,0,0,0,0,0,0,0,0,0,0,0,0,0,0,0,0,0,0,0,0,0,0,0,0,0,0.036980311215415,0,0,0,0,0,0,0,0,0,0,0,0
0,0,0,277.901540928218,-86.4588465997628,0,585.937749926922,0,0,447.310057021331,460.151737595889,0,1075.06918317493,-475.72689417497,567.334157754717,0,0,0,-2815.45789744921,1949.53866901374,3498.37973167294,0,0,0,1556.14454789385,0,-1279.91659269353,1386.2249910999,320.722722572968,-899.785437752338,0,-1473.97881276592,-921.346517668514,-1347.74315010095,804.476183161552,1400.74372821942,0,-1820.82559615464,884.902844765708,0,-742.708771696184,-48.1277637354832,91.8406456380534,-686.928499438379,-196.844497783072,0,-287.434090322133,0,7044.34373588618,771.820611912235,664.450015515783,0,-294.408625505863,692.911617640942,-119.181123403788,-433.221389512628,436.733675100202,0,557.164326460109,300.680467674662
0,0,0,-465.890214665308,-323.90868541807,0,-737.366367769568,0,0,60.5623313405311,679.093190269168,0,20.2959095005455,349.685239079631,500.564676711918,0,0,0,-430.866830792709,-1090.76906749812,-772.283509749931,0,0,0,560.647257818662,0,-471.869383875509,377.467123964625,-647.860291482801,560.810597195442,0,115.857556956937,-46.1337308541404,-1517.60171590016,26.5562786126077,-823.945630679757,0,-468.723621229205,-14.5161014510385,0,-10.4853899716212,442.051458355916,425.950678553627,114.114542305128,-459.462582285993,0,265.51153963463,0,771.820611912235,3598.53949524478,129.158335839272,0,-665.739912068311,-578.37968891009,-1084.35941138648,-127.04153014714,136.552957181673,0,-611.96653920647,-674.581965230559
0,0,0,-144.525311191041,-432.934592680046,0,474.183782087505,0,0,656.613543061013,887.882007021377,0,92.054220408782,-104.796196760664,-241.231164160853,0,0,0,-507.914318879193,1465.60596064424,-208.749132849385,0,0,0,879.185126420871,0,-1085.23483266259,137.560698676621,134.095587065642,-809.275530527233,0,680.287267728936,-645.887102264838,651.336640647482,114.011289764505,34.1285282530475,0,348.663980774449,280.654205213777,0,63.0629281397596,416.353786331303,-2.2435421841654,659.865610752242,-734.788697038785,0,251.341628097992,0,664.450015515783,129.158335839272,2160.26132493818,0,-77.1441730987244,564.973588961394,-81.6877299997636,464.756612484632,-678.063315177273,0,39.3641268164685,-122.872576605418
0,0,0,0,0,0,0,0,0,0,0,0,0,0,0,0,0,0,0,0,0,0,0,0,0,0,0,0,0,0,0,0,0,0,0,0,0,0,0,0,0,0,0,0,0,0,0,0,0,0,0,0.0122994544398611,0,0,0,0,0,0,0,0
0,0,0,101.555238259974,-50.7475613739862,0,-489.679650609409,0,0,481.523254232971,187.940275354884,0,1034.69192963828,-817.120262663461,138.078862608961,0,0,0,-970.378557311889,825.129282320489,100.855635889204,0,0,0,-2331.79873899851,0,-1997.67928498383,13.333128023057,944.131844187226,640.527588735579,0,116.070000307014,491.823306663801,24.3667476385844,1268.43317262683,891.748726634709,0,589.764539979876,-514.726065211714,0,472.060056969293,-446.633305991819,-249.613589176244,278.71234461226,-210.799467875366,0,-23.7770959305437,0,-294.408625505863,-665.739912068311,-77.1441730987244,0,5921.24253575157,261.199761705123,929.665664089612,1151.81112364498,-399.009549734382,0,47.472596686223,-250.328306398516
0,0,0,-228.422716912536,690.431582952212,0,-485.519155083266,0,0,-2159.2418997685,10.5587679465297,0,-63.4806541610547,-1424.38649986846,1317.36661276093,0,0,0,-1200.59188819925,-362.606568081013,-928.641121613387,0,0,0,-847.574029304107,0,1678.181896109,-1545.7936617588,-3570.03377376599,-870.819515127952,0,833.508442747559,-968.552497926139,891.122438466678,-78.6941702731517,2365.29507613819,0,422.163977844042,631.943912175385,0,-689.081561206578,-886.635058727883,-664.713175366086,836.143291634731,-3000.17632633776,0,955.134975453696,0,692.911617640942,-578.37968891009,564.973588961394,0,261.199761705123,9630.07421616911,1392.97457464876,639.814814969536,902.964589126444,0,-948.041997458177,-319.951463517678
0,0,0,255.264181031563,421.951114219799,0,227.740890336629,0,0,-1320.38285757635,-122.298203797159,0,-452.079566204044,1405.14121522562,866.301586952696,0,0,0,-265.199012188808,-55.2873692383628,297.006468531098,0,0,0,490.313042888173,0,-351.394865252931,326.374700362057,-1415.87750691206,115.287582866415,0,694.578669746779,-590.983052399451,1620.62074482523,309.905332288551,1973.22548131254,0,1941.30089462786,-805.930507975572,0,576.132451272576,-659.335667565394,-568.348835679655,-775.627628272669,-687.317893170697,0,37.9670721229203,0,-119.181123403788,-1084.35941138648,-81.6877299997636,0,929.665664089612,1392.97457464876,5642.08577006515,-799.187108312217,42.9487805684793,0,1314.58654114178,-149.734061102961
0,0,0,254.218972533003,-87.016881628922,0,-980.316948787216,0,0,1966.06188865292,-327.807634344444,0,-77.8292037903573,-1451.41177905133,131.15230710419,0,0,0,-1504.78919406461,1491.9989259031,1196.2266425745,0,0,0,-851.993621568107,0,-574.10820693526,-30.5252656718244,2000.83787862791,558.645089178014,0,524.314089981987,-488.865191420189,-436.397554976801,322.167285943372,-214.307677600434,0,1648.44899224509,883.936393481843,0,-129.370048159446,-630.024495907102,-203.093987923717,51.6379273329141,15.7443883630547,0,-378.181738085626,0,-433.221389512628,-127.04153014714,464.756612484632,0,1151.81112364498,639.814814969536,-799.187108312217,5152.1745913987,150.120414946064,0,-79.0237387297756,172.236589348294
0,0,0,57.519630832329,176.930346591028,0,-518.769238914666,0,0,186.715970650953,82.9978053692599,0,-1298.02059274665,-589.278291987971,-428.49334621898,0,0,0,965.892875374062,-767.448025905149,154.402700735126,0,0,0,-738.679578662686,0,3619.86294488691,178.22764766014,-1209.68574830683,-44.8741293835985,0,-637.808897803827,-1528.5826934702,-936.693927487287,1042.47010063231,-15.26930918747,0,-123.404550385521,1020.39675509061,0,109.959555412439,1415.46160304081,-697.477378676061,-1162.81492224449,1021.84485086018,0,-919.306358417109,0,436.733675100202,136.552957181673,-678.063315177273,0,-399.009549734382,902.964589126444,42.9487805684793,150.120414946064,5862.60868405484,0,6.60898763094481,277.656996228038
0,0,0,0,0,0,0,0,0,0,0,0,0,0,0,0,0,0,0,0,0,0,0,0,0,0,0,0,0,0,0,0,0,0,0,0,0,0,0,0,0,0,0,0,0,0,0,0,0,0,0,0,0,0,0,0,0,0.0144032777264657,0,0
0,0,0,15.8425986496906,298.368523384051,0,589.974431028789,0,0,106.992869521526,-478.82512239423,0,-274.650896027066,-229.50475078357,-776.159807337494,0,0,0,-1626.14056916624,1546.94912277185,389.004538611717,0,0,0,-594.50701592304,0,-727.973108563068,-247.735204219597,896.119555305628,1029.83166457021,0,-1000.85484233227,-643.566962728657,414.175816713825,425.396434539896,-42.9655599540462,0,490.096132633449,72.2890936283644,0,-329.711476223949,-470.803207435659,-85.7791775208254,-355.759103019332,109.90781096977,0,292.548286420644,0,557.164326460109,-611.96653920647,39.3641268164685,0,47.472596686223,-948.041997458177,1314.58654114178,-79.0237387297756,6.60898763094481,0,4288.19520683103,-454.045802882299
0,0,0,1029.12745192814,155.609389277776,0,348.119214113149,0,0,2138.18230048955,617.18078516207,0,386.207600987085,-608.648797034668,1390.36838177203,0,0,0,35.2620237352614,-1722.79523001255,894.305614005195,0,0,0,321.491562939157,0,93.0326823589592,897.113408941475,988.933716616602,-1383.40052451681,0,1087.06120044997,1129.93384300778,-1508.39661080122,469.898138514391,835.393884076631,0,1436.61773537284,712.063479753255,0,662.662357160241,1600.55478336749,225.758312664874,-396.020478477143,1178.53479729825,0,-735.130018141943,0,300.680467674662,-674.581965230559,-122.872576605418,0,-250.328306398516,-319.951463517678,-149.734061102961,172.236589348294,277.656996228038,0,-454.045802882299,5221.74769854062
