0.19243414263048,-0.0158121662780136,0.0154837791962384,-0.00556213435454761,0.0611041009735791,0.0166480517299972,0.0127396525169253,-0.0094738722608405,-0.0126744783271054,0.0173661663755878,0.0160569687017307,0.0123451630126214,-0.0195655324145395,0.0286617548175632,0.00110626067608115,-0.0149066123635474,0.0170702158283479,0.035747497379022,-0.00319080021572941,-0.0323689303848333,0.0464825207350848,-0.00241012073294512,-0.00600456520435627,0.0229434259589822
-0.0158121662780136,0.029797808014347,-0.000494667399994522,0.0158407993633452,-0.000619170772533581,0.00709302651811401,-0.00103781063070089,0.0042561976214331,0.0185794558646409,-0.00248244594618371,-0.00868559646413296,0.00189398011031121,-0.00884705942414593,0.0159533587197007,-0.00763033598852765,-0.00236534747645099,0.0056140711376107,-0.0047207356548754,0.00444293993796535,0.00382126454902178,-0.00899880236201845,-0.00255883602881976,-0.00655324786838303,0.00285873957437437
0.0154837791962384,-0.000494667399994522,0.0709727705035274,0.00101427711806218,0.0026714775938229,0.00171659605599001,0.00217598757411872,-0.0116670594824549,-0.0078725496953632,0.00977267686447203,0.0174220179642051,0.023360545901523,0.0088481619668359,0.000897759146955418,0.0040071136902599,0.00677246636874025,0.00692943204846011,0.00144226937336604,-0.000256804299756556,-0.0111393750644314,0.0132677765149325,0.00465253377016915,-0.00638431772763039,-0.0128462193828446
-0.00556213435454761,0.0158407993633452,0.00101427711806218,0.0200560425861051,0.00576813389749781,-0.00281717636153076,0.000744479570430498,0.00204990624874984,0.0116597278834854,0.000371708505390284,-0.00156873073054354,0.000865037067783502,0.00228465967541037,0.0221426561293203,-0.00579327790391446,-0.00221252414881992,0.0128449945104314,-0.00147717849350898,0.00466060694421259,0.00298053232093879,-0.00334066101725121,-0.00206726989183886,-0.00800561909257647,0.00343319287837933
0.0611041009735791,-0.000619170772533581,0.0026714775938229,0.0057681338974978,0.170388779846756,0.00408684174111832,0.000351037676169573,0.0154375787468282,0.00432215122922901,0.00642305169225854,-0.0108004980193012,-0.0113427378262971,-0.00188331322095226,0.0434000224370535,0.0108709994139567,0.00451461280333049,0.0378566016683148,0.0303977670175384,-0.0165940339816909,-0.0165516313606734,0.0167179487434222,0.00152037051582104,-0.0127377811997672,0.0128539734705578
0.0166480517299972,0.00709302651811401,0.00171659605599001,-0.00281717636153076,0.00408684174111832,0.0865531006809861,0.00470343766027874,0.0160957050724147,-0.00123139977639357,0.00962336368366049,-0.0198106352242103,0.00755942837479636,0.00157997636299295,0.00729925949054503,-0.00379433763360251,-0.00966116205293352,-0.00107318057965152,-0.00858078497267184,0.00290552054098271,-0.0132065517732896,-0.000361262944382497,-0.0110346779283142,0.00161888460700807,0.022256836196956
0.0127396525169253,-0.00103781063070089,0.00217598757411872,0.000744479570430498,0.000351037676169573,0.00470343766027874,0.0521524533122563,7.51322197374581e-05,0.00358843088319338,0.000901948076174922,-0.000763499727427332,0.00466670912157494,0.0111785396146741,-0.000168877045586415,0.00830086073273902,0.0110472681480512,0.00801844406181691,-0.00651827169619613,0.00511082528463771,-0.0112580778803996,0.00551225799048249,-0.0018162356763421,-0.0120323278378835,0.0129926367395225
-0.0094738722608405,0.0042561976214331,-0.0116670594824549,0.00204990624874984,0.0154375787468282,0.0160957050724147,7.51322197374581e-05,0.128485319512199,0.0459448100996445,0.0153552489673619,-0.00718096852481389,-0.000370707256894911,0.000169346444386384,0.0120435270801855,-0.00265019871380307,-0.00354784410381123,0.00234002678266819,0.0290982918145509,-0.00941430613737807,0.0263123696124301,-0.0516967435279827,-0.00292246464411926,-0.00287666549583449,0.00731025026614496
-0.0126744783271054,0.0185794558646409,-0.0078725496953632,0.0116597278834854,0.00432215122922901,-0.00123139977639357,0.00358843088319338,0.0459448100996445,0.126435191460657,0.00214857490252293,-0.0159120139819019,-0.000322801589108554,-0.0141145420630967,0.0413265337267455,-0.00799382822173097,0.0085220442763021,0.0160224546512847,0.0188459391667656,-0.000954476548724494,0.00377175222072969,-0.0551825160036856,0.000862890019137026,-0.0157578676286749,0.000323592148997085
0.0173661663755878,-0.00248244594618371,0.00977267686447203,0.000371708505390284,0.00642305169225854,0.00962336368366049,0.000901948076174922,0.0153552489673619,0.00214857490252293,0.0451932829298314,-0.010321781243237,0.0103115108760004,0.00745102485327114,0.00978660415944473,-0.000874986533352056,0.0155439350565993,-0.00328042129235947,0.00275603754207526,-0.00174029459224313,-0.0259056764142172,0.00155068832385134,0.00304554617042584,0.00662121662181636,-0.0142634291207375
0.0160569687017307,-0.00868559646413296,0.0174220179642051,-0.00156873073054354,-0.0108004980193012,-0.0198106352242103,-0.000763499727427333,-0.00718096852481389,-0.0159120139819019,-0.010321781243237,0.111778768148923,-0.00795961008573465,-0.0125917346697213,-0.018656232130874,0.00516499505043494,0.000726088777628517,0.000318510736159445,-0.00272970167684593,-0.00193267249687559,0.00304167829031625,0.023320714471334,-0.00533181901368591,0.00630481752140921,0.00505260562123602
0.0123451630126214,0.00189398011031121,0.023360545901523,0.000865037067783502,-0.0113427378262971,0.00755942837479636,0.00466670912157494,-0.000370707256894911,-0.000322801589108554,0.0103115108760004,-0.00795961008573465,0.0392602301716713,0.0116587365173349,0.0118595826000821,-0.00122294282079397,-0.00430847816863637,0.00263275773399895,-0.000524730446976144,-0.000582218403749885,-0.0107919305015995,-0.00288460779793758,0.00640249281439566,-0.00225583624114498,-0.0123016321821415
-0.0195655324145395,-0.00884705942414593,0.0088481619668359,0.00228465967541037,-0.00188331322095226,0.00157997636299295,0.0111785396146741,0.000169346444386384,-0.0141145420630967,0.00745102485327114,-0.0125917346697213,0.0116587365173349,0.163354383985126,-0.00110582300054902,0.00817462368543041,0.0124923687810441,0.0343992984044466,-0.0150724162954941,-0.00125052014021771,-0.0137656950793869,0.00684761251205698,-0.00204530899147244,0.0247722140726212,-0.0357238184441678
0.0286617548175632,0.0159533587197007,0.000897759146955418,0.0221426561293203,0.0434000224370535,0.00729925949054503,-0.000168877045586415,0.0120435270801855,0.0413265337267455,0.00978660415944473,-0.0186562321308739,0.0118595826000821,-0.00110582300054902,0.245318261577882,-0.00950830873308458,-0.0307612493561348,0.013432490912285,-0.0105546344356841,-0.000459950223233919,0.00647611843374011,-0.00765872981063374,-0.00571396273351249,-0.0476526960975423,-0.00509791778378359
0.00110626067608115,-0.00763033598852765,0.0040071136902599,-0.00579327790391446,0.0108709994139567,-0.00379433763360251,0.00830086073273902,-0.00265019871380307,-0.00799382822173097,-0.000874986533352056,0.00516499505043494,-0.00122294282079397,0.00817462368543041,-0.00950830873308458,0.0449695497860201,0.017097277973918,-0.0108350102326313,-0.00883314328999299,0.00313167486354568,-0.0102541474458532,0.0144741728850507,0.00403352767168678,0.0109616667791201,-0.00167700820194108
-0.0149066123635474,-0.00236534747645099,0.00677246636874025,-0.00221252414881992,0.00451461280333049,-0.00966116205293352,0.0110472681480512,-0.00354784410381123,0.0085220442763021,0.0155439350565993,0.000726088777628517,-0.00430847816863637,0.0124923687810441,-0.0307612493561348,0.017097277973918,0.185103991401866,-0.0241907763198051,0.0209875649716467,1.97964872658069e-05,-0.0133881347096424,0.0128801194872223,0.0071472196601089,-0.00367858834382108,-0.0218323074455291
0.0170702158283479,0.0056140711376107,0.00692943204846011,0.0128449945104314,0.0378566016683148,-0.00107318057965152,0.00801844406181691,0.00234002678266819,0.0160224546512847,-0.00328042129235947,0.000318510736159445,0.00263275773399895,0.0343992984044466,0.013432490912285,-0.0108350102326313,-0.0241907763198051,0.0831856645260028,0.00854507651188921,-0.0100442864184642,0.00377402665110628,-0.00891898454367227,0.00779188924433883,-0.0207262280855145,0.0162625665977481
0.035747497379022,-0.0047207356548754,0.00144226937336604,-0.00147717849350898,0.0303977670175384,-0.00858078497267184,-0.00651827169619613,0.0290982918145509,0.0188459391667656,0.00275603754207526,-0.00272970167684593,-0.000524730446976144,-0.0150724162954941,-0.0105546344356841,-0.00883314328999299,0.0209875649716467,0.00854507651188921,0.109174165028435,-0.0500146380975594,-0.0077295040210194,-0.00272806528644577,0.00345415639765376,-0.0133047471687325,0.000649762372699397
-0.00319080021572941,0.00444293993796535,-0.000256804299756556,0.00466060694421259,-0.0165940339816909,0.00290552054098271,0.00511082528463771,-0.00941430613737807,-0.000954476548724494,-0.00174029459224313,-0.00193267249687559,-0.000582218403749885,-0.00125052014021771,-0.000459950223233919,0.00313167486354568,1.97964872658069e-05,-0.0100442864184642,-0.0500146380975594,0.0588969645532981,0.00882185658730832,-0.0046003651240273,-0.000270560978461391,0.00107439298184564,-0.0064038367696243
-0.0323689303848333,0.00382126454902178,-0.0111393750644314,0.00298053232093879,-0.0165516313606734,-0.0132065517732896,-0.0112580778803996,0.0263123696124301,0.00377175222072969,-0.0259056764142172,0.00304167829031625,-0.0107919305015995,-0.0137656950793869,0.00647611843374011,-0.0102541474458532,-0.0133881347096424,0.00377402665110628,-0.0077295040210194,0.00882185658730832,0.160830814726669,-0.142919592950329,0.00494536438219607,-0.00536422900738272,0.00597058549740935
0.0464825207350848,-0.00899880236201845,0.0132677765149325,-0.00334066101725121,0.0167179487434222,-0.000361262944382497,0.00551225799048249,-0.0516967435279827,-0.0551825160036856,0.00155068832385134,0.023320714471334,-0.00288460779793758,0.00684761251205698,-0.00765872981063374,0.0144741728850507,0.0128801194872223,-0.00891898454367227,-0.00272806528644577,-0.0046003651240273,-0.142919592950329,0.213777680218616,-0.0128135431227951,0.0149241121177464,-0.0132530590676148
-0.00241012073294512,-0.00255883602881976,0.00465253377016915,-0.00206726989183886,0.00152037051582104,-0.0110346779283142,-0.0018162356763421,-0.00292246464411926,0.000862890019137026,0.00304554617042584,-0.00533181901368591,0.00640249281439566,-0.00204530899147244,-0.00571396273351249,0.00403352767168678,0.0071472196601089,0.00779188924433883,0.00345415639765376,-0.000270560978461391,0.00494536438219607,-0.0128135431227951,0.0219582868798058,-0.00268496784165311,-0.00849281385295217
-0.00600456520435627,-0.00655324786838303,-0.00638431772763039,-0.00800561909257647,-0.0127377811997672,0.00161888460700807,-0.0120323278378835,-0.00287666549583449,-0.0157578676286749,0.00662121662181636,0.00630481752140921,-0.00225583624114498,0.0247722140726212,-0.0476526960975423,0.0109616667791201,-0.00367858834382108,-0.0207262280855145,-0.0133047471687325,0.00107439298184564,-0.00536422900738272,0.0149241121177465,-0.00268496784165311,0.16187765244925,-0.138358237525861
0.0229434259589822,0.00285873957437437,-0.0128462193828446,0.00343319287837933,0.0128539734705578,0.022256836196956,0.0129926367395225,0.00731025026614496,0.000323592148997085,-0.0142634291207375,0.00505260562123602,-0.0123016321821415,-0.0357238184441678,-0.00509791778378359,-0.00167700820194108,-0.0218323074455291,0.0162625665977481,0.000649762372699397,-0.0064038367696243,0.00597058549740935,-0.0132530590676148,-0.00849281385295217,-0.138358237525861,0.222951788574082
