0.0552960069140171,0.00511177501820279,0.0332982413032867,0.00573329576218574,0.030826700704495,-0.013176636773797,0.0172647056652305,0.000324588012265775,0.0179796324983288,-0.0107141517756803,0.0167974201024101,-0.000883991570761306,0.0168053582201633,-0.00201180044149102,0.0171758086327038,0.00127051337610893,-0.00202565098345108
0.00511177501820279,0.107685341337331,0.00812916421545914,0.0703416339960446,0.0182734435195684,0.0586208258579668,0.00847856263765848,0.0604121293827296,0.0207704496459467,0.0285190523091123,0.0361749908932644,0.0484626182424491,-0.00322532704289474,0.0413236835441682,0.0223977641422608,0.0277389978515837,-0.00840968030675709
0.0332982413032867,0.00812916421545914,0.061746751518386,0.00937660385629757,0.0338164220166817,-0.00257081358770629,0.0228230651979365,0.00416000140612855,0.0215199745610217,-0.00232682453407502,0.0310460544964552,-0.0145472323314372,0.0328790421621562,-0.0138777242624859,0.0202499614351821,-0.00648317440444998,0.014034938331182
0.00573329576218574,0.0703416339960446,0.00937660385629757,0.0962866879447513,0.0133091080972315,0.0582962992583636,0.0116095545882275,0.0566596911854916,0.0267326536283054,0.0283252784264169,0.0177989716747971,0.0358842356121752,0.00664070220051782,0.0507744703425343,0.0187899515778416,0.0441056227861924,-0.00656359866184093
0.030826700704495,0.0182734435195684,0.0338164220166817,0.0133091080972315,0.0640025175702968,0.0142800345631118,0.0347303378696953,0.00668711421367966,0.0286974711594553,0.00578084436104131,0.0308593244417897,-0.0129742471094549,0.0196859175746642,-0.007791351892759,0.0111077455556674,-0.00809335674734608,0.00245389659055657
-0.013176636773797,0.0586208258579668,-0.00257081358770629,0.0582962992583636,0.0142800345631118,0.0865255915612336,-0.00757865023607552,0.0362295314901806,0.0179870413022932,0.0336690980012674,0.0125232238836498,0.0314680744825753,0.00379110668323329,0.0373176022585939,0.0208991957105333,0.0245898004607478,0.000881132292543687
0.0172647056652305,0.00847856263765848,0.0228230651979365,0.0116095545882275,0.0347303378696953,-0.00757865023607552,0.0738986118566934,-0.00488877863325699,0.0416939630799889,-0.000467017716918576,0.027529878079073,-0.017577046021495,0.026524882708747,-0.004159187327772,-0.00628931943619174,-0.0104832533799047,0.0116676570615247
0.000324588012265775,0.0604121293827296,0.00416000140612855,0.0566596911854916,0.00668711421367966,0.0362295314901806,-0.00488877863325699,0.0914207391134642,0.00569795145596566,0.0300350002769387,0.0223589777922839,0.0649174810430559,-0.0132905147635145,0.0462207847887056,0.00988932656076797,0.0299389900098797,0.0101735953467186
0.0179796324983288,0.0207704496459467,0.0215199745610217,0.0267326536283054,0.0286974711594553,0.0179870413022932,0.0416939630799889,0.00569795145596566,0.0623620740817331,0.003840345522587,0.0292958296265779,-0.00191964746168233,0.015845720172115,0.00248136293519268,0.00891565762105164,-0.000615815619844985,0.000222077022408765
-0.0107141517756803,0.0285190523091123,-0.00232682453407502,0.0283252784264169,0.00578084436104131,0.0336690980012674,-0.000467017716918576,0.0300350002769387,0.003840345522587,0.051536179724368,0.00410675674581436,0.0250378521771585,0.00608708795460141,0.0258879449003026,0.00158163462672426,0.0225967857097738,-0.0065719592052184
0.0167974201024101,0.0361749908932644,0.0310460544964552,0.0177989716747971,0.0308593244417897,0.0125232238836498,0.027529878079073,0.0223589777922839,0.0292958296265779,0.00410675674581436,0.0680429945853323,0.00143146804309906,0.0269015840625078,-0.00194203935461247,0.0381138954824376,-0.0115505255987126,0.0247209371969183
-0.000883991570761306,0.0484626182424491,-0.0145472323314372,0.0358842356121752,-0.0129742471094549,0.0314680744825753,-0.017577046021495,0.0649174810430559,-0.00191964746168233,0.0250378521771585,0.00143146804309906,0.0800435387560252,-0.0237149316324377,0.0478399656552805,0.00552508323561623,0.0389316931374101,0.00102563592067544
0.0168053582201633,-0.00322532704289474,0.0328790421621562,0.00664070220051782,0.0196859175746642,0.00379110668323329,0.026524882708747,-0.0132905147635145,0.015845720172115,0.00608708795460141,0.0269015840625078,-0.0237149316324377,0.0669764644803339,-0.0159022963415147,0.0295186809941392,-0.0215483936403028,0.0266218448049809
-0.00201180044149102,0.0413236835441682,-0.0138777242624859,0.0507744703425343,-0.007791351892759,0.0373176022585938,-0.004159187327772,0.0462207847887056,0.00248136293519268,0.0258879449003026,-0.00194203935461247,0.0478399656552805,-0.0159022963415147,0.0740203417170457,0.00820085193094269,0.0480398472597222,-0.0120929299471916
0.0171758086327038,0.0223977641422608,0.0202499614351821,0.0187899515778416,0.0111077455556674,0.0208991957105333,-0.00628931943619174,0.00988932656076797,0.00891565762105164,0.00158163462672426,0.0381138954824376,0.00552508323561623,0.0295186809941392,0.00820085193094269,0.0653345479589436,-0.00109462495327829,0.0304129184334269
0.00127051337610893,0.0277389978515837,-0.00648317440444998,0.0441056227861924,-0.00809335674734608,0.0245898004607478,-0.0104832533799047,0.0299389900098797,-0.000615815619844985,0.0225967857097738,-0.0115505255987126,0.0389316931374101,-0.0215483936403028,0.0480398472597222,-0.00109462495327829,0.0598853762071708,-0.0142549706270501
-0.00202565098345108,-0.00840968030675709,0.014034938331182,-0.00656359866184093,0.00245389659055657,0.000881132292543687,0.0116676570615247,0.0101735953467186,0.000222077022408765,-0.0065719592052184,0.0247209371969183,0.00102563592067544,0.0266218448049809,-0.0120929299471916,0.0304129184334269,-0.0142549706270501,0.0590697797454312
