0.0467203630358032,-0.00246447740567661,0.0134305782860431,-0.0106387555327491,-0.0130984852085937,0.00239394941668788,-0.0101160835230953,0.028916156608556
-0.00246447740567661,0.0292702632415203,0.00794564676718872,0.00339891655167768,0.00670240742392457,0.0108116628357637,0.0128017431248385,-0.00280913631454902
0.0134305782860431,0.00794564676718872,0.020114694180266,-0.00892254612661102,0.00397830733055526,0.00174187976721531,0.00988474312790171,0.00414647141626542
-0.0106387555327491,0.00339891655167768,-0.00892254612661102,0.028749730249757,0.00821349833030937,0.00990373889166724,0.00610736915648319,-0.00397193584428005
-0.0130984852085937,0.00670240742392457,0.00397830733055526,0.00821349833030937,0.0155804843159801,0.00407861914896813,0.0141556958457672,-0.00309319408031599
0.00239394941668788,0.0108116628357637,0.00174187976721531,0.00990373889166724,0.00407861914896813,0.0148608072270225,0.0114347482066317,0.000567307817738387
-0.0101160835230953,0.0128017431248385,0.00988474312790171,0.00610736915648319,0.0141556958457672,0.0114347482066317,0.0240964073838901,-0.00846266370443815
0.028916156608556,-0.00280913631454902,0.00414647141626542,-0.00397193584428005,-0.00309319408031599,0.000567307817738387,-0.00846266370443815,0.0281714913205562
