0.183673954118778,0.00932564532332028,0.00797673590103146,-0.00970054683706909,0.020553402451918,0.0351122942768182,-0.00495611734476707,-0.00437664545611757,-0.00492433778379513,-0.00184781416828508,-0.0355036658607992,0.0155700047472024,0.00126577401205931,0.0384358238717796,-0.00701022917924441,0.00363499037330676,-0.0327339332436498,0.013595739542595,0.0176672345155053,-0.0117113005022482,0.0392820860964657,-0.00954869790531904,-0.0020364513827303,-0.0309787866658208
0.00932564532332028,0.0360581652584605,-0.0136319206735469,0.0200355062994384,0.000732252124348216,0.0104777711672588,0.00820652155885522,-0.00832991103538162,-0.00177676562899623,0.00203156946282007,-0.00340635528448681,-0.00175105028580896,-0.00607774587631272,0.00718729531308945,0.00204597259212802,0.0138869748211456,0.00147229255613653,-0.000349787544244254,-0.000247640095109316,0.00142121938859891,-0.00369053588862551,-0.00635219583954388,-0.00838765549669793,0.015497963152809
0.00797673590103146,-0.0136319206735469,0.074988912739769,-0.00591833711959883,0.0115860848876967,0.0184195151349441,0.0144795563386239,0.0148387839785034,-0.00108497606662142,-0.00174951547855207,0.0408226880316187,0.0233084818844714,0.0137775518130635,0.0272394115720821,-0.0110680498653727,0.00198780105210459,-0.010854271412208,0.00431335809034486,-0.00140677443747236,-0.0194978083170121,0.0251777498220096,0.00709684498917011,-0.0038351395950258,-0.00873768704519379
-0.00970054683706909,0.0200355062994384,-0.00591833711959883,0.0245841861286894,0.00443231394716914,-0.0016758707168472,-0.00426775666982564,0.00815254965633634,0.0190895793546005,0.00201616656122448,-0.0090702542505607,-0.000578541656728708,-0.00808949001272348,0.0142201026381747,-0.00457127859091854,0.00341230099122566,0.00927840152367356,-0.00238456142261803,0.00572061779892691,-0.0108078315262074,-0.00681902983460922,-0.000316223936462283,-0.00849652212441514,0.00486338511245759
0.020553402451918,0.000732252124348216,0.0115860848876967,0.00443231394716914,0.148708886737973,0.00921626273438602,-0.00158334841073962,0.00658281564453795,0.00309855716354794,0.0180141141354856,-0.0268382411428414,0.00772124037277517,-0.0107752271864076,0.0818690532094527,-0.00283191209064411,-0.00379578048835135,0.0242372721954692,0.0299270598798196,-0.0102737952324034,0.00549175565272529,0.0048812739686807,0.0209642014461008,-0.00069051832669586,-0.0151384960055554
0.0351122942768182,0.0104777711672588,0.0184195151349441,-0.0016758707168472,0.00921626273438602,0.1064953191831,-0.00180153017764354,0.0271267761211075,-0.00374561656567899,-0.00451967741742734,0.00476852627395614,0.0162309799009702,0.027687411053276,0.0221545155383747,-0.00757545647913514,0.0214422575088902,0.00376626287257308,0.00239470407462356,-0.00104805778693193,-0.0136576300872288,0.0643721361235854,-0.0151917914311652,-0.029864298442076,0.0256314307863217
-0.00495611734476707,0.00820652155885522,0.0144795563386239,-0.00426775666982564,-0.00158334841073962,-0.00180153017764354,0.0698187535070124,-0.0150736383417973,-0.00348281941023833,0.0073871296322798,0.00186143872434587,0.0106200700604402,-0.00224801697729803,0.00511023508849626,-0.00306909519633778,0.0257811529309222,-0.0365264127925706,-0.0225693083250344,0.00114003504987829,-0.000441116399527617,-0.00423599026262516,-0.0218701660228972,0.0203153152606764,-0.0102354119702461
-0.00437664545611757,-0.00832991103538162,0.0148387839785034,0.00815254965633634,0.00658281564453795,0.0271267761211075,-0.0150736383417973,0.132093519872137,0.00648244582833875,-0.000974020030467151,0.014752350865032,-0.000116509092343267,0.0146664206569213,0.0051145235409888,-0.00459497248074942,-0.0151069145170125,0.013152977897412,-0.00506436520243393,0.00121966456640681,0.00903736679710459,-0.06042896090648,-0.0141197768110503,-0.00959707720375837,-0.000121781090334635
-0.00492433778379513,-0.00177676562899623,-0.00108497606662142,0.0190895793546005,0.00309855716354794,-0.00374561656567899,-0.00348281941023833,0.00648244582833875,0.104090660542991,-0.0176492766819278,-0.015240363117522,-0.00158733184742623,0.0138733413817349,0.0457338791541644,-0.00207575447834084,0.00574267466884023,-0.00318542049576781,0.000684323797469001,0.0154048748885729,-0.0179312801014652,-0.0245400874677974,-0.000160772564490544,-0.0214107490383482,4.3447897870125e-05
-0.00184781416828508,0.00203156946282007,-0.00174951547855207,0.00201616656122448,0.0180141141354856,-0.00451967741742734,0.0073871296322798,-0.000974020030467151,-0.0176492766819278,0.048535074924183,-0.0124398449352984,0.00114449711414116,-0.00766198396277052,0.040107823883761,0.000111512491534349,0.0220205529790062,0.0127861121923925,0.00104760886183925,-0.000660113113067893,-0.00290271575184241,-0.00253342395266213,-0.00427543435218603,0.00127994982818682,-0.0104037651438032
-0.0355036658607992,-0.00340635528448681,0.0408226880316187,-0.0090702542505607,-0.0268382411428414,0.00476852627395614,0.00186143872434587,0.014752350865032,-0.015240363117522,-0.0124398449352984,0.148132266885934,-0.00818203920673908,0.00962172486176316,0.00159492534724636,-0.0142581811780155,0.0377314193021215,-0.0156861333601545,-0.0143586373642885,-0.0188817898724693,0.0234697706141093,-0.0116929077171835,0.0053946019144117,-0.00678370741097342,0.0242949290893082
0.0155700047472024,-0.00175105028580896,0.0233084818844714,-0.000578541656728708,0.00772124037277517,0.0162309799009702,0.0106200700604402,-0.000116509092343267,-0.00158733184742623,0.00114449711414116,-0.00818203920673908,0.0288465230720181,0.0237002904893572,0.00708222240824636,-0.00607648177342626,0.0146832775316188,-0.00297857563078252,0.00851968487304781,-0.000726678228063581,-0.0167618351961409,0.0161572338873294,-0.00803433165183186,-0.00630737950289665,-0.0169452675734179
0.00126577401205931,-0.00607774587631272,0.0137775518130635,-0.00808949001272348,-0.0107752271864076,0.027687411053276,-0.00224801697729803,0.0146664206569213,0.0138733413817349,-0.00766198396277052,0.00962172486176316,0.0237002904893572,0.123331239801004,-0.0350003931014651,0.00363290153024762,0.0273080692828416,0.00364015646698722,0.0139283904595551,-0.0026855919305927,-0.00732288312529791,-0.00116536826128788,0.00220783405817035,-0.00103138759602682,-0.0339734050953775
0.0384358238717796,0.00718729531308945,0.0272394115720821,0.0142201026381747,0.0818690532094527,0.0221545155383747,0.00511023508849626,0.0051145235409888,0.0457338791541644,0.040107823883761,0.00159492534724635,0.00708222240824636,-0.0350003931014651,0.250716374276982,-0.0187215569243878,-0.0400807852970791,0.00573906190121634,0.0181555647782886,-0.000424120636902366,0.00619851110566239,0.00775750226570288,-0.0152106493992473,-0.0157755282024396,-0.0335625633490937
-0.00701022917924441,0.00204597259212802,-0.0110680498653727,-0.00457127859091854,-0.00283191209064411,-0.00757545647913515,-0.00306909519633778,-0.00459497248074942,-0.00207575447834084,0.000111512491534349,-0.0142581811780155,-0.00607648177342626,0.00363290153024762,-0.0187215569243878,0.0416325386581606,0.00311729117995092,0.0100815030624301,0.00414136433992068,-0.00493870724211748,-0.00426487674410254,-0.0305626245064472,0.00865067469299483,0.0226407791893525,0.00575338199665872
0.00363499037330676,0.0138869748211456,0.00198780105210459,0.00341230099122566,-0.00379578048835135,0.0214422575088902,0.0257811529309222,-0.0151069145170125,0.00574267466884023,0.0220205529790062,0.0377314193021215,0.0146832775316188,0.0273080692828416,-0.0400807852970791,0.00311729117995092,0.202464717534536,-0.0266395887814094,-0.00662172262080363,0.00582979294901377,-0.0246345983957105,0.0216728011341436,-0.00101070289151265,-0.0040474329408766,-0.0171008971404636
-0.0327339332436498,0.00147229255613653,-0.010854271412208,0.00927840152367356,0.0242372721954692,0.00376626287257308,-0.0365264127925706,0.013152977897412,-0.00318542049576781,0.0127861121923925,-0.0156861333601545,-0.00297857563078252,0.00364015646698722,0.00573906190121634,0.0100815030624301,-0.0266395887814094,0.0874630405387443,0.0284280296418408,-0.0304067101065771,-0.00354412695866023,-0.0281256369033646,0.0177086222559983,-0.0172506229884118,-0.000787926246281599
0.013595739542595,-0.000349787544244254,0.00431335809034486,-0.00238456142261803,0.0299270598798196,0.00239470407462356,-0.0225693083250344,-0.00506436520243393,0.000684323797469001,0.00104760886183925,-0.0143586373642885,0.00851968487304781,0.0139283904595551,0.0181555647782886,0.00414136433992068,-0.00662172262080363,0.0284280296418408,0.0800781420508987,-0.026896548831605,0.0105609824561453,-0.00190577661765735,0.00351255818957312,-0.0126518425019857,0.00598124431048307
0.0176672345155053,-0.000247640095109316,-0.00140677443747236,0.00572061779892691,-0.0102737952324034,-0.00104805778693193,0.00114003504987829,0.00121966456640681,0.0154048748885729,-0.000660113113067893,-0.0188817898724693,-0.000726678228063581,-0.0026855919305927,-0.000424120636902366,-0.00493870724211748,0.00582979294901377,-0.0304067101065771,-0.026896548831605,0.0294686806626444,-0.00740349454888451,0.014072916612868,0.000159635494531608,0.00554744612685961,-0.0137010573336097
-0.0117113005022482,0.00142121938859891,-0.0194978083170121,-0.0108078315262074,0.00549175565272529,-0.0136576300872288,-0.000441116399527617,0.00903736679710459,-0.0179312801014652,-0.00290271575184241,0.0234697706141093,-0.0167618351961409,-0.00732288312529791,0.00619851110566239,-0.00426487674410254,-0.0246345983957105,-0.00354412695866023,0.0105609824561453,-0.00740349454888451,0.143737035690249,-0.110573691154169,-0.00365571096936369,0.0247398941633361,-0.0453992402699342
0.0392820860964657,-0.00369053588862551,0.0251777498220096,-0.00681902983460921,0.0048812739686807,0.0643721361235854,-0.00423599026262516,-0.06042896090648,-0.0245400874677974,-0.00253342395266213,-0.0116929077171835,0.0161572338873294,-0.00116536826128788,0.00775750226570288,-0.0305626245064472,0.0216728011341436,-0.0281256369033646,-0.00190577661765735,0.014072916612868,-0.110573691154169,0.21866512968755,0.00433166092748757,-0.0213735139238931,0.0403420568568834
-0.00954869790531904,-0.00635219583954388,0.00709684498917011,-0.000316223936462283,0.0209642014461008,-0.0151917914311652,-0.0218701660228972,-0.0141197768110503,-0.000160772564490544,-0.00427543435218603,0.0053946019144117,-0.00803433165183186,0.00220783405817035,-0.0152106493992473,0.00865067469299483,-0.00101070289151265,0.0177086222559983,0.00351255818957312,0.000159635494531608,-0.00365571096936369,0.00433166092748757,0.0326051027388885,0.0147764511812056,-0.0205267139436888
-0.0020364513827303,-0.00838765549669793,-0.0038351395950258,-0.00849652212441514,-0.00069051832669586,-0.029864298442076,0.0203153152606764,-0.00959707720375836,-0.0214107490383482,0.00127994982818682,-0.00678370741097342,-0.00630737950289665,-0.00103138759602682,-0.0157755282024396,0.0226407791893525,-0.0040474329408766,-0.0172506229884118,-0.0126518425019857,0.00554744612685961,0.0247398941633361,-0.0213735139238931,0.0147764511812056,0.161340075610852,-0.138464253510939
-0.0309787866658208,0.015497963152809,-0.00873768704519379,0.00486338511245759,-0.0151384960055554,0.0256314307863217,-0.0102354119702461,-0.000121781090334635,4.3447897870125e-05,-0.0104037651438032,0.0242949290893082,-0.0169452675734179,-0.0339734050953775,-0.0335625633490937,0.00575338199665872,-0.0171008971404636,-0.000787926246281599,0.00598124431048307,-0.0137010573336097,-0.0453992402699342,0.0403420568568834,-0.0205267139436888,-0.138464253510939,0.237346522462119
