0.0593621109268646,0.0247861092301693,0.0356256926818319,-0.0044712031492148,-0.0101187454760004,-0.00286535395470917,-0.00456177366161344,-0.00326083845852254,-0.00592261551131655,-0.00450968711573143,-0.00693840327980183,-0.00474185375067761,-0.00436244574212116,-0.00671088947464442,-0.000679508705189543,0.00134555585981148,-0.0257582741570622,-0.041480394229813,-0.0170759873632227,-0.018841166064015,0.00178604824956718,-0.00725771334046279
0.0247861092301693,0.0363978903040412,0.0198263763432392,-0.00378769063379588,0.0017278244566621,-0.00129559517309888,-0.00071084475007964,-0.0016338175867075,-0.0025758766588031,-0.00228947761005919,-0.00314749059001364,0.00393246549028741,-0.000341350470888864,-0.00315047451696593,0.000429962097977859,0.00189251545279654,-0.00880534400795886,-0.00826024867567429,0.00382677385917061,0.00854709760895675,-0.00547631105367071,0.00595101461978157
0.0356256926818319,0.0198263763432392,0.0681918521422227,-0.0125574259041092,-0.0106108305490589,-0.00983522471582291,-0.00964988646378121,-0.0100710358673671,-0.00702931149493886,-0.00654314755098691,-0.00742720382374902,-0.0040209743647406,-0.00458630990672518,-0.00797865429957924,-0.0104101162667861,0.00969291802414093,-0.031228557679364,0.00256820353135539,-0.028645468030072,-0.014326797705576,-0.0304078516547473,-0.0183210580491864
-0.0044712031492148,-0.00378769063379588,-0.0125574259041092,0.00815665984226205,0.00587498844251243,0.00703243372080141,0.00668217137129242,0.00706615076322921,0.00672235715839634,0.00667971528120045,0.00874786937354088,0.00678660065305026,0.00377027224768846,0.00854128465862459,0.00750438361329873,-0.00756921559934907,0.00657228411852709,0.00208526852992318,0.00806506118287168,0.00411610750191542,0.00763117240578436,0.00898821261390201
-0.0101187454760004,0.0017278244566621,-0.0106108305490589,0.00587498844251243,0.00811718992725354,0.00563957278816101,0.00646717912075317,0.00569314385540697,0.0057635418107223,0.00510587698460629,0.00706364136576598,0.00713421314458504,0.00365784719869049,0.00691934243138248,0.00555329512044371,-0.00594656892977947,0.0104161137684362,0.0101406543212566,0.0126326998754016,0.0115438173112517,0.0024678371241305,0.0111235381023658
-0.00286535395470917,-0.00129559517309888,-0.00983522471582291,0.00703243372080141,0.00563957278816101,0.00665152097412548,0.0059833377509911,0.00666989442567109,0.00668810064867147,0.00650988516788497,0.00856502575004509,0.00667398213053461,0.00377212903842878,0.00842593115476925,0.00651707580444898,-0.00676203955679417,0.00871002634601978,0.0018488445432332,0.00765977292326412,0.00423033299715832,0.00564766016890835,0.00805419995186562
-0.00456177366161344,-0.00071084475007964,-0.00964988646378121,0.00668217137129242,0.00646717912075317,0.0059833377509911,0.00663171747238203,0.00601893452014084,0.00649000331334387,0.00594670649133451,0.00805321805353279,0.00714702159902714,0.00380675303471629,0.0078947578630623,0.00632819592448294,-0.00751397145104789,0.00704526850873874,0.00465678700504197,0.0102665281408608,0.0070736172532058,0.00561545865747417,0.00997379855119378
-0.00326083845852254,-0.0016338175867075,-0.0100710358673671,0.00706615076322921,0.00569314385540697,0.00666989442567109,0.00601893452014084,0.00669444317922208,0.00663511782728515,0.00644868944892082,0.00848382185644415,0.00655263908941984,0.00372562800130099,0.00834953481486148,0.00646732770435839,-0.00676814091247245,0.00881452099740253,0.0021525954106249,0.00770178577311375,0.00430535009160251,0.00560474369924103,0.00806511135645384
-0.00592261551131655,-0.0025758766588031,-0.00702931149493886,0.00672235715839634,0.0057635418107223,0.00668810064867147,0.00649000331334387,0.00663511782728515,0.0201782559915487,0.0179683181820135,0.0252871816714423,0.020346610420664,0.0122465159467781,0.0248204376986046,0.00885362566758141,-0.0112726731196438,0.018311322195824,0.00860457284624323,0.0141121505507222,0.0107581461601599,0.00912011340864832,0.00946469875132993
-0.00450968711573143,-0.00228947761005919,-0.00654314755098691,0.00667971528120045,0.00510587698460629,0.00650988516788497,0.00594670649133451,0.00644868944892082,0.0179683181820135,0.0162952226489173,0.022731421748415,0.018284363771872,0.0109108389106071,0.0222685679420074,0.0086832902176177,-0.0103205778942998,0.016055625793491,0.00636673410465848,0.0115257551939249,0.008549004346457,0.00828400001771144,0.00833112381170793
-0.00693840327980183,-0.00314749059001364,-0.00742720382374902,0.00874786937354088,0.00706364136576598,0.00856502575004509,0.00805321805353279,0.00848382185644415,0.0252871816714423,0.022731421748415,0.0319912643681157,0.0257260060482581,0.0153294888240598,0.0313184568034933,0.0114279238647413,-0.0137127820904981,0.0212336374259987,0.0110593788630962,0.0163600347346827,0.012386286929844,0.0108816211438715,0.0113645627510148
-0.00474185375067761,0.00393246549028741,-0.0040209743647406,0.00678660065305026,0.00713421314458504,0.00667398213053461,0.00714702159902714,0.00655263908941984,0.020346610420664,0.018284363771872,0.0257260060482581,0.0228827554782936,0.0128671470890345,0.0250864296754921,0.0102585452643002,-0.0119343487149027,0.0167139696300966,0.00980160715461115,0.0158007149557451,0.014001260798442,0.00728249298668704,0.012028945232632
-0.00436244574212116,-0.000341350470888864,-0.00458630990672518,0.00377027224768846,0.00365784719869049,0.00377212903842878,0.00380675303471629,0.00372562800130099,0.0122465159467781,0.0109108389106071,0.0153294888240598,0.0128671470890345,0.00763019022935,0.0150280133114266,0.00547413020133165,-0.006824660323418,0.011795961967909,0.00543053420912549,0.00917186445440799,0.00748388620020019,0.0052142342295915,0.00608518726499806
-0.00671088947464442,-0.00315047451696593,-0.00797865429957924,0.00854128465862459,0.00691934243138248,0.00842593115476925,0.0078947578630623,0.00834953481486148,0.0248204376986046,0.0222685679420074,0.0313184568034933,0.0250864296754921,0.0150280133114266,0.0306954704770342,0.0111394627299754,-0.0135075029143215,0.0214580565400242,0.0103405542517023,0.0163942339078866,0.0122947845722331,0.0111109732359166,0.0112334264946807
-0.000679508705189543,0.000429962097977859,-0.0104101162667861,0.00750438361329873,0.00555329512044371,0.00651707580444898,0.00632819592448294,0.00646732770435839,0.00885362566758141,0.0086832902176177,0.0114279238647413,0.0102585452643002,0.00547413020133165,0.0111394627299754,0.00911430240059234,-0.00871506448321117,0.00954864091401139,-0.00245642551188159,0.00920557516343013,0.00589622545778539,0.00818060334384505,0.00991098864700482
0.00134555585981148,0.00189251545279654,0.00969291802414093,-0.00756921559934907,-0.00594656892977947,-0.00676203955679417,-0.00751397145104789,-0.00676814091247245,-0.0112726731196438,-0.0103205778942998,-0.0137127820904981,-0.0119343487149027,-0.006824660323418,-0.0135075029143215,-0.00871506448321117,0.0125630290510212,-0.0122733485969319,-0.000926015991701207,-0.0110524422526409,-0.00792882223482213,-0.00810758005080263,-0.0108060542751018
-0.0257582741570622,-0.00880534400795886,-0.031228557679364,0.00657228411852709,0.0104161137684362,0.00871002634601978,0.00704526850873874,0.00881452099740253,0.018311322195824,0.016055625793491,0.0212336374259987,0.0167139696300966,0.011795961967909,0.0214580565400242,0.00954864091401139,-0.0122733485969319,0.0607524104529261,0.00192699779469986,0.0221100108791091,0.0165499274406629,0.00517725808878997,0.0114229898870955
-0.041480394229813,-0.00826024867567429,0.00256820353135539,0.00208526852992318,0.0101406543212566,0.0018488445432332,0.00465678700504197,0.0021525954106249,0.00860457284624323,0.00636673410465848,0.0110593788630962,0.00980160715461115,0.00543053420912549,0.0103405542517023,-0.00245642551188159,-0.000926015991701207,0.00192699779469986,0.06046672175656,0.010882961254341,0.0232229345369719,-0.015630764343783,0.00654423422312832
-0.0170759873632227,0.00382677385917061,-0.028645468030072,0.00806506118287168,0.0126326998754016,0.00765977292326412,0.0102665281408608,0.00770178577311376,0.0141121505507222,0.0115257551939249,0.0163600347346827,0.0158007149557451,0.00917186445440799,0.0163942339078866,0.00920557516343013,-0.0110524422526409,0.0221100108791091,0.010882961254341,0.0311437360288421,0.0246192730734346,0.0160357012606598,0.0216898753817081
-0.018841166064015,0.00854709760895675,-0.014326797705576,0.00411610750191542,0.0115438173112517,0.00423033299715832,0.0070736172532058,0.00430535009160251,0.0107581461601599,0.008549004346457,0.012386286929844,0.014001260798442,0.00748388620020019,0.0122947845722331,0.00589622545778539,-0.00792882223482213,0.0165499274406629,0.0232229345369719,0.0246192730734346,0.0317296324889623,0.00327667606813007,0.0184742589876126
0.00178604824956718,-0.00547631105367071,-0.0304078516547473,0.00763117240578436,0.0024678371241305,0.00564766016890835,0.00561545865747417,0.00560474369924103,0.00912011340864832,0.00828400001771144,0.0108816211438715,0.00728249298668704,0.0052142342295915,0.0111109732359166,0.00818060334384505,-0.00810758005080263,0.00517725808878997,-0.015630764343783,0.0160357012606598,0.00327667606813007,0.0280898213807546,0.0109988136451683
-0.00725771334046279,0.00595101461978157,-0.0183210580491864,0.008988212613902,0.0111235381023658,0.00805419995186562,0.00997379855119378,0.00806511135645384,0.00946469875132993,0.00833112381170793,0.0113645627510148,0.012028945232632,0.00608518726499806,0.0112334264946807,0.00991098864700482,-0.0108060542751018,0.0114229898870955,0.00654423422312832,0.0216898753817081,0.0184742589876126,0.0109988136451683,0.0191967884400123
