0.0481001382814917,0.0318563500224738,0.0438923560647928,0.00136421894141188,-0.00579620484062791,0.00386868621566248,0.00339024654332225,0.00325859632228916,0.00434584403933227,0.00512867245956099,0.00339584052228664,0.00524102046575738,0.00415868919738691,0.00339673971805785,0.000617479249493862,-0.00132597589929381,-0.0223708507337656,-0.0136626450130973,-0.0132992816347839,-0.00276047443007824,0.0116085835591396,-0.00914624098127012
0.0318563500224738,0.0624652156011787,0.0192321595574802,0.019149101222456,0.0110884763452208,0.018639775516756,0.0196839316643315,0.0167499631232709,0.0167233833354389,0.0184169653794625,0.0167029298005462,0.0157467941974516,0.0115479322639539,0.0167240197623944,0.0079361005337149,-0.011283851482128,-0.00949728355507714,-0.00679129581904673,0.0114338660729859,0.00877730818349498,0.0145039786454983,0.0126846104596255
0.0438923560647928,0.0192321595574802,0.0672521059082168,0.00549515984625257,-0.00316021583746419,0.00742169570005747,0.00764392074209042,0.00627446007369466,0.00234393414937989,0.00435268849376013,0.000442215110608577,0.00419373871888601,0.0031755347870918,0.000432528742351034,0.00123843044927705,0.00417986411988236,-0.0376918119771488,-0.00695018013429525,-0.0129909707791909,-0.0103331746319298,0.0051645404579338,-0.00901389789114937
0.00136421894141188,0.019149101222456,0.00549515984625257,0.0387228392025123,0.0309792570993832,0.0369181921568808,0.0353194072764035,0.0347025478755845,0.0333892283756302,0.0327847916157608,0.0364682895537853,0.0300676840093446,0.0218567060675172,0.0364871533764977,0.0197152805666915,-0.035392635810384,0.0130468043806709,0.0205818254578528,0.0298644558661921,0.0136598174574566,0.0232955121905568,0.0307536035051571
-0.00579620484062791,0.0110884763452208,-0.00316021583746419,0.0309792570993832,0.0266305361326623,0.0291735391392776,0.0276332503898313,0.0275793442658725,0.0257324835480611,0.024885904367683,0.0287256970557807,0.0226636729789813,0.0163469069365582,0.0287394640030222,0.0159706985246479,-0.0288663266961463,0.0163067750373589,0.0205680347376824,0.02647486440878,0.0113792265058536,0.0157251283718161,0.0269118926286792
0.00386868621566248,0.018639775516756,0.00742169570005747,0.0369181921568808,0.0291735391392776,0.0357077636527118,0.0336733497439687,0.033580746925879,0.0318790037872618,0.0312671057156086,0.0349856148308345,0.0286404422982931,0.0207869409862202,0.0350045704762617,0.0189925410220753,-0.0334528724241527,0.010923694812778,0.019866022918753,0.0263109618485774,0.0115683338905101,0.0219421506536881,0.0277787252817468
0.00339024654332225,0.0196839316643315,0.00764392074209042,0.0353194072764035,0.0276332503898313,0.0336733497439687,0.0336700915932604,0.0315678281993443,0.0317876127757653,0.0313097553211,0.0338987153911911,0.0294786888842984,0.0213575037071226,0.0339207609904732,0.0170009538547528,-0.0342088067141901,0.00995040963095846,0.0193300904361889,0.0301506565619556,0.0157151569081007,0.0227889671789869,0.0312552250615211
0.00325859632228916,0.0167499631232709,0.00627446007369466,0.0347025478755845,0.0275793442658725,0.033580746925879,0.0315678281993443,0.0316160696056566,0.0300192790203775,0.0293660644037683,0.0330297400082888,0.0269146679360322,0.0195359935138321,0.0330472902855383,0.0179394721792222,-0.0317573384486057,0.0108155621753162,0.0191957470021382,0.0248177179269655,0.0108783533791089,0.0206187623434257,0.026252010065423
0.00434584403933227,0.0167233833354389,0.00234393414937989,0.0333892283756302,0.0257324835480611,0.0318790037872618,0.0317876127757653,0.0300192790203775,0.0427717969137265,0.0403881222766938,0.0475723582983468,0.0394647141166933,0.0286564774128403,0.0475957344180755,0.0178207805173532,-0.0416961554241072,0.0194832862415363,0.0172268089475043,0.0292271140828657,0.0174187660084329,0.027941933780092,0.0293722115038782
0.00512867245956099,0.0184169653794625,0.00435268849376013,0.0327847916157608,0.024885904367683,0.0312671057156086,0.0313097553211,0.0293660644037683,0.0403881222766938,0.0386936592928301,0.0445635149335272,0.0373633444512608,0.0273193753457403,0.0445846292828937,0.0172810697978539,-0.0386395461442102,0.0142617308674497,0.0169050547823945,0.0273576080894471,0.0161248631094629,0.0267119679450937,0.0276811409567212
0.00339584052228664,0.0167029298005462,0.000442215110608577,0.0364682895537853,0.0287256970557807,0.0349856148308346,0.0338987153911911,0.0330297400082888,0.0475723582983468,0.0445635149335272,0.053976602817407,0.043263721063675,0.0311307150688516,0.0540016850780369,0.0201007358294349,-0.0457155019576604,0.0237363461531031,0.0201992138934008,0.0303016580559338,0.0169201158476474,0.0289765716315594,0.0304111265725079
0.00524102046575738,0.0157467941974516,0.00419373871888601,0.0300676840093446,0.0226636729789813,0.0286404422982931,0.0294786888842984,0.0269146679360322,0.0394647141166933,0.0373633444512608,0.043263721063675,0.0370268513331499,0.0268271266712357,0.0432866985262302,0.0155679468076576,-0.0390114721142891,0.0164688331826709,0.0154288868822733,0.0284469204305769,0.0177323835549134,0.0269858378314011,0.0284725817862801
0.00415868919738691,0.0115479322639539,0.0031755347870918,0.0218567060675172,0.0163469069365582,0.0207869409862202,0.0213575037071226,0.0195359935138321,0.0286564774128403,0.0273193753457403,0.0311307150688516,0.0268271266712357,0.02028566487297,0.0311427257554535,0.0116707032941295,-0.027181585196075,0.0103787385564779,0.0108667390316107,0.0195611047881434,0.0132094585766838,0.0196226473503698,0.0199076499660891
0.00339673971805785,0.0167240197623944,0.000432528742351034,0.0364871533764977,0.0287394640030222,0.0350045704762617,0.0339207609904732,0.0330472902855383,0.0475957344180755,0.0445846292828937,0.0540016850780369,0.0432866985262302,0.0311427257554535,0.0540268460258519,0.0201042522345713,-0.0457453166816136,0.023760659813993,0.0202049092136721,0.0303261346976844,0.0169340258009379,0.0289871962592281,0.0304371194095635
0.000617479249493862,0.0079361005337149,0.00123843044927705,0.0197152805666915,0.0159706985246479,0.0189925410220753,0.0170009538547528,0.0179394721792222,0.0178207805173532,0.0172810697978539,0.0201007358294349,0.0155679468076576,0.0116707032941295,0.0201042522345713,0.0115593045172965,-0.0184501891295362,0.00871361507408874,0.00932948077610563,0.0130316653051566,0.00559673844087436,0.0133900536820657,0.0131890289022338
-0.00132597589929381,-0.011283851482128,0.00417986411988236,-0.035392635810384,-0.0288663266961463,-0.0334528724241527,-0.0342088067141901,-0.0317573384486057,-0.0416961554241072,-0.0386395461442102,-0.0457155019576604,-0.0390114721142891,-0.027181585196075,-0.0457453166816136,-0.0184501891295362,0.0535370468038353,-0.0332807260445063,-0.0181765399233071,-0.0402851732472159,-0.0252346920168077,-0.0362075039386952,-0.0398938586972723
-0.0223708507337656,-0.00949728355507714,-0.0376918119771488,0.0130468043806709,0.0163067750373589,0.010923694812778,0.00995040963095846,0.0108155621753162,0.0194832862415363,0.0142617308674497,0.0237363461531031,0.0164688331826709,0.0103787385564779,0.023760659813993,0.00871361507408874,-0.0332807260445063,0.069745715504789,0.0022308980104812,0.0264446398801158,0.016881985412056,0.0123576728186388,0.0228934467311543
-0.0136626450130973,-0.00679129581904673,-0.00695018013429525,0.0205818254578528,0.0205680347376824,0.019866022918753,0.0193300904361889,0.0191957470021382,0.0172268089475043,0.0169050547823945,0.0201992138934008,0.0154288868822733,0.0108667390316107,0.0202049092136721,0.00932948077610563,-0.0181765399233071,0.0022308980104812,0.052796262579527,0.0213145645337861,0.0114272293931244,-0.00157004131799176,0.0238259122138476
-0.0132992816347839,0.0114338660729859,-0.0129909707791909,0.0298644558661921,0.02647486440878,0.0263109618485774,0.0301506565619556,0.0248177179269655,0.0292271140828657,0.0273576080894471,0.0303016580559338,0.0284469204305769,0.0195611047881434,0.0303261346976844,0.0130316653051566,-0.0402851732472159,0.0264446398801158,0.0213145645337861,0.0526697524458519,0.0329136041777416,0.0277032209254217,0.0488496678265572
-0.00276047443007824,0.00877730818349498,-0.0103331746319298,0.0136598174574566,0.0113792265058536,0.0115683338905101,0.0157151569081007,0.0108783533791089,0.0174187660084329,0.0161248631094629,0.0169201158476474,0.0177323835549134,0.0132094585766838,0.0169340258009379,0.00559673844087436,-0.0252346920168077,0.016881985412056,0.0114272293931244,0.0329136041777416,0.0372370076818586,0.0253542331044593,0.0302579858217147
0.0116085835591396,0.0145039786454983,0.0051645404579338,0.0232955121905568,0.0157251283718161,0.0219421506536881,0.0227889671789869,0.0206187623434257,0.027941933780092,0.0267119679450937,0.0289765716315594,0.0269858378314011,0.0196226473503698,0.0289871962592281,0.0133900536820657,-0.0362075039386952,0.0123576728186388,-0.00157004131799176,0.0277032209254217,0.0253542331044593,0.0409891466615706,0.0252840412022089
-0.00914624098127012,0.0126846104596255,-0.00901389789114937,0.0307536035051571,0.0269118926286792,0.0277787252817468,0.0312552250615211,0.026252010065423,0.0293722115038782,0.0276811409567212,0.0304111265725079,0.0284725817862801,0.0199076499660891,0.0304371194095635,0.0131890289022338,-0.0398938586972723,0.0228934467311543,0.0238259122138476,0.0488496678265572,0.0302579858217147,0.0252840412022089,0.0471212745692318
