0.17244656263342,-0.00633277482351881,0.0210340400376163,-0.00173333386186294,0.0416826463631088,0.00694999855289113,0.00973457919467961,0.00603220979203518,-0.0115869216586335,0.00119768738101583,0.0107183135851826,0.00667981459533455,-0.0106793859177136,0.0228263290139772,0.000574471581487325,-0.0214892943277647,0.00597284791994274,0.0062425428801569,0.00369060883488582,-0.0157991543083406,0.0163681315318315,-0.000305744912929107,-0.017604059031101,0.0156036440794512
-0.00633277482351881,0.0341404425373896,-0.00512934670780749,0.017513228525014,0.000925678492213282,0.00350875236520928,-0.00214482464729742,0.00423919056271972,0.0188879675151125,-0.0013146116182976,0.00148327817882291,-0.00313412907199093,-0.00573984915106677,0.0160700961221193,-0.00551408138127427,-0.0162724101741609,0.00440694011785264,0.0035530934891309,-0.000121653295143024,-0.00698426783997179,0.000902245705764478,-0.00161412789106593,-0.0142431925489398,0.00637942709208928
0.0210340400376163,-0.00512934670780749,0.073642908182603,-0.00702850056768062,-0.00255515260665154,0.0114835166813522,0.00631453246579261,-0.000539658208809523,-0.0130939399905313,0.00794079299215469,0.0127305916656113,0.022660540228171,0.00120138479418614,0.00389911653048594,0.00285572623435625,-0.000379959213003853,0.000852652712040314,-4.51740551088695e-05,0.0025944938235726,-0.0174731391211195,0.0260689815042117,-0.00134152127672799,0.0106996740503538,-0.00674833059196948
-0.00173333386186294,0.017513228525014,-0.00702850056768062,0.0251043685129117,0.00154757260010683,0.00113418938578658,0.000860580634471836,0.00343133749625384,0.0204649222017602,0.00367140755137715,-0.00270759057864073,-0.00191465393475707,-0.00275345969848106,0.0247967077386585,-0.000603991020298932,-0.00433495325120886,0.0102319550752812,0.00290452360164456,-0.000188877638869908,-0.00349573621984626,-0.00502893551439652,-0.000407246782398343,-0.013079397099257,-0.00268126474709301
0.0416826463631088,0.000925678492213282,-0.00255515260665154,0.00154757260010683,0.145614172213218,0.0090356777341283,-0.0027528448025874,0.0238348231875688,0.000603400911058036,0.0106706485839269,0.00795638724697448,-0.000152492177880247,0.00275707901313687,0.0124740248491339,-0.00804374241940405,-0.00814418962586827,0.00105759392441431,0.00839791276501731,-0.00142334926353651,-0.00028942274318306,-0.00621331972570656,0.00209718174708388,-0.0101921373150052,0.0197682054023595
0.00694999855289113,0.00350875236520928,0.0114835166813522,0.00113418938578658,0.0090356777341283,0.0871644581350825,0.00741406909542227,0.0256946374516697,0.0061787030503926,0.0216908973376696,-0.00397051514990265,0.00859984349761383,0.00355180296958394,-0.00488931375490376,-0.00247669433667226,-0.00259037401885108,-0.000705828461069353,-0.0041043760744683,0.00427336599316118,-0.0157650570256817,0.00723908845453588,-0.0108807961656976,-0.00893691649172608,0.0298156973361497
0.00973457919467961,-0.00214482464729742,0.00631453246579261,0.000860580634471836,-0.0027528448025874,0.00741406909542227,0.056211600288425,-0.00117982099918054,-0.00326308429740215,-0.00203874362778797,-0.00401868978201142,0.00286800789143163,0.0149581956162824,-0.00411293511021716,0.00686688915079915,0.00244884382611938,0.00454704541817192,-0.00378099014623186,0.00281010993189035,-0.0129280394305669,0.0100238430406296,-0.00152471502935126,0.001166402068319,0.000492506815025514
0.00603220979203518,0.00423919056271972,-0.000539658208809523,0.00343133749625384,0.0238348231875688,0.0256946374516697,-0.00117982099918054,0.134983004108793,0.0313958123673739,0.0217819523871626,0.00652904492343388,0.0050932821109147,0.00242742679927175,0.0350110645495334,-0.00232095524554139,0.00174154020815291,0.0160525194412373,0.00438048364468015,-0.000320462593866928,0.0194941203435401,-0.0527932475998151,-0.00502583365607632,-0.0120722638144317,0.0225463785636991
-0.0115869216586335,0.0188879675151125,-0.0130939399905313,0.0204649222017602,0.000603400911058036,0.0061787030503926,-0.00326308429740215,0.0313958123673739,0.132451210237118,0.00736070774509361,-0.00789796680626284,0.00047444381290589,-0.00526498078909211,0.0587286328449027,-0.0145602559950382,-0.0107132860495053,0.0176539024516104,0.0141915930147866,0.00130148469437566,-0.0111046572370964,-0.053955675448592,0.00134914392844939,-0.0453158895555424,0.0184461818446368
0.00119768738101583,-0.0013146116182976,0.00794079299215469,0.00367140755137715,0.0106706485839269,0.0216908973376696,-0.00203874362778797,0.0217819523871626,0.00736070774509361,0.0390499902528768,-0.00369332538897198,0.00619102602102366,0.00892082579896121,0.00999869341797017,-0.000596108922717965,0.00485800624905597,0.00492025998791321,0.00109903490753046,0.00262217081774471,-0.0148741918559362,-0.00354958528361342,0.000520348683572778,0.000743988130199035,-0.00333895672726433
0.0107183135851826,0.00148327817882291,0.0127305916656113,-0.00270759057864073,0.00795638724697447,-0.00397051514990265,-0.00401868978201142,0.00652904492343388,-0.00789796680626284,-0.00369332538897198,0.124899231559628,-0.00372232541036118,-0.0210801839294291,0.0110323456080548,-0.00390905587321568,0.00676102697966515,-0.000513072821676705,0.0071133742272521,0.00143170478873377,0.00230787590254244,-0.000874836662123629,-0.000832465539781711,-0.0148738358407537,0.0282194289752122
0.00667981459533455,-0.00313412907199093,0.022660540228171,-0.00191465393475707,-0.000152492177880247,0.00859984349761383,0.00286800789143163,0.0050932821109147,0.00047444381290589,0.00619102602102366,-0.00372232541036118,0.0305228768349997,0.0100233322414953,0.00572282602472949,0.0007905631943983,0.00457759220701669,-0.00284985549563593,0.00295678355279699,0.000356620520909342,-0.00114806069694122,0.00192085308134182,0.00191352242364449,-0.0026386816771131,0.00529348930523756
-0.0106793859177136,-0.00573984915106677,0.00120138479418614,-0.00275345969848106,0.00275707901313687,0.00355180296958394,0.0149581956162824,0.00242742679927175,-0.00526498078909211,0.00892082579896121,-0.0210801839294291,0.0100233322414953,0.135125940869706,-0.00698478492601245,0.00456937722852573,0.0135910226437559,-0.0056619028270361,0.00767544974546664,-0.00392250783988484,-0.00345641236708575,0.00170414597651167,0.00205116368784315,0.0273149771316954,-0.0334910224922325
0.0228263290139772,0.0160700961221193,0.00389911653048594,0.0247967077386585,0.0124740248491339,-0.00488931375490376,-0.00411293511021716,0.0350110645495334,0.0587286328449027,0.00999869341797017,0.0110323456080548,0.00572282602472949,-0.00698478492601245,0.25007313549623,-0.010499963514868,-0.00991982949577446,0.0249610823806971,0.0111604449178908,0.004294628111763,-0.0126023147255392,-0.00819895688871198,-0.00307467773344441,-0.0579237626676622,-0.00138159323769386
0.000574471581487325,-0.00551408138127427,0.00285572623435625,-0.000603991020298932,-0.00804374241940405,-0.00247669433667226,0.00686688915079915,-0.00232095524554139,-0.0145602559950382,-0.000596108922717965,-0.00390905587321568,0.0007905631943983,0.00456937722852573,-0.010499963514868,0.052358086334344,0.0185651689624063,-0.00339849003470398,-0.00640782890787318,-0.000661894331887685,-0.00479922677080874,0.0121112231157332,0.00139375554633152,0.00461695299684462,-0.0018399514578063
-0.0214892943277647,-0.0162724101741609,-0.000379959213003853,-0.00433495325120886,-0.00814418962586827,-0.00259037401885108,0.00244884382611938,0.00174154020815291,-0.0107132860495053,0.00485800624905597,0.00676102697966515,0.00457759220701669,0.0135910226437559,-0.00991982949577446,0.0185651689624063,0.187441799648366,-0.021298128684117,-0.000381964303398802,0.00368443679020957,0.00870997423460258,0.00512049896615182,0.00431851952072917,0.0197302550338398,-0.0175630260621982
0.00597284791994274,0.00440694011785264,0.000852652712040314,0.0102319550752812,0.00105759392441431,-0.000705828461069353,0.00454704541817192,0.0160525194412373,0.0176539024516104,0.00492025998791321,-0.000513072821676705,-0.00284985549563592,-0.0056619028270361,0.0249610823806971,-0.00339849003470398,-0.021298128684117,0.0686137678902105,0.0046026956936633,-0.000351556235065691,0.000491278879124869,-0.0127669318959318,-0.00102583778197548,-0.0113965047898218,-0.00867590516954305
0.0062425428801569,0.0035530934891309,-4.51740551088695e-05,0.00290452360164456,0.00839791276501731,-0.0041043760744683,-0.00378099014623186,0.00438048364468015,0.0141915930147866,0.00109903490753046,0.0071133742272521,0.00295678355279699,0.00767544974546664,0.0111604449178908,-0.00640782890787318,-0.000381964303398802,0.0046026956936633,0.0643625901075729,-0.0209144646000274,0.0074544001220932,-0.0109928293150187,0.00186442240852148,-0.00235401457033811,0.000867851632613607
0.00369060883488582,-0.000121653295143024,0.0025944938235726,-0.000188877638869908,-0.00142334926353651,0.00427336599316118,0.00281010993189035,-0.000320462593866928,0.00130148469437566,0.00262217081774471,0.00143170478873377,0.000356620520909342,-0.00392250783988484,0.004294628111763,-0.000661894331887685,0.00368443679020957,-0.000351556235065691,-0.0209144646000274,0.0238867957259517,-0.0053665675869064,0.00706713596866762,-0.000244066210444726,-0.0043297808584001,0.00628277253999479
-0.0157991543083406,-0.00698426783997179,-0.0174731391211195,-0.00349573621984626,-0.00028942274318306,-0.0157650570256817,-0.0129280394305669,0.0194941203435401,-0.0111046572370964,-0.0148741918559362,0.00230787590254244,-0.00114806069694122,-0.00345641236708576,-0.0126023147255392,-0.00479922677080874,0.00870997423460258,0.000491278879124869,0.0074544001220932,-0.0053665675869064,0.161154358346702,-0.135850980752194,-0.00287246732702058,0.0172210368510649,-0.00320161683322315
0.0163681315318315,0.000902245705764478,0.0260689815042117,-0.00502893551439652,-0.00621331972570656,0.00723908845453588,0.0100238430406296,-0.0527932475998151,-0.053955675448592,-0.00354958528361342,-0.000874836662123629,0.00192085308134182,0.00170414597651167,-0.00819895688871198,0.0121112231157332,0.00512049896615182,-0.0127669318959318,-0.0109928293150187,0.00706713596866762,-0.135850980752194,0.212878364526027,0.00410888439347875,0.00227941922146156,-0.0111556442697672
-0.000305744912929107,-0.00161412789106593,-0.00134152127672799,-0.000407246782398343,0.00209718174708388,-0.0108807961656976,-0.00152471502935126,-0.00502583365607632,0.00134914392844939,0.000520348683572778,-0.000832465539781711,0.00191352242364449,0.00205116368784315,-0.00307467773344441,0.00139375554633152,0.00431851952072917,-0.00102583778197548,0.00186442240852148,-0.000244066210444726,-0.00287246732702058,0.00410888439347875,0.0268746850885012,-0.00613512946259355,-0.0162863401124779
-0.017604059031101,-0.0142431925489398,0.0106996740503538,-0.013079397099257,-0.0101921373150052,-0.00893691649172608,0.001166402068319,-0.0120722638144317,-0.0453158895555424,0.000743988130199035,-0.0148738358407537,-0.0026386816771131,0.0273149771316954,-0.0579237626676622,0.00461695299684462,0.0197302550338398,-0.0113965047898218,-0.00235401457033811,-0.0043297808584001,0.0172210368510649,0.00227941922146156,-0.00613512946259355,0.162391769767619,-0.127887210591889
0.0156036440794512,0.00637942709208928,-0.00674833059196948,-0.00268126474709301,0.0197682054023595,0.0298156973361497,0.000492506815025514,0.0225463785636991,0.0184461818446368,-0.00333895672726433,0.0282194289752122,0.00529348930523756,-0.0334910224922325,-0.00138159323769386,-0.0018399514578063,-0.0175630260621982,-0.00867590516954305,0.000867851632613608,0.00628277253999479,-0.00320161683322315,-0.0111556442697672,-0.0162863401124779,-0.127887210591889,0.232547249772521
