7446.33590099229,649.755074528997,-40.6093949962248,124.205858286785,0,-948.957226167626,0,0,0,-349.531033904513,101.30546610695,436.399762832518,785.586559155584,529.598943603056,70.3664912490334,0,0,2120.32766761096,-803.547564816098,503.131061818274,1786.6815726607,-547.050599666446,0,0,0,-626.258151105267,0,1179.36653551466,866.962811714293,256.788821417437,0,-254.693862204182,-1434.56835957052,745.816624643273,390.46409559498,-605.448242095166,-486.219042138464,-150.81541739041,549.539316554501,0,-1186.08921270329,-289.705036372852,0,0,2501.58289699051,0,-900.645813047455,0,821.148606015647,1493.14245723824,0,0,-230.498758515788,-880.099766611205,634.270765166305,0,-620.756766678441,1230.59285348949,0,457.565861812607
649.755074528997,6232.23467792403,-349.626354065763,176.239887394294,0,129.146977474814,0,0,0,-1514.42953816563,-245.481820041919,-178.706551462789,932.21800155093,-983.548047166621,-88.997315116665,0,0,-276.792086446216,-1739.96935326677,1306.11453697928,612.882742527519,508.550912174886,0,0,0,-1038.01705320605,0,-526.373081118375,1787.30022232917,161.629332295346,0,-798.489365598258,-221.817123529782,-272.24113104574,-477.671552721211,870.038545557102,452.384506723401,505.333026332912,-41.1697523847179,0,174.987446530767,215.981289369817,0,0,386.070305458313,0,-576.553393819969,0,302.827628806266,1174.58855188908,0,0,157.991563513413,-353.953766935445,-1468.097640765,0,-143.725082882206,-810.029397139709,0,-60.427029684753
-40.6093949962248,-349.626354065763,5615.46021959743,1024.23555991443,0,274.312061150941,0,0,0,326.39944315611,-757.351689023716,665.494040243166,602.90788724516,1364.30523379979,1102.64828501303,0,0,-229.781189670928,-1792.09227124787,409.519011703495,541.887787876632,874.859537348366,0,0,0,-79.0430344039249,0,423.282656993112,350.399536666643,530.429531068187,0,862.325412824235,1002.7952496219,95.7140020028609,-718.846684773282,-214.89057085645,-1579.10538953016,1374.45691161479,-472.742573378199,0,-405.123216561339,459.669112750978,0,0,-53.0387701502008,0,-29.0146563631279,0,294.708810955818,1001.7451803711,0,0,-1600.13169841681,-52.6005586573409,80.0235992372704,0,-324.209117966989,996.531439239076,0,-227.449579183744
124.205858286785,176.239887394294,1024.23555991443,6902.88637603936,0,301.562111634613,0,0,0,-1831.94661760185,-146.690872144955,-727.610203184248,2500.95546518834,865.883570703432,262.605049604148,0,0,482.934288325015,220.997023955179,-1780.17697904779,364.164717974977,2420.47772227249,0,0,0,-1830.93155911694,0,179.148373797482,-1652.32423311051,-106.367314869694,0,-206.271847268031,1227.2225089936,-565.828721535641,-1209.77540472094,604.850923652884,-888.71490413531,-311.72363662999,155.805615758603,0,-727.882322962518,-313.757147775241,0,0,-1204.85097840578,0,-246.885782562331,0,127.112238132692,573.536231702847,0,0,797.052099712045,-73.0188426740311,-729.233155774897,0,-581.399563416653,909.27463701319,0,-425.171369426437
0,0,0,0,0.0265951901580816,0,0,0,0,0,0,0,0,0,0,0,0,0,0,0,0,0,0,0,0,0,0,0,0,0,0,0,0,0,0,0,0,0,0,0,0,0,0,0,0,0,0,0,0,0,0,0,0,0,0,0,0,0,0,0
-948.957226167626,129.146977474814,274.312061150941,301.562111634613,0,3533.74116762846,0,0,0,379.113841994979,-650.026770685924,-246.507293867642,-158.551624816929,-121.980855983068,452.258232797279,0,0,349.684121242419,-622.820544787267,-163.629949336026,-757.690300834981,-68.8686286620711,0,0,0,1574.57576010008,0,1226.73379794259,-864.673271209273,-409.012339263453,0,747.460846409204,579.462039640096,914.179678366094,-1605.013744573,71.2082762259431,-1014.67050804062,100.684132933462,430.992029767473,0,-246.960819877524,73.7171698875309,0,0,115.896838095845,0,-177.513761405187,0,-1187.84708372971,-1026.95849628756,0,0,570.481506876077,829.711537449013,806.790303516381,0,1100.55149913028,-521.417540561487,0,46.7274356692591
0,0,0,0,0,0,0.0262265254039786,0,0,0,0,0,0,0,0,0,0,0,0,0,0,0,0,0,0,0,0,0,0,0,0,0,0,0,0,0,0,0,0,0,0,0,0,0,0,0,0,0,0,0,0,0,0,0,0,0,0,0,0,0
0,0,0,0,0,0,0,0.0335564042950055,0,0,0,0,0,0,0,0,0,0,0,0,0,0,0,0,0,0,0,0,0,0,0,0,0,0,0,0,0,0,0,0,0,0,0,0,0,0,0,0,0,0,0,0,0,0,0,0,0,0,0,0
0,0,0,0,0,0,0,0,0.0333970773764845,0,0,0,0,0,0,0,0,0,0,0,0,0,0,0,0,0,0,0,0,0,0,0,0,0,0,0,0,0,0,0,0,0,0,0,0,0,0,0,0,0,0,0,0,0,0,0,0,0,0,0
-349.531033904513,-1514.42953816563,326.39944315611,-1831.94661760185,0,379.113841994979,0,0,0,8729.53983404735,-335.13489570043,-844.390876752854,851.439324110671,-225.142817723662,76.1425000283379,0,0,-1932.38986770501,1654.0627584473,-57.4169009053421,-1362.09789011158,573.218821904685,0,0,0,658.768801234994,0,687.565754392968,-94.2096391263987,280.447123315197,0,-272.960596949463,-1550.8194093302,-257.638690222549,425.685010649798,2261.26302823481,99.6164776214322,-160.595299047384,-1467.58760898663,0,470.937803426384,-784.818480369677,0,0,89.0564536316472,0,724.231968958108,0,1303.33371402217,-1087.27406753175,0,0,-245.975356013016,-1903.56533407086,1114.78086454408,0,23.8963410791514,-936.772522783346,0,118.016483930736
101.30546610695,-245.481820041919,-757.351689023716,-146.690872144955,0,-650.026770685924,0,0,0,-335.13489570043,7703.02655945228,-1154.3889585052,-286.077091973972,-544.587051135543,-138.420194102761,0,0,536.637857878137,1800.29765299495,-974.088709672923,-222.962294256362,162.059976280687,0,0,0,-1734.13265660068,0,-430.368981953537,-826.127873331466,1331.83341272523,0,734.680985518896,-1442.19903787446,289.041108303456,1113.6659873927,-63.1818640817718,739.217641028104,-744.776411699827,-876.301211487903,0,-1160.3503194718,-1550.15817991879,0,0,-1904.209124435,0,301.085401943075,0,491.763645196523,-1243.44691087113,0,0,784.604395140381,1047.02239986054,-605.019921931205,0,759.497251421995,206.570005927699,0,356.192636697368
436.399762832518,-178.706551462789,665.494040243166,-727.610203184248,0,-246.507293867642,0,0,0,-844.390876752854,-1154.3889585052,8394.22886900603,27.3933474455552,486.254256098629,1107.25040181631,0,0,-775.086953986591,-1041.24951756286,2588.31923661142,1305.89941997467,-734.417056519896,0,0,0,3009.85303120122,0,1180.66543080122,646.529401639492,-273.736323152776,0,588.789975115806,1246.77805636632,1262.94149547818,-2026.20670159491,1047.12724753068,639.855120411014,429.882863119915,40.864987030597,0,368.157663159224,1409.53795554356,0,0,-974.706614328632,0,628.697057953105,0,-368.633824979647,-112.107481878331,0,0,-263.443164119639,771.395490795256,-140.155060922081,0,298.516867728885,-560.0998783034,0,-127.554736900176
785.586559155584,932.21800155093,602.90788724516,2500.95546518834,0,-158.551624816929,0,0,0,851.439324110671,-286.077091973972,27.3933474455552,6512.08283303318,-195.518930082781,799.66051018489,0,0,412.843002672591,-753.650410352833,-1599.30086533302,-705.709740939071,1496.55200197221,0,0,0,-580.796049098317,0,-430.23445567342,1257.70083144806,-1153.28425209907,0,-1064.79182584599,1589.60999617185,233.681301284949,-1700.69067313218,947.991266351713,-450.029508835982,757.980161418275,-376.409997911086,0,-730.933468851728,144.817746362924,0,0,-379.949137710642,0,-212.319938523963,0,413.523287211394,731.615784293012,0,0,683.689964210876,-825.069396007473,221.7432282631,0,323.474896928859,-813.60636935106,0,-548.690431043878
529.598943603056,-983.548047166621,1364.30523379979,865.883570703432,0,-121.980855983068,0,0,0,-225.142817723662,-544.587051135543,486.254256098629,-195.518930082781,6870.88564155457,816.04250167937,0,0,1084.68546531046,2066.82540829605,1547.75800128178,-85.819556866283,571.206009246646,0,0,0,-512.144180946786,0,1262.09423029232,-987.376710082715,861.89160045043,0,-985.256371469977,869.88363176951,1781.87955725297,-579.339977448637,-405.472308113425,-850.058740891097,-394.021756549279,-1606.78768215139,0,-277.610765144407,205.352965852308,0,0,1122.12887022544,0,-615.421595738784,0,-1290.37261832791,404.250088110571,0,0,-75.0934617506703,-781.504036492084,743.112537752075,0,-221.483367259692,607.078278368143,0,-374.813240741725
70.3664912490334,-88.997315116665,1102.64828501303,262.605049604148,0,452.258232797279,0,0,0,76.1425000283379,-138.420194102761,1107.25040181631,799.66051018489,816.042501679371,8288.32267034793,0,0,384.751900049006,-2537.53376711998,2089.33662058505,345.069978807859,2837.06229606902,0,0,0,135.053971849811,0,102.059655651625,1087.37198225255,-1677.10565170738,0,-363.762097986708,311.645791241436,1334.66333044702,678.618504739243,640.88210855026,-2216.4049259496,797.588992988904,-395.836474437401,0,-121.428296987011,-573.91186607886,0,0,-1885.39606501464,0,47.603219209935,0,1228.30183117787,-91.2237860386169,0,0,-3072.72771981625,1431.02062588051,1666.10310735849,0,884.553637377906,237.961338640813,0,-225.135759984173
0,0,0,0,0,0,0,0,0,0,0,0,0,0,0,0.05216737106224,0,0,0,0,0,0,0,0,0,0,0,0,0,0,0,0,0,0,0,0,0,0,0,0,0,0,0,0,0,0,0,0,0,0,0,0,0,0,0,0,0,0,0,0
0,0,0,0,0,0,0,0,0,0,0,0,0,0,0,0,0.055795069914298,0,0,0,0,0,0,0,0,0,0,0,0,0,0,0,0,0,0,0,0,0,0,0,0,0,0,0,0,0,0,0,0,0,0,0,0,0,0,0,0,0,0,0
2120.32766761096,-276.792086446216,-229.781189670928,482.934288325015,0,349.684121242419,0,0,0,-1932.38986770501,536.637857878137,-775.086953986591,412.843002672591,1084.68546531046,384.751900049006,0,0,15598.1630199942,152.263577399646,-1249.45544914945,3774.55412714853,-348.972374021807,0,0,0,-2167.85511660696,0,-162.082535498289,-1150.55271743408,-594.148391258167,0,1308.67297419995,-370.270302605748,831.333874131048,1829.50564486945,-1894.95062303743,-982.612344950655,978.840472512398,1232.13857285549,0,976.560772807621,-45.5009967609863,0,0,1955.99888041449,0,-790.811569036036,0,-1209.13766314488,1891.00549183146,0,0,114.994900051123,2241.45595338253,-1543.55406706548,0,-616.27412883349,590.719631617693,0,295.223921860921
-803.547564816098,-1739.96935326677,-1792.09227124787,220.997023955179,0,-622.820544787267,0,0,0,1654.0627584473,1800.29765299495,-1041.24951756286,-753.650410352833,2066.82540829605,-2537.53376711997,0,0,152.263577399646,17973.541321297,-1144.9389062566,-1469.48654768673,-845.778723174708,0,0,0,-2814.13066072194,0,2161.08910600426,-3374.09748388855,802.75571706253,0,-2176.58021999902,1462.86090723927,54.3000697048854,1526.22893644912,1228.21755247218,-2033.50564727782,-1623.15648984075,1882.27461359701,0,-1645.90886157328,258.003904224788,0,0,460.310819901589,0,1666.02240018549,0,928.375903050021,-154.742929263503,0,0,1495.12424897095,-686.958782842011,242.557530171709,0,-1800.69338067365,-1537.2039903124,0,-129.586670253343
503.131061818274,1306.11453697928,409.519011703495,-1780.17697904779,0,-163.629949336026,0,0,0,-57.4169009053421,-974.088709672923,2588.31923661142,-1599.30086533302,1547.75800128178,2089.33662058505,0,0,-1249.45544914945,-1144.9389062566,16224.5484080952,-1175.09789872838,-2227.34071191622,0,0,0,-806.132104439595,0,-850.002890638771,1533.61407111189,263.551839861344,0,-3180.55249862342,-2269.30929868481,960.2606012812,19.212822315226,645.310691524952,-884.275028720901,137.98496633935,619.747477501753,0,2586.83240395534,1593.09652617552,0,0,-2136.08003186377,0,344.957816354118,0,1575.78429361278,375.037282340571,0,0,-2470.84497187761,1295.45756704688,-681.730698451497,0,1602.15907100443,185.982253148606,0,646.442966532053
1786.6815726607,612.882742527519,541.887787876632,364.164717974977,0,-757.690300834981,0,0,0,-1362.09789011158,-222.962294256362,1305.89941997467,-705.709740939071,-85.8195568662831,345.069978807859,0,0,3774.55412714853,-1469.48654768673,-1175.09789872838,12504.5824729428,296.236885452754,0,0,0,-2070.87701858688,0,1793.77420436014,827.119130495276,-735.219264179057,0,474.850670158862,99.3956009503042,1199.06496472976,2252.12047791292,-555.612563609161,1137.06795177855,-646.205914798926,-297.377170504103,0,-802.819989458616,-1275.75235917149,0,0,966.463208305266,0,-1050.86610188506,0,-737.6468198833,1713.97504616719,0,0,-704.244885404884,812.445178375565,-561.637142557069,0,196.351091817183,1769.92156612412,0,-211.888286595291
-547.050599666446,508.550912174886,874.859537348366,2420.47772227249,0,-68.8686286620711,0,0,0,573.218821904686,162.059976280687,-734.417056519896,1496.55200197221,571.206009246646,2837.06229606902,0,0,-348.972374021807,-845.778723174708,-2227.34071191622,296.236885452754,15114.9697345316,0,0,0,1188.84384050154,0,-1517.04683959692,-1458.06363428992,290.115247355578,0,1306.7829256452,344.625035840021,963.610632431235,1722.74579718357,2123.13612145788,-1586.46477022762,-1312.38286112505,1301.66789672962,0,383.429098252876,-110.222945853872,0,0,-2697.27232304196,0,-1121.66961935244,0,516.594895319512,-883.327737057173,0,0,943.385236433024,-978.970208516193,390.530165471835,0,-141.216883791231,1170.05088046253,0,227.678476421213
0,0,0,0,0,0,0,0,0,0,0,0,0,0,0,0,0,0,0,0,0,0,0.0812175398603148,0,0,0,0,0,0,0,0,0,0,0,0,0,0,0,0,0,0,0,0,0,0,0,0,0,0,0,0,0,0,0,0,0,0,0,0,0
0,0,0,0,0,0,0,0,0,0,0,0,0,0,0,0,0,0,0,0,0,0,0,0.0622824790790113,0,0,0,0,0,0,0,0,0,0,0,0,0,0,0,0,0,0,0,0,0,0,0,0,0,0,0,0,0,0,0,0,0,0,0,0
0,0,0,0,0,0,0,0,0,0,0,0,0,0,0,0,0,0,0,0,0,0,0,0,0.0639060816349443,0,0,0,0,0,0,0,0,0,0,0,0,0,0,0,0,0,0,0,0,0,0,0,0,0,0,0,0,0,0,0,0,0,0,0
-626.258151105267,-1038.01705320605,-79.0430344039249,-1830.93155911694,0,1574.57576010008,0,0,0,658.768801234994,-1734.13265660068,3009.85303120122,-580.796049098317,-512.144180946786,135.053971849811,0,0,-2167.85511660696,-2814.13066072194,-806.132104439595,-2070.87701858688,1188.84384050154,0,0,0,19871.9330721448,0,-11.8071350062002,-1678.17475318965,329.742369948694,0,2193.51350506592,1101.16735166163,-452.381461059709,222.930829439427,1579.53098975858,901.834330916641,10.4221552681044,2246.50437017124,0,-203.492499795069,1961.29206508463,0,0,1521.26224630898,0,1205.08181367021,0,-1820.42936133848,-1009.16099960212,0,0,-434.982416660069,-1811.83098315556,454.146228422942,0,866.187336674096,-320.390531052859,0,537.24947276067
0,0,0,0,0,0,0,0,0,0,0,0,0,0,0,0,0,0,0,0,0,0,0,0,0,0,0.0745253266149039,0,0,0,0,0,0,0,0,0,0,0,0,0,0,0,0,0,0,0,0,0,0,0,0,0,0,0,0,0,0,0,0,0
1179.36653551466,-526.373081118375,423.282656993112,179.148373797482,0,1226.73379794259,0,0,0,687.565754392968,-430.368981953537,1180.66543080122,-430.23445567342,1262.09423029232,102.059655651625,0,0,-162.082535498289,2161.08910600426,-850.002890638771,1793.77420436014,-1517.04683959692,0,0,0,-11.8071350062002,0,14724.3476031427,-1468.51011887364,-1729.45122808579,0,272.202725594636,-753.263056677362,356.233978949819,-1777.92664919423,-85.6252267426453,-1481.80633894732,-888.919191937213,-568.894359558558,0,-2803.79707984703,-1014.38887096038,0,0,-1943.471869814,0,-949.105393944379,0,83.4944588738331,594.163009985663,0,0,352.769460251482,-624.919745960599,897.889616483835,0,2302.3444842043,-727.656881081285,0,-92.5379274596305
866.962811714293,1787.30022232917,350.399536666643,-1652.32423311051,0,-864.673271209273,0,0,0,-94.2096391263988,-826.127873331466,646.529401639492,1257.70083144806,-987.376710082715,1087.37198225255,0,0,-1150.55271743408,-3374.09748388855,1533.61407111189,827.119130495276,-1458.06363428992,0,0,0,-1678.17475318965,0,-1468.51011887364,12106.9325312867,-1634.01360868408,0,-1739.37775465729,-918.2162760274,2607.97939524693,-1494.31761099498,546.79123240156,-128.541287677739,2566.622285124,-102.550143148134,0,1139.76122343854,155.951216374838,0,0,1674.93374002417,0,-334.893405120519,0,1781.99317173757,986.665278785595,0,0,-2160.10278390618,952.087843196766,407.503951532056,0,-277.289451043676,-1149.04946521208,0,-581.002894534058
256.788821417437,161.629332295346,530.429531068187,-106.367314869694,0,-409.012339263453,0,0,0,280.447123315197,1331.83341272523,-273.736323152776,-1153.28425209907,861.89160045043,-1677.10565170738,0,0,-594.148391258167,802.75571706253,263.551839861344,-735.219264179057,290.115247355578,0,0,0,329.742369948694,0,-1729.45122808579,-1634.01360868408,12034.2190309703,0,-1246.74873292867,95.9640595981024,-84.5905701796378,1496.21803963235,2221.61274654873,-357.444571516078,-26.8955647910959,310.787908413136,0,239.7206800554,2120.16241053737,0,0,943.545648351416,0,-166.983148257435,0,-1702.19847435777,-1065.5760680075,0,0,1147.60540983507,-2012.25545294816,462.712328816353,0,-1873.88238609188,1286.21247861238,0,-208.923938500615
0,0,0,0,0,0,0,0,0,0,0,0,0,0,0,0,0,0,0,0,0,0,0,0,0,0,0,0,0,0,0.0305143767179016,0,0,0,0,0,0,0,0,0,0,0,0,0,0,0,0,0,0,0,0,0,0,0,0,0,0,0,0,0
-254.693862204182,-798.489365598258,862.325412824235,-206.271847268031,0,747.460846409204,0,0,0,-272.960596949463,734.680985518896,588.789975115806,-1064.79182584599,-985.256371469977,-363.762097986708,0,0,1308.67297419995,-2176.58021999902,-3180.55249862342,474.850670158862,1306.7829256452,0,0,0,2193.51350506592,0,272.202725594636,-1739.37775465729,-1246.74873292867,0,9978.92267432702,21.8304901771993,-1222.01135566487,559.083881401732,-491.607940264149,279.013871275751,68.1134713029191,-310.559108312815,0,-796.45625706569,-248.270956511015,0,0,1351.23945753978,0,800.450449951066,0,-684.254308088187,-327.879512539682,0,0,-98.9179719246405,1061.28977067362,-459.648635524548,0,474.173029258531,-72.9770383027232,0,343.911064325301
-1434.56835957052,-221.817123529782,1002.7952496219,1227.2225089936,0,579.462039640096,0,0,0,-1550.8194093302,-1442.19903787446,1246.77805636632,1589.60999617185,869.88363176951,311.645791241436,0,0,-370.270302605748,1462.86090723927,-2269.30929868481,99.3956009503042,344.625035840021,0,0,0,1101.16735166163,0,-753.263056677362,-918.2162760274,95.9640595981024,0,21.8304901771993,9996.95243100364,1793.60727615558,-447.869429224812,-282.058733835999,-2773.86267269737,-329.452585805849,-1758.84293348496,0,-616.683947576351,2486.85356946951,0,0,-116.149878614786,0,400.628645026682,0,-1407.56278866717,-129.716757290237,0,0,645.845171022317,784.844997097757,583.354276024541,0,-862.562760409969,-741.508987957467,0,35.0695365878204
745.816624643273,-272.24113104574,95.7140020028609,-565.828721535641,0,914.179678366094,0,0,0,-257.638690222549,289.041108303456,1262.94149547818,233.681301284949,1781.87955725297,1334.66333044702,0,0,831.333874131048,54.3000697048854,960.260601281201,1199.06496472976,963.610632431235,0,0,0,-452.381461059709,0,356.233978949819,2607.97939524693,-84.5905701796378,0,-1222.01135566487,1793.60727615558,11729.9471264051,-2710.1000532803,-1217.47436747187,-1072.00390928748,-18.5038996441188,-286.550113152207,0,-269.988994479948,423.864839108767,0,0,931.819683006885,0,-163.533530954097,0,-716.554394518911,-148.903832993013,0,0,524.934325018078,1898.4173603357,453.968474593533,0,-214.330886359315,825.325872020846,0,15.8357488240421
390.46409559498,-477.671552721211,-718.846684773282,-1209.77540472094,0,-1605.013744573,0,0,0,425.685010649798,1113.6659873927,-2026.20670159491,-1700.69067313218,-579.339977448637,678.618504739243,0,0,1829.50564486945,1526.22893644912,19.212822315226,2252.12047791292,1722.74579718357,0,0,0,222.930829439427,0,-1777.92664919423,-1494.31761099498,1496.21803963235,0,559.083881401732,-447.869429224812,-2710.1000532803,15777.6039657946,2705.67791506367,-1061.81052053396,-1658.71467599864,-2906.93384421042,0,279.278105675614,408.61777070733,0,0,485.708441307678,0,1039.19635880221,0,926.567347490728,104.419831139176,0,0,-1969.42218820724,-466.307561203289,1884.9545579794,0,-238.929750115907,555.291977649578,0,205.448923017005
-605.448242095166,870.038545557102,-214.89057085645,604.850923652884,0,71.2082762259431,0,0,0,2261.26302823481,-63.1818640817718,1047.12724753068,947.991266351713,-405.472308113425,640.88210855026,0,0,-1894.95062303743,1228.21755247218,645.310691524952,-555.612563609161,2123.13612145788,0,0,0,1579.53098975858,0,-85.6252267426453,546.791232401559,2221.61274654873,0,-491.607940264149,-282.058733835999,-1217.47436747187,2705.67791506367,13832.9354847982,-1686.70820987395,-1836.24058908127,-1397.32367816614,0,1044.64848211268,113.443657547119,0,0,-83.9254745183177,0,264.187243278553,0,2042.57264130223,-1898.25988932177,0,0,808.284635400707,-3122.58432254939,671.134664505473,0,-952.875258739014,-867.748682699784,0,-599.921935165212
-486.219042138464,452.384506723401,-1579.10538953016,-888.71490413531,0,-1014.67050804062,0,0,0,99.6164776214322,739.217641028104,639.855120411014,-450.029508835982,-850.058740891097,-2216.4049259496,0,0,-982.612344950655,-2033.50564727782,-884.275028720901,1137.06795177855,-1586.46477022762,0,0,0,901.834330916641,0,-1481.80633894732,-128.541287677739,-357.444571516078,0,279.013871275751,-2773.86267269737,-1072.00390928748,-1061.81052053396,-1686.70820987395,16150.6959148758,-221.981138656755,-589.562887077968,0,1232.33749828805,220.093649378988,0,0,114.637895493547,0,-333.441480960897,0,-3280.12894131775,-1488.0268609655,0,0,2480.72270737934,-1300.43291865043,-1398.29469366725,0,33.3018401194521,1297.95372016343,0,159.811079092195
-150.81541739041,505.333026332912,1374.45691161479,-311.72363662999,0,100.684132933462,0,0,0,-160.595299047384,-744.776411699827,429.882863119915,757.980161418275,-394.021756549279,797.588992988904,0,0,978.840472512399,-1623.15648984075,137.98496633935,-646.205914798926,-1312.38286112505,0,0,0,10.4221552681044,0,-888.919191937212,2566.622285124,-26.8955647910959,0,68.1134713029191,-329.452585805849,-18.5038996441188,-1658.71467599864,-1836.24058908127,-221.981138656755,9861.94538425904,1580.35580006515,0,430.265270328997,1788.63915387479,0,0,1010.40209231021,0,-269.787003647918,0,1265.53759143846,282.646361575971,0,0,-20.1903532023849,561.899109888198,386.927939338704,0,-53.8749554801994,1283.21872260485,0,-700.183011962657
549.539316554501,-41.1697523847179,-472.742573378199,155.805615758603,0,430.992029767473,0,0,0,-1467.58760898663,-876.301211487903,40.864987030597,-376.409997911086,-1606.78768215139,-395.836474437401,0,0,1232.13857285549,1882.27461359701,619.747477501753,-297.377170504103,1301.66789672962,0,0,0,2246.50437017124,0,-568.894359558558,-102.550143148134,310.787908413136,0,-310.559108312815,-1758.84293348496,-286.550113152207,-2906.93384421042,-1397.32367816614,-589.562887077968,1580.35580006515,11161.1061844974,0,1526.30191852846,-347.570134552584,0,0,688.983350382955,0,822.264637722964,0,540.150011790198,-1231.72318266741,0,0,891.145993462211,536.182173119522,-682.74508096217,0,28.1821085301802,651.369261982096,0,771.400665703942
0,0,0,0,0,0,0,0,0,0,0,0,0,0,0,0,0,0,0,0,0,0,0,0,0,0,0,0,0,0,0,0,0,0,0,0,0,0,0,0.0332144724529061,0,0,0,0,0,0,0,0,0,0,0,0,0,0,0,0,0,0,0,0
-1186.08921270329,174.987446530767,-405.123216561339,-727.882322962518,0,-246.960819877524,0,0,0,470.937803426384,-1160.3503194718,368.157663159224,-730.933468851728,-277.610765144407,-121.428296987011,0,0,976.560772807621,-1645.90886157328,2586.83240395534,-802.819989458616,383.429098252876,0,0,0,-203.492499795069,0,-2803.79707984703,1139.76122343854,239.7206800554,0,-796.45625706569,-616.683947576351,-269.988994479948,279.278105675614,1044.64848211268,1232.33749828805,430.265270328997,1526.30191852846,0,8372.13711340601,-415.445715608231,0,0,39.5475549599967,0,394.789997881448,0,429.328330644805,-854.853888243845,0,0,-270.647568784565,-141.785966523661,-552.075987711106,0,-710.006428389062,172.015477097853,0,-492.865243797993
-289.705036372852,215.981289369817,459.669112750978,-313.757147775241,0,73.7171698875309,0,0,0,-784.818480369677,-1550.15817991879,1409.53795554356,144.817746362924,205.352965852308,-573.91186607886,0,0,-45.5009967609863,258.003904224788,1593.09652617552,-1275.75235917149,-110.222945853872,0,0,0,1961.29206508463,0,-1014.38887096038,155.951216374838,2120.16241053737,0,-248.270956511015,2486.85356946951,423.864839108767,408.61777070733,113.443657547119,220.093649378988,1788.63915387479,-347.570134552584,0,-415.445715608232,10011.9660723279,0,0,188.373527022997,0,969.376159319454,0,581.595008396418,1493.70187031579,0,0,-125.805954751535,-1079.67976091215,457.472904666871,0,32.4608775975544,-92.4775459011613,0,-511.511410030771
0,0,0,0,0,0,0,0,0,0,0,0,0,0,0,0,0,0,0,0,0,0,0,0,0,0,0,0,0,0,0,0,0,0,0,0,0,0,0,0,0,0,0.0325450698444771,0,0,0,0,0,0,0,0,0,0,0,0,0,0,0,0,0
0,0,0,0,0,0,0,0,0,0,0,0,0,0,0,0,0,0,0,0,0,0,0,0,0,0,0,0,0,0,0,0,0,0,0,0,0,0,0,0,0,0,0,0.0273000470069083,0,0,0,0,0,0,0,0,0,0,0,0,0,0,0,0
2501.58289699051,386.070305458313,-53.0387701502008,-1204.85097840578,0,115.896838095845,0,0,0,89.0564536316472,-1904.209124435,-974.706614328632,-379.949137710642,1122.12887022544,-1885.39606501464,0,0,1955.99888041449,460.310819901589,-2136.08003186377,966.463208305265,-2697.27232304196,0,0,0,1521.26224630898,0,-1943.471869814,1674.93374002417,943.545648351416,0,1351.23945753978,-116.149878614786,931.819683006885,485.708441307678,-83.9254745183177,114.637895493547,1010.40209231021,688.983350382955,0,39.5475549599967,188.373527022997,0,0,11639.8614087245,0,-2.42772646617687,0,-1357.96772033253,1421.86988784848,0,0,915.768556289546,-554.476752263585,1780.30746007397,0,-1177.64775737123,664.068791447773,0,136.772138314941
0,0,0,0,0,0,0,0,0,0,0,0,0,0,0,0,0,0,0,0,0,0,0,0,0,0,0,0,0,0,0,0,0,0,0,0,0,0,0,0,0,0,0,0,0,0.0441915846916233,0,0,0,0,0,0,0,0,0,0,0,0,0,0
-900.645813047455,-576.553393819969,-29.0146563631279,-246.885782562331,0,-177.513761405187,0,0,0,724.231968958108,301.085401943075,628.697057953105,-212.319938523963,-615.421595738784,47.603219209935,0,0,-790.811569036036,1666.02240018549,344.957816354118,-1050.86610188506,-1121.66961935244,0,0,0,1205.08181367021,0,-949.105393944379,-334.893405120519,-166.983148257435,0,800.450449951066,400.628645026682,-163.533530954097,1039.19635880221,264.187243278553,-333.441480960897,-269.787003647918,822.264637722965,0,394.789997881448,969.376159319454,0,0,-2.42772646617687,0,2647.24947347555,0,438.011285573212,252.391943867901,0,0,-437.582099600135,351.398926349063,-64.2066012981331,0,-59.0661654611182,-925.531930476677,0,-106.207835512486
0,0,0,0,0,0,0,0,0,0,0,0,0,0,0,0,0,0,0,0,0,0,0,0,0,0,0,0,0,0,0,0,0,0,0,0,0,0,0,0,0,0,0,0,0,0,0,0.024016052418922,0,0,0,0,0,0,0,0,0,0,0,0
821.148606015647,302.827628806266,294.708810955818,127.112238132692,0,-1187.84708372971,0,0,0,1303.33371402217,491.763645196523,-368.633824979647,413.523287211394,-1290.37261832791,1228.30183117787,0,0,-1209.13766314488,928.375903050021,1575.78429361278,-737.6468198833,516.594895319512,0,0,0,-1820.42936133848,0,83.4944588738331,1781.99317173757,-1702.19847435777,0,-684.254308088187,-1407.56278866717,-716.554394518911,926.567347490728,2042.57264130223,-3280.12894131775,1265.53759143846,540.150011790198,0,429.328330644805,581.595008396418,0,0,-1357.96772033253,0,438.011285573212,0,7157.08490710063,1116.96656505099,0,0,-1164.00711827462,-1295.61507841862,619.064290048577,0,-295.132916823998,178.516086692081,0,-576.325995460912
1493.14245723824,1174.58855188908,1001.7451803711,573.536231702847,0,-1026.95849628756,0,0,0,-1087.27406753175,-1243.44691087113,-112.107481878331,731.615784293012,404.250088110571,-91.2237860386169,0,0,1891.00549183146,-154.742929263503,375.037282340571,1713.97504616719,-883.327737057173,0,0,0,-1009.16099960212,0,594.163009985663,986.665278785595,-1065.5760680075,0,-327.879512539682,-129.716757290237,-148.903832993013,104.419831139176,-1898.25988932177,-1488.0268609655,282.646361575971,-1231.72318266741,0,-854.853888243845,1493.70187031579,0,0,1421.86988784848,0,252.391943867901,0,1116.96656505099,6820.84847126991,0,0,-145.139586635119,890.899382987119,1150.94558915049,0,505.801044740538,217.910297291305,0,-206.223199258389
0,0,0,0,0,0,0,0,0,0,0,0,0,0,0,0,0,0,0,0,0,0,0,0,0,0,0,0,0,0,0,0,0,0,0,0,0,0,0,0,0,0,0,0,0,0,0,0,0,0,0.0266322199947148,0,0,0,0,0,0,0,0,0
0,0,0,0,0,0,0,0,0,0,0,0,0,0,0,0,0,0,0,0,0,0,0,0,0,0,0,0,0,0,0,0,0,0,0,0,0,0,0,0,0,0,0,0,0,0,0,0,0,0,0,0.0346587375378202,0,0,0,0,0,0,0,0
-230.498758515788,157.991563513413,-1600.13169841681,797.052099712045,0,570.481506876077,0,0,0,-245.975356013016,784.604395140381,-263.443164119639,683.689964210876,-75.0934617506703,-3072.72771981625,0,0,114.994900051123,1495.12424897095,-2470.84497187761,-704.244885404884,943.385236433024,0,0,0,-434.982416660069,0,352.769460251482,-2160.10278390618,1147.60540983507,0,-98.9179719246405,645.845171022318,524.934325018078,-1969.42218820724,808.284635400707,2480.72270737934,-20.1903532023849,891.145993462211,0,-270.647568784565,-125.805954751535,0,0,915.768556289546,0,-437.582099600135,0,-1164.00711827462,-145.139586635119,0,0,11170.1533819561,-853.592346074647,-531.792803841233,0,186.455911981128,1673.20038943523,0,13.1122237084998
-880.099766611205,-353.953766935445,-52.6005586573409,-73.0188426740311,0,829.711537449013,0,0,0,-1903.56533407086,1047.02239986054,771.395490795256,-825.069396007473,-781.504036492084,1431.02062588051,0,0,2241.45595338253,-686.958782842011,1295.45756704688,812.445178375565,-978.970208516193,0,0,0,-1811.83098315556,0,-624.919745960599,952.087843196766,-2012.25545294816,0,1061.28977067362,784.844997097757,1898.4173603357,-466.307561203289,-3122.58432254939,-1300.43291865043,561.899109888198,536.182173119522,0,-141.785966523661,-1079.67976091215,0,0,-554.476752263585,0,351.398926349063,0,-1295.61507841862,890.899382987119,0,0,-853.592346074647,10078.1571357804,-566.642911656183,0,614.996738210687,164.950610383321,0,776.412101801289
634.270765166305,-1468.097640765,80.0235992372704,-729.233155774897,0,806.790303516381,0,0,0,1114.78086454408,-605.019921931205,-140.155060922081,221.7432282631,743.112537752075,1666.10310735849,0,0,-1543.55406706548,242.557530171709,-681.730698451497,-561.637142557069,390.530165471835,0,0,0,454.146228422942,0,897.889616483834,407.503951532056,462.712328816353,0,-459.648635524548,583.354276024541,453.968474593533,1884.9545579794,671.134664505473,-1398.29469366725,386.927939338704,-682.74508096217,0,-552.075987711106,457.472904666871,0,0,1780.30746007397,0,-64.2066012981331,0,619.064290048577,1150.94558915049,0,0,-531.792803841233,-566.642911656183,7196.42505015446,0,-108.064093280311,323.64504142541,0,-280.665770528976
0,0,0,0,0,0,0,0,0,0,0,0,0,0,0,0,0,0,0,0,0,0,0,0,0,0,0,0,0,0,0,0,0,0,0,0,0,0,0,0,0,0,0,0,0,0,0,0,0,0,0,0,0,0,0,0.0224879185185825,0,0,0,0
-620.756766678441,-143.725082882206,-324.209117966989,-581.399563416653,0,1100.55149913028,0,0,0,23.8963410791514,759.497251421995,298.516867728885,323.474896928859,-221.483367259692,884.553637377906,0,0,-616.27412883349,-1800.69338067365,1602.15907100443,196.351091817183,-141.216883791231,0,0,0,866.187336674096,0,2302.3444842043,-277.289451043676,-1873.88238609188,0,474.173029258531,-862.562760409969,-214.330886359315,-238.929750115907,-952.875258739014,33.3018401194521,-53.8749554801994,28.1821085301802,0,-710.006428389062,32.4608775975544,0,0,-1177.64775737123,0,-59.0661654611182,0,-295.132916823998,505.801044740538,0,0,186.455911981128,614.996738210687,-108.064093280311,0,5330.15126549963,-736.175569733775,0,476.218083064342
1230.59285348949,-810.029397139709,996.531439239076,909.27463701319,0,-521.417540561487,0,0,0,-936.772522783346,206.570005927699,-560.0998783034,-813.60636935106,607.078278368143,237.961338640813,0,0,590.719631617694,-1537.2039903124,185.982253148606,1769.92156612412,1170.05088046253,0,0,0,-320.390531052859,0,-727.656881081285,-1149.04946521209,1286.21247861238,0,-72.9770383027232,-741.508987957467,825.325872020846,555.291977649578,-867.748682699784,1297.95372016343,1283.21872260485,651.369261982096,0,172.015477097853,-92.4775459011613,0,0,664.068791447773,0,-925.531930476677,0,178.516086692081,217.910297291305,0,0,1673.20038943523,164.950610383321,323.64504142541,0,-736.175569733775,5959.45110073394,0,-304.105481328118
0,0,0,0,0,0,0,0,0,0,0,0,0,0,0,0,0,0,0,0,0,0,0,0,0,0,0,0,0,0,0,0,0,0,0,0,0,0,0,0,0,0,0,0,0,0,0,0,0,0,0,0,0,0,0,0,0,0,0.0238035483371975,0
457.565861812607,-60.427029684753,-227.449579183744,-425.171369426437,0,46.7274356692591,0,0,0,118.016483930736,356.192636697368,-127.554736900176,-548.690431043878,-374.813240741725,-225.135759984173,0,0,295.223921860921,-129.586670253343,646.442966532053,-211.888286595291,227.678476421213,0,0,0,537.24947276067,0,-92.5379274596305,-581.002894534058,-208.923938500615,0,343.911064325301,35.0695365878204,15.8357488240421,205.448923017005,-599.921935165212,159.811079092195,-700.183011962657,771.400665703942,0,-492.865243797993,-511.511410030771,0,0,136.772138314941,0,-106.207835512486,0,-576.325995460912,-206.223199258389,0,0,13.1122237084998,776.412101801289,-280.665770528976,0,476.218083064342,-304.105481328118,0,1600.44783108616
