0.0147787095361211,0,0,0,0,0,0,0,0,0,0,0,0,0,0,0,0,0,0,0,0,0,0,0,0,0,0,0,0,0,0,0,0,0,0,0,0,0,0,0,0,0,0,0,0,0,0,0,0,0,0,0,0,0,0,0,0,0,0,0
0,0.0150739189132366,0,0,0,0,0,0,0,0,0,0,0,0,0,0,0,0,0,0,0,0,0,0,0,0,0,0,0,0,0,0,0,0,0,0,0,0,0,0,0,0,0,0,0,0,0,0,0,0,0,0,0,0,0,0,0,0,0,0
0,0,3571.64285376948,78.707356902131,0,0,0,423.043823439523,0,0,1809.66482953423,548.293174115276,469.716467573468,0,0,-295.527403591501,1421.47403645321,-1569.58143907956,0,0,968.199466094394,0,0,369.284342729023,0,1108.00904677529,903.704021693584,-271.368839854681,273.743254767444,1763.81273169639,0,1549.07989143618,-511.729690541987,-1404.68307710431,977.785090019351,990.263725852735,-864.410105855657,80.5421554165846,0,757.930780201806,0,0,0,752.995564780279,216.351241930746,-150.59211060357,167.218354199855,318.834122316051,0,-562.24715952415,0,542.916471589508,719.218459656489,0,0,486.36173414739,0,0,332.261549731244,262.334749403336
0,0,78.707356902131,1417.67682136484,0,0,0,-400.894565563213,0,0,282.539731508609,-27.7189826047107,-490.005842746791,0,0,-215.666926148278,-476.389812768214,-104.169865361072,0,0,40.9859078893563,0,0,24.8685674435808,0,-249.544353474429,113.881317806637,525.916749719497,59.3680451900787,-305.77332131378,0,-275.012959409051,24.4060934329325,105.606909350526,-65.2556390018903,1011.20331416989,579.783425191619,479.476796083271,0,275.778737447482,0,0,0,-57.7368921574107,-175.942305686666,212.236606553035,-326.35484543969,-115.390189481471,0,-379.45670348315,0,425.862049101277,405.553247479728,0,0,-14.8677751023492,0,0,-256.962430297733,-506.477546828457
0,0,0,0,0.0207617491544038,0,0,0,0,0,0,0,0,0,0,0,0,0,0,0,0,0,0,0,0,0,0,0,0,0,0,0,0,0,0,0,0,0,0,0,0,0,0,0,0,0,0,0,0,0,0,0,0,0,0,0,0,0,0,0
0,0,0,0,0,0.0278637851611694,0,0,0,0,0,0,0,0,0,0,0,0,0,0,0,0,0,0,0,0,0,0,0,0,0,0,0,0,0,0,0,0,0,0,0,0,0,0,0,0,0,0,0,0,0,0,0,0,0,0,0,0,0,0
0,0,0,0,0,0,0.0473629238719991,0,0,0,0,0,0,0,0,0,0,0,0,0,0,0,0,0,0,0,0,0,0,0,0,0,0,0,0,0,0,0,0,0,0,0,0,0,0,0,0,0,0,0,0,0,0,0,0,0,0,0,0,0
0,0,423.043823439523,-400.894565563213,0,0,0,13743.0007383256,0,0,-1134.72446103853,318.700907487336,2753.81383436137,0,0,-218.277301414601,5783.71269256679,-1302.62204537574,0,0,-443.397406551309,0,0,-742.611514694295,0,248.292747751051,-158.863243698518,1520.88863014869,854.504928309724,1638.54206954766,0,469.34272436989,414.936727608603,-379.317073876915,171.302843689592,2376.6899022638,-3599.28561492319,1090.32800848639,0,1821.97085332719,0,0,0,476.565860614765,173.874080442965,-69.1467381826996,1859.22268885554,-619.889714142241,0,747.313058363087,0,300.918837513299,385.97642380198,0,0,789.498078230603,0,0,1213.1964094217,366.792741704669
0,0,0,0,0,0,0,0,0.0219049184781891,0,0,0,0,0,0,0,0,0,0,0,0,0,0,0,0,0,0,0,0,0,0,0,0,0,0,0,0,0,0,0,0,0,0,0,0,0,0,0,0,0,0,0,0,0,0,0,0,0,0,0
0,0,0,0,0,0,0,0,0,0.0656219260569076,0,0,0,0,0,0,0,0,0,0,0,0,0,0,0,0,0,0,0,0,0,0,0,0,0,0,0,0,0,0,0,0,0,0,0,0,0,0,0,0,0,0,0,0,0,0,0,0,0,0
0,0,1809.66482953423,282.539731508609,0,0,0,-1134.72446103853,0,0,11877.8626701012,-470.607586625925,39.6078875141708,0,0,847.511904278026,1018.53283196606,413.730104419899,0,0,668.208871597112,0,0,640.071435582185,0,691.760005157689,2481.30894378241,-864.123497023004,-427.037454741633,-189.864775284384,0,2658.34492468995,-441.573175356257,-1679.67709134738,-176.95081388373,823.582920273154,1050.34048760323,-2034.39144717324,0,-1681.94771389795,0,0,0,226.689628868436,998.394126362877,949.075006668257,1523.91462440656,597.984186082752,0,-1070.14023608739,0,245.614197570466,1488.08001186824,0,0,-699.493444075139,0,0,-402.550994839348,-351.919695662569
0,0,548.293174115276,-27.7189826047107,0,0,0,318.700907487336,0,0,-470.607586625925,7247.30025284942,-261.697905720075,0,0,-759.083258899525,-765.547626721973,-2067.98362220697,0,0,-1193.65722382425,0,0,279.098150240995,0,-874.750477038526,2250.50823350202,-319.605069736216,-652.983210850165,3853.99033595912,0,727.875722795835,-564.826765874502,-1021.70996828902,-1930.65867185686,-1074.90426085865,-569.700701938114,851.083311988875,0,-1069.36711244181,0,0,0,24.9174654897358,1813.09252274979,-583.533950989401,69.7642797641923,-808.955202577289,0,514.849100203341,0,573.918594396817,726.963084467688,0,0,850.264655644969,0,0,905.691250778758,-385.806074576738
0,0,469.716467573468,-490.005842746791,0,0,0,2753.81383436137,0,0,39.6078875141709,-261.697905720075,17309.9274846823,0,0,597.956082166939,4597.60806177204,4183.31594966766,0,0,-398.498027483792,0,0,-1519.40466366528,0,-3174.89813320455,1645.14387696866,-708.685811016129,830.035144425634,-3095.62504468103,0,2037.18775112793,-2777.29463401759,-2482.26700952686,966.240571324181,2069.81185203126,56.0357229814783,-3493.46298440879,0,2064.91725757261,0,0,0,952.562749594637,247.295851374878,-486.497981291101,606.858271910704,-126.966051112573,0,1196.44121993591,0,1513.82456580035,1016.59461158784,0,0,121.141002634716,0,0,962.070854386853,1070.32669539865
0,0,0,0,0,0,0,0,0,0,0,0,0,0.0379756240898875,0,0,0,0,0,0,0,0,0,0,0,0,0,0,0,0,0,0,0,0,0,0,0,0,0,0,0,0,0,0,0,0,0,0,0,0,0,0,0,0,0,0,0,0,0,0
0,0,0,0,0,0,0,0,0,0,0,0,0,0,0.0630437367053089,0,0,0,0,0,0,0,0,0,0,0,0,0,0,0,0,0,0,0,0,0,0,0,0,0,0,0,0,0,0,0,0,0,0,0,0,0,0,0,0,0,0,0,0,0
0,0,-295.527403591501,-215.666926148278,0,0,0,-218.277301414601,0,0,847.511904278026,-759.083258899525,597.956082166939,0,0,18664.7993342563,1750.32709516538,2699.05446819374,0,0,1071.56432324377,0,0,-189.727439780846,0,1195.43019995363,-2026.61746390287,851.890090686286,117.752357286644,205.180374215544,0,542.848731216571,-183.252725966987,-1975.29712317295,194.30730078166,-469.302685937681,3624.68212215902,561.137784035167,0,-952.306190250283,0,0,0,-1287.11085160849,-439.351725284902,392.172085429096,632.990728160089,442.569416404763,0,472.422612662881,0,1101.50723508629,452.092196311857,0,0,-1907.80003200757,0,0,-1171.33895905223,82.422836954575
0,0,1421.47403645321,-476.389812768214,0,0,0,5783.71269256679,0,0,1018.53283196606,-765.547626721973,4597.60806177204,0,0,1750.32709516538,22923.7976144696,2110.50288134357,0,0,1067.86090635181,0,0,575.164474870887,0,3273.18057597736,-1280.43373281729,3726.31252997566,2234.61513844139,4004.63123513532,0,2586.02116731027,-1649.96059552518,-2381.92262404761,1128.28040810316,167.493988157925,3156.02165698858,-1769.60379708932,0,3192.45883114564,0,0,0,1160.7199028588,1589.39956798498,375.235935359927,2970.46286054587,481.210615163532,0,547.504268161416,0,1939.38389496288,386.667352688008,0,0,555.615971296776,0,0,1070.37458354863,2380.47108138842
0,0,-1569.58143907956,-104.169865361072,0,0,0,-1302.62204537574,0,0,413.730104419899,-2067.98362220697,4183.31594966766,0,0,2699.05446819374,2110.50288134357,16282.4166766676,0,0,-62.9009551180318,0,0,2677.31117145302,0,-979.798838418993,2843.30499194969,-2075.0834948504,-365.799445520092,-209.99874401409,0,68.0438425002277,-2361.87786985306,-2839.94958098078,1318.56517276956,-2240.07118828932,3748.45604959074,-1760.9286944642,0,1633.11982190794,0,0,0,-139.172711697483,-688.140463427623,1060.21848157266,352.478451731441,-402.294861754352,0,616.316854180272,0,899.501386059956,-229.459822850784,0,0,-1589.34580842553,0,0,-481.464665204585,-84.5840756807004
0,0,0,0,0,0,0,0,0,0,0,0,0,0,0,0,0,0,0.0780034846724688,0,0,0,0,0,0,0,0,0,0,0,0,0,0,0,0,0,0,0,0,0,0,0,0,0,0,0,0,0,0,0,0,0,0,0,0,0,0,0,0,0
0,0,0,0,0,0,0,0,0,0,0,0,0,0,0,0,0,0,0,0.0667813567638539,0,0,0,0,0,0,0,0,0,0,0,0,0,0,0,0,0,0,0,0,0,0,0,0,0,0,0,0,0,0,0,0,0,0,0,0,0,0,0,0
0,0,968.199466094394,40.9859078893563,0,0,0,-443.397406551309,0,0,668.208871597112,-1193.65722382425,-398.498027483792,0,0,1071.56432324377,1067.86090635181,-62.9009551180318,0,0,14330.3523253659,0,0,-2796.06216838921,0,1231.68155120955,1691.85222247599,1253.07431783858,919.217762754967,-911.903674256956,0,1932.5705652256,790.320415269726,-598.660468468877,-880.573097541439,-635.471692369428,802.697576331574,52.5382409339662,0,146.61109112333,0,0,0,-33.3365282016488,-270.886753198589,-19.5750211770784,354.861798415225,1137.50235838778,0,-725.766870998122,0,-146.373187785369,-1461.8822679371,0,0,-125.481832707812,0,0,627.859730424977,-677.854762226857
0,0,0,0,0,0,0,0,0,0,0,0,0,0,0,0,0,0,0,0,0,0.068334427405693,0,0,0,0,0,0,0,0,0,0,0,0,0,0,0,0,0,0,0,0,0,0,0,0,0,0,0,0,0,0,0,0,0,0,0,0,0,0
0,0,0,0,0,0,0,0,0,0,0,0,0,0,0,0,0,0,0,0,0,0,0.0722732468048805,0,0,0,0,0,0,0,0,0,0,0,0,0,0,0,0,0,0,0,0,0,0,0,0,0,0,0,0,0,0,0,0,0,0,0,0,0
0,0,369.284342729023,24.8685674435808,0,0,0,-742.611514694295,0,0,640.071435582185,279.098150240995,-1519.40466366528,0,0,-189.727439780846,575.164474870887,2677.31117145302,0,0,-2796.06216838921,0,0,10653.156993231,0,909.303047599284,-1525.43398710529,-728.346415968393,1414.08507273855,154.111481753139,0,-215.711771276779,1370.13736615446,244.490534914235,-468.197534358568,-1572.29935715544,1426.03676833442,953.944641392268,0,-1304.91817272139,0,0,0,421.944889453593,638.756363963711,300.091594030875,1250.94368180562,334.731246812406,0,655.838882207911,0,831.371134903695,717.239173741385,0,0,86.012894542591,0,0,-559.58602670686,-456.966723722375
0,0,0,0,0,0,0,0,0,0,0,0,0,0,0,0,0,0,0,0,0,0,0,0,0.0685007072281748,0,0,0,0,0,0,0,0,0,0,0,0,0,0,0,0,0,0,0,0,0,0,0,0,0,0,0,0,0,0,0,0,0,0,0
0,0,1108.00904677529,-249.544353474429,0,0,0,248.292747751051,0,0,691.760005157689,-874.750477038526,-3174.89813320455,0,0,1195.43019995363,3273.18057597736,-979.798838418993,0,0,1231.68155120955,0,0,909.303047599285,0,19110.4678925098,133.492942236843,744.555687789948,13.2581059107632,-202.108774708496,0,-1283.49008513506,1562.88569708669,-506.723439288457,630.854115025095,1108.79897661391,831.33396080996,2953.08270477354,0,176.047557262503,0,0,0,871.766544566727,1047.69256444814,-453.935293313007,398.406437573081,2503.41083509638,0,741.866315224949,0,308.512139621482,1463.70294801697,0,0,692.540376524029,0,0,297.928354334285,966.899519501549
0,0,903.704021693584,113.881317806637,0,0,0,-158.863243698518,0,0,2481.30894378241,2250.50823350202,1645.14387696866,0,0,-2026.61746390287,-1280.43373281729,2843.30499194969,0,0,1691.85222247599,0,0,-1525.43398710529,0,133.492942236843,19240.129036269,-2375.781022008,-3179.12569300206,-638.407809466411,0,-78.0361297077237,-2849.22447398187,-3923.7181983017,-2262.58202331577,-853.579035993074,-548.206482280737,2623.2639409386,0,-1777.54486752526,0,0,0,-785.271825511042,749.861124619359,-665.646116484187,-381.870360711301,1031.70215149789,0,-267.138787506348,0,164.128840860655,1772.23562963494,0,0,494.604396105438,0,0,1405.48136556556,-252.559626755598
0,0,-271.368839854681,525.916749719497,0,0,0,1520.88863014869,0,0,-864.123497023004,-319.605069736216,-708.685811016129,0,0,851.890090686286,3726.31252997566,-2075.0834948504,0,0,1253.07431783858,0,0,-728.346415968393,0,744.555687789948,-2375.781022008,17906.7279609516,70.5870412537095,269.022291427384,0,1226.0459129682,4677.10201867764,1583.44933370502,-561.932119178082,851.359375292402,3352.98288577559,1017.30840462303,0,2089.38274776176,0,0,0,1199.10825376525,3122.80089270669,1525.96033188832,1193.66922485869,990.611717306428,0,622.419573431962,0,-600.655774473333,-1175.83686140044,0,0,-384.462833267821,0,0,463.056769129328,-933.136790764445
0,0,273.743254767444,59.3680451900787,0,0,0,854.504928309724,0,0,-427.037454741633,-652.983210850165,830.035144425634,0,0,117.752357286644,2234.61513844139,-365.799445520092,0,0,919.217762754967,0,0,1414.08507273855,0,13.2581059107632,-3179.12569300206,70.5870412537095,17382.4658384765,-243.858217325787,0,-147.256301450798,84.6458259519986,-1129.65561537481,2941.1087010016,2757.22859520445,-509.487023004462,-1067.76485064562,0,-1294.57256963648,0,0,0,1598.77197291914,-1242.81883754564,-1574.77084390772,350.879984863724,733.251418452522,0,214.179942662412,0,-341.972887859528,444.689087253586,0,0,736.806229560102,0,0,365.298235291539,-767.023666075426
0,0,1763.81273169639,-305.77332131378,0,0,0,1638.54206954766,0,0,-189.864775284384,3853.99033595912,-3095.62504468103,0,0,205.180374215544,4004.63123513532,-209.99874401409,0,0,-911.903674256956,0,0,154.111481753139,0,-202.108774708496,-638.407809466411,269.022291427384,-243.858217325787,16653.6353035243,0,-617.018569793984,1408.30229351006,-136.845161827682,-2496.50011046009,-145.501854527075,-1877.78068562053,177.222080832643,0,1636.03366388516,0,0,0,1627.19424681506,2289.85140761081,1018.7486899377,357.199773128623,-2612.43109770947,0,-98.6764817830001,0,816.808200321817,143.754551493435,0,0,669.811104412839,0,0,1528.84451997187,-404.959304129453
0,0,0,0,0,0,0,0,0,0,0,0,0,0,0,0,0,0,0,0,0,0,0,0,0,0,0,0,0,0,0.0572166356785883,0,0,0,0,0,0,0,0,0,0,0,0,0,0,0,0,0,0,0,0,0,0,0,0,0,0,0,0,0
0,0,1549.07989143618,-275.012959409051,0,0,0,469.34272436989,0,0,2658.34492468995,727.875722795835,2037.18775112793,0,0,542.848731216571,2586.02116731027,68.0438425002277,0,0,1932.5705652256,0,0,-215.711771276779,0,-1283.49008513506,-78.0361297077237,1226.04591296821,-147.256301450798,-617.018569793985,0,15919.2353113885,-211.411988522596,623.830399911735,1676.85767445675,2168.7161863512,-41.4617333034942,1910.72889083674,0,-869.851030247747,0,0,0,468.209438440579,-311.017043278104,2233.00477223384,-372.868873488401,968.988211044556,0,-336.601934841117,0,851.741907892181,1075.35330638117,0,0,-619.528055415022,0,0,2145.53892087334,711.429923960334
0,0,-511.729690541987,24.4060934329325,0,0,0,414.936727608603,0,0,-441.573175356257,-564.826765874502,-2777.29463401759,0,0,-183.252725966987,-1649.96059552518,-2361.87786985306,0,0,790.320415269726,0,0,1370.13736615446,0,1562.88569708669,-2849.22447398187,4677.10201867764,84.6458259519986,1408.30229351006,0,-211.411988522596,10211.1843120237,3640.02783788024,2546.63085236835,252.51953763088,753.258604106034,414.016284585216,0,2143.44616481936,0,0,0,-612.018590653718,-1279.29094803399,290.592279644632,467.882571282417,1187.44914693478,0,60.4591299181017,0,-1954.61591787546,-1145.05893250963,0,0,82.4867869585144,0,0,407.040102500989,61.2917838383155
0,0,-1404.68307710431,105.606909350526,0,0,0,-379.317073876915,0,0,-1679.67709134738,-1021.70996828902,-2482.26700952686,0,0,-1975.29712317295,-2381.92262404761,-2839.94958098078,0,0,-598.660468468877,0,0,244.490534914235,0,-506.723439288457,-3923.7181983017,1583.44933370502,-1129.65561537481,-136.845161827682,0,623.830399911735,3640.02783788024,12808.6585572977,-133.860116990632,453.54692328614,-544.231445421083,-1214.00586078393,0,784.177982161962,0,0,0,12.4296942875194,736.061290282414,701.057009751357,351.08234834031,-403.186573464076,0,-659.188842558429,0,-1577.4727101711,-733.430410749156,0,0,-832.523251794008,0,0,576.359005720973,-1518.1715495288
0,0,977.785090019351,-65.2556390018903,0,0,0,171.302843689592,0,0,-176.95081388373,-1930.65867185686,966.240571324181,0,0,194.30730078166,1128.28040810316,1318.56517276956,0,0,-880.573097541439,0,0,-468.197534358568,0,630.854115025095,-2262.58202331577,-561.932119178082,2941.1087010016,-2496.50011046009,0,1676.85767445674,2546.63085236835,-133.860116990632,15193.952091494,587.162135034207,1342.63310864787,-471.285078690457,0,871.997052641245,0,0,0,-109.184406442453,-3034.13003654708,-312.495511854519,-117.293673927087,657.412956713149,0,-92.7470209882277,0,106.257398793427,-766.54669914553,0,0,-454.812777308726,0,0,1073.34420092028,542.207008778884
0,0,990.263725852735,1011.20331416989,0,0,0,2376.6899022638,0,0,823.582920273154,-1074.90426085865,2069.81185203126,0,0,-469.302685937681,167.493988157925,-2240.07118828932,0,0,-635.471692369428,0,0,-1572.29935715544,0,1108.79897661391,-853.579035993074,851.359375292402,2757.22859520445,-145.501854527075,0,2168.7161863512,252.51953763088,453.54692328614,587.162135034207,14254.5042962518,-1358.25830433932,609.695396518071,0,822.934655145745,0,0,0,13.9338891332272,774.436733130986,-965.983858972878,-2382.0293794574,1144.9843656977,0,11.0540178742592,0,-322.052415661142,2359.43629301792,0,0,-153.639333639922,0,0,993.310728441048,-57.4819026363521
0,0,-864.410105855657,579.78342519162,0,0,0,-3599.28561492319,0,0,1050.34048760323,-569.700701938114,56.0357229814783,0,0,3624.68212215902,3156.02165698858,3748.45604959074,0,0,802.697576331574,0,0,1426.03676833442,0,831.33396080996,-548.206482280737,3352.98288577559,-509.487023004462,-1877.78068562053,0,-41.4617333034943,753.258604106034,-544.231445421083,1342.63310864787,-1358.25830433932,17197.5611309,-419.6626084475,0,-536.063029165612,0,0,0,-1057.02819847651,586.579800740012,1139.05190979615,-135.707079359212,153.16752811031,0,232.499479669841,0,1019.43107279756,-139.472188526172,0,0,1105.46852169512,0,0,-1733.78825855192,-90.6633471138224
0,0,80.5421554165846,479.476796083271,0,0,0,1090.32800848639,0,0,-2034.39144717324,851.083311988875,-3493.46298440879,0,0,561.137784035167,-1769.60379708932,-1760.9286944642,0,0,52.5382409339662,0,0,953.944641392268,0,2953.08270477354,2623.2639409386,1017.30840462303,-1067.76485064562,177.222080832643,0,1910.72889083674,414.016284585216,-1214.00586078393,-471.285078690457,609.695396518071,-419.6626084475,11356.4797518444,0,437.033840923765,0,0,0,119.030761615356,-428.553929294587,-513.999567575021,-294.966646818748,332.658744961124,0,-822.603520086617,0,418.265894460382,1360.57140740652,0,0,63.8968423237059,0,0,403.056200020474,-197.652651855686
0,0,0,0,0,0,0,0,0,0,0,0,0,0,0,0,0,0,0,0,0,0,0,0,0,0,0,0,0,0,0,0,0,0,0,0,0,0,0.04990329882725,0,0,0,0,0,0,0,0,0,0,0,0,0,0,0,0,0,0,0,0,0
0,0,757.930780201806,275.778737447482,0,0,0,1821.97085332719,0,0,-1681.94771389795,-1069.36711244181,2064.91725757261,0,0,-952.306190250283,3192.45883114564,1633.11982190794,0,0,146.61109112333,0,0,-1304.91817272139,0,176.047557262503,-1777.54486752526,2089.38274776176,-1294.57256963648,1636.03366388516,0,-869.851030247747,2143.44616481936,784.177982161962,871.997052641245,822.934655145745,-536.063029165612,437.033840923765,0,13676.1454838519,0,0,0,896.055186795008,123.907705880402,-110.914601222579,983.045813367033,1368.91033166272,0,-1593.56201578791,0,-1061.88494064389,722.362122418289,0,0,-264.69834331003,0,0,86.956099844002,367.158419676743
0,0,0,0,0,0,0,0,0,0,0,0,0,0,0,0,0,0,0,0,0,0,0,0,0,0,0,0,0,0,0,0,0,0,0,0,0,0,0,0,0.0591509248555879,0,0,0,0,0,0,0,0,0,0,0,0,0,0,0,0,0,0,0
0,0,0,0,0,0,0,0,0,0,0,0,0,0,0,0,0,0,0,0,0,0,0,0,0,0,0,0,0,0,0,0,0,0,0,0,0,0,0,0,0,0.0498098654667822,0,0,0,0,0,0,0,0,0,0,0,0,0,0,0,0,0,0
0,0,0,0,0,0,0,0,0,0,0,0,0,0,0,0,0,0,0,0,0,0,0,0,0,0,0,0,0,0,0,0,0,0,0,0,0,0,0,0,0,0,0.0250654682277661,0,0,0,0,0,0,0,0,0,0,0,0,0,0,0,0,0
0,0,752.995564780279,-57.7368921574107,0,0,0,476.565860614765,0,0,226.689628868436,24.9174654897358,952.562749594637,0,0,-1287.11085160849,1160.7199028588,-139.172711697483,0,0,-33.3365282016488,0,0,421.944889453593,0,871.766544566727,-785.271825511042,1199.10825376525,1598.77197291914,1627.19424681506,0,468.209438440579,-612.018590653718,12.4296942875194,-109.184406442453,13.9338891332272,-1057.02819847651,119.030761615356,0,896.055186795008,0,0,0,4880.08511104909,1597.40682717161,582.434170402155,-330.627065181065,-814.089959682307,0,-266.726325360922,0,-83.4662789475704,-382.314194031005,0,0,-40.8078301667572,0,0,-487.632940715401,130.475786313695
0,0,216.351241930746,-175.942305686666,0,0,0,173.874080442965,0,0,998.394126362877,1813.09252274979,247.295851374878,0,0,-439.351725284902,1589.39956798498,-688.140463427623,0,0,-270.886753198589,0,0,638.756363963711,0,1047.69256444814,749.861124619359,3122.80089270669,-1242.81883754564,2289.85140761081,0,-311.017043278104,-1279.29094803399,736.061290282414,-3034.13003654708,774.436733130986,586.579800740012,-428.553929294587,0,123.907705880402,0,0,0,1597.40682717161,9455.00027213524,-995.188300744949,277.754769023164,-1571.14935129117,0,-40.8003724925097,0,216.264963589749,-752.210715988652,0,0,487.372787617024,0,0,-96.4987535486151,-301.633034826977
0,0,-150.59211060357,212.236606553035,0,0,0,-69.1467381826996,0,0,949.075006668257,-583.533950989401,-486.497981291101,0,0,392.172085429096,375.235935359927,1060.21848157266,0,0,-19.5750211770784,0,0,300.091594030875,0,-453.935293313007,-665.646116484187,1525.96033188832,-1574.77084390772,1018.7486899377,0,2233.00477223384,290.592279644632,701.057009751357,-312.495511854519,-965.983858972878,1139.05190979615,-513.999567575021,0,-110.914601222579,0,0,0,582.434170402155,-995.188300744949,5131.52161603144,344.407754512406,218.555224486069,0,495.458628486587,0,626.802657813268,864.077062878752,0,0,-176.122932234028,0,0,37.8644686390069,50.1640585693583
0,0,167.218354199855,-326.35484543969,0,0,0,1859.22268885554,0,0,1523.91462440656,69.7642797641923,606.858271910704,0,0,632.990728160089,2970.46286054587,352.478451731441,0,0,354.861798415225,0,0,1250.94368180562,0,398.406437573081,-381.870360711301,1193.66922485869,350.879984863724,357.199773128623,0,-372.868873488401,467.882571282417,351.08234834031,-117.293673927087,-2382.0293794574,-135.707079359212,-294.966646818748,0,983.045813367033,0,0,0,-330.627065181064,277.754769023164,344.407754512406,6011.99663645639,-578.585490464159,0,-728.619996292747,0,278.741670212035,-197.033386431385,0,0,402.269407053083,0,0,431.097722098742,339.178406388029
0,0,318.834122316051,-115.390189481471,0,0,0,-619.889714142241,0,0,597.984186082752,-808.955202577289,-126.966051112573,0,0,442.569416404763,481.210615163532,-402.294861754352,0,0,1137.50235838778,0,0,334.731246812406,0,2503.41083509638,1031.70215149789,990.611717306428,733.251418452523,-2612.43109770947,0,968.988211044556,1187.44914693478,-403.186573464076,657.412956713149,1144.9843656977,153.16752811031,332.658744961124,0,1368.91033166272,0,0,0,-814.089959682307,-1571.14935129117,218.555224486069,-578.585490464159,7821.15044070471,0,66.5550914678577,0,-802.639708683667,545.727589645023,0,0,585.104419816182,0,0,-770.28744408512,1389.12638109117
0,0,0,0,0,0,0,0,0,0,0,0,0,0,0,0,0,0,0,0,0,0,0,0,0,0,0,0,0,0,0,0,0,0,0,0,0,0,0,0,0,0,0,0,0,0,0,0,0.0126326674640623,0,0,0,0,0,0,0,0,0,0,0
0,0,-562.24715952415,-379.45670348315,0,0,0,747.313058363087,0,0,-1070.14023608739,514.849100203341,1196.44121993591,0,0,472.422612662881,547.504268161416,616.316854180272,0,0,-725.766870998122,0,0,655.838882207911,0,741.866315224949,-267.138787506348,622.419573431962,214.179942662412,-98.6764817830001,0,-336.601934841117,60.4591299181017,-659.188842558429,-92.7470209882277,11.0540178742592,232.499479669841,-822.603520086617,0,-1593.56201578791,0,0,0,-266.726325360922,-40.8003724925097,495.458628486587,-728.619996292747,66.5550914678577,0,3562.91138287116,0,421.015017865673,-545.623653103743,0,0,141.144575352124,0,0,338.966681347772,411.116400825066
0,0,0,0,0,0,0,0,0,0,0,0,0,0,0,0,0,0,0,0,0,0,0,0,0,0,0,0,0,0,0,0,0,0,0,0,0,0,0,0,0,0,0,0,0,0,0,0,0,0,0.0072534570836889,0,0,0,0,0,0,0,0,0
0,0,542.916471589508,425.862049101277,0,0,0,300.918837513299,0,0,245.614197570466,573.918594396817,1513.82456580035,0,0,1101.50723508629,1939.38389496288,899.501386059956,0,0,-146.373187785369,0,0,831.371134903695,0,308.512139621482,164.128840860655,-600.655774473333,-341.972887859528,816.808200321818,0,851.741907892181,-1954.61591787546,-1577.4727101711,106.257398793427,-322.052415661142,1019.43107279756,418.265894460382,0,-1061.88494064389,0,0,0,-83.4662789475704,216.264963589749,626.802657813268,278.741670212035,-802.639708683667,0,421.015017865673,0,3022.44311214544,345.960630163053,0,0,347.394830768455,0,0,189.260823802439,-97.2180624377416
0,0,719.218459656489,405.553247479728,0,0,0,385.97642380198,0,0,1488.08001186824,726.963084467688,1016.59461158784,0,0,452.092196311857,386.667352688008,-229.459822850784,0,0,-1461.8822679371,0,0,717.239173741385,0,1463.70294801697,1772.23562963494,-1175.83686140044,444.689087253586,143.754551493435,0,1075.35330638117,-1145.05893250963,-733.430410749156,-766.54669914553,2359.43629301792,-139.472188526172,1360.57140740652,0,722.362122418289,0,0,0,-382.314194031005,-752.210715988652,864.077062878752,-197.033386431385,545.727589645023,0,-545.623653103743,0,345.960630163053,5501.29930743931,0,0,-202.230254760834,0,0,22.6989430841407,58.0349660047592
0,0,0,0,0,0,0,0,0,0,0,0,0,0,0,0,0,0,0,0,0,0,0,0,0,0,0,0,0,0,0,0,0,0,0,0,0,0,0,0,0,0,0,0,0,0,0,0,0,0,0,0,0,0.0343631852375057,0,0,0,0,0,0
0,0,0,0,0,0,0,0,0,0,0,0,0,0,0,0,0,0,0,0,0,0,0,0,0,0,0,0,0,0,0,0,0,0,0,0,0,0,0,0,0,0,0,0,0,0,0,0,0,0,0,0,0,0,0.0165030771405556,0,0,0,0,0
0,0,486.36173414739,-14.8677751023492,0,0,0,789.498078230603,0,0,-699.493444075139,850.264655644969,121.141002634716,0,0,-1907.80003200757,555.615971296776,-1589.34580842553,0,0,-125.481832707812,0,0,86.012894542591,0,692.540376524029,494.604396105437,-384.462833267821,736.806229560102,669.811104412839,0,-619.528055415022,82.4867869585144,-832.523251794008,-454.812777308726,-153.639333639922,1105.46852169512,63.8968423237059,0,-264.69834331003,0,0,0,-40.8078301667572,487.372787617024,-176.122932234028,402.269407053083,585.104419816182,0,141.144575352124,0,347.394830768455,-202.230254760834,0,0,3756.50654251493,0,0,-247.455479508008,578.515253631594
0,0,0,0,0,0,0,0,0,0,0,0,0,0,0,0,0,0,0,0,0,0,0,0,0,0,0,0,0,0,0,0,0,0,0,0,0,0,0,0,0,0,0,0,0,0,0,0,0,0,0,0,0,0,0,0,0.0265651291068744,0,0,0
0,0,0,0,0,0,0,0,0,0,0,0,0,0,0,0,0,0,0,0,0,0,0,0,0,0,0,0,0,0,0,0,0,0,0,0,0,0,0,0,0,0,0,0,0,0,0,0,0,0,0,0,0,0,0,0,0,0.0264979210227625,0,0
0,0,332.261549731244,-256.962430297733,0,0,0,1213.1964094217,0,0,-402.550994839348,905.691250778758,962.070854386852,0,0,-1171.33895905223,1070.37458354863,-481.464665204585,0,0,627.859730424977,0,0,-559.58602670686,0,297.928354334285,1405.48136556556,463.056769129328,365.298235291539,1528.84451997187,0,2145.53892087334,407.040102500989,576.359005720973,1073.34420092028,993.310728441048,-1733.78825855192,403.056200020474,0,86.956099844002,0,0,0,-487.632940715401,-96.4987535486151,37.8644686390069,431.097722098742,-770.28744408512,0,338.966681347772,0,189.260823802439,22.6989430841407,0,0,-247.455479508008,0,0,4279.33554980964,124.205677633678
0,0,262.334749403336,-506.477546828457,0,0,0,366.792741704669,0,0,-351.919695662569,-385.806074576738,1070.32669539865,0,0,82.422836954575,2380.47108138842,-84.5840756807005,0,0,-677.854762226857,0,0,-456.966723722375,0,966.899519501549,-252.559626755598,-933.136790764445,-767.023666075426,-404.959304129453,0,711.429923960334,61.2917838383155,-1518.1715495288,542.207008778884,-57.4819026363521,-90.6633471138224,-197.652651855686,0,367.158419676743,0,0,0,130.475786313695,-301.633034826977,50.1640585693583,339.178406388029,1389.12638109117,0,411.116400825066,0,-97.2180624377415,58.0349660047592,0,0,578.515253631594,0,0,124.205677633678,2720.90973874609
