0.174303048649797,-0.00357672367689255,0.0217955621839963,-0.00502386948589902,0.0405523493069832,0.0119569307808061,0.00159582824176149,-0.0138813182971082,0.000161192061616121,0.00208481315790791,0.00860899845123184,0.00267679275734696,0.000230551952485842,0.014478179785695,0.00121492927275595,-0.00986921971579484,-0.00194625389278466,0.00986085760739741,-0.00180099872263111,-0.0076050368498836,0.00507946866840159,0.000676447479376361,-0.0117303249242492,0.00991909294585971
-0.00357672367689255,0.0353667996350062,-0.00804118889340812,0.0198601186482208,0.00329674115204706,0.00177307060802344,0.00331443447545394,2.3853565726432e-05,0.0196231626479769,0.000277015770032202,0.00304776167512299,-0.00288775593505221,-0.0026048219287795,0.020026839334947,-0.00654165809229123,-0.00671215067397057,0.00713480426764729,0.00643914568623739,-0.000969345043306452,-0.00505387256616642,-0.00337943575920864,0.00049354836753547,-0.0123699482424036,0.00868659894122979
0.0217955621839963,-0.00804118889340812,0.0812656103142053,-0.00516482326537148,0.00524016895768652,-0.000109410408403868,0.00146599021335486,-0.00590634933351714,-0.0104010166783043,0.00431712522601825,0.0145950123551315,0.0252044911737588,-0.00158879432465854,0.0161958900549165,0.0007633873156158,0.00390866289276316,0.0105395080577725,-0.000668056702155942,0.00105518253495974,-0.00728758724656984,0.00777489426654293,0.00136818193111024,-0.00653522556831004,0.00275462203021793
-0.00502386948589902,0.0198601186482208,-0.00516482326537148,0.0287486449993436,-0.00211461715194469,-0.0010317527484294,0.0011945661963079,0.00111457815213312,0.0215376989086098,0.00394090962101018,-0.00228079708415273,-0.00127478938965663,0.001769118269633,0.0295207912729463,-0.000532625690000981,-4.98024028885702e-05,0.0125973579078545,0.00167876565482437,0.0015132027740614,-0.00544547318097146,-0.00227399108655441,-0.0013582362412946,-0.0117251063276424,-0.00316552746273373
0.0405523493069832,0.00329674115204706,0.00524016895768652,-0.00211461715194469,0.149468081889746,0.0171698312824595,-0.00423345584701483,0.0158348887592334,-0.0017553705732594,0.0111934228086346,-0.00104479186675916,-0.00739594049024225,0.00600891949173453,0.0154592527601652,-0.00212239949857406,-0.00157373460514889,0.0217348263548112,0.00124074519047092,-0.000249287836684257,-0.00231113707048018,0.00802365864508891,0.00377711574520641,-0.00568615636484908,0.0118063563765989
0.0119569307808061,0.00177307060802344,-0.000109410408403868,-0.0010317527484294,0.0171698312824595,0.0912707536006756,0.00368801435887797,0.0263768315053806,0.00815539143239441,0.015486278710393,-0.00784733583157495,0.00154186703762843,0.0173312571530535,0.0087878287949337,0.000616538898729724,-0.00432034769393921,0.00190981507946188,-0.00281142943699876,0.000256106937365222,-0.00929438119336288,-0.00446710641898507,-0.0107148311125375,-0.00303989414650302,0.0204329010397087
0.00159582824176149,0.00331443447545394,0.00146599021335486,0.0011945661963079,-0.00423345584701483,0.00368801435887797,0.0554156163440559,-0.00405959165578865,0.00184954361623857,-0.00195816990908165,-0.00681105695967097,0.00340021817312216,0.0122302810750694,0.00506755881663101,0.00474393148556039,-0.00508537215964105,0.00538790848417229,-0.0043779286444303,0.000103636735685031,-0.00758968947939771,0.00813533322471722,-0.0019998621897532,0.000551104149933359,0.00348533560059399
-0.0138813182971082,2.3853565726432e-05,-0.00590634933351714,0.00111457815213312,0.0158348887592334,0.0263768315053806,-0.00405959165578865,0.128825354594836,0.0104859269000951,0.0222736150640095,-0.0102370171326346,-0.000572498728005586,0.00844181149171326,0.00743056000410068,-0.00349456659741266,-0.00288449108918633,0.0145261417621751,0.00114297421839783,0.00333459281020885,0.0337543194542394,-0.055563925785581,-0.00116273297515698,0.00307424725644643,-0.00645808139024289
0.000161192061616121,0.0196231626479769,-0.0104010166783043,0.0215376989086098,-0.0017553705732594,0.0081553914323944,0.00184954361623857,0.0104859269000951,0.125071680540358,0.0124809915021578,-0.0157316913662756,0.000571204167225827,0.000137317797989426,0.0410452683987605,-0.0113811825382537,-0.00338583171808957,0.0236436906874354,0.0179133287625602,-0.00420573369257861,-0.00203776901604414,-0.05452652400729,0.00461786813554936,-0.0321118752637656,0.000295588427901303
0.00208481315790791,0.000277015770032202,0.00431712522601825,0.00394090962101018,0.0111934228086346,0.015486278710393,-0.00195816990908165,0.0222736150640095,0.0124809915021578,0.0412218978509198,-0.00382932495374323,0.00436940391727048,0.00660406414168905,0.0160399476494104,0.000620666304122759,0.00841287028415822,0.00495442979555172,0.00164768160637809,-0.000421025266709709,-0.0149819483866755,-0.00477768538905256,0.00272196925287528,-0.0069210049328013,-0.00827729213429226
0.00860899845123184,0.00304776167512299,0.0145950123551315,-0.00228079708415273,-0.00104479186675916,-0.00784733583157495,-0.00681105695967097,-0.0102370171326346,-0.0157316913662756,-0.00382932495374323,0.136431300910677,-0.00697467102598432,-0.00923806838902882,0.00164891426750403,-0.00496189320284104,-0.0068055507294925,0.0126163020997708,-0.000712017789338016,0.0067577685809667,0.00471163899345167,0.0051343771842441,-0.00127589745164278,-0.0145980396785973,0.0236503125166496
0.00267679275734696,-0.00288775593505221,0.0252044911737588,-0.00127478938965663,-0.00739594049024225,0.00154186703762843,0.00340021817312216,-0.000572498728005586,0.000571204167225827,0.00436940391727048,-0.00697467102598432,0.0386173999669382,0.00948641264435662,0.00566340932120463,-0.000740839950313673,0.00441757091328606,-0.00317563453248276,0.00374404217978372,-0.000768612713120423,0.00236609936801041,0.00235646752180954,-0.00179728304900972,-0.00262346428000198,0.0122878401706295
0.000230551952485842,-0.0026048219287795,-0.00158879432465854,0.001769118269633,0.00600891949173453,0.0173312571530535,0.0122302810750694,0.00844181149171326,0.000137317797989426,0.00660406414168905,-0.00923806838902882,0.00948641264435662,0.136528350200129,-0.0030487287609026,-0.00189546526948132,0.00680939210876799,0.0102351423306631,-0.00370477886360127,0.00806439404874106,-0.0160205777388282,-0.00113418710058131,-0.00209604564700562,0.0169272178810906,-0.00392144915754013
0.014478179785695,0.020026839334947,0.0161958900549165,0.0295207912729463,0.0154592527601652,0.0087878287949337,0.00506755881663101,0.00743056000410068,0.0410452683987605,0.0160399476494104,0.00164891426750403,0.00566340932120463,-0.0030487287609026,0.234673968014649,-0.00877740901997106,0.00152080068180287,0.0150259079182802,0.010842213197528,-0.00152574539683142,-0.0177798899414922,0.00246522577131295,-0.00015431309569344,-0.0441180134299301,-0.0273676085511552
0.00121492927275595,-0.00654165809229123,0.0007633873156158,-0.000532625690000981,-0.00212239949857406,0.000616538898729724,0.00474393148556039,-0.00349456659741266,-0.0113811825382537,0.000620666304122759,-0.00496189320284104,-0.000740839950313673,-0.00189546526948132,-0.00877740901997106,0.0464412759618028,0.0150358368420162,-0.0035753525023903,-0.0210767619546949,0.00188252552812082,-0.000216958987037741,0.0073619981071136,-0.000820126259422589,0.00785208888911189,-0.0081200139462058
-0.00986921971579485,-0.00671215067397057,0.00390866289276316,-4.98024028885702e-05,-0.00157373460514889,-0.00432034769393921,-0.00508537215964105,-0.00288449108918632,-0.00338583171808957,0.00841287028415822,-0.0068055507294925,0.00441757091328606,0.00680939210876799,0.00152080068180287,0.0150358368420162,0.170161857108934,-0.0263245764247661,0.00147221714857728,0.00222216032148058,0.0102704331571385,-0.01934984614228,0.00378174709348826,0.00851126007728168,-0.0189375332044476
-0.00194625389278466,0.00713480426764729,0.0105395080577725,0.0125973579078545,0.0217348263548112,0.00190981507946188,0.00538790848417229,0.0145261417621751,0.0236436906874354,0.00495442979555172,0.0126163020997708,-0.00317563453248276,0.0102351423306631,0.0150259079182802,-0.0035753525023903,-0.0263245764247661,0.111222057077963,0.00773715236317995,-0.00207515780257329,0.00781925366683702,-0.0173949690746716,-0.00235392935834587,-0.0180012513811672,-0.000822910162861474
0.00986085760739741,0.00643914568623739,-0.000668056702155942,0.00167876565482437,0.00124074519047092,-0.00281142943699876,-0.0043779286444303,0.00114297421839783,0.0179133287625602,0.00164768160637809,-0.000712017789338016,0.00374404217978372,-0.00370477886360127,0.010842213197528,-0.0210767619546949,0.00147221714857728,0.00773715236317995,0.0861522885166537,-0.0348300346992261,-0.00153757211617229,-0.0111115444332146,0.00131600452370366,-0.00645432726651671,-0.00404569529248307
-0.00180099872263111,-0.000969345043306452,0.00105518253495974,0.0015132027740614,-0.000249287836684257,0.000256106937365222,0.000103636735685031,0.00333459281020885,-0.00420573369257861,-0.000421025266709709,0.0067577685809667,-0.000768612713120423,0.00806439404874106,-0.00152574539683142,0.00188252552812082,0.00222216032148058,-0.00207515780257329,-0.0348300346992261,0.0396109684780258,0.00558944227331927,-0.0016780520159902,-0.000458492701668163,0.00358813099519435,0.00378101625332643
-0.0076050368498836,-0.00505387256616642,-0.00728758724656984,-0.00544547318097146,-0.00231113707048018,-0.00929438119336288,-0.00758968947939771,0.0337543194542394,-0.00203776901604414,-0.0149819483866754,0.00471163899345167,0.00236609936801041,-0.0160205777388282,-0.0177798899414922,-0.000216958987037741,0.0102704331571385,0.00781925366683702,-0.00153757211617229,0.00558944227331927,0.144845922971198,-0.121128193588955,-0.00205052059136639,0.00495539026034429,0.00577521435824179
0.00507946866840159,-0.00337943575920864,0.00777489426654293,-0.00227399108655441,0.00802365864508891,-0.00446710641898507,0.00813533322471722,-0.055563925785581,-0.05452652400729,-0.00477768538905256,0.0051343771842441,0.00235646752180954,-0.00113418710058131,0.00246522577131295,0.0073619981071136,-0.01934984614228,-0.0173949690746716,-0.0111115444332146,-0.0016780520159902,-0.121128193588955,0.20476246300709,0.00383403804476378,0.0108021223634599,0.00030104371405023
0.000676447479376361,0.00049354836753547,0.00136818193111024,-0.0013582362412946,0.00377711574520641,-0.0107148311125375,-0.0019998621897532,-0.00116273297515698,0.00461786813554936,0.00272196925287528,-0.00127589745164278,-0.00179728304900972,-0.00209604564700562,-0.00015431309569344,-0.000820126259422589,0.00378174709348826,-0.00235392935834587,0.00131600452370366,-0.000458492701668163,-0.00205052059136639,0.00383403804476378,0.0184472733139521,-0.00340763492377246,-0.0123907760152145
-0.0117303249242492,-0.0123699482424036,-0.00653522556831004,-0.0117251063276424,-0.00568615636484908,-0.00303989414650302,0.00055110414993336,0.00307424725644643,-0.0321118752637656,-0.0069210049328013,-0.0145980396785973,-0.00262346428000198,0.0169272178810906,-0.0441180134299301,0.00785208888911189,0.00851126007728168,-0.0180012513811672,-0.00645432726651671,0.00358813099519435,0.00495539026034429,0.0108021223634599,-0.00340763492377246,0.149927201914939,-0.118819812524955
0.00991909294585971,0.00868659894122979,0.00275462203021793,-0.00316552746273373,0.0118063563765989,0.0204329010397087,0.00348533560059399,-0.00645808139024289,0.000295588427901303,-0.00827729213429226,0.0236503125166496,0.0122878401706295,-0.00392144915754013,-0.0273676085511552,-0.0081200139462058,-0.0189375332044476,-0.000822910162861474,-0.00404569529248307,0.00378101625332643,0.00577521435824179,0.00030104371405023,-0.0123907760152145,-0.118819812524955,0.227884553443406
