0.0336849455238586,0,0,0,0,0,0,0,0,0,0,0,0,0,0,0,0,0,0,0,0,0,0,0,0,0,0,0,0,0,0,0,0,0,0,0,0,0,0,0,0,0,0,0,0,0,0,0,0,0,0,0,0,0,0,0,0,0,0,0
0,0.00746780928322771,0,0,0,0,0,0,0,0,0,0,0,0,0,0,0,0,0,0,0,0,0,0,0,0,0,0,0,0,0,0,0,0,0,0,0,0,0,0,0,0,0,0,0,0,0,0,0,0,0,0,0,0,0,0,0,0,0,0
0,0,5503.0651869965,174.54561489295,-59.0966511466202,544.860109336343,0,1313.42657928291,0,156.41471185393,-143.660606968398,0,0,0,0,233.581692439954,0,0,1551.61991565011,478.062870062265,0,773.889496996603,0,-1205.61471748218,2493.5702344833,0,-1644.0113508145,463.126743333855,-216.06191534549,0,0,0,0,0,-96.1000248195195,0,1362.60248761776,0,-975.895194568652,-194.169113330647,0,667.955269153072,-735.555854953535,-850.306769979807,0,-181.191852704683,0,0,0,186.419214452109,-184.028594371376,0,-255.64047258643,0,0,-358.397515966679,0,0,975.6042954714,0
0,0,174.54561489295,2861.87534732924,-290.397002186411,338.864489255989,0,111.562040084174,0,-287.087142467118,195.869845289981,0,0,0,0,113.085493486447,0,0,842.220051687587,475.852648714726,0,627.850047292185,0,-1020.02754140468,-517.883089547889,0,416.142818994531,-300.209455561749,-487.443885357859,0,0,0,0,0,-924.22309849464,0,358.485042842576,0,-631.243373044238,173.472730874085,0,242.47968624209,272.003864733007,386.352930484499,0,-291.334102031604,0,0,0,75.7159246001934,51.110725088903,0,-375.705852157171,0,0,69.5385487475663,0,0,-379.67522157496,0
0,0,-59.0966511466202,-290.397002186411,8554.52897432884,-240.420390866666,0,-1531.13604822191,0,-812.725446178771,99.9101359056386,0,0,0,0,-985.009230135738,0,0,-2428.23792776465,-1682.70930548306,0,-1111.97350897173,0,-993.998674644118,-943.859126696853,0,428.696510964485,-2493.39602886561,-384.828123874989,0,0,0,0,0,770.384239964435,0,1281.93298549167,0,-1031.4619928468,-1026.48469620501,0,-917.019719953238,775.940395561215,990.855307306282,0,83.8207709887351,0,0,0,600.331526541689,-507.623877820568,0,91.0314187597843,0,0,411.964331274469,0,0,1525.33388281659,0
0,0,544.860109336343,338.864489255989,-240.420390866666,5752.13825263382,0,1055.82295343707,0,1551.00909107004,-506.084571557633,0,0,0,0,2300.35913074804,0,0,1388.75905747679,-920.905268182774,0,784.858274119027,0,-341.106004942609,-941.231192837974,0,-42.9136050776837,200.925947755242,802.753971620582,0,0,0,0,0,56.0430551823388,0,-1193.54890953092,0,808.031298469403,-346.436853094335,0,-324.659908888261,-897.933536279901,-246.086537785086,0,-833.824122597511,0,0,0,-202.02437907574,785.401180002995,0,-394.744795345346,0,0,173.052554895535,0,0,1240.02692284046,0
0,0,0,0,0,0,0.0168663587088129,0,0,0,0,0,0,0,0,0,0,0,0,0,0,0,0,0,0,0,0,0,0,0,0,0,0,0,0,0,0,0,0,0,0,0,0,0,0,0,0,0,0,0,0,0,0,0,0,0,0,0,0,0
0,0,1313.42657928291,111.562040084174,-1531.13604822191,1055.82295343706,0,8229.78177195958,0,465.955537317549,-369.673121862905,0,0,0,0,927.06392795048,0,0,1349.69497011061,1460.56348140557,0,259.654692205135,0,1655.30780232939,359.29764575762,0,1178.05673249282,998.859897392176,-649.016644120777,0,0,0,0,0,-245.387389087634,0,1029.90113359858,0,-1216.10106393199,137.973207029125,0,722.219339730156,-1812.76291577047,-932.570550130888,0,-618.541030463881,0,0,0,158.256334823903,-434.09240478629,0,-1858.49367840341,0,0,-595.973298742361,0,0,190.252347047943,0
0,0,0,0,0,0,0,0,0.0233036735781521,0,0,0,0,0,0,0,0,0,0,0,0,0,0,0,0,0,0,0,0,0,0,0,0,0,0,0,0,0,0,0,0,0,0,0,0,0,0,0,0,0,0,0,0,0,0,0,0,0,0,0
0,0,156.41471185393,-287.087142467118,-812.725446178771,1551.00909107004,0,465.955537317549,0,6635.26045619989,52.9153340230193,0,0,0,0,2113.55424174429,0,0,1359.61684430196,-10.91795987887,0,756.723806422282,0,1097.68974752338,-340.079801434914,0,999.685046255108,751.227349670531,1453.87384315476,0,0,0,0,0,4044.79101911418,0,1596.73056787338,0,-113.567813015611,1093.99234930476,0,571.587009928565,-525.429710437653,158.298645017393,0,-216.169420412264,0,0,0,310.535238599696,1021.26034112533,0,75.9443045079933,0,0,344.810977301227,0,0,228.016536120719,0
0,0,-143.660606968398,195.869845289981,99.9101359056386,-506.084571557633,0,-369.673121862905,0,52.9153340230193,6187.06469999996,0,0,0,0,880.098625164955,0,0,1509.99964838881,-561.382599842893,0,1140.79829179958,0,1228.83111030192,838.392468392204,0,-207.870754325361,-1464.05731923203,1218.64215014234,0,0,0,0,0,1040.89257040613,0,-1157.10131438943,0,-327.883695218386,-326.817287789434,0,226.13593258478,-643.240922439058,-661.381414334161,0,741.806841615878,0,0,0,218.708341804287,-323.397413278864,0,-1627.43137596326,0,0,212.001212651563,0,0,-704.570825982451,0
0,0,0,0,0,0,0,0,0,0,0,0.0318964242413861,0,0,0,0,0,0,0,0,0,0,0,0,0,0,0,0,0,0,0,0,0,0,0,0,0,0,0,0,0,0,0,0,0,0,0,0,0,0,0,0,0,0,0,0,0,0,0,0
0,0,0,0,0,0,0,0,0,0,0,0,0.0404616903717783,0,0,0,0,0,0,0,0,0,0,0,0,0,0,0,0,0,0,0,0,0,0,0,0,0,0,0,0,0,0,0,0,0,0,0,0,0,0,0,0,0,0,0,0,0,0,0
0,0,0,0,0,0,0,0,0,0,0,0,0,0.031873621587072,0,0,0,0,0,0,0,0,0,0,0,0,0,0,0,0,0,0,0,0,0,0,0,0,0,0,0,0,0,0,0,0,0,0,0,0,0,0,0,0,0,0,0,0,0,0
0,0,0,0,0,0,0,0,0,0,0,0,0,0,0.0561174047634253,0,0,0,0,0,0,0,0,0,0,0,0,0,0,0,0,0,0,0,0,0,0,0,0,0,0,0,0,0,0,0,0,0,0,0,0,0,0,0,0,0,0,0,0,0
0,0,233.581692439954,113.085493486447,-985.009230135738,2300.35913074804,0,927.06392795048,0,2113.55424174429,880.098625164955,0,0,0,0,15788.4012269646,0,0,240.113841353073,-854.404813858824,0,-1161.81158364782,0,-903.149189744174,1255.91978850598,0,-713.49916742303,130.593295141424,-1556.02730468456,0,0,0,0,0,2291.78407341085,0,-924.721397320176,0,-452.196327060959,1414.86144312776,0,-2594.69398184989,-1073.36153141973,111.693620072225,0,-208.442416670236,0,0,0,981.168568585382,1417.96305349264,0,-613.503219664554,0,0,727.331957423541,0,0,-358.612830360985,0
0,0,0,0,0,0,0,0,0,0,0,0,0,0,0,0,0.0869062451254188,0,0,0,0,0,0,0,0,0,0,0,0,0,0,0,0,0,0,0,0,0,0,0,0,0,0,0,0,0,0,0,0,0,0,0,0,0,0,0,0,0,0,0
0,0,0,0,0,0,0,0,0,0,0,0,0,0,0,0,0,0.105033989088776,0,0,0,0,0,0,0,0,0,0,0,0,0,0,0,0,0,0,0,0,0,0,0,0,0,0,0,0,0,0,0,0,0,0,0,0,0,0,0,0,0,0
0,0,1551.61991565011,842.220051687587,-2428.23792776465,1388.75905747679,0,1349.69497011061,0,1359.61684430196,1509.99964838881,0,0,0,0,240.113841353073,0,0,16523.8168469954,4087.81234640429,0,2215.4648635685,0,851.703397660519,981.305081524496,0,15.8699027397897,-756.741969351237,923.120094303363,0,0,0,0,0,340.97921259146,0,1693.58532970467,0,-203.851956713156,-1479.54426899142,0,1913.1363670644,-814.624897828723,-514.687588299348,0,317.961301129016,0,0,0,-226.830086211405,101.711466344813,0,-894.618195059583,0,0,-452.184957889297,0,0,-271.499213301813,0
0,0,478.062870062265,475.852648714726,-1682.70930548306,-920.905268182774,0,1460.56348140557,0,-10.91795987887,-561.382599842893,0,0,0,0,-854.404813858824,0,0,4087.81234640429,17651.7485703956,0,2904.04795479525,0,-28.7290711860852,-3267.84831354873,0,-573.577523250118,498.883297275036,-1541.13434338511,0,0,0,0,0,-616.453950876972,0,2013.63318523542,0,698.052813091605,690.777291858635,0,160.002800339334,10.049644555691,-948.917078869175,0,-1189.89038842183,0,0,0,-1086.87621815702,-178.176741365563,0,369.316591902263,0,0,-1553.59042582356,0,0,2652.30399248483,0
0,0,0,0,0,0,0,0,0,0,0,0,0,0,0,0,0,0,0,0,0.0821198671343489,0,0,0,0,0,0,0,0,0,0,0,0,0,0,0,0,0,0,0,0,0,0,0,0,0,0,0,0,0,0,0,0,0,0,0,0,0,0,0
0,0,773.889496996603,627.850047292185,-1111.97350897173,784.858274119027,0,259.654692205135,0,756.723806422282,1140.79829179958,0,0,0,0,-1161.81158364782,0,0,2215.4648635685,2904.04795479525,0,18629.6598938132,0,-725.240904245727,492.910663460108,0,-314.006681628942,-1403.65898249527,461.480005512405,0,0,0,0,0,-535.51280420647,0,3378.43144194009,0,949.94346071,-1110.9826870591,0,182.478464852275,317.640248613955,-172.928590326998,0,643.5054680965,0,0,0,-1034.62206657089,-430.933394042803,0,-651.793995085407,0,0,-499.350024797589,0,0,-758.449151227823,0
0,0,0,0,0,0,0,0,0,0,0,0,0,0,0,0,0,0,0,0,0,0,0.0719113969180724,0,0,0,0,0,0,0,0,0,0,0,0,0,0,0,0,0,0,0,0,0,0,0,0,0,0,0,0,0,0,0,0,0,0,0,0,0
0,0,-1205.61471748218,-1020.02754140468,-993.998674644118,-341.106004942609,0,1655.30780232939,0,1097.68974752338,1228.83111030192,0,0,0,0,-903.149189744174,0,0,851.703397660519,-28.7290711860852,0,-725.240904245727,0,16311.6383555004,1364.35322001719,0,1355.07471336206,910.477326104498,1287.44532634799,0,0,0,0,0,-1795.6745507203,0,1270.1903245867,0,-2449.4406364517,1379.19180098017,0,362.374285512094,882.449121823648,-707.400666172221,0,1196.95625892464,0,0,0,1097.32574307685,750.009276048161,0,-140.510901431327,0,0,-947.793247496822,0,0,-29.5470799649183,0
0,0,2493.5702344833,-517.883089547889,-943.859126696853,-941.231192837974,0,359.29764575762,0,-340.079801434914,838.392468392204,0,0,0,0,1255.91978850598,0,0,981.305081524496,-3267.84831354873,0,492.910663460108,0,1364.35322001719,14380.6229549848,0,107.515641454281,1355.83576560427,4393.55251660631,0,0,0,0,0,-254.531845189257,0,1315.92162784473,0,-435.353066061854,166.941173489822,0,-846.480719885134,-127.077908055221,-574.612428827504,0,-723.68908071556,0,0,0,-457.163364365543,-312.845179998843,0,822.932026766643,0,0,997.55727478496,0,0,-1388.24969252159,0
0,0,0,0,0,0,0,0,0,0,0,0,0,0,0,0,0,0,0,0,0,0,0,0,0,0.0738337205587378,0,0,0,0,0,0,0,0,0,0,0,0,0,0,0,0,0,0,0,0,0,0,0,0,0,0,0,0,0,0,0,0,0,0
0,0,-1644.0113508145,416.142818994531,428.696510964485,-42.9136050776836,0,1178.05673249282,0,999.685046255108,-207.870754325361,0,0,0,0,-713.49916742303,0,0,15.8699027397897,-573.577523250118,0,-314.006681628942,0,1355.07471336206,107.515641454281,0,18058.621765112,-1697.8450334914,101.28462471433,0,0,0,0,0,-24.0873351522845,0,364.022707898861,0,-1444.91147771185,585.905904528605,0,1638.41490919349,-441.941748428445,397.472273919103,0,981.060156148123,0,0,0,782.079670346371,-275.907222818021,0,-378.9295607119,0,0,352.630351268341,0,0,1292.32248574836,0
0,0,463.126743333855,-300.209455561749,-2493.39602886561,200.925947755242,0,998.859897392176,0,751.227349670531,-1464.05731923203,0,0,0,0,130.593295141424,0,0,-756.741969351237,498.883297275036,0,-1403.65898249527,0,910.477326104498,1355.83576560427,0,-1697.8450334914,11220.2972160753,123.632482535341,0,0,0,0,0,108.779594797085,0,-1739.43068164765,0,1473.10515873746,420.491437365817,0,527.129115802196,478.680241163737,-945.802617237822,0,-1370.88959988641,0,0,0,352.76453501135,450.761383705427,0,1351.33203076651,0,0,-1370.45547766048,0,0,-964.272841318704,0
0,0,-216.06191534549,-487.443885357859,-384.828123874989,802.753971620582,0,-649.016644120777,0,1453.87384315476,1218.64215014234,0,0,0,0,-1556.02730468456,0,0,923.120094303363,-1541.13434338511,0,461.480005512405,0,1287.44532634799,4393.55251660631,0,101.28462471433,123.632482535341,12747.4452106446,0,0,0,0,0,3587.27240978596,0,542.512132538973,0,1840.79113187438,154.265032094232,0,-277.293300926517,305.707389959701,-541.156597624434,0,-2636.7867065629,0,0,0,-430.844822940001,377.421035686981,0,-549.624595888932,0,0,939.734954644559,0,0,664.053362445144,0
0,0,0,0,0,0,0,0,0,0,0,0,0,0,0,0,0,0,0,0,0,0,0,0,0,0,0,0,0,0.0530979757103731,0,0,0,0,0,0,0,0,0,0,0,0,0,0,0,0,0,0,0,0,0,0,0,0,0,0,0,0,0,0
0,0,0,0,0,0,0,0,0,0,0,0,0,0,0,0,0,0,0,0,0,0,0,0,0,0,0,0,0,0,0.0515421165472437,0,0,0,0,0,0,0,0,0,0,0,0,0,0,0,0,0,0,0,0,0,0,0,0,0,0,0,0,0
0,0,0,0,0,0,0,0,0,0,0,0,0,0,0,0,0,0,0,0,0,0,0,0,0,0,0,0,0,0,0,0.0272969405280229,0,0,0,0,0,0,0,0,0,0,0,0,0,0,0,0,0,0,0,0,0,0,0,0,0,0,0,0
0,0,0,0,0,0,0,0,0,0,0,0,0,0,0,0,0,0,0,0,0,0,0,0,0,0,0,0,0,0,0,0,0.0526622140491212,0,0,0,0,0,0,0,0,0,0,0,0,0,0,0,0,0,0,0,0,0,0,0,0,0,0,0
0,0,0,0,0,0,0,0,0,0,0,0,0,0,0,0,0,0,0,0,0,0,0,0,0,0,0,0,0,0,0,0,0,0.0447630285675899,0,0,0,0,0,0,0,0,0,0,0,0,0,0,0,0,0,0,0,0,0,0,0,0,0,0
0,0,-96.1000248195195,-924.22309849464,770.384239964435,56.0430551823388,0,-245.387389087634,0,4044.79101911418,1040.89257040613,0,0,0,0,2291.78407341085,0,0,340.97921259146,-616.453950876972,0,-535.51280420647,0,-1795.6745507203,-254.531845189257,0,-24.0873351522845,108.779594797085,3587.27240978596,0,0,0,0,0,19696.8669751723,0,2459.72267232221,0,1620.50674491689,913.561822531072,0,-1448.31332019377,360.989035116677,-1040.36538407635,0,-347.335727852101,0,0,0,-1391.76866674379,1565.07611064988,0,-128.527748768885,0,0,847.063316148225,0,0,299.499752575369,0
0,0,0,0,0,0,0,0,0,0,0,0,0,0,0,0,0,0,0,0,0,0,0,0,0,0,0,0,0,0,0,0,0,0,0,0.0729932945984691,0,0,0,0,0,0,0,0,0,0,0,0,0,0,0,0,0,0,0,0,0,0,0,0
0,0,1362.60248761776,358.485042842576,1281.93298549167,-1193.54890953092,0,1029.90113359858,0,1596.73056787338,-1157.10131438943,0,0,0,0,-924.721397320175,0,0,1693.58532970467,2013.63318523542,0,3378.43144194009,0,1270.1903245867,1315.92162784473,0,364.022707898861,-1739.43068164765,542.512132538973,0,0,0,0,0,2459.72267232221,0,16076.8673875211,0,125.311665180954,-503.20747188605,0,-54.3788951936135,-1046.68588812404,415.930322575321,0,-13.5947752707643,0,0,0,-1163.98213205713,-36.8313989048726,0,364.151632687249,0,0,-591.873683086057,0,0,46.0220642901125,0
0,0,0,0,0,0,0,0,0,0,0,0,0,0,0,0,0,0,0,0,0,0,0,0,0,0,0,0,0,0,0,0,0,0,0,0,0,0.0591720498354547,0,0,0,0,0,0,0,0,0,0,0,0,0,0,0,0,0,0,0,0,0,0
0,0,-975.895194568652,-631.243373044238,-1031.4619928468,808.031298469403,0,-1216.10106393199,0,-113.567813015611,-327.883695218386,0,0,0,0,-452.196327060959,0,0,-203.851956713156,698.052813091605,0,949.94346071,0,-2449.4406364517,-435.353066061854,0,-1444.91147771185,1473.10515873746,1840.79113187438,0,0,0,0,0,1620.50674491689,0,125.311665180954,0,10636.090515529,-1675.30884561474,0,-214.220384582346,-666.670612050569,-386.471296960524,0,-1616.656398777,0,0,0,-204.74390658001,883.959507718973,0,2107.99687557014,0,0,-1117.4999270129,0,0,-157.743841977138,0
0,0,-194.169113330647,173.472730874085,-1026.48469620501,-346.436853094335,0,137.973207029125,0,1093.99234930476,-326.817287789434,0,0,0,0,1414.86144312776,0,0,-1479.54426899142,690.777291858635,0,-1110.9826870591,0,1379.19180098017,166.941173489822,0,585.905904528605,420.491437365817,154.265032094232,0,0,0,0,0,913.561822531072,0,-503.20747188605,0,-1675.30884561474,10506.9236706339,0,-216.409771172139,874.754901452846,200.157711452498,0,-719.217431465378,0,0,0,93.1965558864675,-343.334318664133,0,-307.096648712455,0,0,951.764635634114,0,0,-156.453075977425,0
0,0,0,0,0,0,0,0,0,0,0,0,0,0,0,0,0,0,0,0,0,0,0,0,0,0,0,0,0,0,0,0,0,0,0,0,0,0,0,0,0.0566042136298466,0,0,0,0,0,0,0,0,0,0,0,0,0,0,0,0,0,0,0
0,0,667.955269153072,242.47968624209,-917.019719953238,-324.659908888261,0,722.219339730156,0,571.587009928565,226.13593258478,0,0,0,0,-2594.69398184989,0,0,1913.1363670644,160.002800339334,0,182.478464852275,0,362.374285512094,-846.480719885134,0,1638.41490919349,527.129115802196,-277.293300926517,0,0,0,0,0,-1448.31332019377,0,-54.3788951936135,0,-214.220384582346,-216.409771172139,0,8201.26185715342,-545.871057833979,-198.979351378896,0,115.393970276957,0,0,0,201.269369473655,-237.323263231636,0,432.537791080546,0,0,-410.048992383952,0,0,1226.30828666004,0
0,0,-735.555854953535,272.003864733007,775.940395561215,-897.933536279901,0,-1812.76291577047,0,-525.429710437653,-643.240922439058,0,0,0,0,-1073.36153141973,0,0,-814.624897828723,10.049644555691,0,317.640248613955,0,882.449121823648,-127.077908055221,0,-441.941748428445,478.680241163737,305.707389959701,0,0,0,0,0,360.989035116677,0,-1046.68588812404,0,-666.670612050569,874.754901452846,0,-545.871057833979,6036.50444004301,290.249224235672,0,-128.871811969206,0,0,0,-294.258024098657,415.414125952464,0,229.129833687333,0,0,-330.922635762812,0,0,459.523331684521,0
0,0,-850.306769979807,386.352930484499,990.855307306282,-246.086537785086,0,-932.570550130888,0,158.298645017393,-661.381414334161,0,0,0,0,111.693620072225,0,0,-514.687588299348,-948.917078869175,0,-172.928590326998,0,-707.400666172221,-574.612428827504,0,397.472273919103,-945.802617237822,-541.156597624434,0,0,0,0,0,-1040.36538407635,0,415.930322575321,0,-386.471296960524,200.157711452498,0,-198.979351378896,290.249224235672,3448.12226980448,0,-365.392570579234,0,0,0,410.973132338473,-186.48806624793,0,512.194654922783,0,0,384.538593513619,0,0,-123.742089378949,0
0,0,0,0,0,0,0,0,0,0,0,0,0,0,0,0,0,0,0,0,0,0,0,0,0,0,0,0,0,0,0,0,0,0,0,0,0,0,0,0,0,0,0,0,0.0403141761644298,0,0,0,0,0,0,0,0,0,0,0,0,0,0,0
0,0,-181.191852704683,-291.334102031604,83.8207709887351,-833.824122597511,0,-618.541030463881,0,-216.169420412264,741.806841615878,0,0,0,0,-208.442416670236,0,0,317.961301129016,-1189.89038842183,0,643.5054680965,0,1196.95625892464,-723.68908071556,0,981.060156148123,-1370.88959988641,-2636.7867065629,0,0,0,0,0,-347.335727852101,0,-13.5947752707643,0,-1616.656398777,-719.217431465378,0,115.393970276957,-128.871811969206,-365.392570579234,0,7823.62965978994,0,0,0,638.682459228642,-279.817989426003,0,-421.511293511462,0,0,128.642674804667,0,0,294.173888305578,0
0,0,0,0,0,0,0,0,0,0,0,0,0,0,0,0,0,0,0,0,0,0,0,0,0,0,0,0,0,0,0,0,0,0,0,0,0,0,0,0,0,0,0,0,0,0,0.0156676172834332,0,0,0,0,0,0,0,0,0,0,0,0,0
0,0,0,0,0,0,0,0,0,0,0,0,0,0,0,0,0,0,0,0,0,0,0,0,0,0,0,0,0,0,0,0,0,0,0,0,0,0,0,0,0,0,0,0,0,0,0,0.01531654090696,0,0,0,0,0,0,0,0,0,0,0,0
0,0,0,0,0,0,0,0,0,0,0,0,0,0,0,0,0,0,0,0,0,0,0,0,0,0,0,0,0,0,0,0,0,0,0,0,0,0,0,0,0,0,0,0,0,0,0,0,0.0238508714198714,0,0,0,0,0,0,0,0,0,0,0
0,0,186.419214452109,75.7159246001934,600.331526541689,-202.02437907574,0,158.256334823903,0,310.535238599696,218.708341804287,0,0,0,0,981.168568585382,0,0,-226.830086211405,-1086.87621815702,0,-1034.62206657089,0,1097.32574307685,-457.163364365543,0,782.079670346371,352.76453501135,-430.844822940001,0,0,0,0,0,-1391.76866674379,0,-1163.98213205713,0,-204.74390658001,93.1965558864675,0,201.269369473655,-294.258024098657,410.973132338473,0,638.682459228642,0,0,0,3612.80223146192,72.2492497176906,0,1122.20158129381,0,0,59.7347420616479,0,0,652.425830004792,0
0,0,-184.028594371376,51.110725088903,-507.623877820568,785.401180002995,0,-434.09240478629,0,1021.26034112533,-323.397413278864,0,0,0,0,1417.96305349264,0,0,101.711466344813,-178.176741365563,0,-430.933394042803,0,750.009276048161,-312.845179998843,0,-275.907222818021,450.761383705427,377.421035686981,0,0,0,0,0,1565.07611064988,0,-36.8313989048726,0,883.959507718973,-343.334318664132,0,-237.323263231636,415.414125952464,-186.48806624793,0,-279.817989426003,0,0,0,72.2492497176906,1682.18415784375,0,605.486575495288,0,0,40.2961799721,0,0,85.8818482008512,0
0,0,0,0,0,0,0,0,0,0,0,0,0,0,0,0,0,0,0,0,0,0,0,0,0,0,0,0,0,0,0,0,0,0,0,0,0,0,0,0,0,0,0,0,0,0,0,0,0,0,0,0.00744547400385664,0,0,0,0,0,0,0,0
0,0,-255.64047258643,-375.705852157171,91.0314187597843,-394.744795345346,0,-1858.49367840341,0,75.9443045079933,-1627.43137596326,0,0,0,0,-613.503219664553,0,0,-894.618195059583,369.316591902263,0,-651.793995085407,0,-140.510901431327,822.932026766643,0,-378.9295607119,1351.33203076651,-549.624595888932,0,0,0,0,0,-128.527748768885,0,364.151632687249,0,2107.99687557014,-307.096648712455,0,432.537791080546,229.129833687333,512.194654922783,0,-421.511293511461,0,0,0,1122.20158129381,605.486575495288,0,6549.67000075036,0,0,45.6669761063142,0,0,74.5285440611573,0
0,0,0,0,0,0,0,0,0,0,0,0,0,0,0,0,0,0,0,0,0,0,0,0,0,0,0,0,0,0,0,0,0,0,0,0,0,0,0,0,0,0,0,0,0,0,0,0,0,0,0,0,0,0.0478428889203392,0,0,0,0,0,0
0,0,0,0,0,0,0,0,0,0,0,0,0,0,0,0,0,0,0,0,0,0,0,0,0,0,0,0,0,0,0,0,0,0,0,0,0,0,0,0,0,0,0,0,0,0,0,0,0,0,0,0,0,0,0.0201039112286646,0,0,0,0,0
0,0,-358.397515966679,69.5385487475663,411.964331274469,173.052554895535,0,-595.973298742361,0,344.810977301227,212.001212651563,0,0,0,0,727.331957423541,0,0,-452.184957889297,-1553.59042582356,0,-499.350024797589,0,-947.793247496822,997.55727478496,0,352.630351268341,-1370.45547766048,939.734954644559,0,0,0,0,0,847.063316148225,0,-591.873683086057,0,-1117.4999270129,951.764635634114,0,-410.048992383952,-330.922635762812,384.538593513619,0,128.642674804667,0,0,0,59.7347420616479,40.2961799721,0,45.6669761063142,0,0,2696.44652117497,0,0,-335.791387034397,0
0,0,0,0,0,0,0,0,0,0,0,0,0,0,0,0,0,0,0,0,0,0,0,0,0,0,0,0,0,0,0,0,0,0,0,0,0,0,0,0,0,0,0,0,0,0,0,0,0,0,0,0,0,0,0,0,0.0228382313697375,0,0,0
0,0,0,0,0,0,0,0,0,0,0,0,0,0,0,0,0,0,0,0,0,0,0,0,0,0,0,0,0,0,0,0,0,0,0,0,0,0,0,0,0,0,0,0,0,0,0,0,0,0,0,0,0,0,0,0,0,0.0190203793329835,0,0
0,0,975.6042954714,-379.67522157496,1525.33388281659,1240.02692284046,0,190.252347047943,0,228.016536120719,-704.570825982451,0,0,0,0,-358.612830360985,0,0,-271.499213301813,2652.30399248483,0,-758.449151227823,0,-29.5470799649183,-1388.24969252159,0,1292.32248574836,-964.272841318704,664.053362445144,0,0,0,0,0,299.499752575369,0,46.0220642901125,0,-157.743841977138,-156.453075977425,0,1226.30828666004,459.523331684521,-123.742089378949,0,294.173888305578,0,0,0,652.425830004792,85.8818482008512,0,74.5285440611573,0,0,-335.791387034397,0,0,8029.60453760992,0
0,0,0,0,0,0,0,0,0,0,0,0,0,0,0,0,0,0,0,0,0,0,0,0,0,0,0,0,0,0,0,0,0,0,0,0,0,0,0,0,0,0,0,0,0,0,0,0,0,0,0,0,0,0,0,0,0,0,0,0.0218449764569956
