0.0669692645961986,0.00257918024051052,0.019460965127938,-0.00775369571507699,-0.0176040410626211,-0.006403754529996,-0.00635300433479341,-0.00641275580825139,0.000776687143083396,0.000110975746388388,0.00189752709036277,0.00105661813887916,0.00144072015419117,0.0019036770323487,-0.00517136941493461,-0.00728654294309999,-0.0125464623797944,-0.0267448687943744,-0.0182257930511106,-0.0056977875576108,0.0095373198020783,-0.0157086615738574
0.00257918024051052,0.0580218065922701,-0.00114793051205643,-0.0069221221663326,-0.00613459942506967,-0.00644309365682794,-0.00664420218615113,-0.00648510846606724,-0.0132596692001642,-0.010864056434355,-0.0150914709131773,-0.0121222930778431,-0.00807943396250781,-0.0150769024995922,-0.0021790901025174,0.0166414702289678,-0.00508938070875944,-0.0110365423170401,-0.00933362146498283,-0.006106243567328,-0.00109962153009352,-0.0111012062595971
0.019460965127938,-0.00114793051205643,0.0739084668507487,-0.00201988514562054,-0.00629977632377352,-0.001664787289551,0.00542700697729341,-0.00166336370748957,0.0021572884541425,0.00413042218423552,0.000386604263815306,0.00644256245583992,0.00612615058445586,0.000371005429833715,-0.00290559221466894,0.00689543015845229,-0.0256414433052479,0.0306144773013526,-0.00969602998364683,-0.000511268851426124,0.00218254573214868,-0.00501362644449122
-0.00775369571507699,-0.0069221221663326,-0.00201988514562054,0.0330319484561995,0.0264409694204382,0.0313326867446676,0.0309036650564238,0.0313388303375435,0.028181536296647,0.0271677785381867,0.0291389625679225,0.0261076113266249,0.0242668949067073,0.0291422381963515,0.0264761620385573,-0.0303950712555364,0.0194354284174711,0.00212553379463626,0.0247999564476887,0.0106459648357629,0.01825643679521,0.0249263536127846
-0.0176040410626211,-0.00613459942506967,-0.00629977632377352,0.0264409694204382,0.0242897397530905,0.0250998654095003,0.0243365930647144,0.0251073235225833,0.0217457203140194,0.020756903742145,0.0225214227536077,0.019999660048567,0.0179189097659233,0.0225229884100407,0.0218967036294931,-0.0220201714680315,0.018724344524288,0.00131435682024314,0.0219957184038257,0.00879854883434359,0.0116631243293755,0.0216383634090753
-0.006403754529996,-0.00644309365682794,-0.001664787289551,0.0313326867446676,0.0250998654095003,0.0302255429340276,0.0293837055507462,0.0302319760927554,0.0269749820479314,0.0258109751622216,0.0279138383264645,0.0248579913162361,0.0232562325784486,0.0279154836419696,0.0257215425002103,-0.0288734218372859,0.0176461743039111,0.00127299860710533,0.0227235998405097,0.00909221244252433,0.0175726995554593,0.0228403148195865
-0.00635300433479341,-0.00664420218615113,0.00542700697729341,0.0309036650564238,0.0243365930647144,0.0293837055507462,0.0304325256184875,0.0293875424817785,0.0284350589980101,0.0273820612403905,0.0293661146377978,0.0271935769516458,0.0247857594163125,0.0293648999788369,0.0241601860432288,-0.0299729950876694,0.0179351401202539,0.0080477573300685,0.0250841540131342,0.0119072852397666,0.0186337428713202,0.0257037500362648
-0.00641275580825139,-0.00648510846606724,-0.00166336370748957,0.0313388303375435,0.0251073235225833,0.0302319760927554,0.0293875424817785,0.0302384892984389,0.0269781177715894,0.0258141047673057,0.0279170002862992,0.0248593977073912,0.0232567786028932,0.0279186432972687,0.0257317878084305,-0.0288800507667177,0.0176365433540626,0.00126700554761566,0.0227182126849114,0.00908481540484137,0.0175813781268625,0.0228402456237197
0.000776687143083396,-0.0132596692001642,0.0021572884541425,0.028181536296647,0.0217457203140194,0.0269749820479314,0.0284350589980101,0.0269781177715894,0.0370458696951757,0.0332302577713739,0.0401749975647495,0.0349116591427283,0.0295115428469152,0.0401684139576316,0.0227551299205471,-0.0368610782576085,0.0230107714947696,0.00755920868783864,0.02592918925551,0.0198217105396246,0.0215552120483536,0.0266509891768969
0.000110975746388388,-0.010864056434355,0.00413042218423552,0.0271677785381867,0.020756903742145,0.0258109751622216,0.0273820612403904,0.0258141047673057,0.0332302577713739,0.0304215852951958,0.0355863097741817,0.0314909109165112,0.0273117906812004,0.0355811280049197,0.0217823067178378,-0.0337764608307909,0.0207467648755619,0.00736343790096831,0.0240413511738025,0.0168413668829845,0.0200793084328554,0.0247958879283495
0.00189752709036277,-0.0150914709131773,0.000386604263815306,0.0291389625679225,0.0225214227536077,0.0279138383264645,0.0293661146377978,0.0279170002862992,0.0401749975647495,0.0355863097741817,0.0440893387942638,0.0377099604256782,0.0310494348830943,0.0440820140981784,0.0234399740808432,-0.0394866237289196,0.0247060042500909,0.00776924187144651,0.0269988551226308,0.0219119344014767,0.0216913044874151,0.0278925019768262
0.00105661813887916,-0.0121222930778431,0.00644256245583992,0.0261076113266249,0.019999660048567,0.0248579913162361,0.0271935769516458,0.0248593977073912,0.0349116591427283,0.0314909109165112,0.0377099604256782,0.0335733530956286,0.0280693077976331,0.037702564357479,0.0203613623283128,-0.0346342097302462,0.0206491352609035,0.010318944721701,0.0252077205896187,0.0186299825599075,0.0207818409521589,0.0262252303398569
0.00144072015419117,-0.00807943396250781,0.00612615058445586,0.0242668949067073,0.0179189097659233,0.0232562325784486,0.0247857594163125,0.0232567786028932,0.0295115428469152,0.0273117906812004,0.0310494348830943,0.0280693077976331,0.0256317362776568,0.0310437334504829,0.0198151437361316,-0.0307019982359966,0.0192725838477059,0.00700221387633486,0.0216371095442825,0.0147709592533268,0.0202128860680515,0.0219075609560159
0.0019036770323487,-0.0150769024995922,0.000371005429833715,0.0291422381963515,0.0225229884100407,0.0279154836419696,0.0293648999788369,0.0279186432972687,0.0401684139576316,0.0355811280049197,0.0440820140981784,0.037702564357479,0.0310437334504829,0.044074719798784,0.0234437023560941,-0.0394829842211394,0.0247058261946728,0.00774606428946634,0.0269936583135892,0.0219107733418976,0.0216994533767923,0.0278875768663686
-0.00517136941493461,-0.0021790901025174,-0.00290559221466894,0.0264761620385573,0.0218967036294931,0.0257215425002103,0.0241601860432287,0.0257317878084305,0.0227551299205471,0.0217823067178378,0.0234399740808432,0.0203613623283128,0.0198151437361316,0.0234437023560941,0.0244894232380005,-0.024362470727081,0.0170494769658677,-0.00657352547943216,0.017021619115635,0.00800101775198611,0.01745537387366,0.0172463721797555
-0.00728654294309999,0.0166414702289678,0.00689543015845229,-0.0303950712555364,-0.0220201714680315,-0.0288734218372859,-0.0299729950876694,-0.0288800507667177,-0.0368610782576085,-0.0337764608307909,-0.0394866237289196,-0.0346342097302462,-0.0307019982359966,-0.0394829842211394,-0.024362470727081,0.044747624440673,-0.0322299509477551,0.00177743715214463,-0.0284647383636724,-0.0166593373775774,-0.0263291024690652,-0.0290029634920919
-0.0125464623797944,-0.00508938070875944,-0.0256414433052479,0.0194354284174711,0.018724344524288,0.0176461743039111,0.0179351401202539,0.0176365433540626,0.0230107714947696,0.0207467648755619,0.0247060042500909,0.0206491352609035,0.0192725838477059,0.0247058261946729,0.0170494769658677,-0.0322299509477551,0.0552079742467674,-0.00946774105550748,0.0273703656316581,0.0216788468010425,0.0143518461509368,0.0241540739757462
-0.0267448687943744,-0.0110365423170401,0.0306144773013526,0.00212553379463626,0.00131435682024314,0.00127299860710533,0.0080477573300685,0.00126700554761566,0.00755920868783864,0.00736343790096831,0.00776924187144651,0.010318944721701,0.00700221387633486,0.00774606428946634,-0.00657352547943216,0.00177743715214463,-0.00946774105550748,0.066155871719696,0.0081815664786749,0.00625262305239323,-0.00827746129192805,0.00956592351047145
-0.0182257930511106,-0.00933362146498283,-0.00969602998364683,0.0247999564476887,0.0219957184038257,0.0227235998405097,0.0250841540131342,0.0227182126849114,0.02592918925551,0.0240413511738025,0.0269988551226308,0.0252077205896187,0.0216371095442825,0.0269936583135892,0.017021619115635,-0.0284647383636724,0.0273703656316581,0.0081815664786749,0.0390742367847373,0.024845791945195,0.0196625693546756,0.0370124222738941
-0.0056977875576108,-0.006106243567328,-0.000511268851426124,0.0106459648357629,0.00879854883434359,0.00909221244252433,0.0119072852397666,0.00908481540484137,0.0198217105396246,0.0168413668829845,0.0219119344014767,0.0186299825599075,0.0147709592533268,0.0219107733418976,0.00800101775198611,-0.0166593373775774,0.0216788468010425,0.00625262305239323,0.024845791945195,0.0388619674760788,0.0204152311201075,0.0243554687521639
0.0095373198020783,-0.00109962153009352,0.00218254573214868,0.01825643679521,0.0116631243293755,0.0175726995554593,0.0186337428713202,0.0175813781268625,0.0215552120483536,0.0200793084328554,0.0216913044874151,0.0207818409521589,0.0202128860680515,0.0216994533767923,0.01745537387366,-0.0263291024690652,0.0143518461509368,-0.00827746129192805,0.0196625693546756,0.0204152311201075,0.0386986231613842,0.021241217534896
-0.0157086615738574,-0.0111012062595971,-0.00501362644449122,0.0249263536127846,0.0216383634090753,0.0228403148195865,0.0257037500362648,0.0228402456237197,0.026650989176897,0.0247958879283495,0.0278925019768262,0.0262252303398569,0.0219075609560159,0.0278875768663686,0.0172463721797555,-0.0290029634920919,0.0241540739757462,0.00956592351047145,0.0370124222738941,0.0243554687521639,0.021241217534896,0.0363522409467076
