0.0690741031335627,0.0262975686783073,0.0403061898893441,-0.00232489868063049,-0.0111145514849833,-0.000613587378621962,-0.00240822697829022,-0.00061533084922621,-0.0051061876596616,-0.00508567410951958,-0.00604735673275259,-0.00467046050611252,-0.00213571845389589,-0.0060475112935161,0.00182542102475257,-0.00356351501648423,-0.0193129907384147,-0.0348967711689327,-0.0221175980181677,-0.0142859708626573,0.0167685304887422,-0.0137742761171585
0.0262975686783073,0.0154479107695479,0.0116964510441786,-2.92075348918378e-05,-0.00429686494098942,0.000109730802751802,-8.0442702182251e-05,0.000106690827290847,5.57973860022739e-05,2.1087869581557e-05,0.00027477291889875,0.00026644951564547,-0.000108290246929346,0.000273128698304903,0.00195263116293963,-0.00356389862111963,-0.00838743169296787,-0.0147105376316887,-0.00901014320760206,-0.00492219681769081,0.00659471955486008,-0.00628127185265111
0.0403061898893441,0.0116964510441786,0.0909650444686128,-0.00724888607988013,-0.0119272487313681,-0.00610441510130774,-0.00645570494791048,-0.00610887401897385,-0.00911205032537514,-0.00646947452702381,-0.0100050865058443,-0.007125408470401,-0.00731410939911166,-0.0100036677495501,-0.00617846146786676,0.00931600071178247,-0.0249642411437445,-0.0188313855429575,-0.0332210644068451,-0.0182018388833335,-0.0027925876599161,-0.0269711266060525
-0.00232489868063049,-2.92075348918378e-05,-0.00724888607988013,0.0110238710787544,0.00996805556059689,0.00984402185160619,0.0112556697231436,0.00983974905266358,0.0112277341393157,0.011211151485847,0.0118972480080304,0.010303202232228,0.00900935678531287,0.0118964876629193,0.00581009149594838,-0.011875754974202,0.00627444425081709,0.00607754075359129,0.015149431957472,0.00816310746730718,0.00731793952128053,0.0141944189595364
-0.0111145514849833,-0.00429686494098942,-0.0119272487313681,0.00996805556059688,0.0109064892149354,0.00892210418956248,0.0103682525146388,0.00891829401783495,0.00946785460599068,0.00963565772300777,0.00993603570735766,0.00884782825873109,0.0074253117555479,0.00993596148625565,0.00444010834031818,-0.00892034331432024,0.00940505620291494,0.00924028585762113,0.0168746166872714,0.00811985803547335,0.00340342988085136,0.0149560637195606
-0.000613587378621962,0.000109730802751802,-0.00610441510130774,0.00984402185160619,0.00892210418956248,0.00921194997916863,0.0102538891260094,0.00920729783311162,0.0105085011476443,0.0103307745322722,0.0113127926370841,0.00984755184334602,0.00813950354390056,0.0113119444842626,0.00479203235738252,-0.010811265523626,0.00545976302926064,0.00555110547145079,0.0135301720600424,0.00691192667345211,0.00654196780244849,0.012505690719592
-0.00240822697829022,-8.0442702182251e-05,-0.00645570494791048,0.0112556697231436,0.0103682525146388,0.0102538891260094,0.01230455560613,0.0102491382603118,0.012615436305371,0.0124447886040832,0.0133162650805625,0.0123253404330324,0.00982593393741169,0.0133156802305951,0.00554172488733225,-0.0127256055131202,0.00665658932587107,0.00882396115807251,0.0163434551014574,0.00918193917207309,0.00717658174879245,0.0159144377061598
-0.00061533084922621,0.000106690827290847,-0.00610887401897385,0.00983974905266358,0.00891829401783495,0.00920729783311162,0.0102491382603118,0.00920266770459614,0.0105051106249903,0.0103267118209112,0.0113093475307172,0.00984289823361233,0.00813789032226575,0.011308500384951,0.00479057529870865,-0.0108031333276839,0.00546099123547408,0.00554799197629042,0.0135228630442392,0.00691510415338906,0.00653400284662412,0.0125011978853022
-0.0051061876596616,5.57973860022739e-05,-0.00911205032537514,0.0112277341393157,0.00946785460599068,0.0105085011476443,0.012615436305371,0.0105051106249903,0.0259499158116259,0.0234031663336179,0.0293523783091342,0.0245767320378687,0.0182212191480286,0.0293488606548134,0.00717079862595254,-0.0216951438156808,0.0172665997829727,0.00812721752933073,0.0197069811486345,0.0154404615314655,0.0127263843830993,0.0178924277601255
-0.00508567410951958,2.1087869581557e-05,-0.00646947452702381,0.011211151485847,0.00963565772300777,0.0103307745322722,0.0124447886040832,0.0103267118209112,0.0234031663336179,0.0217367265516801,0.0262049115821521,0.0221874471485935,0.0165449628383262,0.026202299239713,0.00690175382792127,-0.0194251004693685,0.0139573695231273,0.00852581825444704,0.0176972182091403,0.0137355152050174,0.0118424432754757,0.0164884785421343
-0.00604735673275259,0.00027477291889875,-0.0100050865058443,0.0118972480080304,0.00993603570735766,0.0113127926370841,0.0133162650805625,0.0113093475307172,0.0293523783091342,0.0262049115821521,0.0340347895576141,0.0277541259008897,0.0197514292713753,0.0340305740064264,0.00761499096371875,-0.0242103235213444,0.0190606331705208,0.00853785759705882,0.0206978199013058,0.0169110574367513,0.0132845308350883,0.0182558450360089
-0.00467046050611252,0.00026644951564547,-0.007125408470401,0.010303202232228,0.00884782825873109,0.00984755184334602,0.0123253404330324,0.00984289823361233,0.0245767320378687,0.0221874471485935,0.0277541259008897,0.0242579021715722,0.0168254531663907,0.0277512022695085,0.00633502212482285,-0.0206102841802595,0.014741989606518,0.00913032476078329,0.0185729000475169,0.0134939414375354,0.0118636325344459,0.0175356736860144
-0.00213571845389589,-0.000108290246929346,-0.00731410939911165,0.00900935678531287,0.0074253117555479,0.00813950354390056,0.00982593393741169,0.00813789032226575,0.0182212191480286,0.0165449628383262,0.0197514292713753,0.0168254531663907,0.0140697871682717,0.0197489195119361,0.00593165960822328,-0.0158752458727383,0.0133761444592027,0.00521762675557315,0.0158110358269747,0.0123955532657867,0.0105571418782897,0.0149012317359901
-0.0060475112935161,0.000273128698304903,-0.0100036677495501,0.0118964876629193,0.00993596148625566,0.0113119444842626,0.0133156802305951,0.011308500384951,0.0293488606548134,0.026202299239713,0.0340305740064264,0.0277512022695085,0.0197489195119361,0.034026361703333,0.00761451662625544,-0.0242090668212481,0.0190598570975652,0.00853863874545607,0.0206978322124847,0.0169082376457927,0.0132841817683034,0.0182558536460995
0.00182542102475257,0.00195263116293963,-0.00617846146786676,0.00581009149594838,0.00444010834031818,0.00479203235738252,0.00554172488733225,0.00479057529870865,0.00717079862595254,0.00690175382792127,0.00761499096371875,0.00633502212482285,0.00593165960822328,0.00761451662625544,0.00562735000075107,-0.0105066592726749,0.00637438447539983,-0.000998297652052777,0.00712034797382396,0.00515926314387568,0.00868942506171847,0.00813232494676677
-0.00356351501648424,-0.00356389862111963,0.00931600071178247,-0.011875754974202,-0.00892034331432024,-0.010811265523626,-0.0127256055131202,-0.0108031333276839,-0.0216951438156808,-0.0194251004693685,-0.0242103235213445,-0.0206102841802595,-0.0158752458727383,-0.0242090668212481,-0.0105066592726749,0.0304204305429085,-0.0234776194848196,-0.00163101771168656,-0.0221216663609077,-0.0137528106117193,-0.019824413828139,-0.0191481544928595
-0.0193129907384147,-0.00838743169296787,-0.0249642411437445,0.00627444425081709,0.00940505620291494,0.00545976302926064,0.00665658932587107,0.00546099123547408,0.0172665997829727,0.0139573695231273,0.0190606331705208,0.014741989606518,0.0133761444592027,0.0190598570975652,0.00637438447539983,-0.0234776194848196,0.0590034185391395,-0.00429869694061003,0.0336703899249754,0.027123610700707,0.0130192949379437,0.0225189342957784
-0.0348967711689327,-0.0147105376316887,-0.0188313855429575,0.00607754075359129,0.00924028585762113,0.00555110547145079,0.00882396115807251,0.00554799197629042,0.00812721752933072,0.00852581825444704,0.00853785759705882,0.00913032476078329,0.00521762675557315,0.00853863874545607,-0.000998297652052777,-0.00163101771168656,-0.00429869694061003,0.0513266743934837,0.0154180578752566,0.0155092032052699,-0.00569781742959982,0.0156834979480108
-0.0221175980181677,-0.00901014320760206,-0.0332210644068451,0.015149431957472,0.0168746166872714,0.0135301720600424,0.0163434551014574,0.0135228630442392,0.0197069811486345,0.0176972182091403,0.0206978199013058,0.0185729000475169,0.0158110358269747,0.0206978322124847,0.00712034797382396,-0.0221216663609077,0.0336703899249754,0.0154180578752566,0.0437703905784637,0.0211077536378772,0.0130136672366344,0.034009158932112
-0.0142859708626573,-0.00492219681769081,-0.0182018388833335,0.00816310746730718,0.00811985803547335,0.00691192667345211,0.00918193917207309,0.00691510415338906,0.0154404615314655,0.0137355152050174,0.0169110574367513,0.0134939414375354,0.0123955532657867,0.0169082376457927,0.00515926314387568,-0.0137528106117193,0.027123610700707,0.0155092032052699,0.0211077536378772,0.0376985374102112,0.0138875352368932,0.0190040829878741
0.0167685304887422,0.00659471955486008,-0.0027925876599161,0.00731793952128053,0.00340342988085136,0.00654196780244849,0.00717658174879245,0.00653400284662412,0.0127263843830993,0.0118424432754757,0.0132845308350883,0.0118636325344459,0.0105571418782897,0.0132841817683034,0.00868942506171847,-0.019824413828139,0.0130192949379437,-0.00569781742959982,0.0130136672366344,0.0138875352368932,0.0302431872479709,0.0143826838947093
-0.0137742761171585,-0.00628127185265111,-0.0269711266060525,0.0141944189595364,0.0149560637195606,0.012505690719592,0.0159144377061598,0.0125011978853022,0.0178924277601255,0.0164884785421343,0.0182558450360089,0.0175356736860144,0.0149012317359901,0.0182558536460995,0.00813232494676677,-0.0191481544928595,0.0225189342957784,0.0156834979480108,0.034009158932112,0.0190040829878741,0.0143826838947093,0.0321681917951087
