0.231464891932923,0.00394031763687592,0.00850683792861072,-0.0109937055864944,0.0153006455466102,0.000104975999228656,0.0145002856357912,0.0269375648265153,-0.0102331697540294,0.00344093888322897,0.0731899147247131,-0.00334912131741487,-0.000875131537076888,0.00074614408995926
0.00394031763687592,0.0385223480327997,0.0146728507004874,-0.000819973234122718,-0.0156659243178293,-0.0083321857895931,0.0118861799906651,0.00912522500698013,0.00539106101800009,0.00288727673979543,-0.00126119307536521,-0.000329638021649517,-0.0071733176369699,0.000218662230191401
0.00850683792861072,0.0146728507004874,0.040413036366014,-0.00373820486837077,-0.00383616610662058,-0.000475687756670495,0.00988267332731542,0.0206252746860299,0.0251432690365111,0.005737738021877,-0.00821527997252323,0.00172509434892185,-0.0114662129452186,-0.00109374643977739
-0.0109937055864944,-0.000819973234122719,-0.00373820486837077,0.0442274907629242,0.012838319723825,0.000315252757806705,0.00147551190977339,0.0167552268633983,0.02321519629913,0.00147100534215246,-0.0168702214964797,-0.00542438065647052,-0.00225057916430908,0.00175102841945775
0.0153006455466102,-0.0156659243178293,-0.00383616610662058,0.012838319723825,0.0897861949592608,0.0359538552122351,-0.00269578933186435,0.0454907712739217,0.0298599020930402,0.00413271038808268,-0.00632671567165863,0.0023582253792262,0.00626625170661378,0.00267021010242041
0.000104975999228656,-0.0083321857895931,-0.000475687756670495,0.000315252757806705,0.0359538552122351,0.0784969776624313,0.0136529063146356,0.0493064683983599,0.00149933794792117,0.00127304684961837,0.0213690107468864,0.000139227668643717,0.00190172885160931,0.000347476618422778
0.0145002856357912,0.0118861799906651,0.00988267332731542,0.00147551190977339,-0.00269578933186435,0.0136529063146356,0.0194587677515018,0.0209502786565909,0.0155597926212435,0.00244494214398453,0.00540073193508208,-0.000816045046825577,-0.00571075332746721,7.87949551333119e-05
0.0269375648265153,0.00912522500698013,0.0206252746860299,0.0167552268633982,0.0454907712739217,0.0493064683983599,0.0209502786565909,0.258269335956613,0.107105623504665,0.0205231792140267,0.00413879863850486,0.0104491721421644,-0.00386513682653126,0.00437172221427821
-0.0102331697540294,0.00539106101800009,0.0251432690365111,0.02321519629913,0.0298599020930402,0.00149933794792117,0.0155597926212435,0.107105623504665,0.248299980116306,0.0179776930223801,-0.0489786858162702,0.0150421538815237,0.000658080383318605,0.00415999667189294
0.00344093888322897,0.00288727673979543,0.005737738021877,0.00147100534215246,0.00413271038808268,0.00127304684961837,0.00244494214398453,0.0205231792140267,0.0179776930223801,0.00950186927904008,0.00075945877492047,-0.000367815481024173,-0.00090102503484045,7.59801421176545e-05
0.0731899147247131,-0.00126119307536521,-0.00821527997252323,-0.0168702214964797,-0.00632671567165863,0.0213690107468864,0.00540073193508209,0.00413879863850486,-0.0489786858162702,0.00075945877492047,0.261290985444514,0.000799890088809445,-0.00109792671721932,-0.00714447880416743
-0.00334912131741487,-0.000329638021649517,0.00172509434892185,-0.00542438065647051,0.0023582253792262,0.000139227668643717,-0.000816045046825577,0.0104491721421644,0.0150421538815237,-0.000367815481024173,0.000799890088809445,0.0155022002409314,0.00250080939989754,0.000434359885599883
-0.000875131537076888,-0.0071733176369699,-0.0114662129452186,-0.00225057916430908,0.00626625170661378,0.00190172885160931,-0.00571075332746721,-0.00386513682653126,0.000658080383318605,-0.00090102503484045,-0.00109792671721932,0.00250080939989754,0.0112509186700286,0.00108668066223889
0.00074614408995926,0.000218662230191401,-0.00109374643977739,0.00175102841945775,0.00267021010242041,0.000347476618422778,7.87949551333119e-05,0.00437172221427821,0.00415999667189294,7.59801421176545e-05,-0.00714447880416743,0.000434359885599883,0.00108668066223889,0.00238977908453613
