3563.85149219963,641.666453149918,246.028713647235,0,142.634800163642,408.271162931116,0,-325.600640413202,48.4800572452078,0,62.2637025842607,0,0,0,-477.836323115339,0,541.336914449489,0,-770.368586249301,36.5965897021727,0,-640.550992257851,-1712.72714879342,0,-75.7179962073555,0,988.80690158841,0,0,973.413263411244,110.553484366903,0,0,0,0,-578.596696629643,0,0,0,-85.3529067204817,-219.826380803611,-234.984350790567,-46.3186812776564,-161.127593649466,0,0,215.242886921413,0,0,-461.597393038741,988.462506164006,730.2962675261,0,0,0,54.3911887591095,0,0,0,425.67956501089
641.666453149918,2816.16908666485,-9.61973881183177,0,46.40298826766,-531.375581370627,0,14.1313898840458,865.859411862624,0,-63.6322720324379,0,0,0,-329.339977326906,0,-448.260625991292,0,-504.137055076815,800.735259050177,0,-738.429985501142,1196.31257653575,0,-199.661784471533,0,445.502211896129,0,0,214.563105585835,1523.04081404248,0,0,0,0,287.364914045448,0,0,0,983.974583131428,88.2214449128925,-17.8898709567948,123.280089814777,-32.3505444600004,0,0,412.647161816981,0,0,-358.610034469027,358.469760497409,-196.875963184371,0,0,0,298.562675432135,0,0,0,148.451692320498
246.028713647235,-9.61973881183177,4208.54211344883,0,46.1298194232275,-710.326629135811,0,-970.218667180883,-945.804038135281,0,-629.757592437103,0,0,0,245.588323131422,0,785.81991192379,0,-322.872804369823,47.6784986374728,0,-487.928904577145,-481.926920377703,0,-730.432769345285,0,1629.57844719344,0,0,-1502.22050738033,227.92826837799,0,0,0,0,601.181123620824,0,0,0,-176.020069128686,559.642187882706,600.137332787514,-585.756803771615,165.906356339979,0,0,-11.5850463251526,0,0,315.527004712007,195.488137598291,-605.326684265278,0,0,0,114.163029360774,0,0,0,-114.620371226859
0,0,0,0.0139846052999981,0,0,0,0,0,0,0,0,0,0,0,0,0,0,0,0,0,0,0,0,0,0,0,0,0,0,0,0,0,0,0,0,0,0,0,0,0,0,0,0,0,0,0,0,0,0,0,0,0,0,0,0,0,0,0,0
142.634800163642,46.40298826766,46.1298194232275,0,4264.92202658206,682.471576756171,0,210.123087083125,57.6875287511192,0,-495.382465073278,0,0,0,658.887187853849,0,112.484231873681,0,-101.198673683846,-300.14460531914,0,-1488.62134168351,98.27904073317,0,-893.223321415558,0,-1255.94437885637,0,0,1724.6524979889,-292.470733541983,0,0,0,0,87.4530783235991,0,0,0,1712.2923405968,-196.56927163,839.052848262813,524.001598003965,-186.046518609792,0,0,-347.717437417017,0,0,168.944235818695,63.9321097806518,47.4879440127689,0,0,0,-146.153464164029,0,0,0,208.726127167431
408.271162931116,-531.375581370627,-710.326629135811,0,682.471576756171,6259.69438249075,0,-46.8636677907916,1432.64776237131,0,1126.07413849914,0,0,0,-242.40995523455,0,2385.00552242337,0,311.328748506039,2342.16202996148,0,2055.49158351843,-350.913319478194,0,-1109.87097865661,0,133.925483531819,0,0,664.611032712127,-1307.75329245721,0,0,0,0,-845.213404919474,0,0,0,1747.03285881699,-524.118391686177,1887.73135357642,-508.372840764374,356.075077754313,0,0,337.408470295102,0,0,-284.466705180709,-533.447317353247,-623.860322406493,0,0,0,719.809162421308,0,0,0,238.695519721792
0,0,0,0,0,0,0.0290298147230272,0,0,0,0,0,0,0,0,0,0,0,0,0,0,0,0,0,0,0,0,0,0,0,0,0,0,0,0,0,0,0,0,0,0,0,0,0,0,0,0,0,0,0,0,0,0,0,0,0,0,0,0,0
-325.600640413202,14.1313898840458,-970.218667180883,0,210.123087083125,-46.8636677907916,0,7355.36252045142,-228.597581124223,0,-288.310364107194,0,0,0,823.106007989838,0,-2269.77108279201,0,930.726942783353,1634.758092517,0,-1454.38204064857,638.114114742831,0,-592.840422061779,0,-2151.00644608223,0,0,1984.71494020758,-795.325694878799,0,0,0,0,-790.839930480538,0,0,0,233.724728378753,722.334817750428,2180.00730538635,373.392142219221,101.514399598891,0,0,1077.16298242432,0,0,995.764866139003,746.928461514081,1047.53824675766,0,0,0,347.084868062603,0,0,0,-9.69748108078401
48.4800572452078,865.859411862624,-945.804038135281,0,57.6875287511192,1432.64776237131,0,-228.597581124223,5069.47428214793,0,1158.68089023632,0,0,0,-718.665847061476,0,-123.609540016874,0,1355.88817294779,1725.84368201414,0,2489.24631131855,751.623372334118,0,-743.454840460977,0,-464.477941883735,0,0,920.297805894882,315.837156060882,0,0,0,0,-92.2680146127304,0,0,0,2016.08562768075,-995.597947470907,314.991248094245,1081.46917050935,201.649854515959,0,0,-60.1582988208059,0,0,753.918626858125,-347.306003296632,-462.015794813103,0,0,0,569.637394444906,0,0,0,-227.568660426674
0,0,0,0,0,0,0,0,0,0.0238426686919145,0,0,0,0,0,0,0,0,0,0,0,0,0,0,0,0,0,0,0,0,0,0,0,0,0,0,0,0,0,0,0,0,0,0,0,0,0,0,0,0,0,0,0,0,0,0,0,0,0,0
62.2637025842607,-63.6322720324379,-629.757592437103,0,-495.382465073278,1126.07413849914,0,-288.310364107194,1158.68089023632,0,8111.10820216953,0,0,0,1097.81988911843,0,-2738.99278133461,0,139.199815897188,415.354873498843,0,3145.25954620427,-681.978438091561,0,-942.907172938369,0,2198.40392871475,0,0,-1367.09635900668,-637.822486927826,0,0,0,0,-636.757808016115,0,0,0,502.184237409582,1038.14853067693,-112.415958552662,1370.26054436431,924.403594960661,0,0,202.065947967221,0,0,-823.714895579527,614.04801393447,451.690182826317,0,0,0,-59.1733829508009,0,0,0,380.786304720437
0,0,0,0,0,0,0,0,0,0,0,0.0437713883938342,0,0,0,0,0,0,0,0,0,0,0,0,0,0,0,0,0,0,0,0,0,0,0,0,0,0,0,0,0,0,0,0,0,0,0,0,0,0,0,0,0,0,0,0,0,0,0,0
0,0,0,0,0,0,0,0,0,0,0,0,0.0286430186793278,0,0,0,0,0,0,0,0,0,0,0,0,0,0,0,0,0,0,0,0,0,0,0,0,0,0,0,0,0,0,0,0,0,0,0,0,0,0,0,0,0,0,0,0,0,0,0
0,0,0,0,0,0,0,0,0,0,0,0,0,0.0337005280312296,0,0,0,0,0,0,0,0,0,0,0,0,0,0,0,0,0,0,0,0,0,0,0,0,0,0,0,0,0,0,0,0,0,0,0,0,0,0,0,0,0,0,0,0,0,0
-477.836323115339,-329.339977326906,245.588323131422,0,658.887187853849,-242.40995523455,0,823.106007989838,-718.665847061476,0,1097.81988911843,0,0,0,8529.77855933683,0,-2785.73438157244,0,176.904689577768,-917.390700458073,0,-714.357373465962,406.025987364009,0,1849.84997592431,0,2226.92144231739,0,0,-259.36922505643,991.839135577431,0,0,0,0,985.1330181971,0,0,0,-362.229744100796,1392.71785454588,988.343177888022,-261.81317293338,272.99912518968,0,0,174.915590421812,0,0,330.98497097374,264.278479201935,-603.993916916178,0,0,0,226.691891876914,0,0,0,410.263859894578
0,0,0,0,0,0,0,0,0,0,0,0,0,0,0,0.0717821617860724,0,0,0,0,0,0,0,0,0,0,0,0,0,0,0,0,0,0,0,0,0,0,0,0,0,0,0,0,0,0,0,0,0,0,0,0,0,0,0,0,0,0,0,0
541.336914449489,-448.260625991292,785.81991192379,0,112.484231873681,2385.00552242337,0,-2269.77108279201,-123.609540016874,0,-2738.99278133461,0,0,0,-2785.73438157244,0,22014.9236570461,0,1042.73175925158,-1073.60340865142,0,-1119.08370703744,1569.41880398773,0,-713.074254079516,0,610.331463743722,0,0,915.437722163346,592.877432844093,0,0,0,0,587.813748201302,0,0,0,-1140.94302713583,-87.5418160164705,1439.87310833917,-1257.42911333794,398.930294565149,0,0,-534.588978189942,0,0,657.719714665456,-1872.86884478421,1176.83631550136,0,0,0,722.41617371293,0,0,0,-781.994289314809
0,0,0,0,0,0,0,0,0,0,0,0,0,0,0,0,0,0.0696323571199896,0,0,0,0,0,0,0,0,0,0,0,0,0,0,0,0,0,0,0,0,0,0,0,0,0,0,0,0,0,0,0,0,0,0,0,0,0,0,0,0,0,0
-770.368586249301,-504.137055076815,-322.872804369823,0,-101.198673683846,311.328748506039,0,930.726942783353,1355.88817294779,0,139.199815897188,0,0,0,176.904689577768,0,1042.73175925158,0,14673.1535013615,1190.8523590037,0,-549.108809796838,-1270.92870159578,0,-1698.89803034589,0,-1048.0633301078,0,0,340.077875232569,-602.104562923787,0,0,0,0,-593.379719681703,0,0,0,2126.322488978,227.967658900347,801.479759870862,909.69321584716,-355.086802559947,0,0,-228.971200435206,0,0,-1227.47681036345,600.206144174626,791.304962457325,0,0,0,-652.037599874699,0,0,0,-763.646157774596
36.5965897021727,800.735259050177,47.6784986374728,0,-300.14460531914,2342.16202996148,0,1634.758092517,1725.84368201414,0,415.354873498843,0,0,0,-917.390700458073,0,-1073.60340865142,0,1190.8523590037,17728.9432471112,0,1404.69262945915,1383.07414394193,0,-2048.2014638418,0,-1755.61266189193,0,0,1618.71336791858,-701.7026046697,0,0,0,0,-1481.78561712512,0,0,0,3023.84707935683,1777.83125012566,-1483.32903584679,-184.726688215656,1975.73055178995,0,0,542.098606657198,0,0,1201.04543916981,-1215.03093304103,273.73962523143,0,0,0,1219.35668186128,0,0,0,179.612842238824
0,0,0,0,0,0,0,0,0,0,0,0,0,0,0,0,0,0,0,0,0.0788806153723684,0,0,0,0,0,0,0,0,0,0,0,0,0,0,0,0,0,0,0,0,0,0,0,0,0,0,0,0,0,0,0,0,0,0,0,0,0,0,0
-640.550992257851,-738.429985501142,-487.928904577145,0,-1488.62134168351,2055.49158351843,0,-1454.38204064857,2489.24631131855,0,3145.25954620427,0,0,0,-714.357373465962,0,-1119.08370703744,0,-549.108809796838,1404.69262945915,0,15926.3140560142,-953.868534439605,0,-1315.86069459141,0,1775.62800959557,0,0,928.711263365885,567.293071874275,0,0,0,0,-892.506277992911,0,0,0,1851.29160803873,-692.737036366993,-165.286051948714,749.537433934141,355.413478387134,0,0,-497.465324468989,0,0,1335.42872784496,-2087.96249463911,-1545.16730776944,0,0,0,-82.9847977344739,0,0,0,64.3957338272002
-1712.72714879342,1196.31257653575,-481.926920377703,0,98.27904073317,-350.913319478194,0,638.114114742831,751.623372334118,0,-681.978438091561,0,0,0,406.025987364009,0,1569.41880398773,0,-1270.92870159578,1383.07414394193,0,-953.868534439605,15604.8881975217,0,1704.96094124592,0,-2100.9804948843,0,0,-1190.12116380773,1283.52636339817,0,0,0,0,3422.04352246235,0,0,0,131.17408381557,2497.03762959764,-165.403702159627,160.393896841683,-113.526241287113,0,0,-877.869059294175,0,0,1733.57491440063,-609.492261173176,-453.205643636681,0,0,0,276.071513067785,0,0,0,295.570538965033
0,0,0,0,0,0,0,0,0,0,0,0,0,0,0,0,0,0,0,0,0,0,0,0.0635040263012696,0,0,0,0,0,0,0,0,0,0,0,0,0,0,0,0,0,0,0,0,0,0,0,0,0,0,0,0,0,0,0,0,0,0,0,0
-75.7179962073555,-199.661784471533,-730.432769345285,0,-893.223321415558,-1109.87097865661,0,-592.840422061779,-743.454840460977,0,-942.90717293837,0,0,0,1849.84997592431,0,-713.074254079516,0,-1698.89803034589,-2048.2014638418,0,-1315.86069459142,1704.96094124592,0,15569.2084292693,0,207.186386924927,0,0,-1764.02785729202,-1341.65819648328,0,0,0,0,1532.94400219688,0,0,0,-1783.79937654374,2891.76939629428,-2776.50918541074,-803.006057878512,-1762.51563312469,0,0,-620.000505453576,0,0,378.554618685958,-358.01590870917,1534.81516646072,0,0,0,772.515445984347,0,0,0,837.381336095369
0,0,0,0,0,0,0,0,0,0,0,0,0,0,0,0,0,0,0,0,0,0,0,0,0,0.0586990037469052,0,0,0,0,0,0,0,0,0,0,0,0,0,0,0,0,0,0,0,0,0,0,0,0,0,0,0,0,0,0,0,0,0,0
988.80690158841,445.502211896129,1629.57844719344,0,-1255.94437885637,133.925483531819,0,-2151.00644608223,-464.477941883735,0,2198.40392871475,0,0,0,2226.92144231739,0,610.331463743722,0,-1048.0633301078,-1755.61266189193,0,1775.62800959557,-2100.9804948843,0,207.186386924927,0,11396.2404394958,0,0,304.603440798263,3617.3833874384,0,0,0,0,-1934.37018186744,0,0,0,-412.744440341007,-201.532993269467,1143.92751681878,-303.799050551228,-877.273564901291,0,0,-786.458852824099,0,0,-1022.88711782264,722.158921036503,-1312.50024244838,0,0,0,263.935366144545,0,0,0,-121.896527865073
0,0,0,0,0,0,0,0,0,0,0,0,0,0,0,0,0,0,0,0,0,0,0,0,0,0,0,0.0506380686949999,0,0,0,0,0,0,0,0,0,0,0,0,0,0,0,0,0,0,0,0,0,0,0,0,0,0,0,0,0,0,0,0
0,0,0,0,0,0,0,0,0,0,0,0,0,0,0,0,0,0,0,0,0,0,0,0,0,0,0,0,0.0589653456957769,0,0,0,0,0,0,0,0,0,0,0,0,0,0,0,0,0,0,0,0,0,0,0,0,0,0,0,0,0,0,0
973.413263411245,214.563105585835,-1502.22050738033,0,1724.6524979889,664.611032712127,0,1984.71494020758,920.297805894882,0,-1367.09635900668,0,0,0,-259.36922505643,0,915.437722163346,0,340.077875232569,1618.71336791858,0,928.711263365885,-1190.12116380773,0,-1764.02785729202,0,304.603440798263,0,0,13014.5122339373,2618.30910859544,0,0,0,0,-6095.04613125155,0,0,0,1113.33636552225,-538.369067218854,3278.11977245116,1772.81101921281,40.3265727558276,0,0,-106.577102750143,0,0,119.149327514959,-771.419774270511,770.790249990199,0,0,0,301.257382664261,0,0,0,63.1649141080569
110.553484366903,1523.04081404248,227.92826837799,0,-292.470733541983,-1307.75329245721,0,-795.325694878799,315.837156060882,0,-637.822486927826,0,0,0,991.839135577431,0,592.877432844093,0,-602.104562923787,-701.7026046697,0,567.293071874275,1283.52636339817,0,-1341.65819648328,0,3617.3833874384,0,0,2618.30910859544,14260.4691449525,0,0,0,0,-956.659829085071,0,0,0,-335.089652104807,-498.837560773581,1791.73862814106,1142.55164905428,-1031.71686977746,0,0,-393.023227731648,0,0,977.251661436951,824.771813188865,-79.0967480812034,0,0,0,211.924972870752,0,0,0,682.083538967027
0,0,0,0,0,0,0,0,0,0,0,0,0,0,0,0,0,0,0,0,0,0,0,0,0,0,0,0,0,0,0,0.0505632335580965,0,0,0,0,0,0,0,0,0,0,0,0,0,0,0,0,0,0,0,0,0,0,0,0,0,0,0,0
0,0,0,0,0,0,0,0,0,0,0,0,0,0,0,0,0,0,0,0,0,0,0,0,0,0,0,0,0,0,0,0,0.0345663262350625,0,0,0,0,0,0,0,0,0,0,0,0,0,0,0,0,0,0,0,0,0,0,0,0,0,0,0
0,0,0,0,0,0,0,0,0,0,0,0,0,0,0,0,0,0,0,0,0,0,0,0,0,0,0,0,0,0,0,0,0,0.043857623246414,0,0,0,0,0,0,0,0,0,0,0,0,0,0,0,0,0,0,0,0,0,0,0,0,0,0
0,0,0,0,0,0,0,0,0,0,0,0,0,0,0,0,0,0,0,0,0,0,0,0,0,0,0,0,0,0,0,0,0,0,0.0500906731839388,0,0,0,0,0,0,0,0,0,0,0,0,0,0,0,0,0,0,0,0,0,0,0,0,0
-578.596696629643,287.364914045448,601.181123620824,0,87.4530783235991,-845.213404919474,0,-790.839930480538,-92.2680146127304,0,-636.757808016115,0,0,0,985.1330181971,0,587.813748201301,0,-593.379719681703,-1481.78561712512,0,-892.506277992911,3422.04352246235,0,1532.94400219688,0,-1934.37018186744,0,0,-6095.04613125155,-956.659829085071,0,0,0,0,14117.248569114,0,0,0,-1948.62442747309,514.6954145938,-951.832711310446,39.3377760922941,-1024.75111652764,0,0,-21.7241783977222,0,0,1365.84648639215,819.40998219176,-767.325338300532,0,0,0,897.498495157486,0,0,0,235.644784917626
0,0,0,0,0,0,0,0,0,0,0,0,0,0,0,0,0,0,0,0,0,0,0,0,0,0,0,0,0,0,0,0,0,0,0,0,0.0567511691537044,0,0,0,0,0,0,0,0,0,0,0,0,0,0,0,0,0,0,0,0,0,0,0
0,0,0,0,0,0,0,0,0,0,0,0,0,0,0,0,0,0,0,0,0,0,0,0,0,0,0,0,0,0,0,0,0,0,0,0,0,0.0507630789858702,0,0,0,0,0,0,0,0,0,0,0,0,0,0,0,0,0,0,0,0,0,0
0,0,0,0,0,0,0,0,0,0,0,0,0,0,0,0,0,0,0,0,0,0,0,0,0,0,0,0,0,0,0,0,0,0,0,0,0,0,0.0426449305055153,0,0,0,0,0,0,0,0,0,0,0,0,0,0,0,0,0,0,0,0,0
-85.3529067204817,983.974583131428,-176.020069128686,0,1712.2923405968,1747.03285881699,0,233.724728378753,2016.08562768075,0,502.184237409582,0,0,0,-362.229744100796,0,-1140.94302713583,0,2126.322488978,3023.84707935683,0,1851.29160803873,131.17408381557,0,-1783.79937654374,0,-412.744440341007,0,0,1113.33636552225,-335.089652104807,0,0,0,0,-1948.62442747309,0,0,0,8820.58361625519,390.847422722107,1840.87270756386,-467.080778161665,-239.801774567113,0,0,1472.21226811507,0,0,-150.57829373215,-649.745665657025,-480.429406727857,0,0,0,652.208454546475,0,0,0,-185.417868037688
-219.826380803611,88.2214449128925,559.642187882706,0,-196.56927163,-524.118391686177,0,722.334817750428,-995.597947470907,0,1038.14853067693,0,0,0,1392.71785454588,0,-87.5418160164705,0,227.967658900347,1777.83125012566,0,-692.737036366993,2497.03762959764,0,2891.76939629428,0,-201.532993269467,0,0,-538.369067218854,-498.83756077358,0,0,0,0,514.6954145938,0,0,0,390.847422722107,7571.37877250948,517.403367332977,244.502162204222,611.876364963932,0,0,378.549166536136,0,0,236.233321312031,-441.658985095039,1196.51536299823,0,0,0,4.36375150634041,0,0,0,-392.297757542646
-234.984350790567,-17.8898709567948,600.137332787514,0,839.052848262813,1887.73135357642,0,2180.00730538635,314.991248094245,0,-112.415958552662,0,0,0,988.343177888022,0,1439.87310833917,0,801.479759870862,-1483.32903584679,0,-165.286051948714,-165.403702159627,0,-2776.50918541074,0,1143.92751681878,0,0,3278.11977245116,1791.73862814106,0,0,0,0,-951.832711310446,0,0,0,1840.87270756386,517.403367332977,14158.4990768249,1142.25474754397,-1468.90964616114,0,0,-392.560273021387,0,0,185.689064314625,820.763748333141,609.851908376105,0,0,0,-482.284676698622,0,0,0,457.55091864941
-46.3186812776564,123.280089814777,-585.756803771615,0,524.001598003965,-508.372840764374,0,373.392142219221,1081.46917050935,0,1370.26054436431,0,0,0,-261.81317293338,0,-1257.42911333794,0,909.69321584716,-184.726688215656,0,749.537433934141,160.393896841683,0,-803.006057878511,0,-303.799050551228,0,0,1772.81101921281,1142.55164905428,0,0,0,0,39.3377760922941,0,0,0,-467.080778161665,244.502162204222,1142.25474754397,9142.38624337587,1129.51548644152,0,0,145.283902864779,0,0,1278.05899113563,107.037262671006,-198.967876656963,0,0,0,851.279162765624,0,0,0,91.3010712829949
-161.127593649466,-32.3505444600004,165.906356339979,0,-186.046518609792,356.075077754313,0,101.514399598891,201.649854515959,0,924.403594960661,0,0,0,272.99912518968,0,398.930294565149,0,-355.086802559947,1975.73055178995,0,355.413478387134,-113.526241287113,0,-1762.51563312469,0,-877.273564901291,0,0,40.3265727558276,-1031.71686977746,0,0,0,0,-1024.75111652764,0,0,0,-239.801774567113,611.876364963932,-1468.90964616114,1129.51548644152,5936.27858310502,0,0,435.79269630458,0,0,848.296625781476,-70.7420490462106,-54.6395134355002,0,0,0,375.219621281939,0,0,0,23.980175040164
0,0,0,0,0,0,0,0,0,0,0,0,0,0,0,0,0,0,0,0,0,0,0,0,0,0,0,0,0,0,0,0,0,0,0,0,0,0,0,0,0,0,0,0,0.0422471077075339,0,0,0,0,0,0,0,0,0,0,0,0,0,0,0
0,0,0,0,0,0,0,0,0,0,0,0,0,0,0,0,0,0,0,0,0,0,0,0,0,0,0,0,0,0,0,0,0,0,0,0,0,0,0,0,0,0,0,0,0,0.046722596782517,0,0,0,0,0,0,0,0,0,0,0,0,0,0
215.242886921413,412.647161816981,-11.5850463251526,0,-347.717437417017,337.408470295102,0,1077.16298242432,-60.1582988208059,0,202.065947967221,0,0,0,174.915590421812,0,-534.588978189942,0,-228.971200435206,542.098606657198,0,-497.465324468989,-877.869059294175,0,-620.000505453576,0,-786.458852824099,0,0,-106.577102750143,-393.023227731648,0,0,0,0,-21.7241783977222,0,0,0,1472.21226811507,378.549166536136,-392.560273021387,145.283902864779,435.79269630458,0,0,4056.34053084739,0,0,-222.758733016473,-67.1603923105861,-51.7061726957172,0,0,0,543.584403798649,0,0,0,-298.319442025801
0,0,0,0,0,0,0,0,0,0,0,0,0,0,0,0,0,0,0,0,0,0,0,0,0,0,0,0,0,0,0,0,0,0,0,0,0,0,0,0,0,0,0,0,0,0,0,0.0418608681073584,0,0,0,0,0,0,0,0,0,0,0,0
0,0,0,0,0,0,0,0,0,0,0,0,0,0,0,0,0,0,0,0,0,0,0,0,0,0,0,0,0,0,0,0,0,0,0,0,0,0,0,0,0,0,0,0,0,0,0,0,0.0230645935612366,0,0,0,0,0,0,0,0,0,0,0
-461.597393038741,-358.610034469027,315.527004712007,0,168.944235818695,-284.466705180709,0,995.764866139003,753.918626858125,0,-823.714895579527,0,0,0,330.98497097374,0,657.719714665456,0,-1227.47681036345,1201.04543916981,0,1335.42872784496,1733.57491440063,0,378.554618685958,0,-1022.88711782264,0,0,119.149327514959,977.251661436951,0,0,0,0,1365.84648639215,0,0,0,-150.57829373215,236.233321312031,185.689064314625,1278.05899113564,848.296625781476,0,0,-222.758733016473,0,0,4562.65871513528,-1004.42238758856,-350.018121987586,0,0,0,488.21447032604,0,0,0,5.42348098983702
988.462506164006,358.469760497409,195.488137598291,0,63.9321097806518,-533.447317353247,0,746.928461514081,-347.306003296632,0,614.04801393447,0,0,0,264.278479201935,0,-1872.86884478421,0,600.206144174626,-1215.03093304103,0,-2087.96249463911,-609.492261173176,0,-358.01590870917,0,722.158921036503,0,0,-771.41977427051,824.771813188865,0,0,0,0,819.40998219176,0,0,0,-649.745665657025,-441.658985095039,820.763748333141,107.037262671006,-70.7420490462106,0,0,-67.1603923105861,0,0,-1004.42238758856,6518.02847954404,174.231534001136,0,0,0,414.391748288243,0,0,0,191.984531591469
730.2962675261,-196.875963184371,-605.326684265278,0,47.4879440127689,-623.860322406493,0,1047.53824675766,-462.015794813103,0,451.690182826317,0,0,0,-603.993916916178,0,1176.83631550136,0,791.304962457325,273.73962523143,0,-1545.16730776944,-453.205643636681,0,1534.81516646072,0,-1312.50024244838,0,0,770.790249990199,-79.0967480812034,0,0,0,0,-767.325338300532,0,0,0,-480.429406727857,1196.51536299823,609.851908376105,-198.967876656963,-54.6395134355002,0,0,-51.7061726957172,0,0,-350.018121987586,174.231534001136,3570.29364693551,0,0,0,133.720864193897,0,0,0,252.601009520644
0,0,0,0,0,0,0,0,0,0,0,0,0,0,0,0,0,0,0,0,0,0,0,0,0,0,0,0,0,0,0,0,0,0,0,0,0,0,0,0,0,0,0,0,0,0,0,0,0,0,0,0,0.0421662720177291,0,0,0,0,0,0,0
0,0,0,0,0,0,0,0,0,0,0,0,0,0,0,0,0,0,0,0,0,0,0,0,0,0,0,0,0,0,0,0,0,0,0,0,0,0,0,0,0,0,0,0,0,0,0,0,0,0,0,0,0,0.0405732077467279,0,0,0,0,0,0
0,0,0,0,0,0,0,0,0,0,0,0,0,0,0,0,0,0,0,0,0,0,0,0,0,0,0,0,0,0,0,0,0,0,0,0,0,0,0,0,0,0,0,0,0,0,0,0,0,0,0,0,0,0,0.0086458134825247,0,0,0,0,0
54.3911887591095,298.562675432135,114.163029360774,0,-146.153464164029,719.809162421308,0,347.084868062603,569.637394444906,0,-59.1733829508009,0,0,0,226.691891876914,0,722.41617371293,0,-652.037599874699,1219.35668186128,0,-82.9847977344739,276.071513067785,0,772.515445984347,0,263.935366144545,0,0,301.257382664261,211.924972870752,0,0,0,0,897.498495157486,0,0,0,652.208454546475,4.36375150634041,-482.284676698622,851.279162765624,375.219621281939,0,0,543.584403798649,0,0,488.21447032604,414.391748288243,133.720864193897,0,0,0,3565.81047122404,0,0,0,118.100175101001
0,0,0,0,0,0,0,0,0,0,0,0,0,0,0,0,0,0,0,0,0,0,0,0,0,0,0,0,0,0,0,0,0,0,0,0,0,0,0,0,0,0,0,0,0,0,0,0,0,0,0,0,0,0,0,0,0.0204363634176658,0,0,0
0,0,0,0,0,0,0,0,0,0,0,0,0,0,0,0,0,0,0,0,0,0,0,0,0,0,0,0,0,0,0,0,0,0,0,0,0,0,0,0,0,0,0,0,0,0,0,0,0,0,0,0,0,0,0,0,0,0.0115001011261211,0,0
0,0,0,0,0,0,0,0,0,0,0,0,0,0,0,0,0,0,0,0,0,0,0,0,0,0,0,0,0,0,0,0,0,0,0,0,0,0,0,0,0,0,0,0,0,0,0,0,0,0,0,0,0,0,0,0,0,0,0.0252158634711211,0
425.67956501089,148.451692320498,-114.620371226859,0,208.726127167431,238.695519721792,0,-9.69748108078401,-227.568660426674,0,380.786304720437,0,0,0,410.263859894578,0,-781.994289314809,0,-763.646157774596,179.612842238824,0,64.3957338272002,295.570538965033,0,837.381336095369,0,-121.896527865073,0,0,63.1649141080569,682.083538967027,0,0,0,0,235.644784917626,0,0,0,-185.417868037688,-392.297757542646,457.55091864941,91.3010712829949,23.980175040164,0,0,-298.319442025801,0,0,5.42348098983702,191.984531591469,252.601009520644,0,0,0,118.100175101001,0,0,0,1468.03370318817
