0.0607879194201971,-0.0307082426208585,0.0384565831015263,0.00551914371500057,0.0331209375494017,-0.0392081814740069,0.0288651313698697,-0.0433924380290148,-0.00416945151424727,-0.0193618362680534,0.0121310344088704,-0.0374411083387126,0.0153225915002419,-0.054895196421794,-0.0005503071705,-0.036275288548489,0.0282154077773575
-0.0307082426208585,0.11494368107109,-0.0312800804668558,0.0466658005815837,-0.00183215547134806,0.0159048220337675,0.0237963016612451,0.0687492372629662,0.0421018075354084,0.0465355067981172,0.0516110635416494,0.0542237783696166,-0.0130901111846794,0.0466137234209298,0.0488358272751925,0.0583762007920668,-0.000465670420800924
0.0384565831015263,-0.0312800804668558,0.0419684880330739,0.00285592022279955,0.0407219446615548,-0.0133385697883981,0.0133703870976788,-0.0278266442989463,0.000218672362897368,-0.0102924006811246,0.0142017950085789,-0.0190686010682183,0.0329921795235638,-0.0446808884176002,0.000325405949532377,-0.0367243566445234,0.0332403894457037
0.00551914371500057,0.0466658005815837,0.00285592022279955,0.0559420181484218,0.0193218415974826,-0.00428345457367065,0.0257837148365475,0.02287094808278,0.0288517831057663,0.0250330293695619,0.0274256131387388,0.00317461520438968,-0.00545893735416284,0.00432896554978666,0.0163615224503615,0.0432855870299508,0.00112860272833086
0.0331209375494017,-0.00183215547134806,0.0407219446615548,0.0193218415974826,0.0894433251333224,0.0112970312397994,0.0369453135853876,0.013688742699939,0.0061361734588929,-0.00207057799544673,0.0477334958412171,0.00976886184154947,0.058857636700949,-0.0165362635202961,-0.0179994785734554,-0.0229985656959458,0.0111897711955263
-0.0392081814740069,0.0159048220337675,-0.0133385697883981,-0.00428345457367065,0.0112970312397994,0.0793540607689831,-0.026036082033108,0.0547669828445131,0.0171544020556794,0.0104548928625772,0.0102736522068627,0.0651366454732804,0.0218262096523725,0.0652588653804226,0.0109496107747717,0.0268736674223312,-0.0172208501193882
0.0288651313698697,0.0237963016612451,0.0133703870976788,0.0257837148365475,0.0369453135853876,-0.026036082033108,0.0485800622661055,0.00349151503834674,0.00380578865033189,-0.00413665206401839,0.0382954553539109,-0.0116712639128681,0.0136735698134236,-0.018326216554837,-0.0065490273596095,-0.00559198142062896,0.00205648293572342
-0.0433924380290148,0.0687492372629662,-0.0278266442989463,0.02287094808278,0.013688742699939,0.0547669828445131,0.00349151503834674,0.0779826653539977,0.0171681391454417,0.039301325262329,0.0307658084409505,0.0711658630462848,0.0164825116667503,0.0714164528226933,0.0109141821382706,0.0507072594413516,-0.0212343680047582
-0.00416945151424727,0.0421018075354084,0.000218672362897368,0.0288517831057663,0.0061361734588929,0.0171544020556794,0.00380578865033189,0.0171681391454417,0.0474768708258384,-0.000768479967746594,0.0303926679040086,0.0120485439651098,-0.0157925430321808,0.00729540863941421,0.0431408658443398,0.0228111419451842,0.00752504440627405
-0.0193618362680534,0.0465355067981172,-0.0102924006811246,0.0250330293695619,-0.00207057799544673,0.0104548928625772,-0.00413665206401839,0.039301325262329,-0.000768479967746594,0.0646732344501684,0.00378585123456934,0.0431700884925011,0.0161592353293338,0.0271208195839981,0.0166103666115776,0.0389168849967468,0.0172055775492066
0.0121310344088704,0.0516110635416494,0.0142017950085789,0.0274256131387388,0.0477334958412171,0.0102736522068627,0.0382954553539109,0.0307658084409505,0.0303926679040086,0.00378585123456934,0.0622387383603284,0.0253169167380892,0.0265187562421959,0.00131537039421901,0.0255771389288603,-0.00156451780623759,0.0154843360075982
-0.0374411083387126,0.0542237783696166,-0.0190686010682183,0.00317461520438968,0.00976886184154947,0.0651366454732804,-0.0116712639128681,0.0711658630462848,0.0120485439651098,0.0431700884925011,0.0253169167380892,0.0864059903348133,0.031943655132325,0.0686539291207597,0.0268508655950307,0.0324314443779454,0.00213175632093995
0.0153225915002419,-0.0130901111846794,0.0329921795235638,-0.00545893735416284,0.058857636700949,0.0218262096523725,0.0136735698134236,0.0164825116667503,-0.0157925430321808,0.0161592353293338,0.0265187562421959,0.0319436551323249,0.0714837484668744,-0.00427309792539147,-0.0121067229055591,-0.0304697827076742,0.0273409647822313
-0.054895196421794,0.0466137234209298,-0.0446808884176002,0.00432896554978666,-0.0165362635202961,0.0652588653804226,-0.018326216554837,0.0714164528226933,0.00729540863941421,0.0271208195839981,0.00131537039421901,0.0686539291207597,-0.00427309792539147,0.0893406879790818,0.00204446268262006,0.0583834082416424,-0.0420133153138998
-0.0005503071705,0.0488358272751924,0.000325405949532377,0.0163615224503615,-0.0179994785734554,0.0109496107747717,-0.0065490273596095,0.0109141821382706,0.0431408658443398,0.0166103666115776,0.0255771389288603,0.0268508655950307,-0.0121067229055591,0.00204446268262006,0.0734485226023346,0.0133558747382593,0.0400681725334006
-0.036275288548489,0.0583762007920669,-0.0367243566445234,0.0432855870299508,-0.0229985656959457,0.0268736674223312,-0.00559198142062896,0.0507072594413516,0.0228111419451842,0.0389168849967468,-0.00156451780623759,0.0324314443779454,-0.0304697827076742,0.0583834082416424,0.0133558747382593,0.0806937561021576,-0.031193906529266
0.0282154077773575,-0.000465670420800924,0.0332403894457037,0.00112860272833086,0.0111897711955263,-0.0172208501193882,0.00205648293572342,-0.0212343680047582,0.00752504440627405,0.0172055775492066,0.0154843360075982,0.00213175632093995,0.0273409647822313,-0.0420133153138998,0.0400681725334006,-0.031193906529266,0.0636753393615815
