0.0352966693809228,-0.0191050596689404,0.0148264111778639,0.0102502533694771,0.00286777255851899,-0.00559617036631138,0.0201916070355887,-0.00859273569757976,0.024069108393009,0.002785473522704,0.0078524324453081,0.0367508784497602,0.00980752841863949
-0.0191050596689404,0.259690479111342,-0.00972627489656827,-0.00326986091989216,-0.0176602911762794,0.0382133482654957,0.0581942964759617,0.0198869750764932,0.137052392190057,-0.00123316411448447,0.0871216131130953,-0.0520516510013559,0.124008983113777
0.0148264111778639,-0.00972627489656827,0.106500111211039,-0.00906728928650495,0.0102998197619662,-0.0213997451535706,0.0157926216009665,-0.0136985713979651,0.116508186690498,0.0285465800402463,0.0204737357844984,0.0594343387466006,0.0316845065150029
0.0102502533694771,-0.00326986091989216,-0.00906728928650495,0.0235051987982709,0.00715689091902103,-0.00643602808803202,0.00876612217058938,-0.00496018143962345,-0.00195606982228971,-0.00403072805696947,0.0137706246414067,-0.00725384232540007,0.0366886512651649
0.00286777255851899,-0.0176602911762794,0.0102998197619662,0.00715689091902103,0.0114801044842078,-0.00724834160202787,0.00721302655053621,-0.00218912881796953,0.0109617361070638,0.00463548146278693,-0.00167984104092475,0.00930907575486469,0.0159934740908649
-0.00559617036631138,0.0382133482654957,-0.0213997451535706,-0.00643602808803202,-0.00724834160202787,0.154224617060868,0.145467107620781,0.0102585605251446,0.0257829197724189,-0.0042037575733033,-0.0173241273502295,-0.0152463417760402,-0.0755235774189661
0.0201916070355887,0.0581942964759617,0.0157926216009665,0.00876612217058938,0.00721302655053621,0.145467107620781,0.328410626983996,-0.0361527666364169,0.120222861380187,0.0463329264086084,0.0573780725247061,0.0511190304830385,0.0688307711083129
-0.00859273569757976,0.0198869750764932,-0.0136985713979651,-0.00496018143962345,-0.00218912881796953,0.0102585605251446,-0.0361527666364169,0.0304177593457304,-0.0244474491711206,0.000194358195470111,-0.00501774054913191,-0.00431925684471302,-0.0391214645360625
0.024069108393009,0.137052392190057,0.116508186690498,-0.00195606982228971,0.0109617361070638,0.0257829197724189,0.120222861380187,-0.0244474491711206,0.267655775281152,0.0289113259626673,0.0827746734461286,0.0255547994210838,0.125912676200653
0.002785473522704,-0.00123316411448447,0.0285465800402463,-0.00403072805696946,0.00463548146278693,-0.0042037575733033,0.0463329264086084,0.000194358195470111,0.0289113259626673,0.0331249609042289,0.0314284875763717,0.0349638337581555,0.0160066123298175
0.0078524324453081,0.0871216131130953,0.0204737357844984,0.0137706246414067,-0.00167984104092475,-0.0173241273502295,0.0573780725247061,-0.00501774054913191,0.0827746734461286,0.0314284875763717,0.0941119368516186,-0.00524245341834193,0.0928470163172072
0.0367508784497602,-0.0520516510013559,0.0594343387466005,-0.00725384232540007,0.00930907575486469,-0.0152463417760402,0.0511190304830385,-0.00431925684471303,0.0255547994210838,0.0349638337581555,-0.00524245341834193,0.124921651170927,0.00989463252996575
0.00980752841863949,0.124008983113777,0.0316845065150029,0.0366886512651649,0.0159934740908649,-0.0755235774189661,0.0688307711083129,-0.0391214645360625,0.125912676200653,0.0160066123298175,0.0928470163172072,0.00989463252996575,0.258976171015841
