0.219203474886777,0.0112077142711885,0.00455317792883663,0.00505027132373404,0.00352617043818805,0.0154228173018004,0.0118620896083537,0.0158439757236959,0.00466087392931303,0.00217975834226098,0.0355725491216447,-0.00281819216944839,0.00328208984909909,-0.000609985393260911
0.0112077142711885,0.0307046899425077,0.00378349475363868,0.00923925087720948,-0.00250813327877988,0.0031425181650195,0.00664891432582893,0.0237494589993034,0.0087956413692975,0.00226018609937488,0.00279382092694763,-0.000735437881575081,-0.000603859488329203,6.46023906523422e-05
0.00455317792883663,0.00378349475363868,0.0347893268004808,0.0050767586551251,0.00290457755599209,0.011481486664407,0.00530278194994395,0.0220678546147384,0.0219067465981392,0.00259669647785869,-0.00499457473233864,0.00065168905284246,-0.00233936577396422,0.00021193904939929
0.00505027132373405,0.00923925087720948,0.0050767586551251,0.0466039230342525,-0.00265818274493747,-0.00209182444462181,0.00256983707041199,0.0119268520788017,0.021377982562667,0.00261892323592893,-0.00191372724242268,0.000152111503147123,0.00118965392620171,0.000495568059450424
0.00352617043818805,-0.00250813327877988,0.00290457755599209,-0.00265818274493747,0.0711547852079349,0.0304595290277871,0.00300118951329894,0.0344838438473571,0.0212400028846426,0.00114130267599389,0.00469698035842768,0.00192407900993553,0.000800557830967161,0.000600589464509982
0.0154228173018004,0.0031425181650195,0.011481486664407,-0.00209182444462181,0.0304595290277871,0.0616141323398023,0.00830392181429499,0.0245286843434642,-0.000401232417489551,0.00104308014424359,0.00828679556733468,0.00287253812166441,0.00170080358752735,0.000171073871342201
0.0118620896083537,0.00664891432582893,0.00530278194994395,0.00256983707041199,0.00300118951329894,0.00830392181429499,0.0125461817565071,0.0162720102385051,0.0100754296657267,0.00217493748629333,0.00734452323608788,-7.54503184152371e-05,-0.00119955471207749,-0.000101707919151131
0.0158439757236959,0.0237494589993034,0.0220678546147384,0.0119268520788017,0.0344838438473572,0.0245286843434642,0.0162720102385051,0.243085107155932,0.0954812241119858,0.0109774224327025,0.0296103991524806,-0.00501623279990114,-0.00350314606470991,0.00248922255188965
0.00466087392931303,0.0087956413692975,0.0219067465981392,0.021377982562667,0.0212400028846426,-0.000401232417489551,0.0100754296657267,0.0954812241119858,0.239678311211892,0.0199045802171891,0.0243794012023324,0.0107028613649762,-0.00290458692811923,0.00282660645544594
0.00217975834226098,0.00226018609937488,0.00259669647785869,0.00261892323592893,0.00114130267599389,0.00104308014424359,0.00217493748629333,0.0109774224327025,0.0199045802171891,0.00352249692643626,0.00209199495525136,0.000677881139379096,-0.000841973333026763,0.000414181933301125
0.0355725491216447,0.00279382092694763,-0.00499457473233864,-0.00191372724242268,0.00469698035842768,0.00828679556733467,0.00734452323608788,0.0296103991524806,0.0243794012023324,0.00209199495525136,0.247183677549722,0.00352864308084799,0.00958469408625567,-0.000946482298989119
-0.00281819216944839,-0.000735437881575081,0.00065168905284246,0.000152111503147123,0.00192407900993553,0.00287253812166441,-7.54503184152371e-05,-0.00501623279990114,0.0107028613649762,0.000677881139379096,0.00352864308084799,0.0169934933337863,-0.000243417460068589,0.000210625082037678
0.00328208984909909,-0.000603859488329203,-0.00233936577396422,0.00118965392620171,0.000800557830967162,0.00170080358752735,-0.00119955471207749,-0.00350314606470991,-0.00290458692811923,-0.000841973333026763,0.00958469408625567,-0.000243417460068589,0.00762146495975495,-9.61141696020508e-05
-0.000609985393260911,6.46023906523422e-05,0.00021193904939929,0.000495568059450424,0.000600589464509982,0.000171073871342201,-0.000101707919151131,0.00248922255188965,0.00282660645544594,0.000414181933301125,-0.000946482298989119,0.000210625082037678,-9.61141696020508e-05,0.000608655004877718
