0.0110996897886282,-0.0038819003265316,-0.012438052617116,-0.00839240549436799,0.00346902958461817,-0.00320541151434976,0.00345008697216879,-0.00476845411119637,-0.00586807913588937,-0.00183979139902924
-0.0038819003265316,0.112372026604708,0.0658293343545637,0.0699460751364908,0.0504349594098767,0.0372657521441934,0.0761466943834411,0.056071299673266,0.0125468348715674,0.0179931451049987
-0.012438052617116,0.0658293343545637,0.103702762342808,0.0805915173891413,0.0598892213982609,0.0528379350009913,0.103333256571379,0.0565378932623687,0.0738642019650602,0.0152245369775674
-0.00839240549436799,0.0699460751364908,0.0805915173891413,0.0859106039280727,0.029817826041651,0.0522761497767162,0.0920058455193746,0.0595345965001117,0.0501456639744091,0.0181816364621791
0.00346902958461817,0.0504349594098767,0.0598892213982609,0.029817826041651,0.0811657581886106,0.021246402676626,0.0641616301395164,0.0295307525630179,0.0507626359903489,0.00840796366223436
-0.00320541151434976,0.0372657521441934,0.0528379350009913,0.0522761497767162,0.021246402676626,0.0644055327291819,0.0628533759246162,0.0350512867286878,0.0400294844501856,0.013185186670892
0.00345008697216879,0.0761466943834411,0.103333256571379,0.0920058455193746,0.0641616301395164,0.0628533759246162,0.142414465525695,0.0610129347016014,0.068244997492099,0.00843570357844794
-0.00476845411119637,0.056071299673266,0.0565378932623687,0.0595345965001117,0.0295307525630179,0.0350512867286878,0.0610129347016014,0.0651538946855608,0.0414712020268307,-0.00549152188638073
-0.00586807913588937,0.0125468348715674,0.0738642019650602,0.0501456639744091,0.0507626359903489,0.0400294844501856,0.068244997492099,0.0414712020268307,0.0922906444581841,0.0160273939183592
-0.00183979139902924,0.0179931451049987,0.0152245369775674,0.0181816364621791,0.00840796366223436,0.013185186670892,0.00843570357844794,-0.00549152188638073,0.0160273939183592,0.050195976548828
