0.185671525918255,0.00386660372428056,0.01516997991679,0.00628748635242672,0.045283211075961,0.0228100719272961,0.0053478980205578,0.00218347755462637,-0.0471003474774958,0.0133327290559878,9.97531669986101e-05,0.0162083135956062,-0.00187148070423602,0.0238747371251773,-0.00046483654414255,-0.0353169341847467,-0.00360833779526873,-0.0124942073085905,0.0136800970900682,-0.038093714578609,0.0409809562067431,-0.00214685074759001,0.0042844672413277,-0.0259390071903277
0.00386660372428056,0.0290374573132985,-0.00479839694214896,0.0183633276318467,0.00444829131311711,0.0191087418576051,-0.00131457006703283,0.0168212620743244,0.0357916878057972,0.000650346305858444,0.00360898865537855,0.00371842871293564,-0.0142050605208285,0.0364852861320095,-0.00554012160857222,-0.015256461219081,0.0193014684486877,-0.00250647825437098,0.00555113179867934,-0.00260378213932201,-0.00354692281179316,0.00373283101535242,-0.0121388666336401,0.0135972836860123
0.01516997991679,-0.00479839694214896,0.0709901617730802,-0.00136868989037117,0.0114686226882755,0.010252541710528,0.00711336108883526,0.0188389132982126,0.006025896536389,0.00827196880537188,0.00692817671229196,0.0260344885213821,0.00904779322205557,0.011637912205526,0.00403806977124972,-0.00352193001506373,-0.000295473913962548,-0.00197154721411869,-0.00047082485152616,-0.0243483296033813,0.0286782521826228,-0.000803442982307922,-0.0109052112834308,-8.21474910054662e-05
0.00628748635242672,0.0183633276318467,-0.00136868989037117,0.0220649400523992,0.00180178764458214,0.00411156938786297,0.0100638751369308,0.00614524231244255,0.0283244830411958,-0.00743248851965714,0.000595407340784317,-0.000494909904232999,-0.00757763652570561,0.0226417969167455,-0.00340008153541374,0.00217675519414285,0.019484102278807,0.0023839767905912,-0.000518782669518154,0.00195667659648921,-0.0126218153820523,0.000739980748818385,-0.0231448803259562,0.0150379084544116
0.045283211075961,0.00444829131311711,0.0114686226882755,0.00180178764458214,0.160326383414906,0.0123409013362612,-0.0110820275820488,0.0170046662141955,0.0180026509167277,0.0127931101578399,0.014161189134606,0.00854929067306676,-0.00810103003498022,-0.00712001985996646,-0.000484001013030397,0.00386275403975273,-0.0018235885531277,0.00338602614983658,-0.00229344822136371,-0.0231036570767889,0.0436734388306606,-0.00542773709412899,-0.00905648030000283,0.0251109771740827
0.0228100719272961,0.0191087418576051,0.010252541710528,0.00411156938786297,0.0123409013362612,0.0895046625415961,0.00802983719016383,0.0513626264181031,0.00336589726727705,0.0135744332525687,0.00968840009705018,0.00234428946078648,0.0248874782218296,0.0116686558784922,-0.00139356695653672,0.00805838688567935,0.00959858473806725,0.00140765968026953,-0.000554919952019212,-0.0265062845291905,0.00291889350181139,-0.00184281393658563,-0.0109784866559954,0.0160392913742044
0.0053478980205578,-0.00131457006703283,0.00711336108883526,0.0100638751369308,-0.0110820275820488,0.00802983719016383,0.0585051120354258,-0.00178707951923228,-0.000602657882339308,-0.00352643468549718,-0.000265499909216424,-0.00256038608418948,0.0237482468572167,0.0178362948690831,-0.00268690491225349,0.00177945621196051,0.00904552803947309,-0.00387400399733536,0.00607769557244943,-0.00587381624144912,-0.0038462321972893,-0.00767280632266123,-0.00334986467756913,0.00268817667011005
0.00218347755462637,0.0168212620743244,0.0188389132982126,0.00614524231244255,0.0170046662141955,0.0513626264181031,-0.00178707951923228,0.139562643551307,0.0266617997793254,0.0307329763978067,-0.0423878669734961,-0.000387207367885362,0.0159939396824638,0.054032059432723,-0.0128753816460487,-0.000939622625776657,0.0259219621381444,0.00791851461299476,0.000256131671659522,0.0132502606492082,-0.0256490242346184,-0.00623143954503888,-0.0280273625731766,0.00705428041435239
-0.0471003474774958,0.0357916878057972,0.006025896536389,0.0283244830411958,0.0180026509167277,0.00336589726727705,-0.000602657882339308,0.0266617997793254,0.133687504924642,0.0144253221988718,0.00434279573753109,0.00320156409624975,0.00282705228207957,0.0184322520027851,-0.00658702508087409,-0.0472084129109552,0.0339112528450511,-0.00582292213047048,0.00882558541504279,-0.00152174498337544,-0.0475224757092195,-0.00158810497741028,-0.026483585879647,0.0485509205637944
0.0133327290559878,0.000650346305858444,0.00827196880537188,-0.00743248851965714,0.0127931101578399,0.0135744332525687,-0.00352643468549718,0.0307329763978067,0.0144253221988718,0.0425576169344554,0.00412078979486292,0.00561820362945671,0.0114080973612307,0.0179874948190366,0.00128144243915985,0.000434151163067446,0.00790451810761736,-0.00117953071847973,0.000229793440082494,-0.0214527914343465,-0.00300808310320236,-0.00283583340663719,-0.00477202545196062,0.00277022088302129
9.97531669986101e-05,0.00360898865537855,0.00692817671229196,0.000595407340784317,0.014161189134606,0.00968840009705018,-0.000265499909216424,-0.0423878669734961,0.00434279573753109,0.00412078979486292,0.121691515288621,0.00699537692680748,0.00444737569301605,-0.0398444207725029,-0.0173722112723128,0.00423532322724431,0.00313485222142421,0.00482094741376061,0.00793613003602672,-0.0127048522447984,0.00644944230704824,-0.0158902747970625,-0.0114220245697596,0.0198946138244615
0.0162083135956062,0.00371842871293564,0.0260344885213821,-0.000494909904232999,0.00854929067306676,0.00234428946078648,-0.00256038608418948,-0.000387207367885362,0.00320156409624974,0.00561820362945671,0.00699537692680748,0.0321926577615974,0.0046331495836017,0.0110280360283941,-0.00018336672072264,-0.00516135628960139,-0.00279331761834975,-0.00536764844803199,0.00563988173009324,0.0106007596345671,0.00542293895267736,-0.000136441357821429,-0.000562966631357051,0.0051374215134307
-0.00187148070423602,-0.0142050605208285,0.00904779322205557,-0.00757763652570561,-0.00810103003498022,0.0248874782218296,0.0237482468572167,0.0159939396824638,0.00282705228207957,0.0114080973612307,0.00444737569301605,0.0046331495836017,0.128900165636452,-0.0333141622474223,0.0069862846646743,0.0111615426783595,0.0306581102728434,-0.00374745604728065,-0.000765218286015014,0.00729396453708916,-0.0376637588249563,-0.00182389910290961,0.0283857281390156,0.00248815693085709
0.0238747371251773,0.0364852861320095,0.011637912205526,0.0226417969167455,-0.00712001985996646,0.0116686558784922,0.0178362948690831,0.054032059432723,0.0184322520027851,0.0179874948190366,-0.0398444207725029,0.0110280360283941,-0.0333141622474223,0.229688443628524,-0.0144238418373836,-0.00568061290844002,0.0299276830389116,0.00795266407079815,0.00104553224736535,0.0243110810815455,-0.0381152799329229,-0.0103751385332837,-0.0761341012710918,0.020248471704367
-0.00046483654414255,-0.00554012160857222,0.00403806977124972,-0.00340008153541374,-0.000484001013030397,-0.00139356695653672,-0.00268690491225349,-0.0128753816460487,-0.00658702508087408,0.00128144243915985,-0.0173722112723128,-0.00018336672072264,0.0069862846646743,-0.0144238418373836,0.0403522940097551,0.0255934036901366,0.00708160501742513,-0.0310435555716223,0.00348465890185638,0.00441868926433408,0.0163899502726002,0.00764079898829358,0.00427411903819679,0.00855101830758715
-0.0353169341847467,-0.015256461219081,-0.00352193001506373,0.00217675519414285,0.00386275403975273,0.00805838688567935,0.00177945621196051,-0.000939622625776657,-0.0472084129109552,0.000434151163067446,0.00423532322724431,-0.00516135628960139,0.0111615426783595,-0.00568061290844002,0.0255934036901366,0.194675787769119,-0.0141806398129948,0.00015482618692648,-0.017040024787844,0.00817176395767071,-0.000385283086188992,0.00230581798690835,-0.0352631885946138,0.00723013956297659
-0.00360833779526873,0.0193014684486877,-0.000295473913962548,0.019484102278807,-0.0018235885531277,0.00959858473806725,0.00904552803947309,0.0259219621381444,0.0339112528450511,0.00790451810761736,0.00313485222142421,-0.00279331761834975,0.0306581102728434,0.0299276830389116,0.00708160501742513,-0.0141806398129948,0.0767243522536405,0.00367943166139275,-0.00882253370058711,-0.00287101944213262,-0.0129396268250492,-0.00645159537050973,-0.0200701250455199,0.00125219663274624
-0.0124942073085905,-0.00250647825437098,-0.00197154721411869,0.0023839767905912,0.00338602614983658,0.00140765968026953,-0.00387400399733536,0.00791851461299476,-0.00582292213047048,-0.00117953071847973,0.00482094741376061,-0.00536764844803199,-0.00374745604728065,0.00795266407079815,-0.0310435555716223,0.00015482618692648,0.00367943166139275,0.0719551814272293,-0.0507118213495877,-0.00961432264780459,-0.0113924809334863,-0.00267186697707201,-0.0135195663421383,0.00967577502334407
0.0136800970900682,0.00555113179867934,-0.00047082485152616,-0.000518782669518154,-0.00229344822136371,-0.000554919952019212,0.00607769557244943,0.000256131671659522,0.00882558541504279,0.000229793440082494,0.00793613003602672,0.00563988173009324,-0.000765218286015014,0.00104553224736535,0.00348465890185638,-0.017040024787844,-0.00882253370058711,-0.0507118213495877,0.0483594429205162,0.00618550536712626,0.0016514060775369,-0.00353925865464522,0.00964802606000208,-0.0152587384408114
-0.038093714578609,-0.00260378213932201,-0.0243483296033813,0.00195667659648921,-0.0231036570767889,-0.0265062845291905,-0.00587381624144912,0.0132502606492082,-0.00152174498337544,-0.0214527914343465,-0.0127048522447984,0.0106007596345671,0.00729396453708916,0.0243110810815455,0.00441868926433408,0.00817176395767071,-0.00287101944213262,-0.00961432264780459,0.00618550536712626,0.14015106958122,-0.0990737984145684,-0.00345703007248519,-0.0119292335139249,0.0216000038139965
0.0409809562067431,-0.00354692281179316,0.0286782521826228,-0.0126218153820523,0.0436734388306606,0.00291889350181139,-0.0038462321972893,-0.0256490242346184,-0.0475224757092195,-0.00300808310320236,0.00644944230704824,0.00542293895267736,-0.0376637588249563,-0.0381152799329229,0.0163899502726002,-0.000385283086188992,-0.0129396268250492,-0.0113924809334863,0.0016514060775369,-0.0990737984145684,0.181843139029006,0.00179869336989996,0.0236005954388919,-0.0111125105604454
-0.00214685074759001,0.00373283101535242,-0.000803442982307922,0.000739980748818385,-0.00542773709412899,-0.00184281393658563,-0.00767280632266123,-0.00623143954503888,-0.00158810497741028,-0.00283583340663719,-0.0158902747970625,-0.000136441357821429,-0.00182389910290961,-0.0103751385332837,0.00764079898829358,0.00230581798690835,-0.00645159537050973,-0.00267186697707201,-0.00353925865464522,-0.00345703007248519,0.00179869336989996,0.0288389616007767,0.0494921732018274,-0.0255178935750921
0.0042844672413277,-0.0121388666336401,-0.0109052112834308,-0.0231448803259562,-0.00905648030000283,-0.0109784866559954,-0.00334986467756913,-0.0280273625731766,-0.026483585879647,-0.00477202545196062,-0.0114220245697596,-0.000562966631357051,0.0283857281390156,-0.0761341012710918,0.00427411903819679,-0.0352631885946138,-0.0200701250455199,-0.0135195663421383,0.00964802606000207,-0.0119292335139249,0.0236005954388919,0.0494921732018274,0.200216865747436,-0.146512884955148
-0.0259390071903277,0.0135972836860123,-8.21474910054662e-05,0.0150379084544116,0.0251109771740828,0.0160392913742044,0.00268817667011005,0.00705428041435239,0.0485509205637944,0.00277022088302129,0.0198946138244615,0.0051374215134307,0.00248815693085709,0.020248471704367,0.00855101830758714,0.00723013956297659,0.00125219663274624,0.00967577502334407,-0.0152587384408114,0.0216000038139965,-0.0111125105604454,-0.0255178935750921,-0.146512884955148,0.23863355448555
