0.184384400033443,-0.00236612193690488,0.0199146384806714,-0.00127635346142049,0.0451289193944339,0.00435440366752572,0.014619999996293,-0.0235467685151396,0.00771179259621133,0.00204568223655007,-0.017826531183978,0.0100903443932865,-0.0110753021471431,0.0252200095361885,-0.00947637149624181,-0.00728128966228016,-0.0154522768174264,0.0274944369519834,-0.00458504347474558,-0.0294018111562562,0.0306363484937867,0.0109613930169555,-0.0156532987550333,4.50990618307743e-05
-0.00236612193690488,0.0322520022152368,-0.0121740332465953,0.0136224808356164,-0.0101466525577644,0.00328065783423188,-0.000465992516794182,-0.00324137397413923,0.0335176674429217,0.00437266635384257,-0.00989197407183876,-0.000253116277276672,0.00222901118224822,0.0121529564275093,-0.00601102693661062,-0.0121773259239163,0.011974649397647,0.00501860570209522,-0.00233703939238859,-0.00110227154202529,-0.00227555126949677,-0.00365639955419641,-0.00805464906555285,0.00401525373830439
0.0199146384806714,-0.0121740332465953,0.0724046872701037,-0.00278453196242674,0.00374993778292106,0.00550476841802772,-0.00369151994956496,0.00259071562591639,-0.013047161806364,0.00871680000887459,0.0256704734141643,0.021130964168562,0.00045206424493829,0.0149625536856384,-0.000644787962410189,0.00476494478816606,0.0109952562983994,0.000845733195112786,0.00402988438507793,-0.00943797469256515,0.00780085397559846,0.00454880129357825,-0.00442498570567502,0.00397371791111799
-0.00127635346142049,0.0136224808356164,-0.00278453196242674,0.0276749600780361,0.00325997580040063,-0.0100923509719108,0.00093195401852179,0.00613213455150454,0.0206326078529,0.00674569704035208,-0.00862284879444107,-0.00262066872382014,-0.000719030001990664,0.0364664075270046,-0.00354687218466653,0.00923677926642193,0.0207341572493076,0.00632889639761197,0.00031523701296021,-0.00307674798039837,-0.00429145921813585,-0.00258973671420808,-0.00818713391527295,-0.019951078742296
0.0451289193944339,-0.0101466525577644,0.00374993778292106,0.00325997580040063,0.161510911747199,0.0153810641152175,0.000856489668292325,0.0135224947964079,-0.000782938196135253,-0.00426017712914587,0.00794431352524845,0.0019231491255948,-0.00328350851057052,0.041282283787629,0.00923813860105433,0.00508296725055894,0.0419544861347688,0.00632813329517433,-0.00618721433445035,0.0180780649705746,-0.0153979346476818,-0.00892622399559394,-0.0111358997965061,0.0322693692517212
0.00435440366752572,0.00328065783423188,0.00550476841802772,-0.0100923509719108,0.0153810641152175,0.0939827833553309,0.00621167014620404,0.0145089131596619,0.00334734996181276,0.00790856056750247,0.000398531956791167,0.000450886622922908,0.0387620702200724,-0.0113080261739859,0.0122447729330177,-0.000229052966889401,-0.014215416696189,-0.0030872427540411,0.00254396471137035,0.011272118670625,0.00656550445790452,-0.0125038129180571,0.00304473464809267,0.0421570528958926
0.014619999996293,-0.000465992516794182,-0.00369151994956496,0.00093195401852179,0.000856489668292325,0.00621167014620404,0.0576239555247012,-0.00553974662893393,-0.00141895778710866,-0.00630447802416537,-0.0016517807817638,0.000274506798052406,0.0140872978090141,0.021219141117507,-0.00127576341483363,0.000708730496317377,0.00642847684752474,-0.00302278844088664,-0.00158241287100802,-0.0292403464970624,0.0154687025928356,-0.00267430916177463,0.00237709679706982,0.00239733999534928
-0.0235467685151396,-0.00324137397413923,0.00259071562591639,0.00613213455150454,0.0135224947964079,0.0145089131596619,-0.00553974662893393,0.125551206690664,0.0117780322469859,0.018305982761166,-0.00143973789481852,0.00439577829706544,0.0258664588034692,-0.0174434917134772,-0.000932748415227677,-0.0113542432955347,0.0251194264393136,-0.00613840936149606,-0.00287039752364132,0.0221180488837751,-0.0541976939854548,0.00385856512071567,0.0235591071128425,-0.0295768736680789
0.00771179259621133,0.0335176674429217,-0.013047161806364,0.0206326078529,-0.000782938196135253,0.00334734996181276,-0.00141895778710866,0.0117780322469859,0.12591007421536,0.00809085772392733,-0.0351617817231046,-0.00414552962643355,0.00438667240098023,0.0511936755949705,-0.017101046881624,-0.0122722333897066,0.0300199386547292,0.0271259715225054,-0.00820529669239483,-0.00428128518802006,-0.044309025420726,-0.00137914867596738,-0.0248340840066797,0.0023687907493516
0.00204568223655007,0.00437266635384257,0.00871680000887459,0.00674569704035208,-0.00426017712914587,0.00790856056750247,-0.00630447802416537,0.018305982761166,0.00809085772392732,0.0440109647608139,-0.00627820561337713,-0.0043119072120441,-0.00142743394650504,0.0118516967786873,0.00692742495319441,0.0068444845425971,0.00966300998270976,0.00835670564011481,-0.000926898588913992,-0.0185485591762807,0.00487347009007044,0.00720205124826064,0.00848358166221194,-0.022747289123334
-0.017826531183978,-0.00989197407183876,0.0256704734141643,-0.00862284879444107,0.00794431352524845,0.000398531956791167,-0.0016517807817638,-0.00143973789481852,-0.0351617817231046,-0.00627820561337713,0.127045258954344,-0.0142371594345676,-0.0152733818319681,-0.0100439540949583,0.0115734426723666,-9.14433960370469e-05,0.00302521594421185,-0.0160635540361796,0.00598488229135773,0.00179677107832121,0.000925433897028676,-0.00836117908454799,-0.00932439558268641,0.0495335148850378
0.0100903443932865,-0.000253116277276672,0.021130964168562,-0.00262066872382014,0.0019231491255948,0.000450886622922908,0.000274506798052406,0.00439577829706544,-0.00414552962643355,-0.0043119072120441,-0.0142371594345676,0.0376484013071805,0.0110515186839314,0.00400624216155298,-0.00460894005695616,0.0131737377378532,0.00448140332613647,0.0067844179753075,-0.000406152139024813,0.00788208727909993,-0.00626794115180074,-0.0020038911545734,-0.0130627138577309,0.0197647170437797
-0.0110753021471431,0.00222901118224822,0.00045206424493829,-0.000719030001990664,-0.00328350851057052,0.0387620702200724,0.0140872978090141,0.0258664588034692,0.00438667240098023,-0.00142743394650504,-0.0152733818319681,0.0110515186839314,0.15400872472887,-0.0152933694434257,0.0030483182280611,0.0139670707485723,-0.0101275739903055,-0.0514288266583622,0.0389631857981975,-0.00525913318483041,0.0234350485745323,-0.00382289713752503,0.0258333235293573,0.00484940789102644
0.0252200095361885,0.0121529564275093,0.0149625536856384,0.0364664075270046,0.041282283787629,-0.0113080261739859,0.021219141117507,-0.0174434917134772,0.0511936755949705,0.0118516967786873,-0.0100439540949583,0.00400624216155298,-0.0152933694434257,0.241343685013628,-0.00883476812128976,0.00181982868621468,0.0367087637458381,0.0291628677577412,-0.0113473386469339,-0.0111944823943345,-0.00205900184809468,-0.00821005354061131,-0.028273383612328,-0.0286446751926986
-0.00947637149624181,-0.00601102693661062,-0.000644787962410189,-0.00354687218466653,0.00923813860105433,0.0122447729330177,-0.00127576341483363,-0.000932748415227677,-0.017101046881624,0.00692742495319441,0.0115734426723666,-0.00460894005695616,0.0030483182280611,-0.00883476812128976,0.0492324125432317,-0.00309911758335763,-0.00162235210173985,-0.0166867400084261,0.0160258981059435,-0.00289468609381464,0.0100941910833838,0.00630567571997568,0.00834230735180116,-0.0120055203996698
-0.00728128966228016,-0.0121773259239163,0.00476494478816606,0.00923677926642193,0.00508296725055894,-0.000229052966889401,0.000708730496317377,-0.0113542432955347,-0.0122722333897066,0.0068444845425971,-9.14433960370469e-05,0.0131737377378532,0.0139670707485723,0.00181982868621468,-0.00309911758335763,0.181359336169351,-0.0399621588260198,-0.0113751693857734,0.0299816062616785,0.0113901535257995,0.00363460522764049,0.00859578174969376,-0.0147684116767531,-0.0110993571090559
-0.0154522768174264,0.011974649397647,0.0109952562983994,0.0207341572493076,0.0419544861347688,-0.014215416696189,0.00642847684752474,0.0251194264393136,0.0300199386547292,0.00966300998270976,0.00302521594421185,0.00448140332613647,-0.0101275739903055,0.0367087637458381,-0.00162235210173985,-0.0399621588260198,0.13172827469172,-0.00187284709401957,-0.00874513930387953,-0.000738557247328489,-0.0099970231755007,-0.00481343408741029,-0.00740060962639932,-0.00749858434516291
0.0274944369519834,0.00501860570209522,0.000845733195112786,0.00632889639761197,0.00632813329517433,-0.0030872427540411,-0.00302278844088664,-0.00613840936149606,0.0271259715225054,0.00835670564011481,-0.0160635540361796,0.0067844179753075,-0.0514288266583622,0.0291628677577412,-0.0166867400084261,-0.0113751693857734,-0.00187284709401957,0.0988385721577185,-0.0339532500724019,-0.0109890813116684,-0.00134147469360222,0.000341994202383404,-0.0173097694329265,0.00871262508513608
-0.00458504347474558,-0.00233703939238859,0.00402988438507793,0.00031523701296021,-0.00618721433445035,0.00254396471137035,-0.00158241287100802,-0.00287039752364132,-0.00820529669239483,-0.000926898588913992,0.00598488229135773,-0.000406152139024813,0.0389631857981975,-0.0113473386469339,0.0160258981059435,0.0299816062616785,-0.00874513930387953,-0.0339532500724019,0.0315667446505853,-0.00258921918630268,0.0059327111243957,0.001826936451554,-0.00670834176249925,0.000574868897469205
-0.0294018111562562,-0.00110227154202529,-0.00943797469256515,-0.00307674798039837,0.0180780649705746,0.011272118670625,-0.0292403464970624,0.0221180488837751,-0.00428128518802006,-0.0185485591762807,0.00179677107832121,0.00788208727909993,-0.00525913318483041,-0.0111944823943345,-0.00289468609381464,0.0113901535257995,-0.000738557247328489,-0.0109890813116684,-0.00258921918630268,0.134849442335833,-0.115003893914648,-0.00261243182850088,-0.00678914281414378,0.0116314576813132
0.0306363484937867,-0.00227555126949677,0.00780085397559846,-0.00429145921813585,-0.0153979346476818,0.00656550445790452,0.0154687025928356,-0.0541976939854548,-0.044309025420726,0.00487347009007044,0.000925433897028676,-0.00626794115180074,0.0234350485745323,-0.00205900184809468,0.0100941910833838,0.00363460522764049,-0.0099970231755007,-0.00134147469360222,0.0059327111243957,-0.115003893914648,0.202154718212015,0.00813630590031423,0.00168342112158444,0.00843885527545149
0.0109613930169555,-0.00365639955419641,0.00454880129357825,-0.00258973671420808,-0.00892622399559394,-0.0125038129180571,-0.00267430916177463,0.00385856512071567,-0.00137914867596738,0.00720205124826064,-0.00836117908454799,-0.0020038911545734,-0.00382289713752503,-0.00821005354061131,0.00630567571997568,0.00859578174969376,-0.0048134340874103,0.000341994202383404,0.001826936451554,-0.00261243182850088,0.00813630590031423,0.0203061335861583,-0.00690347948209412,-0.016152303841664
-0.0156532987550333,-0.00805464906555285,-0.00442498570567502,-0.00818713391527295,-0.0111358997965061,0.00304473464809267,0.00237709679706982,0.0235591071128425,-0.0248340840066797,0.00848358166221194,-0.00932439558268641,-0.0130627138577309,0.0258333235293573,-0.028273383612328,0.00834230735180116,-0.0147684116767531,-0.00740060962639932,-0.0173097694329265,-0.00670834176249925,-0.00678914281414378,0.00168342112158444,-0.00690347948209412,0.162629928531649,-0.142436449900844
4.50990618307743e-05,0.0040152537383044,0.00397371791111799,-0.019951078742296,0.0322693692517212,0.0421570528958926,0.00239733999534928,-0.0295768736680789,0.0023687907493516,-0.022747289123334,0.0495335148850378,0.0197647170437797,0.00484940789102644,-0.0286446751926986,-0.0120055203996698,-0.0110993571090559,-0.00749858434516291,0.00871262508513608,0.000574868897469205,0.0116314576813132,0.00843885527545149,-0.016152303841664,-0.142436449900844,0.210594446909438
