0.000471964458546519,6.55183749609965e-05,-0.000353487566000353,-0.000306741002596416,-0.00109605913556938,-0.000549883773583041,-0.000851359592878723,-0.00043479844990715,-0.00125262529616246,-0.000677302969610436
6.55183749609965e-05,0.0937677055532146,0.066657217080217,0.0664396403329216,0.0590310663433196,0.0246097700764264,0.0757746889785186,0.043455291960298,0.0520598667564474,0.020082411698031
-0.000353487566000353,0.066657217080217,0.108566540686281,0.0892582383807057,0.0686104313774651,0.0471501275961297,0.083572442095898,0.0703569895598194,0.0801878971936213,0.0229297517686973
-0.000306741002596416,0.0664396403329216,0.0892582383807057,0.0917604351629207,0.068268619921581,0.0415647722427056,0.0994902977012044,0.0619961876285486,0.0651933064381837,0.0227939572913192
-0.00109605913556938,0.0590310663433196,0.0686104313774651,0.068268619921581,0.105837379777408,0.032327738627121,0.0977236887703236,0.0655972633073664,0.0528251817674297,0.0286686245749978
-0.000549883773583041,0.0246097700764264,0.0471501275961297,0.0415647722427056,0.032327738627121,0.058467524259004,0.0639113299472852,0.0369756493758046,0.0392817274869681,0.00792704684210736
-0.000851359592878723,0.0757746889785186,0.083572442095898,0.0994902977012044,0.0977236887703236,0.0639113299472852,0.16964363198712,0.0741936260296504,0.0815533897872044,0.028419842809572
-0.00043479844990715,0.043455291960298,0.0703569895598195,0.0619961876285486,0.0655972633073664,0.0369756493758046,0.0741936260296504,0.076499772872106,0.062466709251194,0.0166226791233018
-0.00125262529616246,0.0520598667564474,0.0801878971936213,0.0651933064381837,0.0528251817674297,0.0392817274869681,0.0815533897872044,0.062466709251194,0.0883279206970894,0.0244380319563569
-0.000677302969610436,0.020082411698031,0.0229297517686973,0.0227939572913192,0.0286686245749978,0.00792704684210736,0.028419842809572,0.0166226791233018,0.0244380319563569,0.0338044737229463
