0.0322987491906371,-0.0062654034336408,0.00400245059108291,0.00479429797706931,0.00763744020771263,0.00252095989214826,-0.00520220572700723,-0.0168869726153116,0.012243039580036,0.00593662790224323,-0.00156501592830229,0.0159255048294191,0.0158712314605268
-0.0062654034336408,0.218850268442614,-0.00128463826048124,0.016743708473399,-0.00579027806211775,0.0657327751758399,0.0240564059728352,0.000762134396666411,0.0121427022624738,0.031684487887998,0.0154252731237956,0.0208891849611675,0.0669305345561392
0.00400245059108291,-0.00128463826048124,0.111029513946895,0.0148477649571939,0.00984796853307374,0.0224514113278099,0.0200335088268282,-0.0294534733444096,0.0168130054216481,0.0299957455968548,0.0385806167598359,-0.00204806782524768,0.0533885499949712
0.00479429797706931,0.016743708473399,0.0148477649571939,0.0263135623348335,0.00483663699323441,-0.00108366978821859,-0.00441626959012108,-0.0024006974964517,0.0215061402658632,0.00754255033080977,0.00995150789359628,-0.00634606405090091,0.0123230690122504
0.00763744020771263,-0.00579027806211775,0.00984796853307374,0.00483663699323441,0.011133063814459,-0.00574267612546879,0.0243869733267124,-0.00767799106452833,0.0138135994851516,0.00114893720711067,0.0010826180077047,0.00102750127131264,0.0129268527085589
0.00252095989214826,0.0657327751758399,0.0224514113278099,-0.00108366978821859,-0.00574267612546879,0.159436333016118,0.00574146650844614,0.00957410678692011,0.000510891856652868,-0.00985620584964029,0.0451360615207392,0.0322738620070766,0.0495122840537421
-0.00520220572700723,0.0240564059728352,0.0200335088268282,-0.00441626959012108,0.0243869733267124,0.00574146650844614,0.267746607390438,-0.0191584597074969,-0.0149223519584675,0.00345755723388462,0.0271688192044653,-0.00517969901390936,0.0436299575967779
-0.0168869726153116,0.000762134396666411,-0.0294534733444096,-0.0024006974964517,-0.00767799106452833,0.00957410678692011,-0.0191584597074969,0.0347167995101214,-0.0468336938336924,-0.0134253648057235,-0.00860045628098381,-0.00654267651518464,-0.00597491157273356
0.012243039580036,0.0121427022624738,0.0168130054216481,0.0215061402658632,0.0138135994851516,0.000510891856652868,-0.0149223519584675,-0.0468336938336924,0.249585453692622,0.036130602923355,0.0401995463513141,0.0688581001681331,0.0528459786708511
0.00593662790224323,0.031684487887998,0.0299957455968548,0.00754255033080977,0.00114893720711067,-0.00985620584964029,0.00345755723388462,-0.0134253648057235,0.036130602923355,0.0451357473920675,0.0441480039291161,0.00901881648194182,0.0424162926165041
-0.00156501592830228,0.0154252731237956,0.0385806167598359,0.00995150789359628,0.0010826180077047,0.0451360615207392,0.0271688192044653,-0.00860045628098381,0.0401995463513141,0.0441480039291161,0.10811952586608,-0.0228587978436049,0.0536165452275833
0.0159255048294191,0.0208891849611675,-0.00204806782524768,-0.00634606405090091,0.00102750127131264,0.0322738620070766,-0.00517969901390936,-0.00654267651518464,0.0688581001681331,0.00901881648194182,-0.0228587978436049,0.093074744393147,0.0326506870835105
0.0158712314605268,0.0669305345561392,0.0533885499949712,0.0123230690122504,0.0129268527085589,0.0495122840537421,0.0436299575967779,-0.00597491157273356,0.0528459786708511,0.0424162926165041,0.0536165452275833,0.0326506870835105,0.227505710316956
