0.0413381833203979,0.00247299167226117,0.00845749141472983,-0.00121318285541951,-0.00194934915315182,-0.00403122167101944,-0.000975981873884941,0.0239358327905458
0.00247299167226117,0.0294878180762114,0.0127111256524633,0.0034619880276446,0.0106093743947441,0.00668384646171325,0.00335843988185002,0.007689995571654
0.00845749141472982,0.0127111256524633,0.0216227270421319,0.000140971114805432,-0.00080708763174177,0.00520518523963579,0.00721143096777968,0.00719443696393579
-0.00121318285541951,0.0034619880276446,0.000140971114805432,0.0254610458595986,0.0106831885872113,0.00218366247886129,0.000157877591756396,-0.00485223165411
-0.00194934915315182,0.0106093743947441,-0.00080708763174177,0.0106831885872113,0.0221120630441896,0.00373890402061501,0.0024669842654356,0.0036472092335591
-0.00403122167101944,0.00668384646171325,0.00520518523963579,0.00218366247886129,0.00373890402061501,0.0155918325977977,-0.00449067721265966,0.00538435959889613
-0.000975981873884941,0.00335843988185002,0.00721143096777968,0.000157877591756396,0.0024669842654356,-0.00449067721265966,0.0161061347005535,0.00397710820734035
0.0239358327905458,0.007689995571654,0.00719443696393579,-0.00485223165411,0.0036472092335591,0.00538435959889613,0.00397710820734035,0.0373615219959654
