0.0040629847849235,-0.00910603040398092,0.0103566545478039,0.00102893938703194,0.0093354980852365,-0.00130932538340537,-0.000687147437318166,0.00267660695165544,-0.00103172292971051,-0.00523542306296374
-0.00910603040398092,0.14224196536244,0.0738104580496422,0.0568602012841953,0.0498329860562071,0.0582527551118173,0.103881633165488,0.0495952803652533,0.103335502291188,0.0622093947770134
0.0103566545478039,0.0738104580496422,0.149235354344175,0.0949113336050038,0.0891159610705086,0.0558808632032887,0.0814574347235149,0.0763390895328964,0.135962691023915,0.0254536397352042
0.00102893938703194,0.0568602012841953,0.0949113336050038,0.0890916449694305,0.0279863358364656,0.0374179131207188,0.0527941103467534,0.0460011130627402,0.115155141379353,0.00274432565007144
0.0093354980852365,0.0498329860562071,0.0891159610705086,0.0279863358364656,0.107582670296275,0.0275830516149143,0.0966340799579988,0.0613754861294314,0.0603612204553864,0.0422182521446126
-0.00130932538340537,0.0582527551118174,0.0558808632032887,0.0374179131207188,0.0275830516149143,0.0468416105816525,0.0374218641743803,0.0378917832132779,0.0585564997596419,0.0280945718848752
-0.000687147437318166,0.103881633165488,0.0814574347235149,0.0527941103467534,0.0966340799579988,0.0374218641743803,0.171268147822739,0.0794124655325746,0.0893501210064456,0.0458988170357382
0.00267660695165544,0.0495952803652533,0.0763390895328964,0.0460011130627402,0.0613754861294314,0.0378917832132779,0.0794124655325746,0.0720671479197409,0.0718852225819757,0.0285460661438721
-0.00103172292971051,0.103335502291188,0.135962691023915,0.115155141379353,0.0603612204553864,0.0585564997596419,0.0893501210064456,0.0718852225819757,0.165633264413295,0.0318285027209397
-0.00523542306296374,0.0622093947770134,0.0254536397352042,0.00274432565007144,0.0422182521446126,0.0280945718848752,0.0458988170357382,0.0285460661438721,0.0318285027209397,0.0533033848686928
