0.218976426656649,0.0179795276665955,0.00655410373165516,-0.00135521606740542,-0.00670641091197925,0.00221491252874862,0.010418259943408,0.0351378245495398,-0.0127495374600061,0.00208982122108682,0.010481286982984,-0.00940230551758928,4.82633151230965e-05,-0.000315125692809302
0.0179795276665955,0.0332064112689287,0.00145584219937767,0.00100770683266655,-0.00949738765666478,0.00594383228834386,0.00911243525325945,0.0301411303006826,-0.0108257823934587,0.00148664406346265,0.00415289222914588,-0.00160254179645802,-0.00179041393794793,0.000678114611332548
0.00655410373165516,0.00145584219937767,0.0240391992377327,0.00322544601410862,0.00776014635979197,0.0104961563394011,0.00415608081361045,0.0259007852956672,0.0257324606707687,0.00454175382611879,-0.00426986959787565,0.00524572118484859,-0.00390805500986807,0.000596871813150798
-0.00135521606740542,0.00100770683266655,0.00322544601410862,0.0402159102959905,0.00457710595503568,0.00602167090312777,-0.000971429089086117,0.0141896748612326,0.0155539941055934,0.00119345984683113,0.00165512050885509,-0.00127202338737578,-0.0014169932782582,-0.000476213770848434
-0.00670641091197925,-0.00949738765666478,0.00776014635979198,0.00457710595503568,0.0781502484666899,0.0379832640732639,0.00398550524952512,0.0355155548749028,0.0393453805612351,0.00143915057954394,0.0169350896256114,0.00423101179979244,0.00292119557229552,0.000400448671583403
0.00221491252874862,0.00594383228834386,0.0104961563394011,0.00602167090312777,0.0379832640732639,0.0737268831929351,0.0116083348865033,0.0459807391553446,0.0247481625408926,0.00445612814044147,0.025257361071875,0.00499138811094883,0.00401860823901588,0.00217254176398084
0.010418259943408,0.00911243525325945,0.00415608081361045,-0.000971429089086117,0.00398550524952512,0.0116083348865033,0.0121696580550611,0.0252010937907827,0.00837287014544111,0.000734944815229714,0.00326853745596947,0.000164828880756838,-0.00142948268603904,0.000100099780205286
0.0351378245495398,0.0301411303006826,0.0259007852956672,0.0141896748612326,0.0355155548749028,0.0459807391553446,0.0252010937907827,0.306845648129658,0.153582998302517,0.0292944463968085,0.0289571592518158,0.00827661697525123,-0.00469007905620965,0.00176787076594326
-0.0127495374600061,-0.0108257823934587,0.0257324606707687,0.0155539941055934,0.0393453805612351,0.0247481625408926,0.00837287014544111,0.153582998302517,0.333164830397434,0.038579262686636,0.0169237386525606,0.0314865218992256,-0.00336048420029711,0.00084385936181744
0.00208982122108682,0.00148664406346265,0.00454175382611879,0.00119345984683113,0.00143915057954394,0.00445612814044147,0.000734944815229713,0.0292944463968085,0.038579262686636,0.00832602728688726,-0.00156664278501876,0.0028138860085057,-0.000307216524410387,-0.000162919909726589
0.010481286982984,0.00415289222914588,-0.00426986959787565,0.00165512050885509,0.0169350896256114,0.025257361071875,0.00326853745596947,0.0289571592518158,0.0169237386525606,-0.00156664278501876,0.249087265880065,0.0060402203023132,0.0122873290565978,0.00208346323807868
-0.00940230551758928,-0.00160254179645802,0.00524572118484859,-0.00127202338737578,0.00423101179979243,0.00499138811094883,0.000164828880756838,0.00827661697525123,0.0314865218992256,0.0028138860085057,0.0060402203023132,0.0276947067875509,-0.000739489333091554,0.000125628787393462
4.82633151230965e-05,-0.00179041393794793,-0.00390805500986807,-0.0014169932782582,0.00292119557229552,0.00401860823901588,-0.00142948268603904,-0.00469007905620965,-0.00336048420029711,-0.000307216524410388,0.0122873290565978,-0.000739489333091554,0.00727642610573837,1.99350757561915e-05
-0.000315125692809302,0.000678114611332548,0.000596871813150798,-0.000476213770848434,0.000400448671583403,0.00217254176398084,0.000100099780205286,0.00176787076594326,0.00084385936181744,-0.000162919909726589,0.00208346323807868,0.000125628787393462,1.99350757561915e-05,0.000470498499970478
