0.0704648911493085,0.0285212714789179,0.0489387571745182,-0.00293972409977457,-0.0125399803158438,-0.000248494180641018,-0.0013528125416893,-0.000245103441839109,-0.00267365973029105,-0.00125408447570925,-0.0031399628819463,-0.00113278619991482,-0.000918524068289316,-0.00313965016710709,0.00195876581344618,0.00309122449355951,-0.034167482361291,-0.0331736872453234,-0.0225081856622597,-0.0130474713063901,0.0060140524955243,-0.0179075466133636
0.0285212714789179,0.022005014257544,0.00739453216976538,-0.000519814384642717,-0.0041900058144697,-0.000337767084050113,-0.000220855250003287,-0.000270848734366334,-0.000690390538988616,-0.000300005766985128,-0.00133448150492404,-9.07336282616429e-05,-0.000651230662088267,-0.0012643643964635,0.00116101830146786,0.00264875951865238,-0.0149168844159033,-0.0170886165211096,-0.00185925583412981,0.00504647182378558,0.00513985732824749,-0.00124600769229764
0.0489387571745182,0.00739453216976538,0.0834931170917121,-0.00728505965442249,-0.0127433827062697,-0.00336817441420903,-0.00330707696427748,-0.00310195064766209,-0.00581049306158416,-0.00342560819970037,-0.00668239730702073,-0.00190736335201063,-0.00123125023490605,-0.00662795087078547,-0.000722690272950307,0.00286017038920437,-0.0300301537427563,-0.0168759196336954,-0.0272874660619617,-0.0176687364441659,-0.00155238311290944,-0.022182491621232
-0.00293972409977457,-0.000519814384642717,-0.00728505965442249,0.0163215802904419,0.0128807336204944,0.0148419171208731,0.0172472516178772,0.0147707158930048,0.0149694569685293,0.0156540859476849,0.0153468975176276,0.0134073968025745,0.0118419466045658,0.0153589827758314,0.010297510258031,-0.0147552020240168,0.011999660223714,0.00389842398693283,0.0172190971054708,0.0123641991272064,0.0135837350772244,0.0189078360881542
-0.0125399803158438,-0.0041900058144697,-0.0127433827062697,0.0128807336204944,0.0125614274813805,0.0114112350552918,0.0130392459596856,0.0113585005654598,0.0108428951088542,0.0111378622186086,0.0113290908659618,0.00925902096541991,0.00773184509775706,0.0113466915053611,0.00698816729115943,-0.0105205581669462,0.0131970532653966,0.00742377243758446,0.0161332001237403,0.0106687673160957,0.0088180162352404,0.0171487873126685
-0.000248494180641018,-0.000337767084050113,-0.00336817441420903,0.0148419171208731,0.0114112350552918,0.0139802222477519,0.0157156244962713,0.013919298256205,0.0137646597062409,0.0144243674380559,0.0142813416047484,0.0124352039626944,0.0108268772561985,0.0142843261874684,0.00967619620777989,-0.0137227896922809,0.00952254208685184,0.00219360334002624,0.0144821178346351,0.00919315191367752,0.0125150805328303,0.0160377788839596
-0.0013528125416893,-0.000220855250003287,-0.00330707696427748,0.0172472516178772,0.0130392459596856,0.0157156244962713,0.0198956497129609,0.0157408460669555,0.0170048986259265,0.0179980457100074,0.0172263226477805,0.0162767361980988,0.0139790609813974,0.0172332567116787,0.0107279872424268,-0.0168185622934881,0.0119155854944436,0.00615554541056189,0.0182509114839886,0.0133647932027126,0.015606046419451,0.0208704690420625
-0.000245103441839109,-0.000270848734366334,-0.00310195064766209,0.0147707158930048,0.0113585005654598,0.013919298256205,0.0157408460669555,0.0138697953674572,0.0136972203456711,0.0143809375862638,0.0141872818177832,0.0124583034031421,0.010810342917981,0.0141911020225678,0.00962525096045754,-0.0137060579449467,0.00936100260976256,0.00227667362141098,0.0145138578844648,0.0092881393672317,0.0126351508340548,0.0161139310907757
-0.00267365973029105,-0.000690390538988616,-0.00581049306158416,0.0149694569685293,0.0108428951088542,0.0137646597062409,0.0170048986259265,0.0136972203456711,0.0247404829238303,0.02243344890037,0.0269978417442415,0.0230623743937094,0.0179890340571382,0.0269304724905037,0.0111488650517966,-0.0220577497820531,0.0196680524759793,0.00311866162433752,0.0195634618562392,0.0172677239040181,0.0181582865802525,0.0219474867979821
-0.00125408447570925,-0.000300005766985128,-0.00342560819970037,0.0156540859476849,0.0111378622186086,0.0144243674380559,0.0179980457100074,0.0143809375862638,0.02243344890037,0.0217743387876378,0.0240795254243946,0.0211609111804257,0.0171278204249154,0.0240270368809236,0.0112380061900296,-0.0210851375726808,0.0154201161972554,0.00417083575304784,0.017836478967984,0.0151952124035924,0.0165217560005066,0.0197232840576016
-0.0031399628819463,-0.00133448150492404,-0.00668239730702073,0.0153468975176276,0.0113290908659617,0.0142813416047484,0.0172263226477805,0.0141872818177832,0.0269978417442415,0.0240795254243946,0.0301498664835839,0.0249428394261435,0.0187861003938757,0.0300567830536712,0.0115386863228328,-0.024037520942261,0.0221005082913174,0.00299107691355982,0.0193535884136953,0.0175503982709742,0.0185164298416101,0.0220391050964872
-0.00113278619991482,-9.07336282616429e-05,-0.00190736335201063,0.0134073968025745,0.00925902096541991,0.0124352039626944,0.0162767361980988,0.0124583034031421,0.0230623743937094,0.0211609111804257,0.0249428394261435,0.0223226043443277,0.0172981193992176,0.0248786301658123,0.0102090635950426,-0.0208054435097583,0.016189398676316,0.00362832539581887,0.0178219008395909,0.0166263216719044,0.0181499959684484,0.0204533763488601
-0.000918524068289316,-0.000651230662088267,-0.00123125023490605,0.0118419466045658,0.00773184509775706,0.0108268772561985,0.0139790609813974,0.010810342917981,0.0179890340571382,0.0171278204249154,0.0187861003938757,0.0172981193992176,0.0146951621068962,0.0187509687805158,0.00911241504247712,-0.0169751347753448,0.0132196295114399,0.00213620590365715,0.0154592138423991,0.0134872357572624,0.0146197919600161,0.0169804798833163
-0.00313965016710709,-0.0012643643964635,-0.00662795087078547,0.0153589827758314,0.0113466915053611,0.0142843261874684,0.0172332567116787,0.0141911020225678,0.0269304724905037,0.0240270368809236,0.0300567830536712,0.0248786301658123,0.0187509687805158,0.0299667367651312,0.0115156485595747,-0.0239880874563253,0.0220350641540289,0.00307835887019919,0.0194212905565415,0.0176306459931541,0.0184931006547453,0.0221019850679292
0.00195876581344618,0.00116101830146786,-0.000722690272950307,0.010297510258031,0.00698816729115943,0.00967619620777989,0.0107279872424268,0.00962525096045755,0.0111488650517966,0.0112380061900296,0.0115386863228328,0.0102090635950426,0.00911241504247712,0.0115156485595747,0.00872105147445479,-0.0105651220081592,0.0071757195289459,-0.00424959536914011,0.0112258549493283,0.00892662237310235,0.0117587758769865,0.0115796884625064
0.00309122449355951,0.00264875951865238,0.00286017038920437,-0.0147552020240168,-0.0105205581669462,-0.0137227896922809,-0.0168185622934881,-0.0137060579449467,-0.0220577497820531,-0.0210851375726808,-0.024037520942261,-0.0208054435097583,-0.0169751347753448,-0.0239880874563252,-0.0105651220081592,0.0250840899487682,-0.0219780159202342,-0.00365453661802885,-0.0188081498623314,-0.0151372165933858,-0.0148586338166698,-0.0201395773314338
-0.034167482361291,-0.0149168844159033,-0.0300301537427563,0.011999660223714,0.0131970532653966,0.00952254208685184,0.0119155854944436,0.00936100260976256,0.0196680524759793,0.0154201161972554,0.0221005082913174,0.016189398676316,0.0132196295114399,0.0220350641540289,0.0071757195289459,-0.0219780159202342,0.0605620690972481,0.00291985200772417,0.0284826416760689,0.0233086316984057,0.00237278589979629,0.026388808858701
-0.0331736872453234,-0.0170886165211096,-0.0168759196336954,0.00389842398693283,0.00742377243758446,0.00219360334002624,0.00615554541056189,0.00227667362141098,0.00311866162433752,0.00417083575304784,0.00299107691355982,0.00362832539581887,0.00213620590365715,0.00307835887019919,-0.00424959536914011,-0.00365453661802885,0.00291985200772417,0.0522262307086781,0.00595468693913508,0.00163537431155703,-0.00677075823263956,0.00619766955371843
-0.0225081856622597,-0.00185925583412981,-0.0272874660619617,0.0172190971054708,0.0161332001237403,0.0144821178346351,0.0182509114839886,0.0145138578844648,0.0195634618562392,0.017836478967984,0.0193535884136953,0.0178219008395909,0.0154592138423991,0.0194212905565415,0.0112258549493283,-0.0188081498623314,0.0284826416760689,0.00595468693913508,0.0372417012080446,0.0262760244949871,0.019963862195204,0.0359549653255732
-0.0130474713063901,0.00504647182378558,-0.0176687364441659,0.0123641991272064,0.0106687673160957,0.00919315191367752,0.0133647932027126,0.0092881393672317,0.0172677239040181,0.0151952124035924,0.0175503982709742,0.0166263216719044,0.0134872357572624,0.0176306459931541,0.00892662237310235,-0.0151372165933858,0.0233086316984057,0.00163537431155703,0.0262760244949871,0.040763779255133,0.0185546989634606,0.0268953967644887
0.0060140524955243,0.00513985732824749,-0.00155238311290944,0.0135837350772244,0.0088180162352404,0.0125150805328303,0.015606046419451,0.0126351508340548,0.0181582865802525,0.0165217560005066,0.0185164298416101,0.0181499959684484,0.0146197919600161,0.0184931006547453,0.0117587758769865,-0.0148586338166698,0.00237278589979629,-0.00677075823263956,0.019963862195204,0.0185546989634606,0.0338772996374362,0.0246067272884102
-0.0179075466133636,-0.00124600769229764,-0.022182491621232,0.0189078360881542,0.0171487873126685,0.0160377788839596,0.0208704690420625,0.0161139310907756,0.0219474867979821,0.0197232840576016,0.0220391050964872,0.0204533763488601,0.0169804798833163,0.0221019850679292,0.0115796884625064,-0.0201395773314338,0.0263888088587011,0.00619766955371843,0.0359549653255732,0.0268953967644887,0.0246067272884102,0.0388558833558597
