0.0636404739271775,0.0135852681951568,0.0312819587303329,-0.00242978340879138,-0.0106028756809246,-0.00136914382023797,-0.00228841976288014,-0.00105254631925749,-0.00116326103480486,0.000425130041611401,-0.00138376275173065,-0.000423639586689915,0.000353269871689859,-0.00138440359827422,0.00224865639936962,-0.000963246798364413,-0.019427125455621,-0.0286741095076882,-0.0178253076522971,-0.00328939615494409,0.00924921185902183,-0.013636340360823
0.0135852681951568,0.0804623778486014,-0.00762684941952095,0.0124247991113649,0.00542296972595558,0.0100698737378247,0.00918933452993339,0.0101197492778422,0.00775848197096996,0.00652762503821676,0.00814510065528259,0.00446186461370622,0.00545331140933931,0.00814343984795428,0.0144495557980254,-0.0051912878866838,0.0121364244371612,-0.0294153184420664,0.00910910240872178,0.00554856158050198,0.0144280619372019,0.00522291569550677
0.0312819587303329,-0.00762684941952095,0.0613110566621775,-0.00384018869374763,-0.0070826779460261,-0.00217401647755415,-0.00121244189102199,-0.0019162071111338,-9.67847446773676e-05,0.000179876227892143,-3.95805395066909e-05,0.0015472341811113,0.0004557176343161,-3.99753955626543e-05,0.00126620045974001,-0.000627256442509654,-0.0174003583509366,0.00591296332685072,-0.0165525206534381,-0.00703524029639807,-0.00895480078933906,-0.0106306447279144
-0.00242978340879138,0.0124247991113649,-0.00384018869374763,0.0378549420201448,0.0255911990783205,0.033277151858901,0.0361417404111198,0.0338551541044111,0.030253593462175,0.0301911998069239,0.0326751427715937,0.0273063285772169,0.0250187934398799,0.0326709874685252,0.0284935410036829,-0.0273344681548393,0.021641911929198,0.000303234551360831,0.0256738477911687,0.0125303555031184,0.0157514208883488,0.0260400779666177
-0.0106028756809246,0.00542296972595558,-0.0070826779460261,0.0255911990783205,0.0191952803091481,0.0223758499895839,0.0245329129065449,0.0226804509487105,0.0204242137276012,0.0200808393175072,0.0221964117508288,0.0185028898566205,0.0162465804463418,0.0221938310521423,0.0184313799349091,-0.017864320340094,0.0167549702063083,0.00443713079111018,0.0199824103770009,0.0087814010825696,0.00827844449175217,0.0199919734934021
-0.00136914382023797,0.0100698737378247,-0.00217401647755415,0.033277151858901,0.0223758499895839,0.0295512228542834,0.0318170654131916,0.0300417225823425,0.0268601976545368,0.0267469841579258,0.0291736068489677,0.0241786117911624,0.0219800070606708,0.0291694869167291,0.0250195693600147,-0.0242567706058673,0.018148261954903,0.00164485108067286,0.0219750571865081,0.00951007895703372,0.0131892923258944,0.0222508381381353
-0.00228841976288014,0.00918933452993339,-0.00121244189102199,0.0361417404111198,0.0245329129065449,0.0318170654131916,0.0356089620758288,0.0324495274068934,0.0305946947375237,0.0306036429756112,0.0326572375034042,0.0282935399931203,0.0257252286068729,0.0326525663232353,0.0266239164760624,-0.0265043936918799,0.0195992199878073,0.00518175183613456,0.0264213795385071,0.0127588490661034,0.0143417760904447,0.0270235208787401
-0.00105254631925749,0.0101197492778422,-0.0019162071111338,0.0338551541044111,0.0226804509487105,0.0300417225823425,0.0324495274068934,0.03056286974542,0.0274381187583036,0.0273510559856337,0.0297285554771595,0.0247662921968646,0.0226168729575697,0.0297243894303865,0.0254553156234148,-0.0246491683188687,0.0183045826167482,0.0017216843644945,0.0223402338625377,0.00985664001328233,0.0134350547117603,0.0226738219260073
-0.00116326103480486,0.00775848197096996,-9.67847446773676e-05,0.030253593462175,0.0204242137276012,0.0268601976545368,0.0305946947375237,0.0274381187583036,0.0371335145318499,0.0347658427519202,0.0410859780338282,0.0346672794413832,0.0289444112915548,0.0410790802099761,0.0235282499864391,-0.0328187774585287,0.0252292337357741,0.00610171077583687,0.026738317141003,0.0173774768018414,0.0179515342482903,0.026783518388269
0.000425130041611401,0.00652762503821676,0.000179876227892143,0.0301911998069239,0.0200808393175072,0.0267469841579258,0.0306036429756112,0.0273510559856337,0.0347658427519202,0.0333997247062865,0.0378094758928074,0.0325102890342814,0.0280750171062236,0.0378032817833797,0.0232109564680584,-0.0307215658382365,0.0233498115644122,0.00529157930754171,0.0251957127282506,0.0164614690814094,0.0171483360923811,0.0254841420904477
-0.00138376275173065,0.00814510065528259,-3.95805395066909e-05,0.0326751427715937,0.0221964117508288,0.0291736068489677,0.0326572375034042,0.0297285554771595,0.0410859780338282,0.0378094758928074,0.0464604504828684,0.0379839976658522,0.0307404977216344,0.0464524089094852,0.0258610759177741,-0.0368675966679856,0.0278216972460755,0.00639153114719675,0.0281486287717603,0.0180769297262072,0.0195143013890227,0.0283133382094136
-0.000423639586689915,0.00446186461370622,0.0015472341811113,0.0273063285772169,0.0185028898566205,0.0241786117911624,0.0282935399931203,0.0247662921968646,0.0346672794413832,0.0325102890342814,0.0379839976658522,0.033053993104373,0.0273923804039423,0.0379776188275445,0.0207828230295536,-0.0301722364660759,0.0222600794982895,0.00765740037597682,0.0253009836201192,0.0163653444989183,0.0159340478815001,0.0257215086285806
0.000353269871689859,0.00545331140933931,0.0004557176343161,0.0250187934398799,0.0162465804463418,0.0219800070606708,0.0257252286068729,0.0226168729575697,0.0289444112915548,0.0280750171062236,0.0307404977216344,0.0273923804039423,0.0248364394913944,0.0307355836634471,0.018879639286019,-0.0246982140575603,0.0190634203859354,0.00499062106517883,0.0216819196607353,0.0151286599625638,0.0145495358070018,0.0217646322175266
-0.00138440359827422,0.00814343984795428,-3.99753955626543e-05,0.0326709874685252,0.0221938310521423,0.0291694869167291,0.0326525663232353,0.0297243894303865,0.0410790802099761,0.0378032817833797,0.0464524089094852,0.0379776188275445,0.0307355836634471,0.0464443720900227,0.0258582704939424,-0.0368618969262262,0.027817424349033,0.00638683941895656,0.0281422825554127,0.0180723995246648,0.0195111617417447,0.0283077327784219
0.00224865639936962,0.0144495557980254,0.00126620045974001,0.0284935410036829,0.0184313799349091,0.0250195693600147,0.0266239164760624,0.0254553156234148,0.0235282499864391,0.0232109564680584,0.0258610759177741,0.0207828230295536,0.018879639286019,0.0258582704939424,0.0243094859728374,-0.0225230334529875,0.0177158662588793,-0.00594206544929439,0.0157433152790776,0.00880223950685375,0.0134411074573631,0.0165058061377288
-0.000963246798364414,-0.0051912878866838,-0.000627256442509654,-0.0273344681548393,-0.017864320340094,-0.0242567706058673,-0.0265043936918799,-0.0246491683188687,-0.0328187774585287,-0.0307215658382365,-0.0368675966679856,-0.0301722364660759,-0.0246982140575603,-0.0368618969262262,-0.0225230334529875,0.0374470402534997,-0.0319063263775427,0.00134495905234797,-0.0220915178021734,-0.0126527505084683,-0.0204336820934501,-0.0212959304082348
-0.019427125455621,0.0121364244371612,-0.0174003583509366,0.021641911929198,0.0167549702063083,0.018148261954903,0.0195992199878073,0.0183045826167482,0.0252292337357741,0.0233498115644122,0.0278216972460755,0.0222600794982895,0.0190634203859354,0.027817424349033,0.0177158662588793,-0.0319063263775427,0.0573363428950098,-0.00747505985857051,0.0255967159286633,0.0173283948199399,0.0117575979405124,0.0230854839807439
-0.0286741095076882,-0.0294153184420664,0.00591296332685072,0.000303234551360831,0.00443713079111018,0.00164485108067286,0.00518175183613456,0.0017216843644945,0.00610171077583688,0.00529157930754171,0.00639153114719675,0.00765740037597682,0.00499062106517883,0.00638683941895656,-0.00594206544929439,0.00134495905234797,-0.00747505985857051,0.0636088094165577,0.0122143802345225,0.00569228533476923,-0.00525918439273344,0.0113790020613926
-0.0178253076522971,0.00910910240872178,-0.0165525206534381,0.0256738477911687,0.0199824103770009,0.0219750571865081,0.0264213795385071,0.0223402338625377,0.026738317141003,0.0251957127282506,0.0281486287717603,0.0253009836201192,0.0216819196607353,0.0281422825554127,0.0157433152790776,-0.0220915178021734,0.0255967159286633,0.0122143802345225,0.0412843388423405,0.0238045855449589,0.0180530144553392,0.037370143168095
-0.00328939615494409,0.00554856158050198,-0.00703524029639807,0.0125303555031184,0.0087814010825696,0.00951007895703372,0.0127588490661034,0.00985664001328233,0.0173774768018414,0.0164614690814094,0.0180769297262072,0.0163653444989183,0.0151286599625638,0.0180723995246648,0.00880223950685374,-0.0126527505084683,0.0173283948199399,0.00569228533476923,0.0238045855449589,0.0412456345082232,0.0205222254975715,0.0211164788935114
0.00924921185902183,0.0144280619372019,-0.00895480078933906,0.0157514208883488,0.00827844449175217,0.0131892923258944,0.0143417760904447,0.0134350547117603,0.0179515342482903,0.0171483360923811,0.0195143013890227,0.0159340478815001,0.0145495358070018,0.0195111617417447,0.0134411074573631,-0.0204336820934501,0.0117575979405124,-0.00525918439273344,0.0180530144553392,0.0205222254975715,0.0314596524284699,0.0154162140077956
-0.013636340360823,0.00522291569550677,-0.0106306447279144,0.0260400779666177,0.0199919734934021,0.0222508381381353,0.0270235208787401,0.0226738219260073,0.026783518388269,0.0254841420904477,0.0283133382094135,0.0257215086285806,0.0217646322175266,0.0283077327784219,0.0165058061377288,-0.0212959304082348,0.0230854839807439,0.0113790020613926,0.037370143168095,0.0211164788935114,0.0154162140077956,0.0358128524513276
