0.0583394679909266,0.0187156631056599,0.0333680916171522,-0.00702339527469355,-0.0140274791910957,-0.00527296316238478,-0.00691244450663283,-0.00527146493789609,-0.00795316045525757,-0.00609752267543987,-0.00930721768583037,-0.0063097127215108,-0.00477269222628529,-0.00930585138541289,-0.000349349727877373,0.00457821928503149,-0.0237045434393587,-0.0298506100861459,-0.0258061857716338,-0.0146948317658749,0.00378496786451954,-0.0213910036234891
0.0187156631056599,0.0440718957204277,-0.000798746712157381,-0.0016724547117055,-0.00399404368609506,-0.00178447361535878,-0.00262343841099457,-0.00178432443745973,-0.00560728045781183,-0.00432650023921518,-0.00712484028986204,-0.00565881696897228,-0.00331298599581188,-0.00712144580057238,0.00137583449063818,0.0033287583906404,0.00378450593434299,-0.0216391709942401,-0.000455244530257531,-0.000424390762109,0.00323241098494569,-0.00378404987456957
0.0333680916171522,-0.000798746712157381,0.0603400526415005,-0.00948382992852376,-0.0112501767882379,-0.00725959041334268,-0.0076639417877765,-0.00725622232791385,-0.00742898649818477,-0.00609743274070669,-0.00827535927746465,-0.00514607693205118,-0.00491077456533496,-0.00827495059397817,-0.00511866321244254,0.0148151151529785,-0.0275771557042637,-0.00256897370242133,-0.0251400769697454,-0.0145116679749719,-0.0108328673554129,-0.0214835997576125
-0.00702339527469355,-0.0016724547117055,-0.00948382992852376,0.012358211882918,0.0108534673834301,0.0107503737676024,0.0107421060210324,0.0107472814691583,0.0100200252499322,0.00976663851513633,0.0104428764843493,0.00879267725831962,0.00680207942465032,0.0104413144432003,0.00755712520108199,-0.0115388196542729,0.00826165933802424,0.00245113088968361,0.0133535473670537,0.00836230888019275,0.00949775377360543,0.0108282341404859
-0.0140274791910957,-0.00399404368609506,-0.0112501767882379,0.0108534673834301,0.0112911865354827,0.00935712416231845,0.00944303609777741,0.00935489668646615,0.00889510933166558,0.00822935849691328,0.00947460252127947,0.00763277172707501,0.00556908667125205,0.00947326525163186,0.00587663456327704,-0.00917379289679805,0.010546296640081,0.00581307392451963,0.0144407493646682,0.00895173285859872,0.00631451838689587,0.0118641866511481
-0.00527296316238478,-0.00178447361535878,-0.00725959041334268,0.0107503737676024,0.00935712416231845,0.00966018159723813,0.00918698314600069,0.00965774415533459,0.00877276922617932,0.0084924099860338,0.00924948672857918,0.0075272131866914,0.00582161771214419,0.00924806062315416,0.00670264543207081,-0.0100967853366287,0.00752294641520245,0.00121169917378187,0.0110645704462983,0.00642359395327436,0.00839130767596353,0.00862392057441162
-0.00691244450663283,-0.00262343841099457,-0.0076639417877765,0.0107421060210324,0.00944303609777741,0.00918698314600069,0.0106701709549154,0.00918259885923956,0.00996052883665859,0.00981712601146673,0.0103174686208055,0.0096716640726605,0.00700435222030802,0.0103155985928168,0.00567052377318029,-0.0110452746226266,0.00697747830953956,0.00699383252347694,0.0130666326817352,0.00865350539194628,0.00731266106414574,0.0118092764555725
-0.00527146493789609,-0.00178432443745972,-0.00725622232791385,0.0107472814691583,0.00935489668646615,0.00965774415533459,0.00918259885923956,0.0096553240110085,0.00876903439187376,0.00848932412983277,0.00924573187618512,0.00752283136330557,0.00581907466536351,0.00924430724560633,0.00670266401043505,-0.010095656416446,0.00752385678550183,0.00120497688751395,0.0110579694411793,0.00641976739978112,0.00839070615385946,0.00861803945605918
-0.00795316045525757,-0.00560728045781183,-0.00742898649818477,0.0100200252499322,0.00889510933166558,0.00877276922617932,0.00996052883665859,0.00876903439187376,0.021279526471809,0.019383191622346,0.0240217283281564,0.0201768085733788,0.0138184085228194,0.0240180603568402,0.00600183567128454,-0.0176402577243259,0.0132384251885736,0.00749433855892216,0.0148995325376018,0.0116389868957089,0.0133385189220162,0.0128782884246543
-0.00609752267543987,-0.00432650023921518,-0.00609743274070669,0.00976663851513633,0.00822935849691328,0.0084924099860338,0.00981712601146672,0.00848932412983277,0.019383191622346,0.0183036340012803,0.0216079320182973,0.0184855094608059,0.0130166179263726,0.0216046334258257,0.00608869669056554,-0.0165061505312373,0.0110591121295879,0.00680397532606131,0.0133413672095665,0.0106767700039375,0.0125961509273094,0.0116464232444418
-0.00930721768583037,-0.00712484028986204,-0.00827535927746465,0.0104428764843493,0.00947460252127947,0.00924948672857918,0.0103174686208055,0.00924573187618512,0.0240217283281564,0.0216079320182973,0.0277676362176222,0.0225458484696572,0.0150172105999219,0.0277634646631634,0.00629367982738007,-0.0198324904845906,0.0149459035657868,0.00882021091432753,0.0152639257890436,0.0116225899988417,0.0135604991650716,0.0131240492051649
-0.00630971272151081,-0.00565881696897228,-0.00514607693205118,0.00879267725831962,0.00763277172707501,0.0075272131866914,0.0096716640726605,0.00752283136330557,0.0201768085733788,0.0184855094608059,0.0225458484696572,0.0200799187872785,0.0132822820546696,0.0225419658232605,0.00490355508314619,-0.0164992274448981,0.0108802132836523,0.00903653261698409,0.0137578194622841,0.0112134867888905,0.0123096922922723,0.0126956080082005
-0.00477269222628529,-0.00331298599581188,-0.00491077456533496,0.00680207942465032,0.00556908667125205,0.00582161771214419,0.00700435222030802,0.00581907466536351,0.0138184085228194,0.0130166179263726,0.0150172105999219,0.0132822820546696,0.00997370917876016,0.0150147035315623,0.00404176124274841,-0.0120713452632678,0.00928106974870938,0.00529750521327825,0.0107954016780925,0.00917228160320173,0.00987831644885546,0.00954026440131455
-0.00930585138541289,-0.00712144580057238,-0.00827495059397817,0.0104413144432003,0.00947326525163186,0.00924806062315416,0.0103155985928168,0.00924430724560633,0.0240180603568402,0.0216046334258257,0.0277634646631634,0.0225419658232605,0.0150147035315623,0.0277592967662486,0.00629300876770114,-0.0198293136435959,0.0149429214820707,0.00881918369879624,0.0152613641380171,0.0116181967564879,0.0135575826000102,0.0131217904815403
-0.000349349727877373,0.00137583449063818,-0.00511866321244254,0.00755712520108199,0.00587663456327704,0.00670264543207081,0.00567052377318029,0.00670266401043505,0.00600183567128454,0.00608869669056554,0.00629367982738007,0.00490355508314619,0.00404176124274841,0.00629300876770114,0.00642239083957663,-0.00829058066803756,0.00571592955323732,-0.00523890461118732,0.00598881323053654,0.00430204294524412,0.00786385109704357,0.00400839811718285
0.00457821928503149,0.0033287583906404,0.0148151151529785,-0.0115388196542729,-0.00917379289679805,-0.0100967853366287,-0.0110452746226266,-0.010095656416446,-0.0176402577243259,-0.0165061505312373,-0.0198324904845906,-0.0164992274448981,-0.0120713452632678,-0.0198293136435959,-0.00829058066803756,0.0252469940516993,-0.0184905401943194,0.00116040690101512,-0.0159218732756542,-0.0110156965041379,-0.0170432282495375,-0.014010149042515
-0.0237045434393587,0.00378450593434299,-0.0275771557042637,0.00826165933802424,0.010546296640081,0.00752294641520245,0.00697747830953956,0.00752385678550183,0.0132384251885736,0.0110591121295879,0.0149459035657868,0.0108802132836523,0.00928106974870938,0.0149429214820707,0.00571592955323732,-0.0184905401943194,0.0528226821892623,-0.00873425674779625,0.0220408411116641,0.0197864516472635,0.0100376190721675,0.0174763253910671
-0.0298506100861459,-0.0216391709942401,-0.00256897370242133,0.00245113088968361,0.00581307392451964,0.00121169917378187,0.00699383252347694,0.00120497688751395,0.00749433855892216,0.00680397532606131,0.00882021091432753,0.00903653261698409,0.00529750521327825,0.00881918369879624,-0.00523890461118732,0.00116040690101512,-0.00873425674779625,0.0604203767901831,0.0100104814906969,0.00826343827735526,-0.0119963195821018,0.0136182364416693
-0.0258061857716338,-0.000455244530257531,-0.0251400769697454,0.0133535473670537,0.0144407493646682,0.0110645704462983,0.0130666326817352,0.0110579694411793,0.0148995325376018,0.0133413672095665,0.0152639257890436,0.0137578194622841,0.0107954016780925,0.0152613641380171,0.00598881323053654,-0.0159218732756542,0.0220408411116641,0.0100104814906969,0.0337342608664579,0.0227843558078282,0.0149508099082067,0.0274750549201556
-0.0146948317658749,-0.000424390762109,-0.0145116679749719,0.00836230888019274,0.00895173285859872,0.00642359395327436,0.00865350539194628,0.00641976739978112,0.0116389868957089,0.0106767700039375,0.0116225899988417,0.0112134867888905,0.00917228160320173,0.0116181967564879,0.00430204294524412,-0.0110156965041379,0.0197864516472635,0.00826343827735526,0.0227843558078282,0.0336072128854875,0.0151507408434023,0.0198106302623432
0.00378496786451954,0.00323241098494569,-0.0108328673554129,0.00949775377360543,0.00631451838689587,0.00839130767596353,0.00731266106414574,0.00839070615385946,0.0133385189220162,0.0125961509273094,0.0135604991650716,0.0123096922922723,0.00987831644885546,0.0135575826000102,0.00786385109704357,-0.0170432282495375,0.0100376190721675,-0.0119963195821018,0.0149508099082067,0.0151507408434023,0.0303213074848537,0.0109698167867945
-0.0213910036234891,-0.00378404987456958,-0.0214835997576125,0.0108282341404859,0.0118641866511481,0.00862392057441162,0.0118092764555725,0.00861803945605918,0.0128782884246543,0.0116464232444418,0.0131240492051649,0.0126956080082005,0.00954026440131455,0.0131217904815403,0.00400839811718285,-0.014010149042515,0.0174763253910671,0.0136182364416693,0.0274750549201556,0.0198106302623432,0.0109698167867945,0.0255784077871438
