0.232319430176189,0.00688339040943961,-0.0132161997954472,-0.0215079966904633,0.0162942495960056,0.0217209045291378,0.0104311227356583,-0.00399624562107727,0.0619846320925482,-0.0152915712874125,0.0285205290416558,0.00666809800953559,0.00293965077894564,-0.00336188430459463
0.00688339040943961,0.0330120888511249,0.0108304496493119,0.0141789093585777,-0.0115556808671903,0.00551501568302761,0.00702921839249692,0.0373839207243626,0.0108821982776879,0.00627596324689509,0.000140570890124681,-0.000437552923573093,-0.00234115182686282,0.00287665631923882
-0.0132161997954472,0.0108304496493119,0.0360804463307735,-0.0056330888603358,0.00100793109155309,0.0182379254802253,0.00193983816061275,0.00874093744704745,0.002073719869324,0.00346104798374987,-0.00872477339004932,-0.00645152040597014,-0.00401336544281679,0.00144235683072395
-0.0215079966904633,0.0141789093585777,-0.0056330888603358,0.053442481093621,-0.0124803691666107,-0.013785291585556,-0.00238447020794832,0.0331097960441215,0.0296423984546637,0.00816312775792264,0.00690949995531018,-0.00197277157149729,0.00414024174406411,0.00444430123199415
0.0162942495960056,-0.0115556808671903,0.00100793109155309,-0.0124803691666107,0.0827874424025074,0.0262267508338145,0.00506837399391549,0.058848093645473,0.0316360525510383,-0.00109199297324263,0.0211136611652163,-0.00331032930148759,0.000830818995330644,-0.00450005243195727
0.0217209045291378,0.00551501568302761,0.0182379254802253,-0.013785291585556,0.0262267508338145,0.0551626939827185,0.00869107074985691,0.0282932213345755,0.00340553641907237,0.00171920443581167,-0.0127769611922699,0.00182251480947002,-0.00139774328822541,-0.00175126599059776
0.0104311227356583,0.00702921839249692,0.00193983816061275,-0.00238447020794832,0.00506837399391549,0.00869107074985691,0.010409087682482,0.0163332709197596,0.0133392731030493,0.00124616342414312,0.0253538183132692,-0.000243886003850903,-2.35046356859434e-05,-0.000334089621038066
-0.00399624562107727,0.0373839207243626,0.00874093744704745,0.0331097960441215,0.058848093645473,0.0282932213345755,0.0163332709197596,0.260302306805343,0.162379251215601,0.0284814820258922,0.071242275068935,-0.0184054471835634,-0.000638357062496824,0.00449688320071071
0.0619846320925482,0.0108821982776879,0.002073719869324,0.0296423984546637,0.0316360525510383,0.00340553641907237,0.0133392731030493,0.162379251215601,0.228585472218534,0.0162783032503681,0.00687398062795169,-0.01117446063376,-0.00729347804356302,0.00571039807955708
-0.0152915712874125,0.00627596324689509,0.00346104798374987,0.00816312775792264,-0.00109199297324263,0.00171920443581167,0.00124616342414312,0.0284814820258922,0.0162783032503681,0.0148965385273265,0.0111611158409155,-0.000876068709863731,7.99173661800467e-05,0.00590262838813755
0.0285205290416558,0.000140570890124681,-0.00872477339004932,0.00690949995531018,0.0211136611652163,-0.0127769611922699,0.0253538183132692,0.071242275068935,0.00687398062795169,0.0111611158409155,0.262661761762941,-0.00386515297896999,0.0124478940712829,0.000149188267317595
0.00666809800953559,-0.000437552923573093,-0.00645152040597014,-0.00197277157149729,-0.00331032930148759,0.00182251480947002,-0.000243886003850903,-0.0184054471835634,-0.01117446063376,-0.000876068709863731,-0.00386515297896999,0.0152503407217237,-0.00436874364273467,-2.13313164745466e-05
0.00293965077894564,-0.00234115182686282,-0.00401336544281679,0.00414024174406411,0.000830818995330644,-0.00139774328822541,-2.35046356859434e-05,-0.000638357062496824,-0.00729347804356302,7.99173661800467e-05,0.0124478940712829,-0.00436874364273467,0.00642352188478594,-4.43688767280843e-06
-0.00336188430459463,0.00287665631923882,0.00144235683072395,0.00444430123199415,-0.00450005243195727,-0.00175126599059776,-0.000334089621038066,0.00449688320071071,0.00571039807955708,0.00590262838813755,0.000149188267317595,-2.13313164745466e-05,-4.43688767280843e-06,0.00286911787502028
