0.0409255028168286,-0.0046942426870562,0.00912935805790313,-0.00912074561777508,-0.000936689031251622,-0.013673820685775,0.00340808101558645,0.0215032218928867
-0.0046942426870562,0.029683951077472,0.00791785553407477,0.000959638061969782,0.0162492877142404,0.00917055998143543,-0.00856118064860547,0.00714707285060524
0.00912935805790313,0.00791785553407477,0.0246207485476406,0.00467350170636029,0.00397812427436684,0.00777454828479103,0.00342617904454275,0.0120744716232887
-0.00912074561777508,0.000959638061969782,0.00467350170636029,0.0332223496524502,0.0116891498347591,0.00710655190550696,0.00453309438652083,-0.0105925345054288
-0.000936689031251622,0.0162492877142404,0.00397812427436684,0.0116891498347591,0.0156791431582692,0.00502174973964723,0.000312252871522205,0.00141643751534777
-0.013673820685775,0.00917055998143543,0.00777454828479103,0.00710655190550696,0.00502174973964723,0.010971536054716,-0.00115109546770847,-0.00634613551335575
0.00340808101558645,-0.00856118064860547,0.00342617904454275,0.00453309438652083,0.000312252871522204,-0.00115109546770847,0.0228835088306319,0.011297769632617
0.0215032218928867,0.00714707285060524,0.0120744716232887,-0.0105925345054288,0.00141643751534777,-0.00634613551335575,0.011297769632617,0.0457513908476041
