0.0428568557954699,-0.00221617080162951,0.00318641951118858,-0.000935941147404748,-0.00598220703800859,-0.00720430447907887,0.00184553860915341,0.022559514326422
-0.00221617080162951,0.0227463387654903,-0.0013721637348303,0.00266509470717297,0.00499126982326898,0.00680210297987749,0.00653073431628496,0.0137915406426053
0.00318641951118858,-0.0013721637348303,0.0209942881250011,0.00411359168598153,-0.00249193995758465,0.00433199194440295,-0.00834954537707039,0.00363050922303816
-0.000935941147404748,0.00266509470717297,0.00411359168598153,0.0234913407084962,0.00341553691727009,0.00725868586124992,0.00383980252443162,0.00293678871475947
-0.00598220703800859,0.00499126982326898,-0.00249193995758465,0.00341553691727009,0.0120744628830711,0.00082578088897531,0.00354847156385158,0.00344143618865381
-0.00720430447907887,0.00680210297987749,0.00433199194440295,0.00725868586124992,0.00082578088897531,0.0085908616856283,-0.00121943906282131,-0.00320832347358237
0.00184553860915341,0.00653073431628496,-0.00834954537707039,0.00383980252443162,0.00354847156385158,-0.00121943906282131,0.0196343680963731,0.00644631632792079
0.022559514326422,0.0137915406426053,0.00363050922303816,0.00293678871475947,0.00344143618865381,-0.00320832347358237,0.00644631632792079,0.0401381950237809
