0.0556116966507011,0.0215987139135662,0.0238561282706128,-0.0070196134410476,-0.0126316667725833,-0.00561532796152814,-0.00679277928822394,-0.005842835703307,-0.00480039607842036,-0.00566136307195332,-0.00483169855036713,-0.00292312933262042,-0.00475662945740344,-0.00482385214909104,-0.00421315636077698,0.00261697503107554,-0.0257370405120307,-0.0096166057381016,-0.0224084117772593,-0.007482408253417,0.0109470147301195,-0.0179422462223558
0.0215987139135662,0.0116054311822923,0.00471835657412752,-0.00283969178111606,-0.0047678657065049,-0.00282608044969706,-0.00290563193324765,-0.00319308879145258,-0.00301180992400564,-0.00299042303904663,-0.003693252452807,-0.00200843227137181,-0.00204758060881857,-0.00369079219324197,-0.00145999718152372,0.000859333895255414,-0.00952633097159096,-0.000823065769742605,-0.0080567242205148,-0.000561927202506836,0.00159409687628843,-0.00588134430475687
0.0238561282706128,0.00471835657412752,0.060571230865707,-0.010806611348203,-0.0115285229295981,-0.00853716353799185,-0.00864391335674662,-0.00936169021143912,-0.01512594242803,-0.0127249039012021,-0.0190975004263438,-0.0121425212475388,-0.00876106645269027,-0.019099301622296,-0.0129351456841324,0.0182632013135755,-0.0407888984952956,0.00280345901735769,-0.0187814263325544,-0.0172886431248348,0.00394762258203711,-0.0152274940794139
-0.0070196134410476,-0.00283969178111606,-0.010806611348203,0.02022311623466,0.0181930117717798,0.0173313454166137,0.0163361359272951,0.0187218417739349,0.0155349310966059,0.0142206064356556,0.0185395635277375,0.0122264551314,0.00913366582611323,0.0185148242065198,0.0175895194057826,-0.0170555634041872,0.0213888837905579,-0.00724489948872977,0.0135903069967357,0.00819843812568411,0.00793416972919872,0.0156224223016989
-0.0126316667725833,-0.0047678657065049,-0.0115285229295981,0.0181930117717798,0.0178434630017437,0.0154469315256331,0.0146272899095983,0.0167843341143658,0.0134642754112216,0.012557611816892,0.0161232087303254,0.0101731024800368,0.0080056931170242,0.0160992258007019,0.0155534738887446,-0.0137883341960121,0.0216521337234085,-0.00454084047264259,0.0147731421447573,0.00753218207033146,0.00380619344908926,0.0153308183287436
-0.00561532796152814,-0.00282608044969706,-0.00853716353799185,0.0173313454166137,0.0154469315256331,0.0151692367438613,0.0140661278304671,0.0164156552483701,0.0139134956018834,0.0125535089539811,0.0164950800192552,0.0109613081069609,0.00827144223998212,0.0164674784547857,0.0153678281390823,-0.0148338905510245,0.0185829326554282,-0.00676627659521581,0.0120566482571212,0.00617022201261837,0.00799196207819629,0.0134789568347994
-0.00679277928822394,-0.00290563193324765,-0.00864391335674662,0.0163361359272951,0.0146272899095983,0.0140661278304671,0.0141883089378691,0.0150978233044128,0.0141429695139164,0.0131008320791336,0.0166194688033868,0.011637004115852,0.00870375806079079,0.0165955201608036,0.0132389574454967,-0.0146894522812282,0.0199157486895709,-0.006501223133759,0.0126388305999393,0.00759526382315269,0.00680936612016564,0.0155508064992655
-0.005842835703307,-0.00319308879145258,-0.00936169021143912,0.0187218417739349,0.0167843341143658,0.0164156552483701,0.0150978233044128,0.0178717687602054,0.0150843185489067,0.0135568864083752,0.0180658089594139,0.0117594266077031,0.00878394570157592,0.018037028246206,0.0167486003000832,-0.0156393442012075,0.0202407516889099,-0.00797554456519673,0.0126675369478905,0.00627043353366621,0.00826894227614888,0.0141052283541982
-0.00480039607842036,-0.00301180992400564,-0.01512594242803,0.0155349310966059,0.0134642754112216,0.0139134956018834,0.0141429695139164,0.0150843185489067,0.0282310768117857,0.0244167281689016,0.0338759767626536,0.0252763202073213,0.0169282329423,0.0338322766919141,0.0153021276309238,-0.0245160304888486,0.0324484613449118,-0.00800524437520966,0.0137833847037967,0.0101592934034336,0.0145795736695516,0.0179747231183504
-0.00566136307195332,-0.00299042303904663,-0.0127249039012021,0.0142206064356556,0.012557611816892,0.0125535089539811,0.0131008320791336,0.0135568864083752,0.0244167281689016,0.0214707487494641,0.0292165580910264,0.0218401585548916,0.0147328950360043,0.0291807086411563,0.0134932238816008,-0.0210106628208486,0.0276963464568787,-0.00676776680523191,0.0125849980398281,0.00930720097327125,0.0120649372871112,0.0166747252794151
-0.00483169855036713,-0.003693252452807,-0.0190975004263438,0.0185395635277375,0.0161232087303254,0.0164950800192552,0.0166194688033868,0.0180658089594139,0.0338759767626536,0.0292165580910264,0.0414010510093413,0.0302495756380535,0.0195859311918397,0.0413599135820883,0.0180798536095865,-0.0294045041560053,0.0386422260106088,-0.00898516439797544,0.0151859179727785,0.0111414015377304,0.0151472349888813,0.0199881088697451
-0.00292312933262042,-0.00200843227137181,-0.0121425212475388,0.0122264551314,0.0101731024800368,0.0109613081069609,0.011637004115852,0.0117594266077031,0.0252763202073213,0.0218401585548916,0.0302495756380535,0.0231729474079646,0.0153010780134391,0.0302124559841041,0.0118421980780135,-0.0222375309030587,0.0282359614334345,-0.00617384742585401,0.011293170702936,0.00885343210924939,0.0130694055334667,0.0157043595675212
-0.00475662945740344,-0.00204758060881857,-0.00876106645269027,0.00913366582611323,0.0080056931170242,0.00827144223998212,0.00870375806079079,0.00878394570157592,0.0169282329423,0.0147328950360043,0.0195859311918397,0.0153010780134391,0.010947814286975,0.0195479255008205,0.00899965025347192,-0.0148424734639804,0.0209114050750341,-0.00534994010433196,0.00996858998396978,0.00725753885620148,0.0100996284304412,0.0126236025865125
-0.00482385214909104,-0.00369079219324197,-0.019099301622296,0.0185148242065198,0.0160992258007019,0.0164674784547857,0.0165955201608036,0.018037028246206,0.0338322766919141,0.0291807086411563,0.0413599135820883,0.0302124559841041,0.0195479255008205,0.0413192181706259,0.0180466400983915,-0.0293844389098204,0.038593607335802,-0.00895968298049874,0.0151526379270382,0.0111326798541532,0.0151112403574181,0.0199545575509903
-0.00421315636077698,-0.00145999718152372,-0.0129351456841324,0.0175895194057826,0.0155534738887446,0.0153678281390823,0.0132389574454967,0.0167486003000832,0.0153021276309238,0.0134932238816008,0.0180798536095865,0.0118421980780135,0.00899965025347192,0.0180466400983915,0.018683971124228,-0.0149336322460831,0.0170155518391127,-0.0090466077741904,0.00987116378547438,0.00739002061658119,0.0113596934924848,0.0105935072617033
0.00261697503107554,0.000859333895255414,0.0182632013135755,-0.0170555634041872,-0.0137883341960121,-0.0148338905510245,-0.0146894522812282,-0.0156393442012075,-0.0245160304888486,-0.0210106628208486,-0.0294045041560053,-0.0222375309030587,-0.0148424734639804,-0.0293844389098204,-0.0149336322460831,0.0319707099333866,-0.0391048615650984,0.00712908654548698,-0.0173400529817077,-0.0112549974343313,-0.0143747772574559,-0.0188380401184504
-0.0257370405120307,-0.00952633097159096,-0.0407888984952956,0.0213888837905579,0.0216521337234085,0.0185829326554282,0.0199157486895709,0.0202407516889099,0.0324484613449118,0.0276963464568787,0.0386422260106088,0.0282359614334345,0.0209114050750341,0.038593607335802,0.0170155518391127,-0.0391048615650984,0.0827681263918757,-0.0209520781396251,0.036648572320575,0.012485655288755,0.00870917446541279,0.0348611728674793
-0.0096166057381016,-0.000823065769742605,0.00280345901735769,-0.00724489948872977,-0.00454084047264259,-0.00676627659521581,-0.006501223133759,-0.00797554456519673,-0.00800524437520966,-0.00676776680523191,-0.00898516439797544,-0.00617384742585401,-0.00534994010433196,-0.00895968298049874,-0.0090466077741904,0.00712908654548698,-0.0209520781396251,0.0376641461475421,-0.00287982310485567,-3.45796173510193e-05,-0.0176084473363787,-0.00512112402683361
-0.0224084117772593,-0.0080567242205148,-0.0187814263325544,0.0135903069967357,0.0147731421447573,0.0120566482571212,0.0126388305999393,0.0126675369478905,0.0137833847037967,0.0125849980398281,0.0151859179727785,0.011293170702936,0.00996858998396978,0.0151526379270382,0.00987116378547438,-0.0173400529817077,0.036648572320575,-0.00287982310485567,0.0273721037542387,0.00916555451053986,0.00666935229909235,0.0248797238313627
-0.007482408253417,-0.000561927202506836,-0.0172886431248348,0.00819843812568411,0.00753218207033146,0.00617022201261837,0.00759526382315269,0.00627043353366621,0.0101592934034336,0.00930720097327125,0.0111414015377304,0.00885343210924939,0.00725753885620148,0.0111326798541532,0.00739002061658119,-0.0112549974343313,0.012485655288755,-3.45796173510193e-05,0.00916555451053986,0.0347808133598671,0.0142393503209787,0.016251257111688
0.0109470147301195,0.00159409687628843,0.00394762258203711,0.00793416972919872,0.00380619344908926,0.00799196207819629,0.00680936612016564,0.00826894227614888,0.0145795736695516,0.0120649372871112,0.0151472349888813,0.0130694055334667,0.0100996284304412,0.0151112403574181,0.0113596934924848,-0.0143747772574559,0.00870917446541279,-0.0176084473363787,0.00666935229909235,0.0142393503209787,0.0378033307304092,0.010695453388755
-0.0179422462223558,-0.00588134430475687,-0.015227494079414,0.0156224223016989,0.0153308183287436,0.0134789568347994,0.0155508064992655,0.0141052283541982,0.0179747231183504,0.0166747252794151,0.0199881088697451,0.0157043595675212,0.0126236025865125,0.0199545575509903,0.0105935072617033,-0.0188380401184504,0.0348611728674793,-0.00512112402683361,0.0248797238313627,0.016251257111688,0.010695453388755,0.0291746851343994
