0.0400577199133627,0.0123257610804321,-0.00226997703986027,0.0160098885742358,0.00349332990988747,0.00677879656436392,-0.0133213811016785,-0.0187376869586267,-0.0112220721001377,0.0234712834629635,0.0127478493439779,0.0266982210117398,0.00586704236447011
0.0123257610804321,0.184097468556803,0.023062089648238,-0.00146402580268074,-0.0131982683926108,0.000310238626983836,0.0752065520375337,-0.0403571101929663,0.0415274457810692,0.0111366316191903,-0.0212108297872677,0.0259150627398096,0.0591268579999098
-0.00226997703986027,0.023062089648238,0.0799690535028726,-0.00276255917548482,0.00565291108950533,-0.00483469902718359,-0.0162265292359216,-0.0164817040052474,0.0791429571781573,0.0222050854775526,0.0182650502920801,-0.00694411740673498,0.068488278542108
0.0160098885742358,-0.00146402580268074,-0.00276255917548482,0.0176764380889811,0.00536629168579322,-0.00194779060972837,0.0121788735753868,-0.00755426773094377,0.00281843744338141,0.00584941168971553,0.00420783508681336,0.0184898832214456,0.0181343921927771
0.00349332990988747,-0.0131982683926108,0.00565291108950533,0.00536629168579323,0.0126119919988112,0.0089397524723443,-0.00675816163401742,-0.00117467919978289,0.00459336177441128,-0.00127437071188161,-0.000993955012348444,0.00241644798307522,0.0141331018077529
0.00677879656436392,0.000310238626983836,-0.00483469902718359,-0.00194779060972837,0.0089397524723443,0.106668313425855,0.00516523683666709,0.0117118347207485,0.00700085431550582,-0.0092848588943254,0.020649473894846,0.0206811435895444,0.0217150084424133
-0.0133213811016785,0.0752065520375337,-0.0162265292359216,0.0121788735753868,-0.00675816163401742,0.00516523683666709,0.25526412776769,0.00885956541875183,0.0548335763876281,0.00271399915054306,-0.0176439429776707,0.0407768801196295,-0.0387313965533846
-0.0187376869586267,-0.0403571101929663,-0.0164817040052474,-0.00755426773094377,-0.00117467919978289,0.0117118347207485,0.00885956541875183,0.0384360477899261,-0.0454452460092109,-0.0204192974416869,-0.0217579305295749,-0.0145374682499698,-0.0371932565782535
-0.0112220721001377,0.0415274457810692,0.0791429571781573,0.00281843744338141,0.00459336177441128,0.00700085431550582,0.0548335763876281,-0.0454452460092109,0.217304435493002,0.00512456635362676,0.0223792266793362,0.0384917403509488,0.0453054257782246
0.0234712834629635,0.0111366316191903,0.0222050854775526,0.00584941168971553,-0.00127437071188161,-0.0092848588943254,0.00271399915054306,-0.0204192974416869,0.00512456635362676,0.0424951980964058,0.042168478234158,0.0059078764246886,0.0328420437581659
0.0127478493439779,-0.0212108297872677,0.0182650502920801,0.00420783508681336,-0.000993955012348444,0.020649473894846,-0.0176439429776707,-0.0217579305295749,0.0223792266793362,0.042168478234158,0.0852026427826887,0.0120494820425892,0.0728152362681695
0.0266982210117398,0.0259150627398096,-0.00694411740673498,0.0184898832214456,0.00241644798307522,0.0206811435895444,0.0407768801196295,-0.0145374682499698,0.0384917403509488,0.0059078764246886,0.0120494820425892,0.101497746758214,0.0308440416527642
0.00586704236447011,0.0591268579999098,0.068488278542108,0.0181343921927771,0.0141331018077529,0.0217150084424133,-0.0387313965533846,-0.0371932565782535,0.0453054257782246,0.0328420437581659,0.0728152362681695,0.0308440416527642,0.230301686742559
