0.219292594751022,-0.0156868470084146,-0.0187366057498675,0.0225255296564798,0.0252162622006059,0.00972289027269369,-0.018733815416776,-0.177849637764766,0.0416405698038301,0.00560493390608648,0.0822732542662691,0.00301307195135685,0.0166204407288351,0.000429750367743785
-0.0156868470084146,0.033388716871815,0.0152497667883933,0.009641032995487,-0.00563282474824997,-0.0106454576460855,-0.00269881872747663,0.0191221856971444,-0.0349695606881486,-0.00200629845644388,0.0196089023080043,0.00923521953524556,0.000827454392011941,-1.33709590403444e-05
-0.0187366057498675,0.0152497667883933,0.0405005470963343,0.0153674666629209,0.00632009210184742,-0.0222429178362389,0.00460835761004479,0.0280130521714324,-0.0158946694131635,-0.00155697846948339,-0.0309007958303952,0.0079870237683762,0.00276465952938587,0.00105468076530437
0.0225255296564798,0.009641032995487,0.0153674666629209,0.0516418718764123,-0.00346148829743913,0.0149218796540735,0.0102304903033419,0.00523451130761992,-0.00436375425702944,-0.000326521857667412,0.00876245377052528,0.0244370164572513,-0.00265957824644756,0.00254984651728747
0.0252162622006059,-0.00563282474824997,0.00632009210184742,-0.00346148829743913,0.0576731033971486,0.00741931396241531,-0.00432592039772325,-0.000651441396771943,0.0396284956192355,0.0163163047667794,-0.037769598694717,0.00844015800366552,0.0135579588612241,4.65062755502782e-05
0.00972289027269369,-0.0106454576460855,-0.0222429178362389,0.0149218796540735,0.00741931396241531,0.0535493194395905,0.0158021250112524,0.040274304503119,0.0455281069854992,0.00539117834727989,0.0442603891564061,0.00377853481924311,0.0014716155115834,0.00306991109372908
-0.018733815416776,-0.00269881872747663,0.00460835761004479,0.0102304903033419,-0.00432592039772325,0.0158021250112524,0.0225704164471787,0.0301265111758587,0.0542378051248486,0.00104910427842827,-0.0155824754737683,-0.00263485707784971,-0.00633597753157153,0.00310149548503852
-0.177849637764766,0.0191221856971444,0.0280130521714324,0.00523451130761992,-0.000651441396771943,0.040274304503119,0.0301265111758587,0.252127772498123,-0.0215305280646641,-0.00123451992339771,0.0157853032498031,0.00585287820331689,0.0025368526790472,0.00396974409745183
0.0416405698038301,-0.0349695606881486,-0.0158946694131635,-0.00436375425702944,0.0396284956192355,0.0455281069854992,0.0542378051248486,-0.0215305280646641,0.26260208547774,0.0211101237121972,-0.0760355622318906,-0.0219290161990978,-0.00912019592186056,0.00768682220886008
0.00560493390608648,-0.00200629845644388,-0.00155697846948339,-0.000326521857667412,0.0163163047667794,0.00539117834727989,0.00104910427842827,-0.00123451992339771,0.0211101237121972,0.00570501343433226,-0.0145257341429084,0.00259653721416504,0.00203410788765091,0.000237365833036248
0.0822732542662691,0.0196089023080043,-0.0309007958303952,0.00876245377052528,-0.037769598694717,0.0442603891564061,-0.0155824754737683,0.0157853032498031,-0.0760355622318906,-0.0145257341429084,0.250944215546156,-0.00759035921526549,0.0179915260806751,0.000777976625389979
0.00301307195135685,0.00923521953524556,0.0079870237683762,0.0244370164572513,0.00844015800366552,0.0037785348192431,-0.00263485707784971,0.00585287820331689,-0.0219290161990978,0.00259653721416504,-0.00759035921526549,0.0204202694238153,0.000947228926568506,8.03051275471745e-05
0.0166204407288351,0.000827454392011941,0.00276465952938587,-0.00265957824644756,0.0135579588612241,0.0014716155115834,-0.00633597753157153,0.0025368526790472,-0.00912019592186056,0.00203410788765091,0.0179915260806751,0.000947228926568506,0.00831576051149427,-0.000321637087756344
0.000429750367743785,-1.33709590403444e-05,0.00105468076530437,0.00254984651728747,4.65062755502783e-05,0.00306991109372908,0.00310149548503852,0.00396974409745183,0.00768682220886008,0.000237365833036248,0.000777976625389979,8.03051275471745e-05,-0.000321637087756344,0.000532718889183994
