0.183113802669846,-0.0112058243077918,-0.0017192475189732,0.00409064188241727,0.0621402829363483,0.0180803200249947,0.0026988601572319,-0.0174971479948742,0.0205959590421959,-0.0132594740984582,0.00450190582823851,0.00108721028493456,-0.0214165485403298,0.00979136349142811,-0.00900029177953434,0.00537906030766649,-0.0413100779337272,-0.00848390594584508,0.00630905121944323,-0.00933710011295191,0.0357768174996627,0.00885006094839091,0.0125870484843807,0.00805397150677374
-0.0112058243077918,0.0309649451577013,-0.00236322251214821,0.0211720738436113,0.00501900749997139,0.00366524985798187,-0.000354886988379909,0.00135949943371773,0.0180255735986377,-0.00320981913190891,0.00974590816403493,-0.00794417530187965,-0.00493970769719279,0.0151560591730043,-0.00378633980627703,-0.0116807990088558,0.016139544065277,0.00119255484905369,-0.00238118748354007,-0.00270570589491458,0.00538334641633441,-0.00278879112705758,-0.0194472188523867,-0.0025869431666634
-0.0017192475189732,-0.00236322251214821,0.0690994939850699,0.00107245181422501,0.0245872880195607,0.027952479407742,-0.00596368733895204,0.0296724175102802,-0.0152356898179935,-0.00462471672218498,0.0440217280792471,0.0276469743175581,0.00943923333289072,0.0117704684977764,0.00511813707619463,-0.00949471821017718,-0.00121360292778778,0.00698170145627735,-0.00521775995513704,-0.0126113432517039,0.0129026820507473,-0.00735613589048032,-0.00977906586883076,0.0184631545975097
0.00409064188241727,0.0211720738436113,0.00107245181422501,0.0248613831793187,0.0105000020445037,0.0133084560499967,0.00140026095955881,0.00142372128439909,0.0222824401480566,-0.00186337432149759,0.00486976555900804,-0.00542847074326871,0.00196960203086466,0.0194330289095695,-0.000791528768977025,-0.00722903719904922,0.00964945431475316,0.00462682199908212,-0.00255450199371774,-0.0030045234746851,0.00935295370281896,-0.00369564425312607,-0.00936163365274263,-0.0174843333495538
0.0621402829363483,0.00501900749997139,0.0245872880195607,0.0105000020445037,0.158072488969857,0.0295256143552915,-0.0139554558919382,0.0207124338815558,0.030801998993383,-0.00262815254113865,0.0160865702511597,0.021274206600982,0.0133341443094565,0.0222269226879421,-0.00505333028864447,-0.0485216515526927,0.0062936173937012,0.0156230791073766,-0.00330584755562793,0.00677333298347107,0.0189558711446729,-0.00512976906456392,-0.0328214102212997,0.0635607559804304
0.0180803200249947,0.00366524985798187,0.027952479407742,0.0133084560499967,0.0295256143552915,0.0959153802675712,0.0201920950785956,0.0309272722992046,-0.0153950061661593,0.0205629357145502,0.0112239497165849,0.00372590015619677,0.0130675162119133,-0.00215593617005655,0.00443196531031102,-0.0258396078058272,0.013678544523608,0.00736560326807321,-0.00416668078325333,-0.0239103354631688,0.0260382149484257,-0.00656464966531669,0.00607820426107143,-0.0197271162030798
0.0026988601572319,-0.000354886988379909,-0.00596368733895204,0.00140026095955881,-0.0139554558919382,0.0201920950785956,0.0631607516648158,-0.0061439025782602,-0.0153259354814745,0.0208289553890278,0.000763814353368486,-0.0019073469217131,0.00851028995556221,0.0316052388718739,0.00130575150786841,-0.0102985900585468,0.00664509405169921,-0.00245690022395858,0.000389611864730459,-0.0318622475303275,0.0166437950390302,-0.000166444816819708,0.021914045765944,-0.00728998182392212
-0.0174971479948742,0.00135949943371773,0.0296724175102802,0.00142372128439909,0.0207124338815558,0.0309272722992046,-0.0061439025782602,0.149070814947598,-0.011662132935646,0.0251687505581281,0.00294416501818112,0.0239421107646113,0.00553402153428278,-0.0378007136831564,0.00778417147536013,0.0209344495772923,0.0170608821364234,0.0122180068470205,-0.00548971380905062,0.00976240464436437,0.00565990382063556,-0.00936376638829447,0.0194722690116949,-0.0333215830649763
0.0205959590421959,0.0180255735986377,-0.0152356898179935,0.0222824401480566,0.030801998993383,-0.0153950061661593,-0.0153259354814745,-0.011662132935646,0.123327177533151,-0.00376631554216931,-0.00388922859386344,-0.00722174363478796,-0.0179827424356207,0.0343488189645626,-0.00565932221092907,-0.00308657224252778,0.0122343310810324,0.00835778415949315,-0.00520809040739448,-0.00497736904231343,0.00683628568206391,-0.00800642604029843,-0.0328186803033793,-0.0100724191857716
-0.0132594740984582,-0.00320981913190891,-0.00462471672218498,-0.00186337432149759,-0.00262815254113865,0.0205629357145502,0.0208289553890278,0.0251687505581281,-0.00376631554216931,0.042289758587,-0.0155092549520104,0.00250277755500311,0.0124032984861823,0.00394876447066932,0.000230505743194913,0.0103212809648725,0.0118243142213347,-0.00399383348237145,-0.00161611066159964,-0.0197319920147333,0.00668542907002777,-0.00256156281374466,0.0140811684376565,-0.012807769943516
0.00450190582823851,0.00974590816403493,0.0440217280792471,0.00486976555900804,0.0160865702511597,0.0112239497165848,0.000763814353368486,0.00294416501818112,-0.00388922859386344,-0.0155092549520104,0.124923739935611,0.0156145345327242,-0.0358834791142079,0.033948973465944,0.00274636806967756,-0.0359471395070908,0.00365866303161457,-0.00140603549289401,-0.00822352175575839,-0.00911108676601217,0.0200362708278569,-0.0101204025546905,-0.0351893821143822,0.0434286604655663
0.00108721028493456,-0.00794417530187965,0.0276469743175581,-0.00542847074326871,0.021274206600982,0.00372590015619677,-0.0019073469217131,0.0239421107646113,-0.00722174363478796,0.00250277755500311,0.0156145345327242,0.0335111629230709,0.00560023342993771,0.00273186327067923,0.00340471776128276,-0.00124097285763814,-0.00939168653713722,0.00393359632035354,-0.00290612872187995,-0.0106130085606685,0.0216305401248944,-0.00486129269786511,0.00306570920957414,0.00758771499867264
-0.0214165485403298,-0.00493970769719279,0.00943923333289072,0.00196960203086466,0.0133341443094565,0.0130675162119133,0.00851028995556221,0.00553402153428279,-0.0179827424356207,0.0124032984861823,-0.0358834791142079,0.00560023342993771,0.123404015158843,-0.0131615090895341,-0.00124963523770538,0.0156025177325118,0.00968946898433941,0.00730179756056856,-0.0026738446444423,-0.0130004635066906,-0.0203785107126641,-0.00455338859228828,0.0155338475351324,-0.00963679762913258
0.00979136349142811,0.0151560591730043,0.0117704684977764,0.0194330289095695,0.0222269226879421,-0.00215593617005655,0.0316052388718739,-0.0378007136831564,0.0343488189645626,0.00394876447066931,0.033948973465944,0.00273186327067923,-0.0131615090895341,0.235684088671396,-0.0100207959872674,-0.0478157322087384,-0.0144183474444274,-0.022223703960004,-0.00658738732707814,-0.00581196776693359,-0.0435934929365914,-0.00890476181014371,-0.0456223642691447,0.0218982088797308
-0.00900029177953434,-0.00378633980627703,0.00511813707619463,-0.000791528768977025,-0.00505333028864447,0.00443196531031102,0.00130575150786841,0.00778417147536013,-0.00565932221092907,0.000230505743194913,0.00274636806967756,0.00340471776128276,-0.00124963523770538,-0.0100207959872674,0.0163337783839295,0.00129442985962839,-0.00204666631356204,0.00602488555136212,-0.000720361076658058,0.00746287122005437,0.00382704059267622,-0.00158085035603862,0.015737903954546,-0.0144923588041841
0.00537906030766649,-0.0116807990088558,-0.00949471821017718,-0.00722903719904922,-0.0485216515526927,-0.0258396078058272,-0.0102985900585468,0.0209344495772923,-0.00308657224252778,0.0103212809648725,-0.0359471395070908,-0.00124097285763814,0.0156025177325118,-0.0478157322087384,0.00129442985962839,0.167050723792785,-0.0208122790887933,-0.0104327261634286,0.0110147730981422,-0.00288428154335805,0.00200100988501779,0.0173684413367668,0.0451058155878354,-0.0518994764214237
-0.0413100779337272,0.016139544065277,-0.00121360292778778,0.00964945431475316,0.0062936173937012,0.013678544523608,0.00664509405169922,0.0170608821364234,0.0122343310810324,0.0118243142213347,0.00365866303161457,-0.00939168653713722,0.00968946898433941,-0.0144183474444274,-0.00204666631356204,-0.0208122790887933,0.0808040302657909,0.00308303559256747,-0.0017066677399629,-0.00608854127578709,-0.0196739671997211,-0.00219830493790058,-0.0212315463065572,0.0137016796044679
-0.00848390594584508,0.00119255484905369,0.00698170145627735,0.00462682199908212,0.0156230791073766,0.00736560326807321,-0.00245690022395858,0.0122180068470205,0.00835778415949315,-0.00399383348237145,-0.00140603549289401,0.00393359632035354,0.00730179756056856,-0.022223703960004,0.00602488555136212,-0.0104327261634286,0.00308303559256747,0.0454757637454642,0.00104354418842418,0.0128124927982291,0.0220288336560445,0.000898992312919547,-0.0005591536069916,0.00998651754893238
0.00630905121944323,-0.00238118748354007,-0.00521775995513704,-0.00255450199371774,-0.00330584755562793,-0.00416668078325333,0.000389611864730459,-0.00548971380905062,-0.00520809040739448,-0.00161611066159964,-0.00822352175575839,-0.00290612872187995,-0.0026738446444423,-0.00658738732707814,-0.000720361076658058,0.0110147730981422,-0.0017066677399629,0.00104354418842418,0.0103078643950619,0.00427274576075338,0.00116917537993891,0.0133279523832941,0.00260831553047067,0.00302872169257411
-0.00933710011295191,-0.00270570589491458,-0.0126113432517039,-0.0030045234746851,0.00677333298347107,-0.0239103354631688,-0.0318622475303275,0.00976240464436437,-0.00497736904231343,-0.0197319920147333,-0.00911108676601216,-0.0106130085606685,-0.0130004635066906,-0.00581196776693359,0.00746287122005437,-0.00288428154335805,-0.00608854127578709,0.0128124927982291,0.00427274576075338,0.130425598886399,-0.0976358224604386,0.0064346907185237,0.0180764992632311,-0.00772109839101691
0.0357768174996627,0.00538334641633441,0.0129026820507473,0.00935295370281896,0.0189558711446729,0.0260382149484257,0.0166437950390302,0.00565990382063556,0.00683628568206391,0.00668542907002777,0.0200362708278569,0.0216305401248944,-0.0203785107126641,-0.0435934929365914,0.00382704059267622,0.00200100988501779,-0.0196739671997211,0.0220288336560445,0.00116917537993891,-0.0976358224604386,0.19033977869274,0.000622257115537253,-0.00661119824256563,9.39307580395475e-05
0.00885006094839091,-0.00278879112705758,-0.00735613589048032,-0.00369564425312607,-0.00512976906456392,-0.00656464966531669,-0.000166444816819708,-0.00936376638829447,-0.00800642604029843,-0.00256156281374466,-0.0101204025546905,-0.00486129269786511,-0.00455338859228828,-0.00890476181014371,-0.00158085035603862,0.0173684413367668,-0.00219830493790058,0.000898992312919547,0.0133279523832941,0.0064346907185237,0.000622257115537253,0.0200499944729667,0.000979375811898739,0.00695673906629277
0.0125870484843807,-0.0194472188523867,-0.00977906586883076,-0.00936163365274263,-0.0328214102212997,0.00607820426107142,0.021914045765944,0.0194722690116949,-0.0328186803033793,0.0140811684376565,-0.0351893821143822,0.00306570920957414,0.0155338475351324,-0.0456223642691447,0.015737903954546,0.0451058155878354,-0.0212315463065572,-0.0005591536069916,0.00260831553047067,0.0180764992632311,-0.00661119824256563,0.000979375811898739,0.126187523021189,-0.0819395433184074
0.00805397150677374,-0.0025869431666634,0.0184631545975097,-0.0174843333495538,0.0635607559804304,-0.0197271162030798,-0.00728998182392212,-0.0333215830649763,-0.0100724191857716,-0.012807769943516,0.0434286604655663,0.00758771499867264,-0.00963679762913258,0.0218982088797308,-0.0144923588041841,-0.0518994764214237,0.0137016796044679,0.00998651754893238,0.00302872169257411,-0.00772109839101691,9.39307580395475e-05,0.00695673906629277,-0.0819395433184074,0.241481669215695
