0.000433349809802351,0.00106533315216251,0.00080656989922041,0.00112475428374657,-0.00144076340519748,-0.000320646226749382,-0.00185481469201374,3.66716249970156e-05,0.00120853740962149,0.000113807934560283
0.00106533315216251,0.106836114275411,0.0815920822072114,0.0771719805373182,0.0613028113272509,0.0508579932400027,0.0808641936930721,0.0403672257872787,0.061051033331,0.0184681854423451
0.00080656989922041,0.0815920822072114,0.130975289439064,0.127412924594494,0.0921974640414909,0.0760618129361804,0.122235043643945,0.0770445018335315,0.106717401495631,0.0402446810740313
0.00112475428374657,0.0771719805373182,0.127412924594494,0.134217401717341,0.0894784778293995,0.0735122580531333,0.108969392649178,0.0723960350637145,0.111176233734516,0.036820729140043
-0.00144076340519748,0.0613028113272508,0.0921974640414909,0.0894784778293995,0.122289733726062,0.0579096725871081,0.116247176591392,0.0730357942928501,0.0672883419008187,0.0320543198253519
-0.000320646226749382,0.0508579932400027,0.0760618129361804,0.0735122580531333,0.0579096725871081,0.0779629105842591,0.0695454573956983,0.0376454135743296,0.0748040255541841,0.0333480738729974
-0.00185481469201374,0.0808641936930721,0.122235043643945,0.108969392649178,0.116247176591392,0.0695454573956983,0.20603460839795,0.1129816333102,0.0908823652933294,0.0485771096832672
3.66716249970156e-05,0.0403672257872787,0.0770445018335315,0.0723960350637145,0.0730357942928501,0.0376454135743296,0.1129816333102,0.0801204994552842,0.0742117212103904,0.0281112518111556
0.00120853740962149,0.061051033331,0.106717401495631,0.111176233734516,0.0672883419008187,0.0748040255541841,0.0908823652933294,0.0742117212103904,0.15243345597644,0.0376962764502445
0.000113807934560283,0.0184681854423451,0.0402446810740313,0.036820729140043,0.0320543198253519,0.0333480738729974,0.0485771096832672,0.0281112518111556,0.0376962764502445,0.0520396486448242
