0.217031540412168,0.030573691150528,0.0287389310011397,0.0222335691903761,0.0172441878511485,-0.0170240790215654,0.00023393714906936,0.0113754249064585,0.0986830217297503,0.00929211859810969,0.148151436302968,-0.0186215589968101,-0.00512913506739762,0.00251996206708614
0.030573691150528,0.0261679200302557,0.00293512127010843,-0.00801219431843203,-0.00619733121657204,0.010291009828091,-0.00443053355817903,0.0132043129827336,0.0039410960671285,0.00115164856873478,-0.00209116424336145,-0.0163393128966572,0.00424784232709159,-0.000149423176331024
0.0287389310011397,0.00293512127010843,0.027786327048673,-0.0102917707912545,0.0229200974249645,-0.0183746080986608,0.00203490911427291,0.0322033423353172,0.0088745519746881,-0.000508526102833846,0.00789997464576925,-0.0119257439562497,-0.00621648197503384,0.000640292123488739
0.0222335691903761,-0.00801219431843203,-0.0102917707912545,0.0428649433736591,-0.0233678308805713,0.0279350506618528,-0.000388115130885383,0.0200537289773121,0.0377201073410399,0.00527933001232088,0.0425056991738384,0.0195351412491427,0.00769283702006352,0.00173704338506757
0.0172441878511485,-0.00619733121657204,0.0229200974249645,-0.0233678308805713,0.0834631262060816,-0.0510694265241513,-0.00264920810283224,-0.0402704625350683,0.012272990459595,-0.0060044675973812,0.014505221789365,0.000390882479936041,0.00135954588362274,-0.000951818681305726
-0.0170240790215654,0.010291009828091,-0.0183746080986608,0.0279350506618528,-0.0510694265241513,0.0532430895891944,-0.00328019703753842,0.0383601932755276,-0.00281975774635838,0.00167622867241218,-0.0182210865822267,0.00378986112342405,0.0127417822536425,-0.000268023300210032
0.000233937149069361,-0.00443053355817903,0.00203490911427291,-0.000388115130885383,-0.00264920810283224,-0.00328019703753842,0.00226565152088803,0.00128938692471281,-0.00401475044833117,-0.000125539241376203,0.00209188765586047,-0.00022785326610767,-0.00359594214053255,1.53086845509358e-05
0.0113754249064585,0.0132043129827336,0.0322033423353172,0.0200537289773121,-0.0402704625350683,0.0383601932755276,0.00128938692471281,0.219008872886785,0.095869291366585,0.0020906563531609,-0.0956484681898844,-0.0207132739839944,-0.00279743671930402,0.00149506200734935
0.0986830217297503,0.0039410960671285,0.0088745519746881,0.0377201073410399,0.012272990459595,-0.00281975774635838,-0.00401475044833117,0.095869291366585,0.1944175491729,0.0100792378964608,0.0236018671972626,0.0104242832740675,0.000955369993693492,0.00377487758928719
0.00929211859810969,0.00115164856873478,-0.000508526102833846,0.00527933001232088,-0.0060044675973812,0.00167622867241218,-0.000125539241376203,0.0020906563531609,0.0100792378964608,0.00418086271212459,0.0192587230195658,0.00278058907987173,-0.00144000784287636,0.00160194046404647
0.148151436302968,-0.00209116424336145,0.00789997464576925,0.0425056991738384,0.014505221789365,-0.0182210865822267,0.00209188765586047,-0.0956484681898844,0.0236018671972626,0.0192587230195658,0.246557586641844,0.0235557108718324,-0.00385291495529822,0.00726646401463663
-0.0186215589968101,-0.0163393128966572,-0.0119257439562497,0.0195351412491427,0.000390882479936041,0.00378986112342405,-0.000227853266107671,-0.0207132739839944,0.0104242832740675,0.00278058907987173,0.0235557108718324,0.021873963707856,0.00386667353759826,0.00129116943977671
-0.00512913506739762,0.00424784232709159,-0.00621648197503384,0.00769283702006352,0.00135954588362274,0.0127417822536425,-0.00359594214053255,-0.00279743671930402,0.000955369993693492,-0.00144000784287636,-0.00385291495529822,0.00386667353759826,0.00955423288517367,-0.000714798521936185
0.00251996206708614,-0.000149423176331024,0.000640292123488739,0.00173704338506757,-0.000951818681305726,-0.000268023300210032,1.53086845509358e-05,0.00149506200734935,0.00377487758928719,0.00160194046404647,0.00726646401463663,0.00129116943977671,-0.000714798521936185,0.000681098607154528
