4572.78307832274,353.571627354588,-365.761705625483,-14.5537370361986,0,1335.1949292631,358.289209794034,1050.92798560358,-640.715462417381,0,0,-104.130829981334,-29.8900391406646,273.04542951533,0,725.753279265999,879.87890646245,444.751413027145,0,-526.979474812616,0,0,-37.7458215602458,-125.731681913871,-1354.17891198775,8.43200192679687,-801.297673436567,-82.566307571914,0,0,687.489371001878,0,-401.306366858709,660.038871878238,1533.70320826042,-40.9067707774057,-1225.87351929462,377.916818426991,-1081.12340876427,-583.59098648013,0,1066.20552012301,634.86503820793,0,0,-906.469829427764,382.311603600412,0,620.420629696956,-178.643373904426,-257.198690672034,-442.929251786416,-638.701739360692,-160.432288738691,0,-315.686760241008,0,-19.7558777944449,0,18.438933559232
353.571627354588,3671.17375921286,-9.90120201786147,100.27252816966,0,-20.0709127662845,519.837899078853,439.738706642039,-994.694766054658,0,0,790.334961609331,877.631324520959,252.983077173912,0,437.643406108594,84.7341709675327,-727.823691312337,0,907.055356773508,0,0,683.791160303998,176.238260149465,81.1553677528497,93.281712062843,-419.71172293752,-401.181114002433,0,0,87.2132232831759,0,-375.70060067293,-321.196671753979,89.0806496556541,763.696244964686,-20.7889312480347,177.85236860676,-469.878911773438,-772.356539487145,0,-475.373293130686,-8.74829339710145,0,0,352.008531856494,519.207219440808,0,-567.202981003168,445.220384353107,342.916591683368,-231.512967435991,-549.537008933517,-1425.05991520377,0,1096.77417286613,0,592.864126976829,0,-4.9228571425563
-365.761705625483,-9.90120201786147,2086.63823166913,99.1137455210457,0,-198.093734783708,-492.638967515018,389.605111520807,385.079770826799,0,0,907.911288533558,-273.341089317907,621.462026646391,0,1240.06409190642,-195.133642185682,598.803980684143,0,767.405374839238,0,0,278.553439284302,502.029147786369,1030.21350150252,440.98878905726,-248.806126270901,-559.117167538733,0,0,-199.512599692544,0,-235.006924033644,741.302994350483,516.632276114717,-726.736165519788,36.7432145377512,-724.377731390844,-36.3881822676044,-88.4027675891779,0,-81.2838823459085,-189.012931611269,0,0,322.339775514922,-292.572243967051,0,99.9418697639126,383.975996274,549.082354297191,-135.468804445525,29.560741289818,-131.395461872484,0,31.1899911951819,0,489.061813195909,0,-289.232486784025
-14.5537370361986,100.27252816966,99.1137455210457,1194.65393463031,0,558.169379229037,285.476658787877,431.206920987436,22.3747801683288,0,0,-137.417496593948,102.640082386432,86.0405503415513,0,249.202612685763,-242.732112460833,90.5707360504785,0,206.635610189596,0,0,-117.796444618362,558.594495979331,-263.145508815136,-64.3150699930948,-24.7424908677014,363.996882999199,0,0,-18.4668573274451,0,-59.5299602359062,481.795778344946,32.3502617563541,-690.61696774389,-678.510676077552,75.869411721236,299.132415540045,212.317010318544,0,-129.473404275236,-77.9263037848577,0,0,-161.137593376393,-11.3218086602592,0,-558.29305781935,267.620929238119,57.4133793540021,120.956629024776,117.889146914266,384.884887425542,0,-49.1273863194011,0,-201.650848601052,0,-185.685794066925
0,0,0,0,0.0123602871802252,0,0,0,0,0,0,0,0,0,0,0,0,0,0,0,0,0,0,0,0,0,0,0,0,0,0,0,0,0,0,0,0,0,0,0,0,0,0,0,0,0,0,0,0,0,0,0,0,0,0,0,0,0,0,0
1335.1949292631,-20.0709127662845,-198.093734783708,558.169379229037,0,6349.72934002398,1187.55535756092,186.159322320951,198.858257958537,0,0,-1445.57482353428,391.213968017546,385.463509374458,0,694.879180978736,252.813919406514,-207.4744220269,0,-531.750595107722,0,0,1023.57823635018,350.893262501071,734.073688187142,-365.367610193532,94.8394307126797,-971.814705026644,0,0,217.651514272389,0,545.277913093836,207.14272918522,904.237807194156,-1869.05634239043,664.593810372513,1975.51313065403,910.839693025369,254.836087919872,0,1093.50827547804,40.5676778155906,0,0,164.668059535489,435.884622456785,0,176.487170504082,-251.456085733487,-209.780139059268,51.4797306451585,49.9023455309181,564.877589257941,0,-318.98022455508,0,-30.7469646657632,0,203.282536282828
358.289209794034,519.837899078853,-492.638967515018,285.476658787877,0,1187.55535756092,5429.94187279068,-989.844492076899,-412.467188757187,0,0,976.109957411354,1921.46030395434,-500.678083495417,0,-907.226310362557,-1690.71923931997,-1031.15755908778,0,440.477676426738,0,0,273.80284201457,-355.445291240745,-561.922838506659,-1253.24889625926,-568.973610823169,775.157132636005,0,0,-37.6908588484393,0,-595.789156600951,-39.7880139999414,688.799912060835,-875.99242580628,320.04033431119,1223.88260594594,165.310788155184,852.429528129864,0,127.863706343632,-523.87926164903,0,0,41.093942084831,905.083725417805,0,-366.356473598801,272.473648738724,123.835331240119,-28.4993421707624,600.151295750456,-1123.70406442451,0,624.999771056633,0,-140.085337650763,0,-47.0455149837281
1050.92798560358,439.738706642039,389.605111520807,431.206920987436,0,186.159322320951,-989.844492076899,6958.85759861044,-1341.49985625203,0,0,1379.42703789263,-39.3303512160322,743.268995125192,0,897.91098942719,-298.871362391846,-179.956868267198,0,-640.49373592838,0,0,-1291.40620400252,-156.394036866881,-439.949028519542,-656.389538257584,850.50454946556,490.797866104546,0,0,845.458915939712,0,59.1459627695345,186.075574919172,1157.77999041812,-755.823873268923,-119.68331345778,-155.970376213442,-197.489623769698,694.552384391801,0,360.480053957701,-500.896566432566,0,0,-1121.26795553034,-262.820334650718,0,765.580358029601,-219.965620946364,-45.1474547610308,1141.88117121718,457.266904108106,724.876321974523,0,910.15097861391,0,-23.5373018711526,0,436.298140372287
-640.715462417381,-994.694766054658,385.079770826799,22.3747801683288,0,198.858257958537,-412.467188757187,-1341.49985625203,7842.4741206422,0,0,916.624468843295,-930.091395741169,-299.429746514516,0,-194.840723137066,-913.4778494037,1334.02462789553,0,940.436018796931,0,0,69.9609719518865,526.943407934529,1539.14995139676,1589.47204536155,-1534.88524703122,151.484865434297,0,0,361.87785044702,0,1263.06604084566,958.596336542623,-1688.31009386254,-1294.83235397581,1524.26298556297,1147.67185502818,-533.247940238279,367.939527113582,0,-55.8513409777813,522.24119290667,0,0,742.860544906349,-509.866958296479,0,-635.609722830907,493.533568080026,-195.401859158503,-846.541754197824,134.277901994191,740.479206451154,0,-279.559971386911,0,367.319307246949,0,-132.63260206045
0,0,0,0,0,0,0,0,0,0.033082417477127,0,0,0,0,0,0,0,0,0,0,0,0,0,0,0,0,0,0,0,0,0,0,0,0,0,0,0,0,0,0,0,0,0,0,0,0,0,0,0,0,0,0,0,0,0,0,0,0,0,0
0,0,0,0,0,0,0,0,0,0,0.033166203433154,0,0,0,0,0,0,0,0,0,0,0,0,0,0,0,0,0,0,0,0,0,0,0,0,0,0,0,0,0,0,0,0,0,0,0,0,0,0,0,0,0,0,0,0,0,0,0,0,0
-104.130829981334,790.334961609331,907.911288533558,-137.417496593948,0,-1445.57482353428,976.109957411354,1379.42703789263,916.624468843295,0,0,6298.2195368063,138.468595786063,142.765497300626,0,-566.71841238317,-71.890891127809,-1236.7706109735,0,1624.21522814747,0,0,-379.858029183588,-1037.6521242922,-686.36858198674,942.795571491895,-1276.07802268974,737.781781067677,0,0,-1902.43651095319,0,-727.599824892617,-704.870483018018,-82.4253011314865,-1053.20367887007,244.275125876494,612.086764745992,-410.34684876338,-16.3540608416918,0,43.6219169201239,151.864318293939,0,0,765.481670431302,242.688999147073,0,-53.9050211598018,1163.44667932729,337.552635382719,497.122286199662,1667.87398207078,-1690.70644633263,0,1355.70593100554,0,399.355275711867,0,-85.7600345090169
-29.8900391406646,877.631324520959,-273.341089317907,102.640082386432,0,391.213968017546,1921.46030395434,-39.3303512160322,-930.091395741169,0,0,138.468595786063,6091.93632428399,-531.133011557655,0,-962.671839052128,-1791.31037281571,-1753.64693706868,0,465.625039404236,0,0,-265.627454711566,1260.49300573386,-588.403587903145,-734.361889207031,-602.274451669092,-244.611733800112,0,0,-624.920206832841,0,357.636012264258,524.14815517164,730.523620264567,-1559.09965185481,955.793522271344,176.917304016257,171.518538969611,897.854396643481,0,-1144.24254808928,-554.428753341665,0,0,-370.50564696553,631.944151663281,0,46.1795228714787,-350.602971306525,-353.347399045631,268.877340256601,634.355966775927,-1604.70172003402,0,-107.43049429031,0,160.241292304273,0,-50.2709180365313
273.04542951533,252.983077173912,621.462026646391,86.0405503415513,0,385.463509374458,-500.678083495417,743.268995125192,-299.429746514516,0,0,142.765497300626,-531.133011557655,2992.90117138,0,1329.64910218108,-372.143748607203,205.614998681737,0,-164.560786014067,0,0,-204.108462940682,-702.962062029721,369.997957578396,-276.359922128675,490.740551973863,-315.56685508524,0,0,-552.918731148221,0,-125.873179016196,-528.441346437507,1724.41798447675,-229.739829714798,-868.201873516539,-1172.3785968057,-354.515948713988,-8.50807670101864,0,-205.289824667462,389.547654446515,0,0,83.6167162736815,-44.8581639963752,0,88.565117707369,283.537530520652,51.7506995375974,993.949170274664,-95.0133437018065,81.6000080081654,0,-97.5453944753716,0,-113.931474306734,0,-194.973694245149
0,0,0,0,0,0,0,0,0,0,0,0,0,0,0.0407252712801566,0,0,0,0,0,0,0,0,0,0,0,0,0,0,0,0,0,0,0,0,0,0,0,0,0,0,0,0,0,0,0,0,0,0,0,0,0,0,0,0,0,0,0,0,0
725.753279265999,437.643406108594,1240.06409190642,249.202612685763,0,694.879180978736,-907.226310362557,897.91098942719,-194.840723137066,0,0,-566.71841238317,-962.671839052128,1329.64910218108,0,8396.97687267666,1154.73232473236,-823.208765541818,0,-1204.94372645978,0,0,1325.44541496431,542.063665608194,972.176208297965,317.641157811345,2110.3664043995,-1049.89315234384,0,0,-288.769920440136,0,-369.963066252169,362.409732393182,485.438644591592,-630.356009827076,-1227.7541293489,-1343.76382464189,-554.476383333109,-574.460652672832,0,1867.55068788708,-320.969111403209,0,0,305.698940139853,-529.764580370253,0,-662.647253008942,510.490155290935,68.1062239600796,-538.130384885079,-693.450662644261,-162.757256443778,0,-289.967593450922,0,723.790242819823,0,-138.265790370774
879.87890646245,84.7341709675327,-195.133642185682,-242.732112460833,0,252.813919406514,-1690.71923931997,-298.871362391846,-913.4778494037,0,0,-71.890891127809,-1791.31037281571,-372.143748607203,0,1154.73232473236,12452.889953322,-1001.03887999011,0,305.347615062679,0,0,853.136875194249,655.72639644875,-326.58818021756,2808.71461446735,-1185.7217408213,-545.203297094961,0,0,449.768577965243,0,229.783277905904,-334.698449834491,589.3741794999,-1630.21957378591,-633.39689898008,-94.6984111290774,-2062.17737195807,-697.478686448817,0,-67.6786062015741,-1440.36467375624,0,0,365.453266578605,-196.995846447026,0,-806.01648210738,184.159409227205,-249.230592268807,-654.16237924197,171.092433281563,-1321.77775564699,0,707.581741885764,0,-372.74562507093,0,337.18328276305
444.751413027146,-727.823691312337,598.803980684143,90.5707360504785,0,-207.4744220269,-1031.15755908778,-179.956868267198,1334.02462789553,0,0,-1236.7706109735,-1753.64693706868,205.614998681737,0,-823.208765541818,-1001.03887999011,13280.7605186125,0,-1373.33402944248,0,0,-1360.65658389583,863.237652634861,592.688079512487,1365.98006896328,520.465635414594,1083.71324611495,0,0,636.663695644241,0,1095.49716282979,-208.812246790424,837.230024570251,-622.615050142923,359.08577335028,79.3936483930895,134.664322832634,586.151314050069,0,-556.408349302974,-333.502984450784,0,0,-68.5253429378741,-118.984662850221,0,-73.1848443009875,1227.88515815249,491.227562309795,290.983229668156,287.968992643647,1116.84503376974,0,300.504946021603,0,-302.398475913992,0,142.377376235486
0,0,0,0,0,0,0,0,0,0,0,0,0,0,0,0,0,0,0.0839847633720907,0,0,0,0,0,0,0,0,0,0,0,0,0,0,0,0,0,0,0,0,0,0,0,0,0,0,0,0,0,0,0,0,0,0,0,0,0,0,0,0,0
-526.979474812616,907.055356773508,767.405374839238,206.635610189596,0,-531.750595107722,440.477676426738,-640.49373592838,940.436018796931,0,0,1624.21522814747,465.625039404236,-164.560786014067,0,-1204.94372645978,305.347615062679,-1373.33402944248,0,11978.5720144921,0,0,-217.875221453911,-370.146275523492,-700.765854999955,-100.909408834697,-3031.69388034447,1290.30894926498,0,0,-1598.56745646043,0,648.251869857467,895.697472575312,-1574.45529886032,-256.427138612373,1501.37234496261,-379.946849637865,-361.13379896814,-1024.65318421493,0,-287.619531587071,-175.059779539569,0,0,-391.419169097115,517.454900669269,0,1456.23164450048,-392.346944790649,-455.33438779432,-803.087728707368,1014.20713964015,-393.279777407107,0,-597.683489132448,0,316.28481048688,0,-286.262809864241
0,0,0,0,0,0,0,0,0,0,0,0,0,0,0,0,0,0,0,0,0.0684123544340063,0,0,0,0,0,0,0,0,0,0,0,0,0,0,0,0,0,0,0,0,0,0,0,0,0,0,0,0,0,0,0,0,0,0,0,0,0,0,0
0,0,0,0,0,0,0,0,0,0,0,0,0,0,0,0,0,0,0,0,0,0.0627684398003054,0,0,0,0,0,0,0,0,0,0,0,0,0,0,0,0,0,0,0,0,0,0,0,0,0,0,0,0,0,0,0,0,0,0,0,0,0,0
-37.7458215602458,683.791160303998,278.553439284302,-117.796444618362,0,1023.57823635018,273.80284201457,-1291.40620400252,69.9609719518865,0,0,-379.858029183588,-265.627454711566,-204.108462940682,0,1325.44541496431,853.136875194249,-1360.65658389583,0,-217.875221453911,0,0,9321.45820030786,885.148379294528,-48.8073790003269,1265.87604194296,-1420.30755972794,-961.997741804894,0,0,-780.406317644276,0,1673.11355807581,2040.04060512796,-1539.71231743566,1173.90590703873,-348.158770404412,-472.437609132299,-410.444897197489,-449.915072965353,0,1747.06355917857,727.827100762247,0,0,566.711188157464,-433.876151360712,0,-1556.41975937846,357.695943866958,-435.715444053867,337.336431172832,-1497.51269550872,1071.02816789825,0,-607.19050949596,0,196.204707950475,0,-63.6195140433601
-125.731681913871,176.238260149465,502.029147786369,558.594495979331,0,350.893262501071,-355.445291240745,-156.394036866881,526.943407934529,0,0,-1037.6521242922,1260.49300573386,-702.962062029721,0,542.063665608194,655.72639644875,863.237652634861,0,-370.146275523492,0,0,885.148379294528,9321.06384107205,506.440046252964,438.702024791721,-226.794188504359,-1037.68104252993,0,0,538.968136578791,0,2120.10063009518,1874.52348699973,-2482.68902485647,-2041.58801239098,-453.307297593033,-612.01969640939,-1115.67988697075,-18.765612175467,0,563.487858978296,-1201.62521338922,0,0,-52.9312013786271,-895.55204883519,0,-1117.85385656483,258.522987779916,410.292376489793,242.409851372223,240.797863706337,-564.14741331471,0,-218.585108890075,0,-254.020918392601,0,-328.135404918763
-1354.17891198775,81.1553677528497,1030.21350150252,-263.145508815136,0,734.073688187142,-561.922838506659,-439.949028519542,1539.14995139676,0,0,-686.36858198674,-588.403587903145,369.997957578396,0,972.176208297965,-326.58818021756,592.688079512487,0,-700.765854999955,0,0,-48.8073790003269,506.440046252964,8265.4066462293,1444.33891660215,1596.71336468325,-767.186625466127,0,0,2363.74863408165,0,-538.451653917006,-492.854675205745,-348.67197666618,-821.641159682991,-887.247061668678,510.399787122847,399.138712083563,-274.414816081415,0,-1176.18400819235,-1011.96324637166,0,0,788.947150750871,-685.669597518905,0,-760.641039086785,1320.59606381067,540.496501244095,139.904010703047,47.417889616252,-221.423108677819,0,992.048049662059,0,719.767171117977,0,472.771450694407
8.43200192679687,93.281712062843,440.98878905726,-64.3150699930948,0,-365.367610193532,-1253.24889625926,-656.389538257584,1589.47204536155,0,0,942.795571491895,-734.361889207031,-276.359922128675,0,317.641157811345,2808.71461446735,1365.98006896328,0,-100.909408834697,0,0,1265.87604194296,438.702024791721,1444.33891660215,7306.79824433668,-1892.37250835475,-414.607362134159,0,0,778.337034795591,0,-723.97719469788,2.84001329600349,414.190323445888,-1838.58802802972,-1287.78152503044,444.613438861374,-1136.7501861731,-471.221386627542,0,-213.949018805302,-290.929781713719,0,0,796.397170366529,6.76560971953911,0,-858.16688372392,146.088236002394,-186.104310833425,-646.312533070076,-538.203162213088,-814.364322709819,0,-1064.71622083428,0,-98.9209137904781,0,450.518393358049
-801.297673436567,-419.71172293752,-248.806126270901,-24.7424908677014,0,94.8394307126797,-568.973610823169,850.50454946556,-1534.88524703122,0,0,-1276.07802268974,-602.274451669092,490.740551973862,0,2110.3664043995,-1185.7217408213,520.465635414594,0,-3031.69388034447,0,0,-1420.30755972794,-226.794188504359,1596.71336468325,-1892.37250835475,10107.3672574446,71.2913887667465,0,0,280.220608154581,0,88.0232474156224,-1789.17913340942,339.683142008977,691.459552663136,-1426.15938349574,1133.00229507049,533.395984432758,1854.05504177617,0,340.606806670885,47.104229668929,0,0,-1286.45202540096,-245.174837084141,0,752.248011074783,-705.892645752486,914.705755801804,795.502516780206,61.8111924272121,1712.68963210662,0,-401.695589506687,0,335.641068455659,0,30.3555398092491
-82.566307571914,-401.181114002433,-559.117167538733,363.996882999199,0,-971.814705026644,775.157132636005,490.797866104546,151.484865434297,0,0,737.781781067677,-244.611733800112,-315.56685508524,0,-1049.89315234384,-545.203297094961,1083.71324611495,0,1290.30894926498,0,0,-961.997741804894,-1037.68104252993,-767.186625466127,-414.607362134159,71.2913887667465,6481.66964291902,0,0,-810.110370579641,0,-182.407492652931,-1446.03317356607,-577.982527066953,1152.24575906465,201.812384652837,-400.371899667856,75.2506927037283,490.21425479334,0,-303.783515562009,-331.842599759791,0,0,122.470874683159,-67.0015492403988,0,-896.809869276113,40.5366979966912,-210.772649153236,749.810321971811,-135.748736011021,1096.13855180496,0,-145.390986294438,0,-530.175511795233,0,-70.2676291653221
0,0,0,0,0,0,0,0,0,0,0,0,0,0,0,0,0,0,0,0,0,0,0,0,0,0,0,0,0.0537014926174784,0,0,0,0,0,0,0,0,0,0,0,0,0,0,0,0,0,0,0,0,0,0,0,0,0,0,0,0,0,0,0
0,0,0,0,0,0,0,0,0,0,0,0,0,0,0,0,0,0,0,0,0,0,0,0,0,0,0,0,0,0.0552452978100899,0,0,0,0,0,0,0,0,0,0,0,0,0,0,0,0,0,0,0,0,0,0,0,0,0,0,0,0,0,0
687.489371001878,87.2132232831759,-199.512599692544,-18.4668573274451,0,217.651514272389,-37.6908588484393,845.458915939712,361.87785044702,0,0,-1902.43651095319,-624.920206832841,-552.918731148221,0,-288.769920440136,449.768577965243,636.663695644241,0,-1598.56745646043,0,0,-780.406317644276,538.968136578791,2363.74863408165,778.337034795591,280.220608154581,-810.110370579641,0,0,9417.71964570191,0,-1228.11166475618,-1992.21368570661,1344.36520630727,755.097689505629,-952.459976217323,2004.12681301868,-233.224844262614,257.677108520715,0,-699.616115329545,-580.921717293705,0,0,-1836.41562392236,-301.506208924731,0,323.200598907133,-251.21946848614,261.385844623661,-634.625648512985,-430.966515480995,-235.188430172809,0,554.144804177718,0,-429.250971322366,0,748.412403286592
0,0,0,0,0,0,0,0,0,0,0,0,0,0,0,0,0,0,0,0,0,0,0,0,0,0,0,0,0,0,0,0.0500128027089032,0,0,0,0,0,0,0,0,0,0,0,0,0,0,0,0,0,0,0,0,0,0,0,0,0,0,0,0
-401.306366858709,-375.70060067293,-235.006924033644,-59.5299602359062,0,545.277913093836,-595.789156600951,59.1459627695345,1263.06604084566,0,0,-727.599824892617,357.636012264258,-125.873179016196,0,-369.963066252169,229.783277905904,1095.49716282979,0,648.251869857467,0,0,1673.11355807581,2120.10063009518,-538.451653917006,-723.97719469788,88.0232474156224,-182.407492652931,0,0,-1228.11166475618,0,7033.98248132187,692.107442233056,-1921.52878752769,-876.664485816678,1840.9654245598,942.72915964225,279.295168367455,602.076805878381,0,716.49876923684,-131.728144456833,0,0,152.231884798638,-321.767499254257,0,-794.770390131654,-299.122123942803,-614.717452744142,710.028100488818,-848.356797512397,1511.61088863229,0,-883.807871913683,0,-93.6326887610228,0,184.325139416459
660.038871878238,-321.196671753979,741.302994350483,481.795778344946,0,207.14272918522,-39.7880139999414,186.075574919172,958.596336542623,0,0,-704.870483018018,524.14815517164,-528.441346437507,0,362.409732393182,-334.698449834491,-208.812246790424,0,895.697472575312,0,0,2040.04060512796,1874.52348699973,-492.854675205745,2.84001329600349,-1789.17913340942,-1446.03317356607,0,0,-1992.21368570661,0,692.107442233056,8640.05837492022,-2000.89747634904,-839.473481255703,-901.791875408765,-877.917453323972,-217.581121346101,-802.648267646431,0,1466.0568053213,-78.487418970712,0,0,803.387292046812,118.632707995887,0,308.207097234523,153.953271850129,-351.877114897255,-602.961215032768,-412.251091457292,295.217975126039,0,-428.513308168651,0,353.4714638671,0,-434.783986813558
1533.70320826042,89.0806496556541,516.632276114717,32.3502617563541,0,904.237807194157,688.799912060835,1157.77999041812,-1688.31009386254,0,0,-82.4253011314865,730.523620264567,1724.41798447675,0,485.438644591592,589.3741794999,837.230024570251,0,-1574.45529886032,0,0,-1539.71231743566,-2482.68902485647,-348.67197666618,414.190323445888,339.683142008977,-577.982527066953,0,0,1344.36520630727,0,-1921.52878752769,-2000.89747634904,14090.5119904162,-816.381855255577,-678.304591690134,-921.866896511566,11.4672954708869,1103.47354481685,0,-73.361448531382,140.715722582956,0,0,384.793086949964,-692.075011409588,0,1683.17816156286,-271.585635825295,441.682350096226,627.460561305016,-362.345368046547,-202.954167308566,0,750.554819385968,0,-847.74234689631,0,-446.979822464547
-40.9067707774057,763.696244964686,-726.736165519788,-690.61696774389,0,-1869.05634239043,-875.99242580628,-755.823873268923,-1294.83235397581,0,0,-1053.20367887007,-1559.09965185481,-229.739829714798,0,-630.356009827076,-1630.21957378591,-622.615050142923,0,-256.427138612373,0,0,1173.90590703873,-2041.58801239098,-821.641159682991,-1838.58802802972,691.459552663136,1152.24575906465,0,0,755.097689505629,0,-876.664485816678,-839.473481255703,-816.381855255577,11773.0313197366,1322.41159614713,-1316.46966055347,-1170.63852212704,-1094.83472443279,0,188.910271297734,1879.17346437444,0,0,-509.310143533835,421.370137700884,0,66.3204893365742,1285.45533196598,183.085853911845,-457.912994733553,-1176.56521709779,64.7497914005433,0,917.356844350765,0,214.766454066731,0,184.49658099587
-1225.87351929462,-20.7889312480347,36.7432145377512,-678.510676077552,0,664.593810372513,320.04033431119,-119.68331345778,1524.26298556297,0,0,244.275125876494,955.793522271344,-868.201873516539,0,-1227.7541293489,-633.39689898008,359.08577335028,0,1501.37234496261,0,0,-348.158770404412,-453.307297593032,-887.247061668678,-1287.78152503044,-1426.15938349574,201.812384652837,0,0,-952.459976217323,0,1840.9654245598,-901.791875408765,-678.304591690134,1322.41159614713,8804.0751000644,310.562470813789,1479.13462464941,-599.543548313878,0,-354.469606757863,-389.592197102891,0,0,-990.037803996529,1278.10999791348,0,752.088318849435,43.7522298014142,88.7537585797572,-369.259229561352,860.480832785458,-420.101328368087,0,894.12195314324,0,646.186254217726,0,-79.8412323013323
377.916818426991,177.85236860676,-724.377731390844,75.869411721236,0,1975.51313065403,1223.88260594594,-155.970376213442,1147.67185502818,0,0,612.086764745992,176.917304016257,-1172.3785968057,0,-1343.76382464189,-94.6984111290774,79.3936483930895,0,-379.946849637865,0,0,-472.437609132299,-612.019696409389,510.399787122847,444.613438861374,1133.00229507049,-400.371899667856,0,0,2004.12681301868,0,942.729159642249,-877.917453323972,-921.866896511566,-1316.46966055347,310.562470813789,9814.61585394412,-513.846903394973,-17.2553920828623,0,-479.348277017464,-286.582930406671,0,0,-573.594867413801,-920.258666983127,0,475.197043586253,-532.195653520145,419.406013799421,249.473549611514,-679.220538145229,-570.590845823645,0,731.62166521289,0,116.288907781372,0,122.690530887302
-1081.12340876427,-469.878911773438,-36.3881822676044,299.132415540045,0,910.839693025369,165.310788155184,-197.489623769698,-533.247940238279,0,0,-410.34684876338,171.518538969611,-354.515948713988,0,-554.476383333109,-2062.17737195807,134.664322832634,0,-361.13379896814,0,0,-410.444897197489,-1115.67988697075,399.138712083563,-1136.75018617309,533.395984432758,75.2506927037283,0,0,-233.224844262614,0,279.295168367455,-217.581121346101,11.4672954708869,-1170.63852212704,1479.13462464941,-513.846903394973,6221.18672982545,-91.6119048211639,0,-392.022202441715,-808.547451686961,0,0,7.78229586433827,238.758495899455,0,499.236339587387,-49.3882345393613,32.8288847811068,-43.7638913046856,202.221956945344,940.758369429516,0,215.139814328455,0,-227.274489958829,0,309.11783739096
-583.59098648013,-772.356539487145,-88.4027675891778,212.317010318544,0,254.836087919872,852.429528129864,694.552384391801,367.939527113582,0,0,-16.3540608416918,897.854396643481,-8.50807670101864,0,-574.460652672832,-697.478686448817,586.151314050069,0,-1024.65318421493,0,0,-449.915072965353,-18.765612175467,-274.414816081415,-471.221386627542,1854.05504177617,490.21425479334,0,0,257.677108520715,0,602.076805878381,-802.648267646431,1103.47354481685,-1094.83472443279,-599.543548313878,-17.2553920828623,-91.6119048211639,4584.86095196114,0,-15.2478631732019,-723.773859915784,0,0,-78.6687343808584,-467.780262415924,0,-82.1536381717638,-111.457613745646,-5.59249432502524,740.527237507153,450.544084606187,307.884788155011,0,-613.923889596619,0,-532.813786903194,0,224.452348910378
0,0,0,0,0,0,0,0,0,0,0,0,0,0,0,0,0,0,0,0,0,0,0,0,0,0,0,0,0,0,0,0,0,0,0,0,0,0,0,0,0.0361490215751736,0,0,0,0,0,0,0,0,0,0,0,0,0,0,0,0,0,0,0
1066.20552012301,-475.373293130686,-81.2838823459085,-129.473404275236,0,1093.50827547804,127.863706343632,360.480053957701,-55.8513409777813,0,0,43.621916920124,-1144.24254808928,-205.289824667462,0,1867.55068788708,-67.6786062015741,-556.408349302974,0,-287.619531587071,0,0,1747.06355917857,563.487858978296,-1176.18400819235,-213.949018805302,340.606806670885,-303.783515562009,0,0,-699.616115329546,0,716.49876923684,1466.0568053213,-73.361448531382,188.910271297734,-354.469606757863,-479.348277017464,-392.022202441715,-15.2478631732019,0,5687.75598879881,505.91067710216,0,0,-44.6497347095466,542.969352492514,0,362.499849750799,-101.151213158742,90.6178707566006,-93.5429998705142,186.561699179766,1509.88126319511,0,-169.651602014636,0,379.243616378926,0,267.225952375151
634.86503820793,-8.74829339710145,-189.012931611269,-77.9263037848577,0,40.5676778155906,-523.87926164903,-500.896566432566,522.24119290667,0,0,151.864318293939,-554.428753341665,389.547654446515,0,-320.969111403209,-1440.36467375624,-333.502984450784,0,-175.059779539569,0,0,727.827100762247,-1201.62521338922,-1011.96324637166,-290.929781713719,47.104229668929,-331.842599759791,0,0,-580.921717293705,0,-131.728144456833,-78.487418970712,140.715722582956,1879.17346437444,-389.592197102891,-286.582930406671,-808.547451686961,-723.773859915784,0,505.91067710216,3320.43394915612,0,0,88.2049023705868,509.710227939887,0,94.4213896731435,-238.957432694134,55.1665945628897,-225.894924757968,-412.509140818983,437.113724996844,0,-756.133488529407,0,397.759731470563,0,-49.6995996199761
0,0,0,0,0,0,0,0,0,0,0,0,0,0,0,0,0,0,0,0,0,0,0,0,0,0,0,0,0,0,0,0,0,0,0,0,0,0,0,0,0,0,0,0.0341394744471166,0,0,0,0,0,0,0,0,0,0,0,0,0,0,0,0
0,0,0,0,0,0,0,0,0,0,0,0,0,0,0,0,0,0,0,0,0,0,0,0,0,0,0,0,0,0,0,0,0,0,0,0,0,0,0,0,0,0,0,0,0.0483587928862361,0,0,0,0,0,0,0,0,0,0,0,0,0,0,0
-906.469829427764,352.008531856494,322.339775514922,-161.137593376393,0,164.668059535489,41.093942084831,-1121.26795553034,742.860544906349,0,0,765.481670431302,-370.50564696553,83.6167162736815,0,305.698940139853,365.453266578605,-68.5253429378741,0,-391.419169097115,0,0,566.711188157464,-52.9312013786271,788.947150750871,796.397170366529,-1286.45202540096,122.470874683159,0,0,-1836.41562392236,0,152.231884798638,803.387292046812,384.793086949964,-509.310143533835,-990.037803996529,-573.594867413801,7.78229586433827,-78.6687343808584,0,-44.6497347095466,88.2049023705868,0,0,5467.9399558889,-1025.13852046276,0,-536.858419230228,414.482330749929,54.9982804463585,-157.741648842578,-560.096041403813,-876.645758684001,0,-230.888691799266,0,-247.271834455744,0,-445.931771898646
382.311603600412,519.207219440808,-292.572243967051,-11.3218086602592,0,435.884622456785,905.083725417805,-262.820334650718,-509.866958296479,0,0,242.688999147073,631.944151663281,-44.8581639963752,0,-529.764580370253,-196.995846447026,-118.984662850221,0,517.454900669269,0,0,-433.876151360712,-895.55204883519,-685.669597518905,6.76560971953911,-245.174837084141,-67.0015492403988,0,0,-301.506208924731,0,-321.767499254257,118.632707995887,-692.075011409588,421.370137700884,1278.10999791348,-920.258666983126,238.758495899455,-467.780262415924,0,542.969352492514,509.710227939887,0,0,-1025.13852046276,2930.90451724306,0,178.784235823671,-373.928634331573,-205.840048499642,82.8718990447275,836.848319833461,-429.083297221696,0,589.624026033712,0,871.83099113882,0,14.79150944834
0,0,0,0,0,0,0,0,0,0,0,0,0,0,0,0,0,0,0,0,0,0,0,0,0,0,0,0,0,0,0,0,0,0,0,0,0,0,0,0,0,0,0,0,0,0,0,0.0363913561374596,0,0,0,0,0,0,0,0,0,0,0,0
620.420629696956,-567.202981003168,99.9418697639126,-558.29305781935,0,176.487170504082,-366.356473598801,765.580358029601,-635.609722830907,0,0,-53.9050211598018,46.1795228714787,88.565117707369,0,-662.647253008942,-806.01648210738,-73.1848443009874,0,1456.23164450048,0,0,-1556.41975937846,-1117.85385656483,-760.641039086785,-858.16688372392,752.248011074783,-896.809869276113,0,0,323.200598907133,0,-794.770390131653,308.207097234523,1683.17816156286,66.3204893365742,752.088318849435,475.197043586253,499.236339587387,-82.1536381717638,0,362.499849750798,94.4213896731435,0,0,-536.858419230228,178.784235823671,0,6151.70924211259,-793.39689670697,57.7302785656294,-458.109250737511,832.671167308161,-535.159132972423,0,126.230973420062,0,-557.86266188629,0,-117.267053222567
-178.643373904426,445.220384353107,383.975996274,267.620929238119,0,-251.456085733487,272.473648738724,-219.965620946364,493.533568080026,0,0,1163.44667932729,-350.602971306525,283.537530520652,0,510.490155290935,184.159409227205,1227.88515815249,0,-392.346944790649,0,0,357.695943866958,258.522987779916,1320.59606381067,146.088236002394,-705.892645752486,40.5366979966912,0,0,-251.21946848614,0,-299.122123942803,153.953271850129,-271.585635825295,1285.45533196598,43.7522298014142,-532.195653520145,-49.3882345393613,-111.457613745646,0,-101.151213158742,-238.957432694134,0,0,414.482330749929,-373.928634331573,0,-793.39689670697,3426.60760896244,361.087607583123,251.192372112378,300.867408956442,-751.458896213941,0,1130.8615725075,0,-453.52577881369,0,-111.879471635294
-257.198690672034,342.916591683368,549.082354297191,57.4133793540021,0,-209.780139059268,123.835331240119,-45.1474547610308,-195.401859158503,0,0,337.552635382719,-353.347399045631,51.7506995375974,0,68.1062239600796,-249.230592268807,491.227562309795,0,-455.33438779432,0,0,-435.715444053867,410.292376489793,540.496501244095,-186.104310833425,914.705755801804,-210.772649153236,0,0,261.385844623661,0,-614.717452744142,-351.877114897255,441.682350096226,183.085853911845,88.7537585797572,419.406013799421,32.8288847811068,-5.59249432502524,0,90.6178707566006,55.1665945628897,0,0,54.9982804463585,-205.840048499642,0,57.7302785656294,361.087607583123,1333.87285831872,-143.743877106943,136.087881674505,-164.580381152022,0,557.304677910414,0,416.807096174038,0,-128.868904058899
-442.929251786416,-231.512967435991,-135.468804445525,120.956629024776,0,51.4797306451585,-28.4993421707624,1141.88117121718,-846.541754197824,0,0,497.122286199662,268.877340256601,993.949170274664,0,-538.130384885079,-654.16237924197,290.983229668156,0,-803.087728707368,0,0,337.336431172832,242.409851372223,139.904010703047,-646.312533070076,795.502516780206,749.810321971811,0,0,-634.625648512985,0,710.028100488818,-602.961215032768,627.460561305016,-457.912994733553,-369.259229561352,249.473549611514,-43.7638913046856,740.527237507153,0,-93.5429998705142,-225.894924757968,0,0,-157.741648842578,82.8718990447275,0,-458.109250737511,251.192372112378,-143.743877106943,3051.80612318607,282.814108013683,666.030073709391,0,295.435720208472,0,182.463113023901,0,17.8816977691171
-638.701739360692,-549.537008933517,29.560741289818,117.889146914266,0,49.9023455309181,600.151295750456,457.266904108106,134.277901994191,0,0,1667.87398207078,634.355966775927,-95.0133437018065,0,-693.450662644261,171.092433281563,287.968992643647,0,1014.20713964015,0,0,-1497.51269550872,240.797863706337,47.417889616252,-538.203162213088,61.8111924272121,-135.748736011021,0,0,-430.966515480995,0,-848.356797512397,-412.251091457292,-362.345368046547,-1176.56521709779,860.480832785458,-679.220538145229,202.221956945344,450.544084606187,0,186.561699179766,-412.509140818984,0,0,-560.096041403813,836.848319833461,0,832.671167308161,300.867408956442,136.087881674505,282.814108013683,3927.8162868483,-562.301400948645,0,921.237235551139,0,430.99950559471,0,139.228426303655
-160.432288738691,-1425.05991520377,-131.395461872484,384.884887425542,0,564.877589257941,-1123.70406442451,724.876321974523,740.479206451154,0,0,-1690.70644633263,-1604.70172003402,81.6000080081654,0,-162.757256443778,-1321.77775564699,1116.84503376974,0,-393.279777407107,0,0,1071.02816789825,-564.14741331471,-221.423108677819,-814.364322709819,1712.68963210662,1096.13855180496,0,0,-235.188430172809,0,1511.61088863229,295.217975126039,-202.954167308566,64.7497914005433,-420.101328368087,-570.590845823645,940.758369429516,307.884788155011,0,1509.88126319511,437.113724996844,0,0,-876.645758684001,-429.083297221696,0,-535.159132972423,-751.458896213941,-164.580381152022,666.030073709391,-562.301400948645,5508.36431852342,0,-937.858181776039,0,309.898111167393,0,56.9930986647056
0,0,0,0,0,0,0,0,0,0,0,0,0,0,0,0,0,0,0,0,0,0,0,0,0,0,0,0,0,0,0,0,0,0,0,0,0,0,0,0,0,0,0,0,0,0,0,0,0,0,0,0,0,0,0.0180646877711131,0,0,0,0,0
-315.686760241008,1096.77417286613,31.1899911951819,-49.1273863194011,0,-318.98022455508,624.999771056633,910.15097861391,-279.559971386911,0,0,1355.70593100554,-107.43049429031,-97.5453944753716,0,-289.967593450922,707.581741885764,300.504946021603,0,-597.683489132448,0,0,-607.19050949596,-218.585108890075,992.048049662059,-1064.71622083428,-401.695589506687,-145.390986294438,0,0,554.144804177718,0,-883.807871913683,-428.513308168651,750.554819385968,917.356844350765,894.12195314324,731.62166521289,215.139814328455,-613.923889596619,0,-169.651602014636,-756.133488529407,0,0,-230.888691799266,589.624026033712,0,126.230973420062,1130.8615725075,557.304677910414,295.435720208472,921.237235551139,-937.858181776039,0,4258.00205300616,0,447.554619005071,0,144.555594996891
0,0,0,0,0,0,0,0,0,0,0,0,0,0,0,0,0,0,0,0,0,0,0,0,0,0,0,0,0,0,0,0,0,0,0,0,0,0,0,0,0,0,0,0,0,0,0,0,0,0,0,0,0,0,0,0,0.0303576207273988,0,0,0
-19.7558777944449,592.864126976828,489.061813195909,-201.650848601052,0,-30.7469646657632,-140.085337650763,-23.5373018711526,367.319307246949,0,0,399.355275711867,160.241292304273,-113.931474306734,0,723.790242819823,-372.74562507093,-302.398475913992,0,316.28481048688,0,0,196.204707950475,-254.020918392601,719.767171117977,-98.9209137904781,335.641068455659,-530.175511795233,0,0,-429.250971322366,0,-93.6326887610228,353.4714638671,-847.74234689631,214.766454066731,646.186254217726,116.288907781372,-227.274489958829,-532.813786903194,0,379.243616378926,397.759731470563,0,0,-247.271834455744,871.83099113882,0,-557.86266188629,-453.52577881369,416.807096174038,182.463113023901,430.99950559471,309.898111167393,0,447.554619005071,0,2798.45325761094,0,91.5785431068867
0,0,0,0,0,0,0,0,0,0,0,0,0,0,0,0,0,0,0,0,0,0,0,0,0,0,0,0,0,0,0,0,0,0,0,0,0,0,0,0,0,0,0,0,0,0,0,0,0,0,0,0,0,0,0,0,0,0,0.0244336945616059,0
18.438933559232,-4.9228571425563,-289.232486784025,-185.685794066925,0,203.282536282828,-47.0455149837281,436.298140372287,-132.63260206045,0,0,-85.7600345090169,-50.2709180365313,-194.973694245149,0,-138.265790370774,337.18328276305,142.377376235486,0,-286.262809864241,0,0,-63.6195140433601,-328.135404918764,472.771450694407,450.518393358049,30.3555398092491,-70.2676291653221,0,0,748.412403286592,0,184.325139416459,-434.783986813558,-446.979822464547,184.49658099587,-79.8412323013323,122.690530887302,309.11783739096,224.452348910378,0,267.225952375151,-49.6995996199761,0,0,-445.931771898646,14.79150944834,0,-117.267053222567,-111.879471635294,-128.868904058899,17.8816977691171,139.228426303655,56.9930986647056,0,144.555594996891,0,91.5785431068867,0,973.875082433471
