0.0112312232293999,-0.0067608421196838,0.00866155180101917,-0.00105152847580025,-0.011006519672148,0.00612104896627425,-0.0051682805519935,5.09814308562709e-05,-0.00204340795889331,0.0200312137817836
-0.0067608421196838,0.12049437587554,0.0726767781884257,0.0955802401908895,0.0695224958689123,0.0613745011889251,0.0606996280241161,0.0654864053489215,0.0778782214700834,0.0125890308185173
0.00866155180101917,0.0726767781884257,0.116762282611351,0.103712128742328,0.0829945700104465,0.0613277466212084,0.0881140189260751,0.0735513254840036,0.0828555955730988,0.0434430512938381
-0.00105152847580025,0.0955802401908895,0.103712128742328,0.133914434340693,0.0894374627644018,0.0848615286922624,0.119029492203934,0.0872861505639219,0.100101766492251,0.0398894010322158
-0.011006519672148,0.0695224958689123,0.0829945700104465,0.0894374627644018,0.113303452229613,0.0493210672933298,0.0842444325552535,0.0623432273515328,0.0964418426472584,0.00726317400900361
0.00612104896627425,0.0613745011889251,0.0613277466212084,0.0848615286922624,0.0493210672933298,0.0805010756106988,0.0415598912061255,0.0404719792101344,0.054424181614912,0.0389156913012498
-0.0051682805519935,0.0606996280241161,0.0881140189260751,0.119029492203934,0.0842444325552535,0.0415598912061255,0.183141225848837,0.108735200297973,0.119086166705811,0.0322075911431655
5.09814308562709e-05,0.0654864053489215,0.0735513254840036,0.0872861505639219,0.0623432273515328,0.0404719792101344,0.108735200297973,0.0850174857154603,0.0945209361185911,0.026392125523136
-0.00204340795889331,0.0778782214700834,0.0828555955730988,0.100101766492251,0.0964418426472584,0.054424181614912,0.119086166705811,0.0945209361185911,0.127618179829162,0.0290218793348576
0.0200312137817836,0.0125890308185173,0.0434430512938381,0.0398894010322158,0.00726317400900361,0.0389156913012498,0.0322075911431655,0.026392125523136,0.0290218793348576,0.0510408929535453
