0.00382785021852937,-0.00197156058094793,-0.00146572215783003,-0.000839556290049955,-0.00153562888074742,-0.0011599594590772,-0.00263022267844946,-0.00144456504800711,-0.000852571461149133,-0.000381249836574777
-0.00197156058094793,0.104659256755858,0.0711556902673219,0.0666259994468339,0.0497092371018043,0.0394122237989346,0.0840266524417622,0.0460857698789696,0.0574430176362946,0.0233531740941132
-0.00146572215783003,0.0711556902673219,0.125675206990122,0.108573859694614,0.0848224108843053,0.0639383613003676,0.109697243799324,0.0847444851713597,0.0912635114247355,0.032520499112255
-0.000839556290049955,0.0666259994468339,0.108573859694614,0.113487111555384,0.0794685939357548,0.0577319215257552,0.104692449902048,0.0733160838817248,0.0833027779299517,0.0279822150468828
-0.00153562888074742,0.0497092371018044,0.0848224108843053,0.0794685939357548,0.10200040765706,0.051345330879962,0.0963589926742765,0.0615250806742458,0.0705575354111965,0.0268858167398539
-0.0011599594590772,0.0394122237989346,0.0639383613003676,0.0577319215257552,0.051345330879962,0.0571937950367393,0.0597462493316209,0.0482886123083055,0.053278387554285,0.0241770410689577
-0.00263022267844946,0.0840266524417622,0.109697243799324,0.104692449902048,0.0963589926742765,0.0597462493316209,0.173758276811898,0.0765401895382793,0.0852376670522581,0.0251537884229486
-0.00144456504800711,0.0460857698789696,0.0847444851713597,0.0733160838817248,0.0615250806742458,0.0482886123083055,0.0765401895382793,0.0840850148572821,0.069259949668712,0.0218070173540256
-0.000852571461149133,0.0574430176362946,0.0912635114247355,0.0833027779299517,0.0705575354111965,0.053278387554285,0.0852376670522581,0.069259949668712,0.120421239153594,0.0269809914825478
-0.000381249836574777,0.0233531740941131,0.032520499112255,0.0279822150468828,0.0268858167398539,0.0241770410689577,0.0251537884229486,0.0218070173540256,0.0269809914825478,0.0403464659730632
