0.0070101579790405,-0.00136164644769102,-0.00235506525092763,0.00481381289583952,0.00282535890881347,-0.00881447355574878,-0.00297257950194297,-0.00851189112516464,-0.000229540517310287,-6.51305512428164e-05
-0.00136164644769102,0.106878864509779,0.0809073889881308,0.0703184516088341,0.0598342264652027,0.042877338876324,0.0850799149488868,0.0595201070565811,0.085970835871062,0.0212616848559005
-0.00235506525092763,0.0809073889881308,0.117444853800453,0.0956285616131801,0.0848395706648784,0.0629917330414121,0.105973714755536,0.0786552968913025,0.0974468740006805,0.0196711569479029
0.00481381289583952,0.0703184516088341,0.0956285616131801,0.106115735336313,0.0746561417647951,0.0579728407750796,0.0963080168767874,0.057855358802921,0.0868267243587313,0.0168055635674096
0.00282535890881347,0.0598342264652027,0.0848395706648784,0.0746561417647951,0.113728877910567,0.0514866364840412,0.113011180160561,0.0662941385781335,0.0619676085909777,0.0124969015963212
-0.00881447355574878,0.042877338876324,0.0629917330414121,0.0579728407750796,0.0514866364840412,0.0745322720738218,0.0696207667465832,0.0547842410059254,0.0378466853071674,0.00907659674978299
-0.00297257950194297,0.0850799149488868,0.105973714755536,0.0963080168767874,0.113011180160561,0.0696207667465832,0.180309607061059,0.0895897383821169,0.0856004950444928,0.02762700950397
-0.00851189112516464,0.0595201070565811,0.0786552968913025,0.057855358802921,0.0662941385781335,0.0547842410059254,0.0895897383821169,0.0844376564518383,0.0707225809471677,0.0179403241972506
-0.000229540517310287,0.085970835871062,0.0974468740006805,0.0868267243587313,0.0619676085909777,0.0378466853071674,0.0856004950444928,0.0707225809471677,0.129726536991877,0.0213248489717141
-6.51305512428164e-05,0.0212616848559005,0.0196711569479029,0.0168055635674096,0.0124969015963212,0.00907659674978299,0.02762700950397,0.0179403241972506,0.0213248489717141,0.0136291881162905
