0.000489935963675483,-0.000748137725689687,-2.35846083138897e-05,-0.000908476713546966,-0.000891801151563367,-3.57720321627521e-05,-0.00151241261574143,-0.000120209177429363,-5.14543981564742e-05,-0.000314816022724851
-0.000748137725689687,0.0981369824337993,0.0619964646841902,0.0554877822532102,0.0417468956879442,0.0325148730569093,0.0627991937379873,0.047836158157947,0.0513809213319121,0.0194898187232415
-2.35846083138897e-05,0.0619964646841902,0.122400357313598,0.102136417990679,0.0832956966581234,0.0593516361378317,0.0994771844716938,0.0741008659846664,0.0833761357084081,0.0262706473762467
-0.000908476713546966,0.0554877822532102,0.102136417990679,0.106723250648843,0.0781087980342167,0.0550874320275061,0.0961013880897922,0.066193268340592,0.0702873568407705,0.0200250359762041
-0.000891801151563367,0.0417468956879442,0.0832956966581234,0.0781087980342167,0.104966859905903,0.0484418499767891,0.0995747494221259,0.0654043181024426,0.0627937764713322,0.0245292961197807
-3.57720321627521e-05,0.0325148730569093,0.0593516361378317,0.0550874320275061,0.0484418499767891,0.056622964984919,0.0603386511417994,0.048263995836553,0.0365241400709855,0.0192863162841454
-0.00151241261574143,0.0627991937379873,0.0994771844716938,0.0961013880897922,0.0995747494221259,0.0603386511417994,0.165395338650266,0.0857170125879184,0.0763470000726712,0.0269440660821314
-0.000120209177429363,0.047836158157947,0.0741008659846664,0.066193268340592,0.0654043181024426,0.048263995836553,0.0857170125879184,0.0765903611398924,0.058967202405043,0.0169728681727416
-5.14543981564742e-05,0.0513809213319121,0.0833761357084081,0.0702873568407705,0.0627937764713322,0.0365241400709855,0.0763470000726712,0.058967202405043,0.0964447977005173,0.0175914806151363
-0.000314816022724851,0.0194898187232415,0.0262706473762467,0.0200250359762041,0.0245292961197807,0.0192863162841454,0.0269440660821314,0.0169728681727416,0.0175914806151363,0.0363192374635788
