0.00310911732093232,-0.00104092818266025,0.00813078896165532,0.00212762253500739,0.0029397116764513,0.00300913917044278,0.00682955907855014,-0.00146503168399623,0.00499480384428575,-0.00118599571182284
-0.00104092818266025,0.0850975378228935,0.0653561003380926,0.0706622877076075,0.0385614070395443,0.0420513595286821,0.0444525957510388,0.0452589952467092,0.0657195822452865,0.0127118620458166
0.00813078896165532,0.0653561003380926,0.146972393762041,0.122787138972977,0.0888886031553439,0.0736227314407874,0.134513986506389,0.0696358274955029,0.109080133437988,0.0338857978698848
0.00212762253500739,0.0706622877076075,0.122787138972977,0.123725570331746,0.0792517211772084,0.0549647070809464,0.113003366494305,0.0657770382116118,0.0999362554911835,0.0245038099704776
0.0029397116764513,0.0385614070395443,0.0888886031553439,0.0792517211772084,0.0907049611741307,0.0494287585499671,0.0868635968429984,0.0419939550116393,0.0767401545943363,0.023478463976986
0.00300913917044278,0.0420513595286821,0.0736227314407874,0.0549647070809464,0.0494287585499671,0.0614580575294488,0.0625287704286294,0.0543608120274364,0.0657617203932303,0.0155626579173629
0.00682955907855014,0.0444525957510389,0.134513986506389,0.113003366494305,0.0868635968429984,0.0625287704286294,0.193751486128359,0.0790763519254621,0.097968640420964,0.0288830694819489
-0.00146503168399623,0.0452589952467092,0.0696358274955029,0.0657770382116118,0.0419939550116393,0.0543608120274364,0.0790763519254621,0.0800877987585688,0.070756554517356,0.0105252290581254
0.00499480384428575,0.0657195822452865,0.109080133437988,0.0999362554911835,0.0767401545943363,0.0657617203932303,0.097968640420964,0.070756554517356,0.134562470436346,0.0312785074120224
-0.00118599571182284,0.0127118620458166,0.0338857978698848,0.0245038099704776,0.023478463976986,0.0155626579173629,0.0288830694819489,0.0105252290581254,0.0312785074120224,0.0323474896347502
