0.0307954195340126,0,0,0,0,0,0,0,0,0,0,0,0,0,0,0,0,0,0,0,0,0,0,0,0,0,0,0,0,0,0,0,0,0,0,0,0,0,0,0,0,0,0,0,0,0,0,0,0,0,0,0,0,0,0,0,0,0,0,0
0,6769.46870881401,494.601297344875,-34.6577958674909,-78.0793277496218,315.199451054974,-1252.97755341335,2562.25132443983,-42.7073996439453,0,0,-1083.75064370058,0,510.537141489173,-1198.34090035277,0,-1791.68643097231,905.529821155046,-666.021115339815,-223.706195484133,1870.86452551887,0,-1444.24604235711,947.134726007346,1634.56044390392,-1664.00456270654,0,-745.019875571854,-478.00304489377,-186.717603601001,1105.87766589843,-617.793614094051,0,270.382421407323,-246.127677911954,0,0,92.6037349454838,229.843504736152,-699.381957058642,0,0,151.075871722443,0,0,0,0,-1010.22921823684,0,215.023156636592,-480.136141817931,-540.215360509726,490.490649348869,0,0,0,-1452.30122464328,0,-524.893594013844,0
0,494.601297344875,5601.92567076973,-113.132869575858,-1198.11608651044,1225.88597777087,-513.343165201674,1348.07101189277,1128.90585949183,0,0,-1614.76723532421,0,58.3919385684385,-378.803750442597,0,-110.044274996586,1707.66373977701,-741.562047160177,1798.3626587742,1000.87410624412,0,-281.825957660647,185.652063824344,-2012.90947808841,-2211.04344140317,0,-2172.2539123524,1290.06785231053,-332.506720725938,-583.385453844175,-687.65770005565,0,89.8076009716397,188.796989237672,0,0,-497.19973219962,-349.843001919831,26.5079067790529,0,0,21.6866627531037,0,0,0,0,-1014.32882762094,0,-509.712455603243,-220.672613952032,146.927367330987,-389.239177049123,0,0,0,-1411.15745579833,0,583.493171306458,0
0,-34.6577958674909,-113.132869575858,4697.07287079836,993.0103382896,-291.270335846672,-235.722357501344,-1123.32389599579,471.448230291805,0,0,137.906148904224,0,806.433799353368,245.680158369215,0,113.941712456909,-584.121572336986,82.6268221570543,-1061.12411371251,-405.290888274816,0,517.486071025424,447.172720015554,171.065592474137,-724.330740219221,0,-491.956545909319,162.795225375136,-4.29334563722136,616.802659752572,2455.1407358361,0,-1379.56925662228,361.99326018575,0,0,1059.21569617472,-125.541370997377,-844.887809336204,0,0,-130.595232852859,0,0,0,0,-32.8709253076796,0,845.026270487136,185.097060400157,688.96790745183,524.271035118065,0,0,0,327.752673917721,0,-694.792861976963,0
0,-78.0793277496218,-1198.11608651044,993.0103382896,6292.17478308123,-1144.60588738961,354.227176966969,251.952874278821,50.7971149159929,0,0,-45.0895769454582,0,-765.753264362831,628.149516309191,0,757.106803651646,297.208287305067,59.3998286844122,-1228.74856425493,-369.964357659943,0,1800.47180216329,-1196.8002169687,2059.16705110674,-1632.22695303684,0,2592.36706945129,1527.851942994,-679.482044794938,-410.555918230237,-465.678363725609,0,-699.165770844205,-1058.19450447173,0,0,-277.86608994435,-123.383098022055,-1788.31866136182,0,0,-1811.13654402378,0,0,0,0,-79.5198038174059,0,253.702611309262,796.554035425305,-214.592445854317,453.057772750967,0,0,0,1119.94311103625,0,-3302.93320231467,0
0,315.199451054974,1225.88597777087,-291.270335846672,-1144.60588738961,6720.38162093148,757.324734069357,-175.103907757064,-406.309177957927,0,0,-45.2022961849138,0,1142.03979830713,208.207937540345,0,-2104.12680423252,-263.825817506617,1226.31140905244,-1273.72745989142,-977.492709597729,0,18.442405444476,-679.333647507001,82.3074617908916,-1127.61986206378,0,-708.973087162962,583.557084152746,-1121.28034967312,598.524519745337,595.912416465286,0,2255.64640809505,1080.5221616558,0,0,-286.486657564083,354.281748310358,1422.57451609002,0,0,614.504697156068,0,0,0,0,328.534204241562,0,592.472601471493,-978.924027293506,27.1471455984648,-291.005326659613,0,0,0,-496.316422064208,0,-900.305578432066,0
0,-1252.97755341335,-513.343165201674,-235.722357501344,354.227176966968,757.324734069357,7905.3569059647,-1137.16757265301,-327.540683199978,0,0,1546.06797215479,0,-147.543904781061,1198.2528992552,0,1040.5003579064,-2071.79524692286,808.381717533693,-631.412892609896,-812.325394180979,0,-416.58397831326,-1205.08406493547,-402.506592903838,-107.629627328397,0,-222.745198379684,-388.021913532266,501.52439076547,-1477.34573699232,1316.35086837763,0,-227.143447660304,234.979137201077,0,0,-180.107497627978,507.600672670801,-601.150004586621,0,0,703.261319912404,0,0,0,0,-449.783329529803,0,-12.7179518652498,1.95530183684462,342.489684876082,-1118.26923239922,0,0,0,-450.204405268852,0,-39.3242126288676,0
0,2562.25132443983,1348.07101189277,-1123.32389599579,251.952874278821,-175.103907757064,-1137.16757265301,9566.2041184978,-1022.17878250302,0,0,-277.161095290392,0,-281.315579129009,160.201101221293,0,327.177496069193,1474.81365086827,29.7948591340763,452.932840539213,1026.59255346222,0,2910.90156240974,-202.572458016619,2330.76497532398,-1003.76546371359,0,-1537.13328106125,553.843849383314,347.90300100317,-2378.67857137998,-1216.82838000868,0,135.351672596716,133.408063214266,0,0,-338.796203663239,1528.9570743084,-1258.06377836532,0,0,-2227.6229682957,0,0,0,0,330.006984759064,0,1027.10743516657,-769.209683564064,-843.163340821364,1264.82305110133,0,0,0,-1097.50729242559,0,-191.123240608591,0
0,-42.7073996439453,1128.90585949183,471.448230291805,50.7971149159929,-406.309177957927,-327.540683199978,-1022.17878250302,9027.94268274391,0,0,818.079855801126,0,1116.06477551715,-726.096869972642,0,1560.58965319706,-807.683136666545,-2019.16657134364,-770.83118221577,165.17538645119,0,-1518.03627787986,616.891327174419,-1010.17815793843,-2357.06912712215,0,-680.842298534472,835.399161766883,1026.68604610508,2102.33379413602,113.898812536651,0,-697.247281053643,-153.661285645607,0,0,-347.558875965973,-170.183367495629,319.129158277946,0,0,826.859524570216,0,0,0,0,953.05859625009,0,-33.2193497293216,258.49275121469,-252.166352480782,269.270258434875,0,0,0,1964.74498791133,0,-455.921071777444,0
0,0,0,0,0,0,0,0,0,0.040684939691244,0,0,0,0,0,0,0,0,0,0,0,0,0,0,0,0,0,0,0,0,0,0,0,0,0,0,0,0,0,0,0,0,0,0,0,0,0,0,0,0,0,0,0,0,0,0,0,0,0,0
0,0,0,0,0,0,0,0,0,0,0.0329516606090405,0,0,0,0,0,0,0,0,0,0,0,0,0,0,0,0,0,0,0,0,0,0,0,0,0,0,0,0,0,0,0,0,0,0,0,0,0,0,0,0,0,0,0,0,0,0,0,0,0
0,-1083.75064370058,-1614.76723532421,137.906148904224,-45.0895769454582,-45.2022961849138,1546.06797215479,-277.161095290392,818.079855801126,0,0,13046.6948326432,0,685.250135398386,361.411530416944,0,1341.95005730996,-330.605351829947,-2133.41953486336,-1589.79287635402,-2657.11552199589,0,-534.952357764828,-29.3916719093775,-514.299301839876,2126.52103378464,0,2335.4756273367,178.625249950947,1799.51016956232,183.852555014213,230.253931066076,0,376.247354788293,1038.86243667009,0,0,-1571.19595575217,-1285.44061773051,-215.312361307759,0,0,2032.2791573152,0,0,0,0,2205.55737444634,0,-462.870287351013,-401.275049878041,437.370242812457,624.309992854705,0,0,0,535.707232148343,0,-615.965285628384,0
0,0,0,0,0,0,0,0,0,0,0,0,0.0453908395504924,0,0,0,0,0,0,0,0,0,0,0,0,0,0,0,0,0,0,0,0,0,0,0,0,0,0,0,0,0,0,0,0,0,0,0,0,0,0,0,0,0,0,0,0,0,0,0
0,510.537141489173,58.3919385684385,806.433799353368,-765.753264362831,1142.03979830713,-147.543904781061,-281.315579129009,1116.06477551715,0,0,685.250135398386,0,5039.6952097312,70.6806066629958,0,-419.82343977011,-1360.53930723601,419.463977860016,-733.593896706508,-1459.37900533881,0,-1143.48057578464,-1187.51604134337,-931.289628255225,-195.977472948429,0,-327.300398766639,-487.119783784281,-385.709058341364,817.552645382364,1315.20474198688,0,513.89374935817,833.242852637086,0,0,68.2761785051184,-206.678841380361,-281.576183656414,0,0,1132.0869628486,0,0,0,0,885.800192442877,0,999.480099135646,-645.336862928733,390.849580035171,-361.437589121063,0,0,0,891.783456807021,0,-1247.52075097059,0
0,-1198.34090035277,-378.803750442597,245.680158369215,628.149516309191,208.207937540345,1198.2528992552,160.201101221293,-726.096869972642,0,0,361.411530416944,0,70.6806066629958,8579.33218643248,0,1864.40726799206,788.402276781382,1103.04101150609,-1102.34383983609,-2213.89083249097,0,1773.36922318233,-423.753150713143,1044.11923490775,-808.208225493449,0,-457.025191828973,440.977978256574,-901.790724300331,451.644997181992,-854.922855221053,0,107.502432270332,1491.95729056061,0,0,2239.59188083682,116.685510723134,-921.72610222614,0,0,-1410.6453102239,0,0,0,0,-313.006269271817,0,-634.607881130663,75.3912427990731,1326.79099610499,398.968362157469,0,0,0,644.814283978003,0,716.492014003162,0
0,0,0,0,0,0,0,0,0,0,0,0,0,0,0,0.0610617087939247,0,0,0,0,0,0,0,0,0,0,0,0,0,0,0,0,0,0,0,0,0,0,0,0,0,0,0,0,0,0,0,0,0,0,0,0,0,0,0,0,0,0,0,0
0,-1791.68643097231,-110.044274996586,113.941712456909,757.106803651646,-2104.12680423252,1040.5003579064,327.177496069193,1560.58965319706,0,0,1341.95005730996,0,-419.82343977011,1864.40726799206,0,12468.0709803257,1875.99663103448,200.958072904443,-2635.40756196903,1000.76827611632,0,1759.68024659411,-853.833793924467,-330.796795461969,-804.695670859603,0,-1377.21318383062,-324.725264425999,-895.086948651707,1237.86986096728,182.763749793189,0,-2177.50922524365,1267.02384036891,0,0,332.281571120567,-986.387093650164,-760.099372625891,0,0,500.945186462066,0,0,0,0,637.841392618007,0,-503.680567500301,302.590331560602,467.302048341842,545.181517620838,0,0,0,1907.07861143972,0,-411.666384117104,0
0,905.529821155046,1707.66373977701,-584.121572336986,297.208287305067,-263.825817506617,-2071.79524692286,1474.81365086827,-807.683136666545,0,0,-330.605351829947,0,-1360.53930723601,788.402276781382,0,1875.99663103448,15808.323174258,1636.15414887726,-416.373420498594,1037.67724882496,0,3544.77593137732,1283.54933724856,1446.06137621845,-352.812343909112,0,1624.50093075577,-101.387715560138,-3908.93580846477,2228.14237312482,-1774.29085062995,0,-2852.95042571223,651.353162283713,0,0,-629.424923213721,2535.50194029182,117.921627461065,0,0,-510.050972154422,0,0,0,0,323.893727270269,0,-745.320351486269,219.955426839036,-436.851300562601,-635.974438281754,0,0,0,-933.85837494463,0,-924.093326778882,0
0,-666.021115339815,-741.562047160177,82.6268221570543,59.3998286844122,1226.31140905244,808.381717533694,29.7948591340763,-2019.16657134364,0,0,-2133.41953486336,0,419.463977860016,1103.04101150609,0,200.958072904443,1636.15414887726,14622.0356634996,-88.4875624738867,-3491.80591700094,0,3760.30363814353,-83.8000965320711,-1288.52112096641,-415.00316734136,0,632.074031181808,-487.273031136198,-9.91652662390166,1087.36378048162,2650.63964377205,0,648.601877616831,1476.32802799228,0,0,1861.85976191787,511.013751908615,402.309691395135,0,0,-231.73400329453,0,0,0,0,-1334.53676235528,0,-566.533244310153,-1073.907224686,-324.028608656072,341.303042773672,0,0,0,3147.01976379925,0,69.209016688389,0
0,-223.706195484133,1798.3626587742,-1061.12411371251,-1228.74856425493,-1273.72745989142,-631.412892609896,452.932840539213,-770.83118221577,0,0,-1589.79287635402,0,-733.593896706508,-1102.34383983609,0,-2635.40756196903,-416.373420498594,-88.4875624738867,14639.4709413068,9.41179056458824,0,-2128.49769841427,2247.64763949392,-1506.33696037565,-737.552737237755,0,-1094.66857415947,1581.48361198108,1024.50342381309,-715.95119282667,-899.031364264758,0,-364.410813536103,-2851.24357121219,0,0,134.478111179303,-392.501264380496,217.683930231409,0,0,-1045.99832079939,0,0,0,0,-3369.84792203123,0,-694.857386287731,1124.58792527135,-1176.01804297502,723.549273166803,0,0,0,-2129.35708300071,0,1151.31634464268,0
0,1870.86452551887,1000.87410624412,-405.290888274816,-369.964357659943,-977.492709597729,-812.325394180979,1026.59255346222,165.17538645119,0,0,-2657.11552199589,0,-1459.37900533881,-2213.89083249097,0,1000.76827611632,1037.67724882496,-3491.80591700094,9.41179056458824,13334.3044843913,0,-124.157785325715,2663.23578855718,1276.71256465811,935.494956194517,0,-1422.63329587542,1247.0519654373,-249.65550855202,-341.227458526971,1906.80812431631,0,-1460.75608234651,-400.368967482976,0,0,-1213.76817861241,1263.06491235884,517.990121423868,0,0,2490.50246793124,0,0,0,0,6.72557151909256,0,-1040.8459448304,-162.1047418711,-693.405958077113,-647.026112949539,0,0,0,-1957.67874464659,0,-423.208288989086,0
0,0,0,0,0,0,0,0,0,0,0,0,0,0,0,0,0,0,0,0,0,0.0827787409626971,0,0,0,0,0,0,0,0,0,0,0,0,0,0,0,0,0,0,0,0,0,0,0,0,0,0,0,0,0,0,0,0,0,0,0,0,0,0
0,-1444.24604235711,-281.825957660647,517.486071025424,1800.47180216329,18.442405444476,-416.58397831326,2910.90156240974,-1518.03627787986,0,0,-534.952357764828,0,-1143.48057578464,1773.36922318233,0,1759.68024659411,3544.77593137732,3760.30363814353,-2128.49769841427,-124.157785325715,0,14595.4599785466,669.821833736909,3552.49274877442,-288.595362090335,0,641.474898836446,225.544734229092,840.771831461073,1059.91293100013,1724.86150164325,0,-953.246057686139,1177.77623714104,0,0,957.517238393852,322.437017098038,-332.198062756978,0,0,-1686.98376198786,0,0,0,0,-180.518208139986,0,395.480774959248,-769.153306571446,-415.966967507894,363.128210409458,0,0,0,498.356406597141,0,-1326.50867794232,0
0,947.134726007346,185.652063824344,447.172720015554,-1196.8002169687,-679.333647507001,-1205.08406493546,-202.572458016619,616.891327174419,0,0,-29.3916719093775,0,-1187.51604134337,-423.753150713143,0,-853.833793924467,1283.54933724856,-83.8000965320711,2247.64763949392,2663.23578855718,0,669.821833736909,13836.5013124848,814.141977403485,2594.96753565481,0,-1069.09403079386,50.5148333216031,368.239074406108,819.858630526976,732.043155351697,0,387.15024172182,-3580.19705341948,0,0,875.367291230692,1042.79330096165,2644.33734505101,0,0,-397.761996883616,0,0,0,0,-836.898944582828,0,306.189913677288,-242.812628359267,-770.44804460566,701.664796544864,0,0,0,390.209621928162,0,-121.362073682893,0
0,1634.56044390392,-2012.90947808841,171.065592474137,2059.16705110674,82.3074617908916,-402.506592903839,2330.76497532398,-1010.17815793843,0,0,-514.299301839876,0,-931.289628255225,1044.11923490775,0,-330.796795461969,1446.06137621845,-1288.52112096641,-1506.33696037565,1276.71256465811,0,3552.49274877442,814.141977403485,12104.0486758357,-485.854333252402,0,-91.8372586560166,991.431112465118,436.499035794698,2404.34950871111,-460.454991704888,0,-85.8645730984904,-1341.45368536831,0,0,1128.05867854216,-661.563193024533,1532.62015994979,0,0,-1255.63270771324,0,0,0,0,594.078367253414,0,930.382831754689,396.774694843811,-880.734352838967,291.780831838029,0,0,0,-519.521422190912,0,-1035.74752951676,0
0,-1664.00456270654,-2211.04344140317,-724.330740219221,-1632.22695303684,-1127.61986206378,-107.629627328397,-1003.76546371359,-2357.06912712215,0,0,2126.52103378464,0,-195.977472948429,-808.208225493449,0,-804.695670859603,-352.812343909112,-415.00316734136,-737.552737237755,935.494956194517,0,-288.595362090335,2594.96753565481,-485.854333252402,16186.3405328867,0,3995.80469169038,1743.05479237134,561.625520859023,268.521132549601,2017.04775961881,0,437.888185574574,-935.477952951017,0,0,-1532.93626066648,908.750420290657,3466.71628705588,0,0,455.303235004597,0,0,0,0,1291.49789387754,0,-429.098490268068,1011.58049013927,1289.24253376123,-1573.56616790982,0,0,0,78.3512854711026,0,608.388439044473,0
0,0,0,0,0,0,0,0,0,0,0,0,0,0,0,0,0,0,0,0,0,0,0,0,0,0,0.0701590459899027,0,0,0,0,0,0,0,0,0,0,0,0,0,0,0,0,0,0,0,0,0,0,0,0,0,0,0,0,0,0,0,0,0
0,-745.019875571854,-2172.25391235239,-491.956545909319,2592.36706945129,-708.973087162962,-222.745198379684,-1537.13328106125,-680.842298534472,0,0,2335.4756273367,0,-327.300398766639,-457.025191828973,0,-1377.21318383062,1624.50093075577,632.074031181808,-1094.66857415947,-1422.63329587542,0,641.474898836446,-1069.09403079386,-91.8372586560166,3995.80469169038,0,11319.6332403881,1838.00704109411,-2210.90645268593,563.052381189739,-104.456572337283,0,-494.130220725096,-1538.91549755995,0,0,-1162.63587555075,920.544716377467,96.2800368009809,0,0,1165.93838664215,0,0,0,0,1858.17857175703,0,219.893902404521,577.17421095795,905.879177388802,-1519.74080566288,0,0,0,-787.148808372247,0,-242.726554252394,0
0,-478.00304489377,1290.06785231053,162.795225375136,1527.851942994,583.557084152746,-388.021913532266,553.843849383314,835.399161766883,0,0,178.625249950947,0,-487.119783784281,440.977978256574,0,-324.725264425999,-101.387715560138,-487.273031136198,1581.48361198108,1247.0519654373,0,225.544734229092,50.5148333216031,991.431112465118,1743.05479237134,0,1838.00704109411,11564.5824599269,429.25764364027,1677.83709872135,270.765699730525,0,-84.3288653631441,-586.480192569316,0,0,-1525.13677795512,617.720611401139,416.456365510975,0,0,-1221.84727855591,0,0,0,0,-508.284408509739,0,472.176975502924,1182.74492958772,779.274409047639,-222.760119973294,0,0,0,38.2139764280254,0,-1016.5356785853,0
0,-186.717603601001,-332.506720725938,-4.29334563722136,-679.482044794939,-1121.28034967312,501.52439076547,347.90300100317,1026.68604610508,0,0,1799.51016956232,0,-385.709058341364,-901.790724300331,0,-895.086948651707,-3908.93580846477,-9.91652662390166,1024.50342381309,-249.65550855202,0,840.771831461073,368.239074406108,436.499035794698,561.625520859023,0,-2210.90645268593,429.25764364027,9614.64031845301,-1868.67500984592,-5.604206339307,0,-1710.78903661943,-952.621697256128,0,0,223.099807479874,-645.253031047384,76.5794187648863,0,0,545.414831183639,0,0,0,0,-661.411213401875,0,590.985457693969,-403.32866450843,274.591311786177,-1062.18613649514,0,0,0,268.771130031154,0,640.32285501944,0
0,1105.87766589843,-583.385453844175,616.802659752572,-410.555918230237,598.524519745337,-1477.34573699232,-2378.67857137998,2102.33379413602,0,0,183.852555014213,0,817.552645382364,451.644997181992,0,1237.86986096728,2228.14237312482,1087.36378048162,-715.95119282667,-341.227458526971,0,1059.91293100013,819.858630526977,2404.34950871111,268.521132549601,0,563.052381189739,1677.83709872135,-1868.67500984592,12137.8562966512,1008.38789633474,0,1936.66617728684,136.380360069003,0,0,1124.24329201049,-1315.18086224141,2092.6501484519,0,0,997.314072179814,0,0,0,0,594.965946248925,0,-1317.42723295326,804.169602549284,-211.115902170261,-225.538300137182,0,0,0,1724.70812619567,0,97.1652958122885,0
0,-617.793614094052,-687.65770005565,2455.1407358361,-465.678363725609,595.912416465285,1316.35086837763,-1216.82838000868,113.89881253665,0,0,230.253931066076,0,1315.20474198688,-854.922855221053,0,182.763749793189,-1774.29085062995,2650.63964377205,-899.031364264758,1906.80812431631,0,1724.86150164325,732.043155351697,-460.454991704888,2017.04775961881,0,-104.456572337283,270.765699730525,-5.604206339307,1008.38789633474,12550.688031386,0,-828.69801856502,591.602622691278,0,0,-397.643728894197,1852.82329887483,373.239452847948,0,0,382.283887160988,0,0,0,0,-55.9873668181051,0,-994.252639651316,-128.791985902378,416.033461008807,860.789820448947,0,0,0,-59.6433509966649,0,64.3430278450708,0
0,0,0,0,0,0,0,0,0,0,0,0,0,0,0,0,0,0,0,0,0,0,0,0,0,0,0,0,0,0,0,0,0.0534277174452848,0,0,0,0,0,0,0,0,0,0,0,0,0,0,0,0,0,0,0,0,0,0,0,0,0,0,0
0,270.382421407323,89.8076009716397,-1379.56925662228,-699.165770844205,2255.64640809505,-227.143447660304,135.351672596716,-697.247281053643,0,0,376.247354788293,0,513.89374935817,107.502432270332,0,-2177.50922524365,-2852.95042571223,648.601877616831,-364.410813536103,-1460.75608234651,0,-953.246057686139,387.15024172182,-85.8645730984904,437.888185574574,0,-494.130220725097,-84.3288653631441,-1710.78903661943,1936.66617728684,-828.69801856502,0,11935.5603350827,571.947169737384,0,0,112.955001234759,315.567576007714,-434.971287567832,0,0,-437.892929838764,0,0,0,0,-800.651074259335,0,-209.161220681232,-590.085843598893,-377.256536053627,-1055.07510005797,0,0,0,281.999959927047,0,853.366014014147,0
0,-246.127677911954,188.796989237672,361.99326018575,-1058.19450447173,1080.5221616558,234.979137201077,133.408063214266,-153.661285645607,0,0,1038.86243667009,0,833.242852637086,1491.95729056061,0,1267.02384036891,651.353162283713,1476.32802799228,-2851.24357121219,-400.368967482976,0,1177.77623714104,-3580.19705341948,-1341.45368536831,-935.477952951017,0,-1538.91549755995,-586.480192569316,-952.621697256128,136.380360069003,591.602622691278,0,571.947169737384,10130.6306714717,0,0,-28.9669902193922,794.556965554976,224.210302571973,0,0,1417.4409182135,0,0,0,0,-1442.80970584967,0,1225.72915157985,-367.175246805744,272.716121216497,-218.359623843708,0,0,0,333.831795621366,0,598.083445838,0
0,0,0,0,0,0,0,0,0,0,0,0,0,0,0,0,0,0,0,0,0,0,0,0,0,0,0,0,0,0,0,0,0,0,0,0.0591006367262444,0,0,0,0,0,0,0,0,0,0,0,0,0,0,0,0,0,0,0,0,0,0,0,0
0,0,0,0,0,0,0,0,0,0,0,0,0,0,0,0,0,0,0,0,0,0,0,0,0,0,0,0,0,0,0,0,0,0,0,0,0.0631005974408064,0,0,0,0,0,0,0,0,0,0,0,0,0,0,0,0,0,0,0,0,0,0,0
0,92.6037349454838,-497.19973219962,1059.21569617472,-277.86608994435,-286.486657564083,-180.107497627978,-338.796203663239,-347.558875965973,0,0,-1571.19595575217,0,68.2761785051184,2239.59188083682,0,332.281571120567,-629.424923213721,1861.85976191787,134.478111179303,-1213.76817861241,0,957.517238393852,875.367291230692,1128.05867854216,-1532.93626066648,0,-1162.63587555075,-1525.13677795512,223.099807479874,1124.24329201049,-397.643728894197,0,112.955001234759,-28.9669902193922,0,0,10218.970645421,-663.964583550309,501.286665283085,0,0,-1127.93724643131,0,0,0,0,95.0964570509936,0,-352.763548298586,-23.4317057966448,-511.325489882442,1955.36642594118,0,0,0,-451.979252806449,0,232.108324007785,0
0,229.843504736152,-349.843001919831,-125.541370997377,-123.383098022055,354.281748310358,507.600672670801,1528.9570743084,-170.183367495629,0,0,-1285.44061773051,0,-206.678841380361,116.685510723134,0,-986.387093650164,2535.50194029182,511.013751908615,-392.501264380496,1263.06491235884,0,322.437017098038,1042.79330096165,-661.563193024533,908.750420290657,0,920.544716377467,617.720611401139,-645.253031047384,-1315.18086224141,1852.82329887483,0,315.567576007714,794.556965554976,0,0,-663.964583550309,9228.26000080767,114.091305487596,0,0,-408.060847903798,0,0,0,0,241.637417863927,0,-640.351293590926,-308.681344674952,219.843284460588,-356.801150690658,0,0,0,241.167812680455,0,395.836836833619,0
0,-699.381957058642,26.5079067790529,-844.887809336204,-1788.31866136182,1422.57451609002,-601.150004586621,-1258.06377836532,319.129158277945,0,0,-215.312361307759,0,-281.576183656414,-921.72610222614,0,-760.099372625891,117.921627461065,402.309691395135,217.683930231409,517.990121423868,0,-332.198062756978,2644.33734505101,1532.62015994979,3466.71628705588,0,96.2800368009809,416.456365510975,76.5794187648863,2092.6501484519,373.239452847948,0,-434.971287567832,224.210302571973,0,0,501.286665283085,114.091305487596,7565.23144878836,0,0,1379.34038941347,0,0,0,0,155.420587030794,0,128.447350233812,-256.288526953637,169.782432712617,-451.607011361472,0,0,0,155.060286536527,0,219.005761100716,0
0,0,0,0,0,0,0,0,0,0,0,0,0,0,0,0,0,0,0,0,0,0,0,0,0,0,0,0,0,0,0,0,0,0,0,0,0,0,0,0,0.038223860984151,0,0,0,0,0,0,0,0,0,0,0,0,0,0,0,0,0,0,0
0,0,0,0,0,0,0,0,0,0,0,0,0,0,0,0,0,0,0,0,0,0,0,0,0,0,0,0,0,0,0,0,0,0,0,0,0,0,0,0,0,0.0452636022448061,0,0,0,0,0,0,0,0,0,0,0,0,0,0,0,0,0,0
0,151.075871722443,21.6866627531037,-130.595232852859,-1811.13654402378,614.504697156068,703.261319912404,-2227.6229682957,826.859524570216,0,0,2032.2791573152,0,1132.0869628486,-1410.6453102239,0,500.945186462066,-510.050972154422,-231.73400329453,-1045.99832079939,2490.50246793124,0,-1686.98376198786,-397.761996883617,-1255.63270771324,455.303235004597,0,1165.93838664215,-1221.84727855591,545.414831183639,997.314072179815,382.283887160988,0,-437.892929838764,1417.4409182135,0,0,-1127.93724643131,-408.060847903798,1379.34038941347,0,0,7769.53228170124,0,0,0,0,1061.4522573688,0,-600.752398357555,-257.74047384194,174.382593375853,-876.429491644395,0,0,0,-752.439167177032,0,224.339527586058,0
0,0,0,0,0,0,0,0,0,0,0,0,0,0,0,0,0,0,0,0,0,0,0,0,0,0,0,0,0,0,0,0,0,0,0,0,0,0,0,0,0,0,0,0.0423565378896939,0,0,0,0,0,0,0,0,0,0,0,0,0,0,0,0
0,0,0,0,0,0,0,0,0,0,0,0,0,0,0,0,0,0,0,0,0,0,0,0,0,0,0,0,0,0,0,0,0,0,0,0,0,0,0,0,0,0,0,0,0.0604676260327344,0,0,0,0,0,0,0,0,0,0,0,0,0,0,0
0,0,0,0,0,0,0,0,0,0,0,0,0,0,0,0,0,0,0,0,0,0,0,0,0,0,0,0,0,0,0,0,0,0,0,0,0,0,0,0,0,0,0,0,0,0.0424955153467805,0,0,0,0,0,0,0,0,0,0,0,0,0,0
0,0,0,0,0,0,0,0,0,0,0,0,0,0,0,0,0,0,0,0,0,0,0,0,0,0,0,0,0,0,0,0,0,0,0,0,0,0,0,0,0,0,0,0,0,0,0.0320728502435463,0,0,0,0,0,0,0,0,0,0,0,0,0
0,-1010.22921823684,-1014.32882762094,-32.8709253076796,-79.5198038174059,328.534204241562,-449.783329529803,330.006984759064,953.05859625009,0,0,2205.55737444634,0,885.800192442877,-313.006269271817,0,637.841392618007,323.893727270269,-1334.53676235528,-3369.84792203123,6.72557151909256,0,-180.518208139986,-836.898944582828,594.078367253414,1291.49789387754,0,1858.17857175703,-508.284408509739,-661.411213401875,594.965946248925,-55.9873668181051,0,-800.651074259335,-1442.80970584967,0,0,95.0964570509936,241.637417863927,155.420587030794,0,0,1061.4522573688,0,0,0,0,7436.33831753043,0,-128.837401191243,151.102864485976,513.659371221154,515.920681819554,0,0,0,1636.45575378717,0,-547.716801426904,0
0,0,0,0,0,0,0,0,0,0,0,0,0,0,0,0,0,0,0,0,0,0,0,0,0,0,0,0,0,0,0,0,0,0,0,0,0,0,0,0,0,0,0,0,0,0,0,0,0.0316031738363728,0,0,0,0,0,0,0,0,0,0,0
0,215.023156636593,-509.712455603243,845.026270487136,253.702611309262,592.472601471493,-12.7179518652498,1027.10743516657,-33.2193497293216,0,0,-462.870287351013,0,999.480099135646,-634.607881130663,0,-503.680567500301,-745.320351486269,-566.533244310153,-694.857386287731,-1040.8459448304,0,395.480774959248,306.189913677288,930.382831754689,-429.098490268068,0,219.893902404521,472.176975502924,590.985457693969,-1317.42723295326,-994.252639651316,0,-209.161220681232,1225.72915157985,0,0,-352.763548298586,-640.351293590926,128.447350233812,0,0,-600.752398357555,0,0,0,0,-128.837401191243,0,4841.54107815695,121.297863266058,-19.873928756303,-589.13540127717,0,0,0,-498.794016522097,0,-815.600097731826,0
0,-480.136141817931,-220.672613952032,185.097060400157,796.554035425305,-978.924027293507,1.95530183684462,-769.209683564064,258.49275121469,0,0,-401.275049878041,0,-645.336862928733,75.3912427990731,0,302.590331560602,219.955426839036,-1073.907224686,1124.58792527135,-162.1047418711,0,-769.153306571446,-242.812628359267,396.774694843811,1011.58049013927,0,577.17421095795,1182.74492958772,-403.32866450843,804.169602549284,-128.791985902378,0,-590.085843598893,-367.175246805744,0,0,-23.4317057966448,-308.681344674952,-256.288526953637,0,0,-257.74047384194,0,0,0,0,151.102864485976,0,121.297863266058,3622.41223122589,729.89535234219,378.950045190257,0,0,0,-178.977433952729,0,-89.3207134414491,0
0,-540.215360509726,146.927367330987,688.96790745183,-214.592445854317,27.1471455984648,342.489684876082,-843.163340821364,-252.166352480782,0,0,437.370242812458,0,390.849580035171,1326.79099610499,0,467.302048341842,-436.851300562601,-324.028608656072,-1176.01804297501,-693.405958077113,0,-415.966967507894,-770.44804460566,-880.734352838967,1289.24253376123,0,905.879177388802,779.274409047639,274.591311786177,-211.115902170261,416.033461008807,0,-377.256536053627,272.716121216497,0,0,-511.325489882442,219.843284460588,169.782432712617,0,0,174.382593375853,0,0,0,0,513.659371221154,0,-19.873928756303,729.89535234219,2635.61167538196,-106.347484474777,0,0,0,-28.1644730226113,0,306.455485571003,0
0,490.490649348869,-389.239177049123,524.271035118065,453.057772750967,-291.005326659613,-1118.26923239922,1264.82305110133,269.270258434875,0,0,624.309992854705,0,-361.437589121063,398.968362157469,0,545.181517620838,-635.974438281754,341.303042773672,723.549273166803,-647.026112949539,0,363.128210409458,701.664796544864,291.780831838029,-1573.56616790982,0,-1519.74080566288,-222.760119973294,-1062.18613649514,-225.538300137182,860.789820448946,0,-1055.07510005797,-218.359623843708,0,0,1955.36642594118,-356.801150690658,-451.607011361472,0,0,-876.429491644395,0,0,0,0,515.920681819554,0,-589.13540127717,378.950045190257,-106.347484474777,7121.75129375792,0,0,0,515.804168810845,0,-326.347027174509,0
0,0,0,0,0,0,0,0,0,0,0,0,0,0,0,0,0,0,0,0,0,0,0,0,0,0,0,0,0,0,0,0,0,0,0,0,0,0,0,0,0,0,0,0,0,0,0,0,0,0,0,0,0,0.0355256018894943,0,0,0,0,0,0
0,0,0,0,0,0,0,0,0,0,0,0,0,0,0,0,0,0,0,0,0,0,0,0,0,0,0,0,0,0,0,0,0,0,0,0,0,0,0,0,0,0,0,0,0,0,0,0,0,0,0,0,0,0,0.0436733310948802,0,0,0,0,0
0,0,0,0,0,0,0,0,0,0,0,0,0,0,0,0,0,0,0,0,0,0,0,0,0,0,0,0,0,0,0,0,0,0,0,0,0,0,0,0,0,0,0,0,0,0,0,0,0,0,0,0,0,0,0,0.0355623122173342,0,0,0,0
0,-1452.30122464328,-1411.15745579833,327.752673917721,1119.94311103625,-496.316422064208,-450.204405268852,-1097.50729242559,1964.74498791133,0,0,535.707232148343,0,891.783456807021,644.814283978003,0,1907.07861143972,-933.85837494463,3147.01976379925,-2129.35708300071,-1957.67874464659,0,498.356406597141,390.209621928162,-519.521422190912,78.3512854711026,0,-787.148808372247,38.2139764280254,268.771130031154,1724.70812619567,-59.6433509966649,0,281.999959927047,333.831795621366,0,0,-451.979252806449,241.167812680455,155.060286536527,0,0,-752.439167177032,0,0,0,0,1636.45575378717,0,-498.794016522097,-178.977433952729,-28.1644730226113,515.804168810845,0,0,0,7559.39688133661,0,-93.7180135016049,0
0,0,0,0,0,0,0,0,0,0,0,0,0,0,0,0,0,0,0,0,0,0,0,0,0,0,0,0,0,0,0,0,0,0,0,0,0,0,0,0,0,0,0,0,0,0,0,0,0,0,0,0,0,0,0,0,0,0.0311613348140394,0,0
0,-524.893594013844,583.493171306458,-694.792861976963,-3302.93320231467,-900.305578432066,-39.3242126288676,-191.123240608591,-455.921071777444,0,0,-615.965285628384,0,-1247.52075097059,716.492014003162,0,-411.666384117104,-924.093326778882,69.209016688389,1151.31634464268,-423.208288989086,0,-1326.50867794232,-121.362073682893,-1035.74752951676,608.388439044473,0,-242.726554252394,-1016.5356785853,640.32285501944,97.1652958122885,64.3430278450708,0,853.366014014147,598.083445838,0,0,232.108324007785,395.836836833619,219.005761100716,0,0,224.339527586058,0,0,0,0,-547.716801426904,0,-815.600097731826,-89.3207134414491,306.455485571003,-326.347027174509,0,0,0,-93.7180135016049,0,8346.27253778589,0
0,0,0,0,0,0,0,0,0,0,0,0,0,0,0,0,0,0,0,0,0,0,0,0,0,0,0,0,0,0,0,0,0,0,0,0,0,0,0,0,0,0,0,0,0,0,0,0,0,0,0,0,0,0,0,0,0,0,0,0.00855579380389555
