0.0784661174803622,0.0307990839656643,0.046396669452999,-0.00306640557483901,-0.0124464279245884,-0.00106772572623986,-0.00257220453318088,-0.000998212936376777,-0.00384848897130046,-0.00337663549622044,-0.00423211013258002,-0.00276590282687543,-0.00293446644711161,-0.00421564907158093,0.00145600952026661,0.000166064693780821,-0.0220431530213931,-0.0482177893112376,-0.0208296356383272,-0.0108671077563044,0.00733869742976219,-0.0192251696062262
0.0307990839656643,0.026157297299974,0.0129151396670199,0.00298102959518768,-0.00234337329015137,0.00267816712476359,0.00263288227432654,0.002932214201671,0.00138537627842489,0.0023032906804654,0.000986530139377436,0.00129787888595625,0.000386397146868033,0.000983731092206919,0.00438271839210962,-0.00436032248727455,-0.0113389790039174,-0.0196536751882627,-0.00322722221473879,-0.000616653902942852,0.00769567566056774,-0.00362536925935744
0.046396669452999,0.0129151396670199,0.0830207814661414,-0.0056498956255061,-0.00993016931794954,-0.00373188583349719,-0.00323972483342086,-0.00362603439540451,-0.00685330391308812,-0.0042326312171061,-0.00818985501475604,-0.00495409988205266,-0.00468439669146476,-0.00820710788257904,-0.00455755035483402,0.00633580828147492,-0.0336789928471963,0.00139522130802954,-0.0247469171393937,-0.0154546699424297,-0.00639141729673291,-0.0199714879630805
-0.00306640557483901,0.00298102959518768,-0.0056498956255061,0.0107231459520691,0.00885896207585565,0.0093705727991955,0.0109058714932887,0.00944723141271652,0.0119185964268505,0.01117505149192,0.0121086658901706,0.0109055644909508,0.00844058440829293,0.0121556524173598,0.00564853896825161,-0.0135678328628396,0.00696337731287824,0.00587161140584402,0.0134994493542087,0.00998849842681519,0.00860495026041749,0.0137736004616706
-0.0124464279245884,-0.00234337329015137,-0.00993016931794954,0.00885896207585565,0.00931130359470018,0.00747825737964204,0.00911702876141142,0.00751198922881166,0.00915129941512743,0.00858478087604881,0.00938491668874082,0.00842776163469186,0.00635417469743545,0.00941263744486042,0.00400573625374194,-0.0106640406200116,0.00845142081348503,0.00932317630107476,0.0133811830712245,0.00918534845157603,0.00469410383413348,0.013581540134025
-0.00106772572623986,0.00267816712476359,-0.00373188583349719,0.0093705727991955,0.00747825737964204,0.00852195999901532,0.00956440245893519,0.00857960075807793,0.0105656445990436,0.00985852458643278,0.0108303894053259,0.00972720699317913,0.00740900448775844,0.010870686363589,0.00492154423157748,-0.0122697468967656,0.00574601830053191,0.00446580821701603,0.0114918795216565,0.00742099061535495,0.00764938935321341,0.0115169772927617
-0.00257220453318088,0.00263288227432654,-0.00323972483342086,0.0109058714932887,0.00911702876141142,0.00956440245893519,0.011886697333424,0.00963861664493452,0.0133653739519242,0.0125331541698645,0.0135555264769499,0.0128957059183648,0.00938106653890625,0.0136043157542516,0.00537812186727182,-0.0153371941730826,0.00584636119943228,0.00822244165352495,0.0145638441461708,0.0102606049629076,0.0085327728910469,0.0153282595706491
-0.000998212936376777,0.002932214201671,-0.00362603439540451,0.00944723141271652,0.00751198922881166,0.00857960075807793,0.00963861664493452,0.0086419893250128,0.0106481150701809,0.009954524479811,0.010898589460327,0.00979807932732543,0.00747090523261821,0.0109391787328208,0.00498277718394564,-0.0123606272455388,0.00570288013664225,0.00451356883512971,0.0115636621467667,0.00748171145820461,0.0077572852354525,0.0115846750928217
-0.00384848897130046,0.00138537627842489,-0.00685330391308812,0.0119185964268505,0.00915129941512742,0.0105656445990436,0.0133653739519242,0.0106481150701809,0.0274207048558068,0.0241882181190276,0.0298825577122636,0.0259736725859542,0.0183095631681448,0.0299680986135465,0.00731551277077046,-0.0249341107894874,0.0154899329207716,0.00896204236493587,0.0183114666761018,0.0170712715185599,0.0150205724810579,0.0186566693588403
-0.00337663549622044,0.0023032906804654,-0.0042326312171061,0.01117505149192,0.00858478087604881,0.00985852458643278,0.0125331541698645,0.009954524479811,0.0241882181190276,0.0217659108834987,0.0260867661980221,0.0229289901186593,0.016164703978787,0.0261601201420267,0.006608467059509,-0.0223137487096165,0.0124087638687889,0.00948851766407785,0.0166090481154951,0.0153075948211344,0.01367438448308,0.0170547165636654
-0.00423211013258002,0.000986530139377436,-0.00818985501475604,0.0121086658901706,0.00938491668874082,0.0108303894053259,0.0135555264769499,0.010898589460327,0.0298825577122636,0.0260867661980221,0.0336130956667339,0.0281315803015664,0.0191592698594591,0.0336847502924031,0.00748977652442418,-0.0271496531596952,0.0169140909521879,0.00887563849010048,0.0180968764496196,0.0169602183788598,0.0152414726863034,0.0181495269759912
-0.00276590282687543,0.00129787888595625,-0.00495409988205266,0.0109055644909508,0.00842776163469186,0.00972720699317913,0.0128957059183648,0.00979807932732543,0.0259736725859542,0.0229289901186593,0.0281315803015664,0.0253762423508687,0.0173048749674616,0.028212414793928,0.0066831954106285,-0.0244779273166018,0.0121837081728111,0.0099460725553742,0.0171681012529633,0.0159611156903916,0.0142759237328873,0.0179968068146365
-0.00293446644711161,0.000386397146868033,-0.00468439669146476,0.00844058440829293,0.00635417469743545,0.00740900448775844,0.00938106653890625,0.00747090523261821,0.0183095631681448,0.016164703978787,0.0191592698594591,0.0173048749674616,0.0131142702260468,0.0192404469601802,0.00519520594306548,-0.016491669080779,0.0117936224445899,0.00629994230355078,0.0139108677172912,0.0130792407440332,0.0112983565258658,0.014374738797167
-0.00421564907158093,0.000983731092206919,-0.00820710788257904,0.0121556524173598,0.00941263744486042,0.010870686363589,0.0136043157542516,0.0109391787328208,0.0299680986135465,0.0261601201420267,0.0336847502924031,0.028212414793928,0.0192404469601802,0.0337575825154514,0.00752239260348971,-0.0272083614958348,0.0169764691565256,0.00891693556214868,0.0181992563367059,0.0170364875924431,0.0153263517713044,0.0182566518211827
0.00145600952026661,0.00438271839210962,-0.00455755035483402,0.00564853896825161,0.00400573625374194,0.00492154423157748,0.00537812186727182,0.00498277718394564,0.00731551277077046,0.006608467059509,0.00748977652442418,0.0066831954106285,0.00519520594306548,0.00752239260348971,0.00586025922198826,-0.00988814574769511,0.00568263411663759,-0.002700381962206,0.00656844645411113,0.00683263805206077,0.00804696422430643,0.00635274868912432
0.000166064693780821,-0.00436032248727455,0.00633580828147492,-0.0135678328628396,-0.0106640406200116,-0.0122697468967656,-0.0153371941730826,-0.0123606272455388,-0.0249341107894874,-0.0223137487096165,-0.0271496531596952,-0.0244779273166018,-0.016491669080779,-0.0272083614958348,-0.00988814574769511,0.033121102611677,-0.0177435137879502,-0.00251495348938898,-0.0206965137368462,-0.019864182210449,-0.0208102830639529,-0.0210649690565547
-0.0220431530213931,-0.0113389790039174,-0.0336789928471963,0.00696337731287824,0.00845142081348503,0.00574601830053191,0.00584636119943228,0.00570288013664225,0.0154899329207716,0.0124087638687889,0.0169140909521879,0.0121837081728111,0.0117936224445899,0.0169764691565256,0.00568263411663759,-0.0177435137879502,0.0571976812875672,-0.00365482191554482,0.0258250251709726,0.0308238779767295,0.0128828164507614,0.0215807933802605
-0.0482177893112376,-0.0196536751882627,0.00139522130802954,0.00587161140584402,0.00932317630107476,0.00446580821701603,0.00822244165352495,0.00451356883512971,0.00896204236493587,0.00948851766407786,0.00887563849010048,0.0099460725553742,0.00629994230355078,0.00891693556214868,-0.002700381962206,-0.00251495348938898,-0.00365482191554482,0.0797963732573827,0.0168651958315993,0.0056013423742278,-0.000230334576373299,0.0191120657695699
-0.0208296356383272,-0.00322722221473879,-0.0247469171393937,0.0134994493542087,0.0133811830712245,0.0114918795216565,0.0145638441461708,0.0115636621467667,0.0183114666761018,0.0166090481154951,0.0180968764496196,0.0171681012529633,0.0139108677172912,0.0181992563367059,0.00656844645411113,-0.0206965137368462,0.0258250251709726,0.0168651958315993,0.0371064134058853,0.024936743992678,0.0185110142851091,0.0340707051208841
-0.0108671077563044,-0.000616653902942852,-0.0154546699424297,0.00998849842681519,0.00918534845157603,0.00742099061535495,0.0102606049629076,0.00748171145820461,0.0170712715185599,0.0153075948211344,0.0169602183788598,0.0159611156903916,0.0130792407440332,0.0170364875924431,0.00683263805206078,-0.019864182210449,0.0308238779767295,0.0056013423742278,0.024936743992678,0.0436881531814757,0.0235938080283696,0.024178621109397
0.00733869742976219,0.00769567566056774,-0.00639141729673291,0.00860495026041749,0.00469410383413348,0.00764938935321341,0.0085327728910469,0.0077572852354525,0.0150205724810579,0.01367438448308,0.0152414726863034,0.0142759237328873,0.0112983565258658,0.0153263517713044,0.00804696422430643,-0.0208102830639529,0.0128828164507614,-0.000230334576373299,0.0185110142851091,0.0235938080283696,0.0332640419741315,0.0168139776137167
-0.0192251696062262,-0.00362536925935744,-0.0199714879630805,0.0137736004616706,0.013581540134025,0.0115169772927617,0.0153282595706491,0.0115846750928217,0.0186566693588403,0.0170547165636654,0.0181495269759912,0.0179968068146365,0.014374738797167,0.0182566518211827,0.00635274868912432,-0.0210649690565547,0.0215807933802605,0.0191120657695699,0.0340707051208841,0.024178621109397,0.0168139776137167,0.0333892943544888
