0.181634144164045,-0.00924835500429077,0.02409170527215,-0.00545422782770452,0.0518101615449782,-0.00793797990827422,-0.000215333797968031,-0.0218560312119255,-0.0159491218325953,0.00443497755275649,0.00154083885700905,0.0110080309843479,-0.00406417533551235,0.00660700087568577,-0.00981777191651547,-0.0148075359375832,-0.0063527744671563,0.019850518348181,0.00777835420128348,-0.0133485480321454,0.0197338145739249,0.00884320473351541,-0.0122794533807299,0.00493292155625134
-0.00924835500429077,0.0291083251287397,-0.00976827198143168,0.0152840902645263,0.00165132714908663,0.00156373730497658,0.000323008583810954,0.00502848422142607,0.0268922315429123,0.00410409211912738,0.00210182589293624,-0.00425022139948153,-0.00230451688757817,0.0209239575686238,-0.00357218402080701,-0.00716546805735198,0.00906970050603082,0.00278637484347834,-0.00286235518393729,0.00177335389614105,-0.0129227857305255,-8.73626079234543e-05,-0.00957123219886384,-0.000680744774986677
0.02409170527215,-0.00976827198143168,0.0760267105785624,-0.0087952343065295,0.0111019183625909,0.0205039381155641,-0.000691486949419462,0.00235045755366425,-0.0052917420214344,0.0102929325749049,0.0174065928568343,0.0208830123232501,-0.0127068410130036,0.00699577371759996,-0.00171103420358348,0.00756309392174817,-0.00031532559792961,0.00709479679891009,0.00029704998792178,-0.0116916388577191,0.00691597892766486,0.00165567735406943,-0.00451878131712962,-0.00696068456055144
-0.00545422782770452,0.0152840902645263,-0.0087952343065295,0.026689794925799,-0.00715012068197047,0.00339141247691281,0.00344698392617353,0.00511311377640384,0.0190877541240655,-0.000158809428279848,0.00325215935773974,-0.00413442284009621,-0.000359426272129077,0.0314506095360044,-0.00126020301338185,0.000808643025894086,0.0191713405527142,0.005540979104179,0.00116581038742715,0.00174394647707543,-0.00234810761226994,0.00196765412380829,-0.0100866348545622,-0.010282250631804
0.0518101615449782,0.00165132714908663,0.0111019183625909,-0.00715012068197047,0.146492323098739,0.00676151281222518,0.00951556495797282,-0.0106361262038175,-0.00820950716304178,0.00166507006390909,0.00719983539069794,-0.00317428096421937,0.00733395805419411,0.00887885194783823,-0.00281700048402272,-0.00113962552184173,-0.00171247935648011,0.00152952910492275,0.00157753501864782,0.00496096121240472,-0.0175318945067541,-0.00644106081549304,-0.00844881470271702,0.0173131270582831
-0.00793797990827422,0.00156373730497658,0.0205039381155641,0.00339141247691281,0.00676151281222518,0.0934900597485563,-0.00143754658319721,0.0251530026244031,0.00857568516449319,0.0136986349558539,-0.0272161530204342,0.0131908292399201,0.0182233141962308,0.0222952588908865,-0.00535291873726996,0.0105242557916983,-0.00594752788632243,-0.00522252743760836,0.00702475113896785,-0.00597783929331494,0.00509471993531904,-0.0140339802844081,0.000396185664182898,0.00696049096940814
-0.000215333797968031,0.000323008583810954,-0.000691486949419462,0.00344698392617353,0.00951556495797282,-0.00143754658319721,0.0532298345270818,0.000210578596001543,-0.00354304636586231,-0.00238696843021072,-0.00660260715078286,0.00415673556205891,0.00644421289430675,-0.00522954156852246,0.00672962757829693,-0.00825219546228642,0.00511602617643064,-0.00748919267982844,0.000251398335967987,-0.00366883394451408,0.00415075341936267,-0.00204785574793714,-0.000144795221396087,-0.00931383395433458
-0.0218560312119255,0.00502848422142607,0.00235045755366425,0.00511311377640384,-0.0106361262038175,0.0251530026244031,0.000210578596001543,0.130686757360222,0.0192009754756241,0.0241569129693919,0.00858066644887316,0.00423460668064924,0.0140809647537814,0.0189865426092818,-0.00707325274320088,-0.0116548681470887,0.00931137267738742,0.00619407898918654,0.00197209750043549,0.0417557798626988,-0.057858525409714,-0.00188185309035133,-0.00288596098246793,0.00704180165914261
-0.0159491218325953,0.0268922315429123,-0.0052917420214344,0.0190877541240655,-0.00820950716304178,0.00857568516449319,-0.00354304636586231,0.0192009754756241,0.128645007278647,0.00334900839816838,-0.00935156840834592,0.000745579953539198,-0.00034533393868962,0.0349895394405455,-0.0151009528750364,0.00135133392642834,0.0248671569467192,0.0169273577520597,0.00458218298391393,0.00816856059845844,-0.0713763821067764,-0.000424699901135255,-0.0274191060261979,0.0145737014514845
0.00443497755275649,0.00410409211912738,0.0102929325749049,-0.000158809428279848,0.00166507006390909,0.0136986349558539,-0.00238696843021073,0.0241569129693919,0.00334900839816838,0.0426513413259634,-0.00541243216471589,0.00613827579707836,0.00583774450410439,0.0158507534805572,0.00275403093749614,0.00056152432612598,-0.000863732240641127,0.00416281052312894,0.00115164649211144,-0.0148919046635504,0.00394842615746644,0.00532293661093616,0.000613305983134332,-0.0134558148314319
0.00154083885700905,0.00210182589293624,0.0174065928568343,0.00325215935773974,0.00719983539069794,-0.0272161530204342,-0.00660260715078286,0.00858066644887316,-0.00935156840834592,-0.00541243216471589,0.115634163658026,-0.0080782867721525,-0.0256813307419075,-0.00499595781181727,0.0036998910751158,0.00249452992748827,-0.019167296394356,-0.00310912619010976,0.00620481662163967,0.00652213685733517,-0.0209411142469919,0.00522866805823346,-0.00612755870363667,0.0120341488860454
0.0110080309843479,-0.00425022139948153,0.0208830123232501,-0.00413442284009621,-0.00317428096421937,0.0131908292399201,0.00415673556205891,0.00423460668064924,0.000745579953539198,0.00613827579707836,-0.0080782867721525,0.0397249165670908,0.00683840023797084,-0.00238757503999674,-0.00216569420087478,5.98302584479072e-05,-0.00567772264633475,0.0044731271487823,-0.00397613165196932,-0.016885674788816,0.0156095161708726,-0.00155880802748665,-0.00114670094498069,0.00633659552591848
-0.00406417533551235,-0.00230451688757817,-0.0127068410130036,-0.000359426272129077,0.00733395805419411,0.0182233141962308,0.00644421289430675,0.0140809647537814,-0.00034533393868962,0.00583774450410439,-0.0256813307419075,0.00683840023797084,0.139012808630272,0.00989746651950058,0.00301551155934266,0.00059451921240659,0.0127981400927111,0.00751813949073065,-0.00352235781988268,-0.0200222974288683,0.00757990061759432,0.00413612988022627,0.00852393089140164,-0.011728638174195
0.00660700087568577,0.0209239575686238,0.00699577371759996,0.0314506095360044,0.00887885194783823,0.0222952588908865,-0.00522954156852246,0.0189865426092818,0.0349895394405455,0.0158507534805572,-0.00499595781181727,-0.00238757503999674,0.00989746651950058,0.234592129625511,-0.00845489460556979,-0.000435496969023567,0.0261038729509855,0.0257406303692997,-0.00592643297979508,-0.00323925352236508,-0.00821078245527183,0.00528185664550849,-0.0309170753298762,-0.065400535481901
-0.00981777191651547,-0.00357218402080701,-0.00171103420358348,-0.00126020301338185,-0.00281700048402272,-0.00535291873726996,0.00672962757829693,-0.00707325274320088,-0.0151009528750364,0.00275403093749614,0.0036998910751158,-0.00216569420087478,0.00301551155934266,-0.0084548946055698,0.039120420606102,0.00990162731589655,-0.00718258618251935,-0.00434191412593312,-0.000521447187177085,-0.00422400642240311,0.00461695295077563,0.00404082219318069,0.00197011015200692,-0.0145445529214639
-0.0148075359375832,-0.00716546805735198,0.00756309392174817,0.000808643025894086,-0.00113962552184173,0.0105242557916983,-0.00825219546228642,-0.0116548681470887,0.00135133392642834,0.00056152432612598,0.00249452992748828,5.98302584479072e-05,0.00059451921240659,-0.000435496969023567,0.00990162731589655,0.165604138013205,-0.0300453035289009,-0.011951206885528,0.00826737083647352,0.00779773428181439,-0.00455935533802537,0.0116880313572765,0.0119254352049256,-0.0119344089492641
-0.0063527744671563,0.00906970050603082,-0.00031532559792961,0.0191713405527142,-0.00171247935648011,-0.00594752788632243,0.00511602617643064,0.00931137267738742,0.0248671569467192,-0.000863732240641127,-0.019167296394356,-0.00567772264633475,0.0127981400927111,0.0261038729509855,-0.00718258618251935,-0.0300453035289009,0.104101773926945,0.0123679896225831,-0.00526878049099178,0.0193071549264977,-0.0217545659217994,-0.00356806481684197,-0.0245448306453637,-0.00823846560423075
0.019850518348181,0.00278637484347834,0.00709479679891009,0.005540979104179,0.00152952910492275,-0.00522252743760836,-0.00748919267982844,0.00619407898918654,0.0169273577520597,0.00416281052312894,-0.00310912619010976,0.0044731271487823,0.00751813949073065,0.0257406303692997,-0.00434191412593312,-0.011951206885528,0.0123679896225831,0.0984098245605892,-0.0281333014344201,-0.00584544311677498,-0.000599832072690167,0.00493468771154365,-0.0223903634747425,0.0020474829601183
0.00777835420128348,-0.00286235518393729,0.00029704998792178,0.00116581038742715,0.00157753501864782,0.00702475113896785,0.000251398335967987,0.00197209750043549,0.00458218298391393,0.00115164649211144,0.00620481662163967,-0.00397613165196932,-0.00352235781988268,-0.00592643297979508,-0.000521447187177085,0.00826737083647352,-0.00526878049099178,-0.0281333014344201,0.032332080349332,0.00376993139509802,-0.00042864896798485,-0.00279469562137744,0.00531678325592372,-0.0159038632902312
-0.0133485480321454,0.00177335389614105,-0.0116916388577191,0.00174394647707543,0.00496096121240472,-0.00597783929331494,-0.00366883394451408,0.0417557798626988,0.00816856059845844,-0.0148919046635504,0.00652213685733517,-0.016885674788816,-0.0200222974288683,-0.00323925352236508,-0.00422400642240311,0.00779773428181439,0.0193071549264977,-0.00584544311677498,0.00376993139509802,0.139959750679693,-0.128275338326132,-0.0066300621337628,-0.00308783273848307,0.0243862055424569
0.0197338145739249,-0.0129227857305255,0.00691597892766486,-0.00234810761226994,-0.0175318945067541,0.00509471993531904,0.00415075341936267,-0.057858525409714,-0.0713763821067764,0.00394842615746644,-0.0209411142469919,0.0156095161708726,0.00757990061759432,-0.00821078245527183,0.00461695295077563,-0.00455935533802537,-0.0217545659217994,-0.000599832072690167,-0.00042864896798485,-0.128275338326132,0.207649464556937,0.000232810897665809,0.0156047048024778,-0.0234054556048712
0.00884320473351541,-8.73626079234543e-05,0.00165567735406943,0.00196765412380829,-0.00644106081549304,-0.0140339802844081,-0.00204785574793714,-0.00188185309035133,-0.000424699901135255,0.00532293661093616,0.00522866805823346,-0.00155880802748665,0.00413612988022627,0.00528185664550849,0.00404082219318069,0.0116880313572765,-0.00356806481684197,0.00493468771154365,-0.00279469562137744,-0.0066300621337628,0.000232810897665809,0.0230312723123128,-0.00459960136396674,-0.0186129266798475
-0.0122794533807299,-0.00957123219886384,-0.00451878131712962,-0.0100866348545622,-0.00844881470271702,0.000396185664182898,-0.000144795221396087,-0.00288596098246793,-0.0274191060261979,0.000613305983134332,-0.00612755870363667,-0.00114670094498069,0.00852393089140164,-0.0309170753298762,0.00197011015200692,0.0119254352049256,-0.0245448306453637,-0.0223903634747425,0.00531678325592372,-0.00308783273848307,0.0156047048024778,-0.00459960136396674,0.156266368236202,-0.129175863133284
0.00493292155625134,-0.000680744774986677,-0.00696068456055144,-0.010282250631804,0.0173131270582831,0.00696049096940814,-0.00931383395433458,0.00704180165914261,0.0145737014514845,-0.0134558148314319,0.0120341488860454,0.00633659552591848,-0.011728638174195,-0.0654005354819011,-0.0145445529214639,-0.0119344089492641,-0.00823846560423075,0.0020474829601183,-0.0159038632902312,0.0243862055424569,-0.0234054556048712,-0.0186129266798475,-0.129175863133284,0.244569040878763
