0.036234692385368,-0.0165457332727248,0.00715536230946959,0.0106830425738219,0.00376930778216251,-0.000169460983065966,0.0238534163443662,-0.0181879022108071,0.00735527335929659,0.00965332666904426,0.0123277479258592,0.0275267327112613,0.00424498352262228
-0.0165457332727248,0.234419208499919,-0.0157830250505611,-0.00583819017070951,-0.0137310275484816,0.0243013915850106,0.0149251245771115,-0.00192393066639919,0.00367107040568019,0.0078035466520309,-0.00580375405478234,0.00475496689379936,0.0738553250231203
0.00715536230946959,-0.0157830250505611,0.0955415631910504,0.00336967404708598,0.00282001171773282,-0.00798071011443775,0.0142947020396595,-0.0139095379372127,0.0689098366497955,0.02184704801108,0.0286794263009598,0.0310506988536602,0.0321509312060047
0.0106830425738219,-0.00583819017070951,0.00336967404708598,0.0276229247835392,0.00311886480120413,0.00845134575571969,0.00566276775606773,-0.00115043832406899,0.0046611072998713,0.00437615830315986,0.00245002000931844,0.00549820888459183,0.00845441428857868
0.00376930778216251,-0.0137310275484816,0.00282001171773282,0.00311886480120413,0.0136035116380067,-0.00148362702428764,0.0130869679484001,-0.000620543372659606,0.00349745604736391,-0.000494747517853138,-0.000848688251334289,0.00828252855261918,0.000569928389478921
-0.000169460983065966,0.0243013915850106,-0.00798071011443775,0.00845134575571969,-0.00148362702428764,0.099319626314877,0.00989487377072429,0.00862298272406933,-0.0304482499361657,-0.00160615753668492,-0.0110109475660553,0.0121878130457472,0.000582022276404716
0.0238534163443662,0.0149251245771115,0.0142947020396595,0.00566276775606773,0.0130869679484001,0.00989487377072429,0.242422429448982,-0.00467557423317634,0.0153765808229122,0.0196683189090345,0.03338479457871,0.0567224473635284,-0.00299286522073293
-0.0181879022108071,-0.00192393066639919,-0.0139095379372127,-0.00115043832406899,-0.000620543372659606,0.00862298272406933,-0.00467557423317634,0.0328563385123172,-0.0287266936782989,-0.00907289966537418,-0.0210189518266539,-0.0125790992940008,-0.00972782477148723
0.00735527335929659,0.00367107040568019,0.0689098366497955,0.0046611072998713,0.00349745604736391,-0.0304482499361657,0.0153765808229122,-0.0287266936782989,0.227040551544875,0.0217413972908472,0.0383944900086951,-0.00464351372489673,0.0553090706241734
0.00965332666904426,0.0078035466520309,0.02184704801108,0.00437615830315986,-0.000494747517853138,-0.00160615753668492,0.0196683189090345,-0.00907289966537418,0.0217413972908472,0.0385797707233636,0.0391989994156415,0.0199044610228165,0.0264160423298487
0.0123277479258592,-0.00580375405478234,0.0286794263009598,0.00245002000931844,-0.000848688251334289,-0.0110109475660553,0.03338479457871,-0.0210189518266539,0.0383944900086951,0.0391989994156415,0.0874477423516183,0.0215061610870252,0.0410690796054145
0.0275267327112613,0.00475496689379936,0.0310506988536602,0.00549820888459183,0.00828252855261918,0.0121878130457472,0.0567224473635284,-0.0125790992940008,-0.00464351372489673,0.0199044610228165,0.0215061610870252,0.122365640838455,0.0470786108676345
0.00424498352262228,0.0738553250231203,0.0321509312060047,0.00845441428857868,0.000569928389478921,0.000582022276404716,-0.00299286522073293,-0.00972782477148723,0.0553090706241734,0.0264160423298487,0.0410690796054145,0.0470786108676345,0.228158120525083
