0.0528928749643883,0.0189667430396824,0.00827883475671404,-0.00304138593599691,-0.0113464823439473,-0.00275870342712724,-0.00346864811273532,-0.00294918785382837,-0.000882733915898836,-0.000841782949479539,-0.0016390207802391,-0.000619619934694791,-0.00096426453066265,-0.00191280483476534,-0.000410452078834196,0.0015393226931323,-0.0119295264420963,-0.0112602722128889,-0.0207158793069773,-0.0116677593348414,0.0120442977341055,-0.0143653800821644
0.0189667430396824,0.0192085657295869,0.00236510932784962,-0.000883145612951074,-0.00371615876352481,-0.00141754371977931,-0.00104965147459928,-0.00145117507430947,-0.00229424911987698,-0.00171906804685014,-0.00342000922712684,-0.00285233996215324,-0.00148087528289831,-0.00359527373631419,0.00191030854137564,0.00384417108498204,-0.00494044144361547,-0.00821085086425721,-0.00211162950921374,0.00246645675236595,0.00781011418010791,-0.00108012879589805
0.00827883475671404,0.00236510932784962,0.0513126464409457,-0.0042846672993687,-0.00709670717311853,-0.00218155171249028,-0.00528364315530566,-0.00223882755220937,-0.00644329579365239,-0.00666107370160676,-0.00907668199178025,-0.00464419678064655,-0.00371419216888837,-0.00898922513682079,-0.0016159597942114,0.0102870017803827,-0.0137217974916584,-0.0163848072055274,-0.0120352352991236,-0.00605341989068409,0.0073819771608597,-0.00987896338176724
-0.00304138593599691,-0.000883145612951074,-0.0042846672993687,0.0124708131870673,0.0104644110221866,0.0110287603112049,0.00986835244391245,0.0110659539508661,0.0103688685365459,0.00956644906052505,0.0114581397929589,0.00833828403441299,0.00770240706107464,0.0114347701018909,0.00710314544820151,-0.0134108503687318,0.00511904057176116,0.00907593558844801,0.0125369444042444,0.004118715727105,0.00658406432214766,0.011854526120785
-0.0113464823439473,-0.00371615876352481,-0.00709670717311853,0.0104644110221866,0.011014258392907,0.00933113759429079,0.00859409704169111,0.00939438885786193,0.00827004022643471,0.00767477014364933,0.00963142704875808,0.00675879456975221,0.00583629722567504,0.00967251887277186,0.00539297288553717,-0.0106061038153908,0.00539886966426193,0.010811682438638,0.0140049935510782,0.00559713073746783,0.00221460879170947,0.0121963389825527
-0.00275870342712724,-0.00141754371977931,-0.00218155171249028,0.0110287603112049,0.00933113759429079,0.0101316782929987,0.00872685184434511,0.010147410708897,0.00954373078010057,0.00861225614807989,0.0106022355600202,0.00795080975154774,0.0069618595784803,0.0105983149019943,0.00644895807979522,-0.0120056960107322,0.00353933664336191,0.00680648751838167,0.0103639459216534,0.00128791703433157,0.00590820614271293,0.0102444559990037
-0.00346864811273532,-0.00104965147459928,-0.00528364315530566,0.00986835244391245,0.00859409704169111,0.00872685184434511,0.00880297796508643,0.0087640016308132,0.00989102578261305,0.00939575168869663,0.0110913087680813,0.00913391265673802,0.00759318106290763,0.0111247874059807,0.00503036415108421,-0.0119851204042661,0.00551865868271204,0.00945242856737784,0.0121705449721712,0.00533545305662058,0.00563964293256101,0.0120697201251356
-0.00294918785382837,-0.00145117507430947,-0.00223882755220937,0.0110659539508661,0.00939438885786193,0.010147410708897,0.0087640016308132,0.0101662203765018,0.00948699065830077,0.00858334090710259,0.0105363662216048,0.00789428039481413,0.0069290753470959,0.0105336235446565,0.00642011841708288,-0.0119536128956898,0.00347396050154852,0.00693703019616208,0.010413284708033,0.00138746407491297,0.0057568861541324,0.0102902038048932
-0.000882733915898836,-0.00229424911987698,-0.00644329579365239,0.0103688685365459,0.00827004022643471,0.00954373078010057,0.00989102578261306,0.00948699065830077,0.0208911416302361,0.0188353406692234,0.0240884099477156,0.0196934057571753,0.0149739232658115,0.0242238524392994,0.00666522712991589,-0.0183534511906668,0.0132343395391757,0.00988593409320067,0.0120360106491425,0.00610149900877757,0.0119541037971702,0.0134879585280748
-0.000841782949479539,-0.00171906804685014,-0.00666107370160676,0.00956644906052505,0.00767477014364933,0.00861225614807989,0.00939575168869663,0.00858334090710258,0.0188353406692234,0.0173559950273564,0.0216382560458198,0.0179810871331917,0.013656960938316,0.0217894176030147,0.00569614266905464,-0.0164856151898863,0.0111664293531587,0.00977225055600058,0.0112804431340572,0.00715164108148509,0.0107667780271834,0.012908758637259
-0.0016390207802391,-0.00342000922712684,-0.00907668199178025,0.0114581397929589,0.00963142704875808,0.0106022355600202,0.0110913087680813,0.0105363662216048,0.0240884099477156,0.0216382560458198,0.028601569102886,0.0229770099771328,0.0164182629902014,0.0287820032102536,0.00723861537866295,-0.0215523261909779,0.0150218271430763,0.0119049744361657,0.0119020331432151,0.00433044501262089,0.01209053334949,0.0140976026716468
-0.000619619934694791,-0.00285233996215324,-0.00464419678064655,0.00833828403441299,0.00675879456975221,0.00795080975154774,0.00913391265673802,0.00789428039481413,0.0196934057571753,0.0179810871331917,0.0229770099771327,0.0200652089024629,0.0142094475751166,0.0231690875814423,0.00469508326011503,-0.0171759516093959,0.0123266616345283,0.00928250666578632,0.0110050563423102,0.00480635348024961,0.0104736345824115,0.0130007528477175
-0.00096426453066265,-0.00148087528289831,-0.00371419216888837,0.00770240706107464,0.00583629722567504,0.00696185957848029,0.00759318106290763,0.0069290753470959,0.0149739232658115,0.013656960938316,0.0164182629902014,0.0142094475751166,0.0119487096334124,0.01648322030049,0.00455702697025129,-0.0128162139655664,0.0109957426739615,0.00865667059378993,0.0121805235481149,0.00811849323442288,0.0097021216746835,0.0121527739965306
-0.00191280483476534,-0.00359527373631419,-0.00898922513682079,0.0114347701018909,0.00967251887277186,0.0105983149019943,0.0111247874059807,0.0105336235446565,0.0242238524392994,0.0217894176030147,0.0287820032102536,0.0231690875814423,0.01648322030049,0.0289746128756289,0.00719577356913751,-0.0215883064830746,0.0148610507662089,0.0119340530875193,0.0118458782920158,0.00441943589633379,0.0121115098360553,0.0141713451009466
-0.000410452078834196,0.00191030854137564,-0.0016159597942114,0.00710314544820151,0.00539297288553717,0.00644895807979522,0.00503036415108421,0.00642011841708288,0.00666522712991589,0.00569614266905464,0.00723861537866295,0.00469508326011503,0.00455702697025129,0.00719577356913751,0.00655658427728737,-0.00909684992157718,0.00501201295605653,-0.00137765870545512,0.00678888153310691,0.00242778676472543,0.00949541030216532,0.00679379427862974
0.0015393226931323,0.00384417108498204,0.0102870017803827,-0.0134108503687318,-0.0106061038153908,-0.0120056960107322,-0.0119851204042661,-0.0119536128956898,-0.0183534511906668,-0.0164856151898863,-0.0215523261909779,-0.0171759516093959,-0.0128162139655664,-0.0215883064830746,-0.00909684992157718,0.0242887385891362,-0.0178899946292033,-0.00855397122324138,-0.0158005254716765,-0.00544234174514242,-0.0151533634191556,-0.0160945976979104
-0.0119295264420963,-0.00494044144361547,-0.0137217974916584,0.00511904057176116,0.00539886966426193,0.00353933664336191,0.00551865868271204,0.00347396050154852,0.0132343395391757,0.0111664293531587,0.0150218271430763,0.0123266616345283,0.0109957426739615,0.0148610507662089,0.00501201295605653,-0.0178899946292033,0.0465619371940884,0.00209149696898487,0.0250397865928731,0.0234757983577282,0.00909094750276759,0.0157767989569681
-0.0112602722128889,-0.00821085086425721,-0.0163848072055274,0.00907593558844801,0.010811682438638,0.00680648751838167,0.00945242856737784,0.00693703019616208,0.00988593409320067,0.00977225055600058,0.0119049744361657,0.00928250666578632,0.00865667059378993,0.0119340530875193,-0.00137765870545512,-0.00855397122324138,0.00209149696898487,0.0431070683611068,0.0213641339808525,0.0161052916148114,-0.00441891399640344,0.0169112990314871
-0.0207158793069773,-0.00211162950921374,-0.0120352352991236,0.0125369444042444,0.0140049935510782,0.0103639459216534,0.0121705449721712,0.010413284708033,0.0120360106491425,0.0112804431340572,0.0119020331432151,0.0110050563423102,0.0121805235481149,0.0118458782920158,0.00678888153310691,-0.0158005254716765,0.0250397865928731,0.0213641339808525,0.0419657320208262,0.0314745774445121,0.0111643799327017,0.0303816880069223
-0.0116677593348414,0.00246645675236595,-0.00605341989068409,0.004118715727105,0.00559713073746783,0.00128791703433157,0.00533545305662058,0.00138746407491297,0.00610149900877757,0.00715164108148509,0.00433044501262089,0.00480635348024961,0.00811849323442288,0.0044194358963338,0.00242778676472543,-0.00544234174514241,0.0234757983577282,0.0161052916148114,0.0314745774445121,0.0562783136493697,0.0187331978186345,0.0250417952465671
0.0120442977341055,0.00781011418010792,0.0073819771608597,0.00658406432214766,0.00221460879170947,0.00590820614271293,0.00563964293256101,0.0057568861541324,0.0119541037971702,0.0107667780271834,0.01209053334949,0.0104736345824115,0.0097021216746835,0.0121115098360553,0.00949541030216532,-0.0151533634191556,0.00909094750276759,-0.00441891399640344,0.0111643799327017,0.0187331978186345,0.0380202610623187,0.0145210734395337
-0.0143653800821644,-0.00108012879589805,-0.00987896338176724,0.011854526120785,0.0121963389825527,0.0102444559990037,0.0120697201251356,0.0102902038048932,0.0134879585280748,0.012908758637259,0.0140976026716468,0.0130007528477175,0.0121527739965306,0.0141713451009466,0.00679379427862974,-0.0160945976979104,0.0157767989569681,0.0169112990314871,0.0303816880069223,0.0250417952465671,0.0145210734395337,0.0271472360339878
