0.0524989455784781,0.0185025429978971,0.0363661833570723,-0.00154261276386113,-0.0112969372968438,0.000320585438385509,-0.00204363113467073,0.000327851967805896,-0.00129309277592003,9.67478102406807e-05,-0.000501966115514206,-0.00143889242966578,-0.0015419333651196,-0.000680060173641436,-0.0011250547932758,0.00309496216452993,-0.0220614969739959,-0.0134832113157876,-0.016610788105395,-0.0164073002947587,0.002178258338897,-0.0168225745447923
0.0185025429978971,0.0348827103679818,0.00231784042088319,0.0097212158335623,0.00435427035521208,0.00760207119157665,0.00787392478042568,0.00758717119160135,0.00418173453449615,0.00576461202602281,0.00472588403989962,0.00290434197962188,0.00222558727377199,0.00506082297943072,0.01000165516124,-0.00490626675455884,-0.00514678444732899,-0.0140768083861839,0.00794661085656407,0.00162587658683859,0.0105269551006398,0.00704307008196965
0.0363661833570723,0.00231784042088319,0.0699202812244586,-0.0111062612494529,-0.0143336068548598,-0.00797940324583745,-0.0071221871741806,-0.0079732726700745,-0.00649955239508596,-0.00647316691445753,-0.00707761237790165,-0.00318832346289637,-0.00412869555206377,-0.00724527046662924,-0.00741161819532514,0.00935982980914762,-0.0335984227818636,0.0052692157503236,-0.0226227412373379,-0.0126645651820109,-0.00512875008421785,-0.0194123861854974
-0.00154261276386113,0.0097212158335623,-0.0111062612494529,0.0248251793482164,0.0199466383070423,0.0214574883445863,0.0192270105380127,0.0214485381411047,0.0187781589626343,0.0187185001050508,0.0212228204617588,0.0136776698345389,0.0125159901739222,0.0213334136433617,0.0183278703593014,-0.019854853371189,0.0137656328122951,-0.00314111746621559,0.0206378943824375,0.00401724313937039,0.0116776571800657,0.0200767535471975
-0.0112969372968438,0.00435427035521208,-0.0143336068548598,0.0199466383070423,0.0192908135842972,0.017516647739647,0.0162701814264065,0.017506183812898,0.015443014857923,0.0145396574432965,0.0176384550500995,0.0115148654137579,0.00964556410937913,0.0178271658018322,0.0149200943033147,-0.0159297629854431,0.0158749769028476,0.000402342825517325,0.0197964506187939,0.00425059139272495,0.00768038485002538,0.0194535303544037
0.000320585438385509,0.00760207119157665,-0.00797940324583745,0.0214574883445863,0.017516647739647,0.0193715180941781,0.0172606534760701,0.0193629084630138,0.0170645325568383,0.0166317028674412,0.0194758625842903,0.0126680955351618,0.0110880177919978,0.0195842968969999,0.0160009548369634,-0.0178438980024033,0.0122159144699588,-0.00309133410251167,0.0179565112860004,0.00162695996997739,0.00968800701808943,0.0176137829811213
-0.00204363113467073,0.00787392478042568,-0.0071221871741806,0.0192270105380127,0.0162701814264065,0.0172606534760701,0.016299790413901,0.0172518633355973,0.0159264710716374,0.0153877174554048,0.0182123906626186,0.0123425197332786,0.0104416118492762,0.0183988838014844,0.0151084046386813,-0.0167672770634115,0.0115806800852056,-0.00194564764483333,0.0173649297004319,0.00344117763320742,0.00839486911483146,0.0171612446529365
0.000327851967805896,0.00758717119160135,-0.0079732726700745,0.0214485381411047,0.017506183812898,0.0193629084630138,0.0172518633355973,0.019354334576564,0.0170591066053662,0.0166265342334357,0.0194687118880184,0.0126643648841149,0.0110857937873812,0.0195768642562826,0.0159915404893364,-0.0178386528214707,0.0122149157626254,-0.00309198603052092,0.0179513145540325,0.0016249111347496,0.00968423398732677,0.0176061853165535
-0.00129309277592003,0.00418173453449615,-0.00649955239508596,0.0187781589626343,0.015443014857923,0.0170645325568383,0.0159264710716374,0.0170591066053662,0.0260952151844164,0.0233929440647848,0.0307324148199673,0.0213790816250394,0.0166156613070006,0.0308770762478475,0.0152071231799928,-0.0233145235469905,0.0221584903418805,-0.000413504632701168,0.0181072684468215,0.00762818408823352,0.0120270008737926,0.0190579657469283
9.67478102406807e-05,0.00576461202602281,-0.00647316691445753,0.0187185001050508,0.0145396574432965,0.0166317028674412,0.0153877174554048,0.0166265342334357,0.0233929440647848,0.0216490581427746,0.0272643708247366,0.0188693024769035,0.0153219586226628,0.0273612540638248,0.0147129162745742,-0.0214728745240272,0.0184941375809815,-0.000760811606896102,0.017142606322702,0.00721114668953794,0.0115328066105856,0.0177917158748365
-0.000501966115514206,0.00472588403989962,-0.00707761237790165,0.0212228204617588,0.0176384550500995,0.0194758625842903,0.0182123906626186,0.0194687118880184,0.0307324148199673,0.0272643708247366,0.0368708667701766,0.0252064417494837,0.0188907224818489,0.0370573828918018,0.0176109315353432,-0.0273142801893359,0.0256562851955113,-5.7574471526583e-05,0.0195273592107728,0.00710676822285765,0.0126004054000066,0.0206241121481117
-0.00143889242966578,0.00290434197962188,-0.00318832346289637,0.0136776698345389,0.0115148654137579,0.0126680955351618,0.0123425197332786,0.0126643648841149,0.0213790816250394,0.0188693024769035,0.0252064417494837,0.0182224481708528,0.0136590641675051,0.0253499306762718,0.0119855707699116,-0.0195177802976053,0.0181501275987955,-4.11517160942453e-05,0.0143003170729361,0.00700197420336257,0.0100580692047632,0.0152143281339017
-0.0015419333651196,0.00222558727377199,-0.00412869555206377,0.0125159901739222,0.00964556410937913,0.0110880177919978,0.0104416118492762,0.0110857937873812,0.0166156613070006,0.0153219586226628,0.0188907224818489,0.0136590641675051,0.0115436761999769,0.0189438647686315,0.00967629724614878,-0.0154704124908598,0.0148416299900609,6.71561269035331e-05,0.0126709521968964,0.00752117782438168,0.00910891729593272,0.0133775285337378
-0.000680060173641436,0.00506082297943072,-0.00724527046662924,0.0213334136433617,0.0178271658018322,0.0195842968969999,0.0183988838014844,0.0195768642562826,0.0308770762478475,0.0273612540638248,0.0370573828918018,0.0253499306762718,0.0189438647686315,0.037262893733463,0.0178168794115032,-0.0273476032459165,0.0256908609985518,-0.00019852510854966,0.019716935455219,0.00712512440588694,0.0126446503369719,0.0208308363640435
-0.0011250547932758,0.01000165516124,-0.00741161819532514,0.0183278703593014,0.0149200943033147,0.0160009548369634,0.0151084046386813,0.0159915404893364,0.0152071231799928,0.0147129162745742,0.0176109315353432,0.0119855707699116,0.00967629724614878,0.0178168794115032,0.0163392999445125,-0.0163414869893817,0.00771735085756867,-0.00699600000759638,0.0142304969617286,0.00255611955860541,0.00962443431270474,0.0141559965865285
0.00309496216452993,-0.00490626675455884,0.00935982980914762,-0.019854853371189,-0.0159297629854431,-0.0178438980024033,-0.0167672770634115,-0.0178386528214707,-0.0233145235469906,-0.0214728745240272,-0.0273142801893359,-0.0195177802976053,-0.0154704124908598,-0.0273476032459165,-0.0163414869893817,0.0301119804141409,-0.0314161231765978,0.0041186751379779,-0.0219066412895306,-0.00974766513032245,-0.0134268458733877,-0.0212644863764992
-0.0220614969739959,-0.00514678444732899,-0.0335984227818636,0.0137656328122951,0.0158749769028476,0.0122159144699588,0.0115806800852056,0.0122149157626254,0.0221584903418805,0.0184941375809815,0.0256562851955113,0.0181501275987955,0.0148416299900609,0.0256908609985518,0.00771735085756867,-0.0314161231765978,0.0729205396990897,-0.0084654399746591,0.0279956194712603,0.0188532577174584,0.00829455844887935,0.0266624266321937
-0.0134832113157876,-0.0140768083861839,0.0052692157503236,-0.00314111746621559,0.000402342825517325,-0.00309133410251167,-0.00194564764483333,-0.00309198603052092,-0.000413504632701168,-0.000760811606896102,-5.7574471526583e-05,-4.11517160942453e-05,6.71561269035331e-05,-0.00019852510854966,-0.00699600000759638,0.0041186751379779,-0.00846543997465909,0.045023683089411,0.00298521900485644,0.00963370151101824,0.000742208942944797,0.00284089121839741
-0.016610788105395,0.00794661085656407,-0.0226227412373379,0.0206378943824375,0.0197964506187939,0.0179565112860004,0.0173649297004319,0.0179513145540325,0.0181072684468215,0.017142606322702,0.0195273592107728,0.0143003170729361,0.0126709521968964,0.019716935455219,0.0142304969617286,-0.0219066412895306,0.0279956194712603,0.00298521900485644,0.0359735004646601,0.0177980099060961,0.0153257901158932,0.0334933523006783
-0.0164073002947587,0.00162587658683859,-0.0126645651820109,0.00401724313937039,0.00425059139272495,0.00162695996997739,0.00344117763320742,0.0016249111347496,0.00762818408823352,0.00721114668953794,0.00710676822285765,0.00700197420336257,0.00752117782438168,0.00712512440588694,0.00255611955860541,-0.00974766513032245,0.0188532577174584,0.00963370151101824,0.0177980099060961,0.0302396519062761,0.0115363272427018,0.0165682654214821
0.002178258338897,0.0105269551006398,-0.00512875008421785,0.0116776571800657,0.00768038485002538,0.00968800701808943,0.00839486911483146,0.00968423398732677,0.0120270008737926,0.0115328066105856,0.0126004054000066,0.0100580692047632,0.00910891729593272,0.0126446503369719,0.00962443431270474,-0.0134268458733877,0.00829455844887935,0.000742208942944797,0.0153257901158932,0.0115363272427018,0.0222062103938042,0.014752372850616
-0.0168225745447923,0.00704307008196965,-0.0194123861854974,0.0200767535471976,0.0194535303544037,0.0176137829811213,0.0171612446529365,0.0176061853165535,0.0190579657469283,0.0177917158748365,0.0206241121481117,0.0152143281339017,0.0133775285337378,0.0208308363640435,0.0141559965865286,-0.0212644863764992,0.0266624266321937,0.00284089121839741,0.0334933523006782,0.0165682654214821,0.014752372850616,0.0322575113521989
