0.0352169299608643,-0.000477191044953212,0.0186068286065702,0.00379901276410323,0.00142604841012567,-0.00197073613745688,-0.0104195665134978,0.00802028885496465
-0.000477191044953212,0.0265438595559129,-0.00136427676703865,0.0179107016001375,0.00755655872155952,-0.0016570465520204,-0.000392386809965213,-0.00181048171297866
0.0186068286065702,-0.00136427676703865,0.0269627823704711,0.0123527198169443,0.000720257381795682,-0.005106380731937,0.00726178208499254,-0.00251084915248519
0.00379901276410323,0.0179107016001375,0.0123527198169443,0.0294756629290178,-0.0032043642719148,-0.00559741946883287,0.00409231018979961,-0.0193659024326615
0.00142604841012567,0.00755655872155952,0.000720257381795682,-0.0032043642719148,0.0117302998623737,-0.000430699417361184,0.00239134650097761,0.0154759314796044
-0.00197073613745688,-0.0016570465520204,-0.00510638073193699,-0.00559741946883287,-0.000430699417361184,0.0139735754102373,-0.00103374982696374,0.00114077962846099
-0.0104195665134978,-0.000392386809965213,0.00726178208499254,0.00409231018979961,0.00239134650097761,-0.00103374982696374,0.0139688224459369,-0.0030207937106741
0.00802028885496465,-0.00181048171297866,-0.00251084915248519,-0.0193659024326615,0.0154759314796044,0.00114077962846099,-0.0030207937106741,0.0312924652614364
