0.246011930934407,0.00819960624949274,-0.000880701441937141,-0.00908629321742056,-0.0109753021764994,0.00339763045169239,0.0130925037423377,-0.0185610060131778,0.0588870250763269,-0.015675842125764,0.0377901352989492,0.00768622263011547,0.00733829269302549,-0.00221229499915002
0.00819960624949274,0.0297589801647336,0.00968145326820115,0.00414636681829562,-0.00184126618904772,0.000538118372633794,0.00618356467880643,0.0174912285274321,0.000955660922155144,-0.000175763840011779,-0.00748764757441293,-0.00202383852301852,-0.00199328924720587,0.00227696638509966
-0.000880701441937141,0.00968145326820115,0.0324471020318605,-0.00404831288158316,-0.00171154018854744,0.0182365440350266,0.0022951215452889,0.0130407080061175,-0.00294052418086995,0.00360512543596036,-0.00527867545569418,-0.000355127629331821,-0.00332299299424791,0.00087404139737056
-0.00908629321742056,0.00414636681829562,-0.00404831288158316,0.0486781953663732,0.00580792867456897,-0.00649703448127556,-0.00372364591872536,0.0168822575610041,0.0248107887909995,0.00397202015808964,-0.0109152563516783,0.00189899681752585,0.00158493494682487,0.000598386530029947
-0.0109753021764994,-0.00184126618904772,-0.00171154018854744,0.00580792867456897,0.0795981605787179,0.0256942170312988,0.00369912149661504,0.0406022958908731,0.0208868775220408,0.00867447286729801,0.0235254448388019,0.00112773321966598,0.000874381958207706,0.000852691580859507
0.00339763045169239,0.000538118372633794,0.0182365440350266,-0.00649703448127556,0.0256942170312988,0.0566205991667784,0.00758229768922243,0.0278739476507917,0.0117664112199766,0.00187259863054533,0.0164232321096132,-0.0011824591416857,0.00159126528009424,0.00276764971917748
0.0130925037423377,0.00618356467880643,0.0022951215452889,-0.00372364591872536,0.00369912149661504,0.00758229768922243,0.00992481336934532,0.0116102498705488,0.0115319120155901,0.00123463061585464,0.0118348846087394,-0.00175451597400959,-0.000471022605742094,-0.000929279157834215
-0.0185610060131778,0.0174912285274321,0.0130407080061175,0.0168822575610041,0.0406022958908731,0.0278739476507917,0.0116102498705488,0.260055437031196,0.131000076882013,0.0280361627385231,0.0714076442288049,-0.0010214260716007,0.00132813339076987,0.00332841534723156
0.0588870250763269,0.000955660922155144,-0.00294052418086995,0.0248107887909995,0.0208868775220408,0.0117664112199766,0.0115319120155901,0.131000076882013,0.234292172132402,0.0163326343453651,-0.0205858685059578,-0.00101821768435275,-0.00586711504486407,0.00453273576942477
-0.015675842125764,-0.000175763840011779,0.00360512543596036,0.00397202015808964,0.00867447286729801,0.00187259863054533,0.00123463061585464,0.0280361627385231,0.0163326343453651,0.00973028990948676,0.00550389397782129,-0.000241632934172168,-0.000702565840077067,0.000449000131849444
0.0377901352989492,-0.00748764757441293,-0.00527867545569417,-0.0109152563516783,0.0235254448388019,0.0164232321096132,0.0118348846087394,0.0714076442288049,-0.0205858685059578,0.00550389397782129,0.252314062409886,-0.00751713211187354,0.0112915552140917,0.00181138740043889
0.00768622263011547,-0.00202383852301852,-0.000355127629331821,0.00189899681752585,0.00112773321966598,-0.0011824591416857,-0.00175451597400959,-0.0010214260716007,-0.00101821768435275,-0.000241632934172168,-0.00751713211187354,0.0176714194992083,-0.00246356097445811,-6.44274475807639e-05
0.00733829269302549,-0.00199328924720587,-0.00332299299424791,0.00158493494682487,0.000874381958207706,0.00159126528009424,-0.000471022605742094,0.00132813339076987,-0.00586711504486407,-0.000702565840077067,0.0112915552140917,-0.00246356097445811,0.00622429850596135,0.000396100416185587
-0.00221229499915002,0.00227696638509966,0.00087404139737056,0.000598386530029947,0.000852691580859507,0.00276764971917748,-0.000929279157834215,0.00332841534723156,0.00453273576942477,0.000449000131849444,0.00181138740043889,-6.44274475807639e-05,0.000396100416185587,0.00229173637672932
