0.206247769933451,-0.0157333127363559,0.018687737324457,0.00913544818506495,0.0795684362083827,-0.0115940078361934,0.0241396095481521,-0.0461375336777015,0.0140285772187276,-0.00256713398201147,-0.00457605461035541,-0.0174060985977085,0.00591205594549076,0.00620582269819474,-0.0034403803546184,-0.00102426088664562,0.0113892563822534,0.0277756449578389,0.00806314879790703,-0.0273235376237286,0.0449631774630304,0.0280899343221291,-0.0108992667378391,0.00607154264163998
-0.0157333127363559,0.0318199273288662,-0.00669147228564574,0.0142380239694136,-0.00362206117705106,0.00371222026584674,0.00660889635018526,-0.00257220701470009,0.0337011635785966,0.00301476603556685,-0.00636365820811226,0.00598750427090887,-0.000639127549194299,0.0297093173582665,-0.00919272572386137,-0.0148563576254582,-0.00293952005573751,0.00769280082894212,-0.0129234959113589,-0.00323421768160241,0.0127124979687988,-0.00357568665402239,-0.0177802050023113,-0.00686222900544397
0.018687737324457,-0.00669147228564574,0.0759345885598154,-0.0103882639951552,-0.0220125153557505,0.0186480411272885,0.00640077241896883,0.0134779807199133,-0.015188566792318,0.0133518592357677,0.0216020090489512,0.0167304798684181,-0.00663670558977182,0.00451573550924327,0.0156377298223964,0.00285186230809338,0.0030467226280671,0.0214530349491462,-0.0118478693036501,-0.0235634233948549,0.018041815984441,-0.0115187975236941,-0.00960315734862515,0.0100165389325739
0.00913544818506495,0.0142380239694136,-0.0103882639951552,0.0194978039090815,0.0147643692511594,-0.0104547014473213,-0.00155704046690076,-0.00053061702420665,0.0223779244084258,-0.000987449781852874,-0.00878831213965738,-0.0016379423135818,0.0062368716016201,0.0247035042310238,-0.00611737655824734,-0.0140546399062738,0.0181553320315387,-0.00188734421100099,0.00597078703671175,0.000803084240630707,0.00263090258418606,-0.00424941227792135,-0.0109265912673827,-0.00830430519385789
0.0795684362083827,-0.00362206117705106,-0.0220125153557505,0.0147643692511594,0.167801086997945,-0.0264142252094293,0.0169326858400468,0.00754914712165519,-0.0262099070796474,0.0115830823934924,0.00515913546474358,-0.020114039344624,-0.00293740538435709,0.0378946256409929,0.00116893372681221,-0.0085078808785099,-0.0141790047842256,-0.000121099707174756,0.0107319667170609,-0.00201636233775343,0.0161624272563975,0.00194053421141752,0.014880948127334,-0.00637023859602961
-0.0115940078361934,0.00371222026584674,0.0186480411272885,-0.0104547014473213,-0.0264142252094293,0.0947853449734319,0.000869251343984814,0.0642814188459961,0.0151184103044854,0.0319735738867141,0.0138572220128459,0.0159461005900692,0.0245079803475223,0.0252174035657495,0.0013473286970901,0.00757290041491747,0.0228636983895765,0.00962845380011551,-0.00267616042428831,-0.0344092283124298,-0.00165940087742963,-0.0075795773805626,-0.0250479840925498,0.0121959209598511
0.0241396095481521,0.00660889635018526,0.00640077241896883,-0.00155704046690076,0.0169326858400468,0.000869251343984814,0.0606694675158119,0.0225318904836843,-0.00519469310001874,-0.00715587020779569,0.00734609126804011,-0.00312008999696987,0.0180044686290083,-0.0116655628354645,0.00679796488953502,0.0198726900605471,-0.00827944892111592,-0.00514043965284946,-0.0128932591051427,-0.00259016270593382,0.0330115484991772,-0.00649508223117825,0.00812761722313629,0.0133820739662606
-0.0461375336777015,-0.00257220701470009,0.0134779807199133,-0.00053061702420665,0.00754914712165519,0.0642814188459961,0.0225318904836843,0.176559496121432,0.0213885389603447,0.0276242218881168,0.00438558370450013,0.0122079254053564,0.0252988366343884,0.0337718485585965,0.0013081484219734,0.0421370281983376,0.0390478353046726,-0.00823192814006997,0.00817692845563213,0.0293041607365836,-0.0688355801415307,-0.0429962577751404,-0.0092418034173386,0.0395535877003002
0.0140285772187276,0.0337011635785966,-0.015188566792318,0.0223779244084258,-0.0262099070796474,0.0151184103044854,-0.00519469310001874,0.0213885389603447,0.135923219088607,0.0127888584948389,-0.0121473732484003,-0.00327512570098015,0.027524169346807,0.0579772199708549,-0.0155746562505148,-0.0040311480275642,0.0257001166950436,0.0069491759058456,0.000636436894347707,-0.0274646193531339,-0.027277681087562,-0.00974986068541066,-0.0543619562637425,0.00166003659994277
-0.00256713398201147,0.00301476603556685,0.0133518592357677,-0.000987449781852874,0.0115830823934924,0.0319735738867141,-0.00715587020779569,0.0276242218881168,0.0127888584948389,0.0326012151930464,0.00643431458857798,0.00218295494607329,0.0185950416437046,0.0255391052369975,-2.68156291238178e-05,0.0129063356316178,0.0142811609640331,-0.00374896107321535,-0.00658902731525661,-0.0155550526191856,-0.0133092791272824,-0.00196896563592928,-0.00655328649285707,-0.0189256866601916
-0.00457605461035541,-0.00636365820811226,0.0216020090489512,-0.00878831213965738,0.00515913546474358,0.0138572220128459,0.00734609126804011,0.00438558370450013,-0.0121473732484003,0.00643431458857798,0.128211293707683,-0.0181554140437087,0.0281586247751364,-0.00278285496122073,-0.00646863741780511,-0.0487686617741823,0.00715493046313303,0.00970888122874755,0.00374652203606591,0.00580184661009575,-0.0333384189582225,0.00703126996173974,0.00805589785977416,-0.0223134936896992
-0.0174060985977085,0.00598750427090887,0.0167304798684181,-0.0016379423135818,-0.020114039344624,0.0159461005900692,-0.00312008999696988,0.0122079254053564,-0.00327512570098015,0.00218295494607329,-0.0181554140437087,0.0364984575053394,0.00594238768740393,0.0113566372378208,0.00242096270788204,0.0133776638068328,-0.00919524631699117,0.0112877721129337,-0.000951811308891966,-0.00177403040672437,-0.0153007533183301,-0.00518354238982848,-0.00517806143209781,-0.0118467320962673
0.00591205594549076,-0.000639127549194299,-0.00663670558977182,0.0062368716016201,-0.00293740538435709,0.0245079803475223,0.0180044686290083,0.0252988366343884,0.027524169346807,0.0185950416437046,0.0281586247751364,0.00594238768740393,0.170522047323142,0.0271364937463504,-0.0267217806491949,-0.00618193827650425,0.0615292536416824,0.010207330842421,-0.00797546819449894,-0.0138846662660917,-0.0497794696447087,-0.00787251715179479,0.00317842686304184,-0.0450123258495154
0.00620582269819474,0.0297093173582665,0.00451573550924328,0.0247035042310238,0.0378946256409929,0.0252174035657495,-0.0116655628354645,0.0337718485585965,0.0579772199708549,0.0255391052369975,-0.00278285496122073,0.0113566372378208,0.0271364937463504,0.254438712703641,-0.0221473672663589,-0.0412056760975095,0.0272217511879755,0.00578568471428279,-0.0186263563967552,-0.0215439549902828,-0.0502393984496209,-0.0151525650407437,-0.0655985825525248,-0.045451849592593
-0.0034403803546184,-0.00919272572386137,0.0156377298223964,-0.00611737655824734,0.00116893372681221,0.0013473286970901,0.00679796488953502,0.0013081484219734,-0.0155746562505148,-2.68156291238178e-05,-0.00646863741780511,0.00242096270788203,-0.0267217806491949,-0.0221473672663589,0.0527002283368066,0.0233386547027035,-0.00621581112987578,0.00223447061546223,0.00518182363797452,0.000684981585284719,-0.00342876103007845,0.00102438831634663,0.000505261975074933,-0.000313154058419276
-0.00102426088664562,-0.0148563576254582,0.00285186230809338,-0.0140546399062738,-0.0085078808785099,0.00757290041491747,0.0198726900605471,0.0421370281983376,-0.0040311480275642,0.0129063356316178,-0.0487686617741823,0.0133776638068328,-0.00618193827650425,-0.0412056760975095,0.0233386547027035,0.189881383257741,-0.0260100362193301,0.0258621630947718,-0.00807844384939789,-0.00998134030285784,0.00274679392386989,-0.00459988158045813,0.00908002516210594,-0.0332887691373789
0.0113892563822534,-0.00293952005573751,0.0030467226280671,0.0181553320315387,-0.0141790047842256,0.0228636983895765,-0.00827944892111592,0.0390478353046726,0.0257001166950436,0.0142811609640331,0.00715493046313304,-0.00919524631699117,0.0615292536416824,0.0272217511879755,-0.00621581112987578,-0.0260100362193301,0.0967693044415461,-0.00362925000423158,-0.00511204567510635,0.00670153293727537,-0.04335815247906,-0.0116118791467578,-0.0244524583337499,-0.00309834434368021
0.0277756449578389,0.00769280082894212,0.0214530349491462,-0.00188734421100099,-0.000121099707174756,0.00962845380011551,-0.00514043965284946,-0.00823192814006997,0.0069491759058456,-0.00374896107321535,0.00970888122874754,0.0112877721129337,0.010207330842421,0.00578568471428279,0.00223447061546223,0.0258621630947718,-0.00362925000423158,0.0938995407896684,-0.0304670717582107,0.00874987371044328,-0.0056674444571573,0.00272348208341651,-0.0189688062889902,-0.00339839067453528
0.00806314879790703,-0.0129234959113589,-0.0118478693036501,0.00597078703671175,0.0107319667170609,-0.00267616042428831,-0.0128932591051427,0.00817692845563213,0.000636436894347707,-0.00658902731525661,0.00374652203606591,-0.000951811308891966,-0.00797546819449894,-0.0186263563967552,0.00518182363797452,-0.00807844384939789,-0.00511204567510635,-0.0304670717582107,0.0582416574240222,-0.0135673028790613,0.0023718175611521,-0.00157309416215743,0.0078069003002834,0.00914207538795187
-0.0273235376237286,-0.00323421768160241,-0.0235634233948549,0.000803084240630707,-0.00201636233775343,-0.0344092283124298,-0.00259016270593382,0.0293041607365836,-0.0274646193531339,-0.0155550526191856,0.00580184661009575,-0.00177403040672437,-0.0138846662660917,-0.0215439549902828,0.000684981585284719,-0.00998134030285784,0.00670153293727537,0.00874987371044328,-0.0135673028790613,0.125504627667308,-0.103206281295825,0.0114132532877772,0.00155856815365584,0.022799757032197
0.0449631774630304,0.0127124979687988,0.018041815984441,0.00263090258418606,0.0161624272563975,-0.00165940087742963,0.0330115484991772,-0.0688355801415307,-0.027277681087562,-0.0133092791272824,-0.0333384189582225,-0.0153007533183301,-0.0497794696447087,-0.0502393984496209,-0.00342876103007845,0.00274679392386989,-0.04335815247906,-0.0056674444571573,0.0023718175611521,-0.103206281295825,0.216431590868901,-0.00634841946454672,0.0130641707453409,0.0420741509852634
0.0280899343221291,-0.00357568665402239,-0.0115187975236941,-0.00424941227792135,0.00194053421141752,-0.0075795773805626,-0.00649508223117825,-0.0429962577751404,-0.00974986068541066,-0.00196896563592928,0.00703126996173974,-0.00518354238982848,-0.00787251715179479,-0.0151525650407437,0.00102438831634663,-0.00459988158045813,-0.0116118791467578,0.00272348208341651,-0.00157309416215743,0.0114132532877772,-0.00634841946454672,0.0257776277412579,0.0045811088347636,-0.0177993745174249
-0.0108992667378391,-0.0177802050023113,-0.00960315734862515,-0.0109265912673827,0.014880948127334,-0.0250479840925498,0.00812761722313629,-0.0092418034173386,-0.0543619562637425,-0.00655328649285707,0.00805589785977416,-0.00517806143209781,0.00317842686304184,-0.0655985825525248,0.000505261975074933,0.00908002516210594,-0.0244524583337499,-0.0189688062889902,0.0078069003002834,0.00155856815365584,0.0130641707453409,0.0045811088347636,0.15664493863099,-0.122566538043976
0.00607154264163998,-0.00686222900544397,0.0100165389325739,-0.00830430519385789,-0.0063702385960296,0.0121959209598511,0.0133820739662606,0.0395535877003002,0.00166003659994277,-0.0189256866601916,-0.0223134936896992,-0.0118467320962673,-0.0450123258495154,-0.045451849592593,-0.000313154058419276,-0.0332887691373789,-0.00309834434368021,-0.00339839067453528,0.00914207538795187,0.022799757032197,0.0420741509852634,-0.0177993745174249,-0.122566538043976,0.235971710471688
