0.0333365927733277,0.00545243713728363,0.00342900184941919,-0.00347287320895562,-0.000817953848306712,0.000853440548858409,-0.00278931961108974,0.020422340031859
0.00545243713728363,0.0248328812814535,0.00556897008257827,-0.000112481746637151,0.00626358710004866,0.0048852700568035,0.00144347429019657,0.00937766387617454
0.00342900184941919,0.00556897008257827,0.0193671369518056,0.00415299629056166,0.00134051327076287,0.00671957222055914,0.0011978148376999,0.00949814117689954
-0.00347287320895562,-0.000112481746637151,0.00415299629056166,0.0243609993815119,0.00881581146353994,0.00732334374314499,0.00287757399985587,-0.00319674562660658
-0.000817953848306712,0.00626358710004866,0.00134051327076287,0.00881581146353994,0.0151387500967778,0.00281077079335889,0.0024858919172367,2.30241875020512e-05
0.000853440548858409,0.0048852700568035,0.00671957222055914,0.00732334374314499,0.00281077079335889,0.0144866091725462,0.00124366684060806,0.000591012046606407
-0.00278931961108974,0.00144347429019657,0.0011978148376999,0.00287757399985587,0.0024858919172367,0.00124366684060806,0.0159243631675038,-0.00159023918736195
0.020422340031859,0.00937766387617454,0.00949814117689954,-0.00319674562660658,2.30241875020512e-05,0.000591012046606407,-0.00159023918736195,0.0397135501134886
