0.108281020175668,0.00873814294896288,-0.0169961953025776,0.0137005033026307,-0.00748601092568083,0.0161751924697484,0.00750464174756797,0.0162024280013528,0.0143750736538172,0.0121510774766614,0.0205185650394891,0.0107424634178102,0.00988473697326448,0.0177628633543838,0.00558372759219954,-0.0174077820337332,0.000167420222199761,-0.0332482728437624,-0.00777943016226244,-0.00662709953637487,0.0288629288686982,-0.0113708493522264
0.00873814294896288,0.056249740327777,-0.0131617071411138,-0.00156390940741869,-0.00240304173391419,-0.00480513150794165,-0.00470994302465956,-0.00474268765511122,-0.00642553415334128,-0.00469014191878611,-0.00739442556091098,-0.00622818672537625,-0.00186401632640759,-0.00746349243322889,0.000588673555962106,0.00890885386759335,-0.00894988901476364,-0.0260103926915506,-0.00351417851009501,0.0199623939189356,0.019020313112378,-0.00644039537372902
-0.0169961953025776,-0.0131617071411138,0.110548465373007,-0.0305223018260356,-0.015399799432807,-0.0276861262314163,-0.0183170821914185,-0.0276546256963355,-0.0152876544295099,-0.0138612156783044,-0.0216435327895128,-0.0122699191176673,-0.00977696191497212,-0.0176724482339459,-0.00735685008193271,0.0180479997456529,-0.0378921728980792,0.0242204270693404,-0.0243415336344684,0.00463470647367481,-0.00584052712232278,-0.0137502329482561
0.0137005033026307,-0.00156390940741869,-0.0305223018260356,0.0350992093840876,0.0197669593120047,0.0331271514493062,0.0334383607219297,0.033143036535128,0.0303575382393263,0.0297451751281307,0.0346545815588994,0.0247771406790183,0.0255531053456422,0.0331515748895866,0.00704936433825983,-0.0275798711120265,0.0114320353654892,-0.000109470817419158,0.027152942317751,0.00901003213531238,0.0126688778591188,0.0241029297522815
-0.00748601092568083,-0.00240304173391419,-0.015399799432807,0.0197669593120047,0.0140230148505704,0.0182773122210127,0.0201163110878079,0.0182794587410138,0.0171968601431851,0.0169227979268348,0.0189036173693643,0.0145824504999701,0.0144097640772817,0.0184958907851304,0.0035828753593853,-0.014821336641916,0.00750280938616469,0.00432248133161768,0.0187903270494114,0.00752491207227335,0.00378976324435159,0.017179005847871
0.0161751924697484,-0.00480513150794165,-0.0276861262314163,0.0331271514493062,0.0182773122210127,0.0317729922969568,0.0316970477246953,0.0317771800318971,0.0291898317051704,0.0283960414711573,0.0334734109215458,0.0239207082259629,0.0242583056387962,0.0319375424449026,0.00673985315284394,-0.0262525477239972,0.0104172642682197,0.00152457456890963,0.0252962124733092,0.00622300631411944,0.0111405181121476,0.0224689004606047
0.00750464174756797,-0.00470994302465956,-0.0183170821914185,0.0334383607219297,0.0201163110878079,0.0316970477246953,0.033939542754075,0.0317001503189549,0.0309586599841339,0.030362101662745,0.0344816247269787,0.0256618722071853,0.0263362305849212,0.0335447769362166,0.00664583904038558,-0.0266353022635384,0.00788911775270327,0.00541473776844687,0.0288150965837842,0.0126186638106906,0.0120909870881096,0.0263077419596299
0.0162024280013528,-0.00474268765511122,-0.0276546256963355,0.033143036535128,0.0182794587410138,0.0317771800318971,0.0317001503189549,0.0317859391370032,0.029085209729113,0.0283329723806585,0.033336786930974,0.023802344860834,0.0242490778233152,0.0318010828760848,0.00671989985679478,-0.0261649046780553,0.0104507623184727,0.00135075889120828,0.0251834449560854,0.00604458406019741,0.0110645768281945,0.0223610062615154
0.0143750736538171,-0.00642553415334128,-0.0152876544295099,0.0303575382393263,0.0171968601431851,0.0291898317051704,0.0309586599841339,0.029085209729113,0.0375630541014705,0.0351727762629753,0.0427920485156572,0.0320921471567568,0.02969209805115,0.0420267005258563,0.00781665967635363,-0.0316476022268313,0.0120774002094582,0.00501704063239621,0.028869284619586,0.0176331516776206,0.014638330810546,0.0265760009080704
0.0121510774766614,-0.00469014191878611,-0.0138612156783044,0.0297451751281307,0.0169227979268348,0.0283960414711573,0.030362101662745,0.0283329723806585,0.0351727762629753,0.0335838077435657,0.0397952642288878,0.0296659732010056,0.0289393884975518,0.039046463621891,0.00741464655350999,-0.0295035524631395,0.00934491155777617,0.0057751648905293,0.0269686024416634,0.0162648846699642,0.0142663963124793,0.0248252677020601
0.0205185650394891,-0.00739442556091098,-0.0216435327895128,0.0346545815588994,0.0189036173693643,0.0334734109215458,0.0344816247269787,0.033336786930974,0.0427920485156572,0.0397952642288878,0.049310660385208,0.0365885199397257,0.0331180747380884,0.048189374284096,0.00903651197103362,-0.0368301340273515,0.014562399230565,0.00451212662657673,0.0314035164061341,0.0181629401185027,0.0169566040223579,0.0288296279586555
0.0107424634178102,-0.00622818672537625,-0.0122699191176673,0.0247771406790183,0.0145824504999701,0.0239207082259629,0.0256618722071853,0.023802344860834,0.0320921471567568,0.0296659732010056,0.0365885199397257,0.0279054604821103,0.0245274777188358,0.0360776934260874,0.00653919396076552,-0.0267686523394011,0.0101249884075329,0.00540984820430828,0.0248282668324304,0.016233559456343,0.0119140494267852,0.022912818959865
0.00988473697326448,-0.00186401632640759,-0.00977696191497212,0.0255531053456422,0.0144097640772817,0.0242583056387962,0.0263362305849212,0.0242490778233152,0.02969209805115,0.0289393884975518,0.0331180747380884,0.0245274777188358,0.0262094378035539,0.0324821871329975,0.00662268881441385,-0.024358975997688,0.00866746771484076,0.00304359756377502,0.0243562236595065,0.0145880631321014,0.0131630760359814,0.0217327016745808
0.0177628633543838,-0.00746349243322889,-0.0176724482339459,0.0331515748895866,0.0184958907851304,0.0319375424449026,0.0335447769362166,0.0318010828760848,0.0420267005258563,0.039046463621891,0.048189374284096,0.0360776934260874,0.0324821871329975,0.0473223863368415,0.00864022588201667,-0.0358387716625043,0.0136414815309234,0.0052628875948766,0.0308711191404041,0.0193839776929179,0.0164489464635669,0.0286687845206394
0.00558372759219954,0.000588673555962106,-0.00735685008193271,0.00704936433825983,0.0035828753593853,0.00673985315284394,0.00664583904038558,0.00671989985679478,0.00781665967635363,0.00741464655350999,0.00903651197103362,0.00653919396076552,0.00662268881441385,0.00864022588201667,0.00245827707569786,-0.00787612143982996,0.00443669986956393,-0.00228605269526397,0.00744233645918478,0.00449084945930423,0.00488899946005001,0.00566180921146288
-0.0174077820337332,0.00890885386759335,0.0180479997456529,-0.0275798711120265,-0.014821336641916,-0.0262525477239972,-0.0266353022635384,-0.0261649046780553,-0.0316476022268313,-0.0295035524631395,-0.0368301340273515,-0.0267686523394011,-0.024358975997688,-0.0358387716625043,-0.00787612143982996,0.0367367389895076,-0.017391847154965,0.00560556346018107,-0.0232370239284108,-0.01338171823318,-0.0169247737090218,-0.0209469156209053
0.000167420222199761,-0.00894988901476364,-0.0378921728980792,0.0114320353654892,0.00750280938616469,0.0104172642682197,0.00788911775270327,0.0104507623184727,0.0120774002094582,0.00934491155777617,0.014562399230565,0.0101249884075329,0.00866746771484076,0.0136414815309234,0.00443669986956393,-0.017391847154965,0.0489506710936882,-0.0306664551699436,0.0225748403438987,0.00077040434008963,-0.00188913660627837,0.0160763728519427
-0.0332482728437624,-0.0260103926915506,0.0242204270693404,-0.000109470817419158,0.00432248133161768,0.00152457456890963,0.00541473776844687,0.00135075889120828,0.00501704063239621,0.0057751648905293,0.00451212662657673,0.00540984820430828,0.00304359756377502,0.0052628875948766,-0.00228605269526397,0.00560556346018107,-0.0306664551699436,0.0569718021860276,-0.000460211981917847,-0.0038561439956637,-0.0130765129224273,0.00544338091500239
-0.00777943016226244,-0.00351417851009502,-0.0243415336344684,0.027152942317751,0.0187903270494114,0.0252962124733092,0.0288150965837842,0.0251834449560854,0.028869284619586,0.0269686024416634,0.0314035164061341,0.0248282668324304,0.0243562236595065,0.0308711191404041,0.00744233645918478,-0.0232370239284108,0.0225748403438987,-0.000460211981917847,0.0434723759805484,0.0270855440103882,0.0132167269572057,0.0356994575529467
-0.00662709953637487,0.0199623939189356,0.00463470647367481,0.00901003213531238,0.00752491207227335,0.00622300631411944,0.0126186638106906,0.00604458406019741,0.0176331516776206,0.0162648846699642,0.0181629401185027,0.016233559456343,0.0145880631321014,0.0193839776929179,0.00449084945930423,-0.01338171823318,0.00077040434008963,-0.0038561439956637,0.0270855440103882,0.0468383198397725,0.0256155759451674,0.0220358409741669
0.0288629288686982,0.019020313112378,-0.00584052712232278,0.0126688778591188,0.00378976324435159,0.0111405181121476,0.0120909870881096,0.0110645768281945,0.014638330810546,0.0142663963124793,0.0169566040223579,0.0119140494267852,0.0131630760359814,0.0164489464635669,0.00488899946005001,-0.0169247737090218,-0.00188913660627837,-0.0130765129224273,0.0132167269572057,0.0256155759451674,0.0302321161513198,0.00903850266870208
-0.0113708493522264,-0.00644039537372902,-0.0137502329482561,0.0241029297522815,0.017179005847871,0.0224689004606047,0.0263077419596299,0.0223610062615154,0.0265760009080704,0.0248252677020601,0.0288296279586555,0.022912818959865,0.0217327016745808,0.0286687845206394,0.00566180921146288,-0.0209469156209053,0.0160763728519427,0.00544338091500239,0.0356994575529467,0.0220358409741669,0.00903850266870208,0.0314643565932557
