0.00617493025328155,0.000765382221847932,-0.00198413324135236,-0.000946130389427238,-0.00281633603954319,-0.00172805912225799,-0.00413464384192248,-0.00185344457759944,-0.00210115085100056,-0.000744444963113358
0.000765382221847932,0.0978045798376016,0.0685782686506246,0.070242536437509,0.0618621178124296,0.0351137798851835,0.0754489792828935,0.0509391194353563,0.0478550130469412,0.0149804633556155
-0.00198413324135236,0.0685782686506246,0.0938219902197927,0.0881762835617533,0.0697692433598216,0.0498235389785411,0.0832499695971565,0.0666446155696812,0.0639653787346283,0.0186109591522159
-0.000946130389427237,0.070242536437509,0.0881762835617533,0.103746081261166,0.0715846880185483,0.0550935999593387,0.0881088552436217,0.0623819939524941,0.0654028799611582,0.0180669671679032
-0.00281633603954319,0.0618621178124296,0.0697692433598216,0.0715846880185483,0.111050943772826,0.0488889364354385,0.0939675310002225,0.0610516459325164,0.0591713540577907,0.0217247193593906
-0.00172805912225799,0.0351137798851835,0.0498235389785411,0.0550935999593387,0.0488889364354385,0.0540225775555137,0.0578518384073468,0.0403398795258001,0.0480047154363488,0.0199471812871302
-0.00413464384192247,0.0754489792828935,0.0832499695971565,0.0881088552436217,0.0939675310002225,0.0578518384073468,0.171322596063527,0.0759995488893186,0.0691316408817324,0.0227792944946013
-0.00185344457759944,0.0509391194353563,0.0666446155696812,0.0623819939524941,0.0610516459325164,0.0403398795258001,0.0759995488893186,0.0759802262069935,0.0551330552562169,0.0165468589102558
-0.00210115085100056,0.0478550130469412,0.0639653787346283,0.0654028799611582,0.0591713540577907,0.0480047154363488,0.0691316408817324,0.0551330552562169,0.102838839532438,0.018042321768545
-0.000744444963113358,0.0149804633556155,0.0186109591522159,0.0180669671679032,0.0217247193593906,0.0199471812871302,0.0227792944946013,0.0165468589102558,0.0180423217685449,0.0243693645461195
