0.000512039526676641,0.0001745019215745,0.000552717345614397,0.00222751836812126,-0.000720099286392321,0.00049548808903308,0.00057399575475883,0.000909950836154401,-9.35644819231302e-05,0.000243802718373107
0.0001745019215745,0.0983149393819636,0.0530871687931847,0.0739703252777393,0.0594101713939291,0.0314505568270278,0.0882455288843655,0.0689539055507151,0.0629502822822585,0.00912632327667763
0.000552717345614397,0.0530871687931847,0.0804287215483201,0.0781480821780051,0.0671207664166583,0.053012013693237,0.0844362896962332,0.0614067964327156,0.0750173874952654,0.0213303677295666
0.00222751836812126,0.0739703252777393,0.0781480821780051,0.119375409124669,0.0490210013395345,0.0655018652001006,0.114808272309488,0.0644068618250939,0.101482014706558,0.0214533122097039
-0.000720099286392321,0.0594101713939291,0.0671207664166583,0.0490210013395345,0.0897804591874496,0.0345514334166162,0.0864256669099845,0.0621737659687676,0.0457377652837469,0.00995919088202198
0.00049548808903308,0.0314505568270278,0.053012013693237,0.0655018652001006,0.0345514334166162,0.0460394185264271,0.0645299615580853,0.0329356031159673,0.0560063312741921,0.0172051291329933
0.00057399575475883,0.0882455288843655,0.0844362896962332,0.114808272309488,0.0864256669099845,0.0645299615580853,0.154258412180512,0.0748945877119727,0.101543196782773,0.0201725102874951
0.000909950836154401,0.0689539055507151,0.0614067964327156,0.0644068618250939,0.0621737659687676,0.0329356031159673,0.0748945877119727,0.0641824304199885,0.059808928584005,0.0109348176072417
-9.35644819231302e-05,0.0629502822822585,0.0750173874952654,0.101482014706558,0.045737765283747,0.0560063312741921,0.101543196782773,0.059808928584005,0.112764639970682,0.0213603327634613
0.000243802718373107,0.00912632327667763,0.0213303677295666,0.0214533122097039,0.00995919088202198,0.0172051291329933,0.0201725102874951,0.0109348176072417,0.0213603327634613,0.0227457185162058
