0.0592988090852283,0.0277810154313032,0.0159261738735653,-0.00122121521741197,-0.00947147774074796,0.00147068481677067,-0.00269622769672177,0.00149845520735382,-0.00427812685453759,-0.00455917654238611,-0.0049646871295953,-0.00670562478298968,-0.00232000064906891,-0.00495606361719919,0.000969016929464282,-0.00100119514544711,-0.00890618237553615,-0.0354510158088115,-0.017496290332611,-0.0100582918328967,0.0172421884236772,-0.00683223270938305
0.0277810154313032,0.0372765103030406,-0.00397157220381694,0.00778263309152958,0.00140692301058243,0.00710862621538728,0.00502518498237305,0.00711724884934857,0.000508257985025654,0.000823688072785667,0.000733014623630582,-0.00257529709141036,-0.00217418391073141,0.000744513609736623,0.00893431498996049,-0.00342790652901088,0.000224790650894298,-0.0171650837703693,2.04311405167584e-05,-0.00141714823727335,0.0118267460503198,0.00459513099073714
0.0159261738735653,-0.00397157220381694,0.0506738844149247,-0.0130585324543282,-0.012188994101455,-0.0117136429527724,-0.00713878109772176,-0.011647125886846,-0.0080648302229162,-0.0065158887825003,-0.00946437864008343,-0.0049672857681868,-0.00384004307146549,-0.00946378830860987,-0.00975665423978425,0.0149442817923208,-0.0179933182687398,0.00576545342803617,-0.0299295815263895,-0.020547514230044,-0.0121123332824281,-0.0189515255855445
-0.00122121521741197,0.00778263309152958,-0.0130585324543282,0.0273420396106311,0.0178652624698861,0.0245793541610194,0.0238192866865767,0.0247337987181591,0.0225328806137444,0.0198740258806534,0.0250475967372481,0.0193639852102179,0.0176377223618774,0.0250417711634091,0.022930993770853,-0.019198265443537,0.0281456602287707,0.00148901552975279,0.0253173820008606,0.0168164522642212,0.0156774989584477,0.0220048016978075
-0.00947147774074796,0.00140692301058243,-0.012188994101455,0.0178652624698861,0.0135235743004246,0.0156064170181284,0.0156646791097805,0.0157120323555888,0.0150549375216889,0.0132103685128182,0.0168960052606709,0.0131102958108327,0.0117093903210424,0.0168909205007237,0.0139539973625234,-0.0128196217398842,0.0214981369249704,0.00788148147277218,0.0196089826889154,0.0140486381960315,0.0071915401211038,0.0154824467348447
0.00147068481677067,0.00710862621538728,-0.0117136429527724,0.0245793541610194,0.0156064170181284,0.0226502512476464,0.0212201581461534,0.0227821637671146,0.0209724964129839,0.0183339292576548,0.0234860519350391,0.0177333722752394,0.0161281930100236,0.0234809369931588,0.0209861228313509,-0.0176313435230213,0.0242117214062199,-0.000784775631563938,0.021376215445784,0.0139169369519381,0.0145620219206538,0.0195483774911171
-0.00269622769672177,0.00502518498237305,-0.00713878109772176,0.0238192866865767,0.0156646791097805,0.0212201581461534,0.0228241818990306,0.0214113085909017,0.0209711932706262,0.0188636023549844,0.0227706623188118,0.01902862209691,0.0180543569910526,0.0227666164019159,0.0198058810630266,-0.0168946235818825,0.0266619160608114,0.00503641423749369,0.0229181019101871,0.014192881122392,0.0135683595075975,0.0223199695028209
0.00149845520735382,0.00711724884934857,-0.011647125886846,0.0247337987181591,0.0157120323555888,0.0227821637671146,0.0214113085909017,0.0229178120232035,0.0211392868031822,0.0184851918916085,0.0236491741891454,0.0178920210208068,0.016341931026694,0.0236440477215064,0.0210836589565667,-0.0177445165366718,0.0245284277628359,-0.000725114737382842,0.0215526961551206,0.0140551695423387,0.0146557831931664,0.0197379415769607
-0.00427812685453759,0.000508257985025654,-0.0080648302229162,0.0225328806137444,0.0150549375216889,0.0209724964129839,0.0209711932706262,0.0211392868031822,0.0322681486972381,0.0285570254353685,0.0366861640967974,0.0293039279974664,0.0246028467480624,0.0366773740970353,0.0197264572594122,-0.0239406392491499,0.0208894990472951,0.00482412604822065,0.023454094884321,0.0158781243875166,0.0145468459314688,0.0220060929204945
-0.00455917654238611,0.000823688072785667,-0.0065158887825003,0.0198740258806534,0.0132103685128182,0.0183339292576548,0.0188636023549844,0.0184851918916085,0.0285570254353685,0.0256900293047051,0.0322920660730535,0.0261469337765369,0.0220130859323528,0.0322844504921395,0.0173407549105301,-0.020674475813841,0.0167411141813577,0.00459388769497274,0.0207808765006664,0.013963474106447,0.0127221290581429,0.0198373873954322
-0.0049646871295953,0.000733014623630582,-0.00946437864008342,0.0250475967372481,0.0168960052606709,0.0234860519350391,0.0227706623188118,0.0236491741891454,0.0366861640967974,0.0322920660730534,0.0421615044828179,0.0330935782333319,0.0269788357132205,0.0421514781774668,0.0221590215409949,-0.0275272313725768,0.0223414214934116,0.00632168098506217,0.0248968341710312,0.0173331224827857,0.0155439190461261,0.0232725970351941
-0.00670562478298968,-0.00257529709141036,-0.0049672857681868,0.0193639852102179,0.0131102958108327,0.0177333722752394,0.01902862209691,0.0178920210208068,0.0293039279974664,0.0261469337765369,0.0330935782333319,0.027599053115453,0.0228283957635542,0.0330857336386974,0.0170370480308979,-0.0216696567649162,0.0186500919746521,0.00717771811326839,0.0212801756769194,0.0131336909300586,0.0124880708392809,0.0202827330038727
-0.00232000064906891,-0.00217418391073141,-0.00384004307146549,0.0176377223618774,0.0117093903210424,0.0161281930100236,0.0180543569910526,0.016341931026694,0.0246028467480624,0.0220130859323528,0.0269788357132205,0.0228283957635542,0.0223075436977654,0.0269725996170041,0.0143852992586273,-0.0187634411987783,0.0227118649154965,0.00289181206932639,0.020084863687083,0.015607141479516,0.01340818102852,0.0193523228219843
-0.00495606361719919,0.000744513609736623,-0.00946378830860987,0.0250417711634091,0.0168909205007237,0.0234809369931588,0.0227666164019159,0.0236440477215064,0.0366773740970353,0.0322844504921395,0.0421514781774668,0.0330857336386974,0.0269725996170041,0.0421414717222464,0.022156051404379,-0.0275249451712611,0.022338107224202,0.00631879500298719,0.0248822512444047,0.0173197602947565,0.0155417993476345,0.0232642116631614
0.000969016929464282,0.00893431498996049,-0.00975665423978425,0.022930993770853,0.0139539973625234,0.0209861228313509,0.0198058810630266,0.0210836589565667,0.0197264572594122,0.0173407549105301,0.0221590215409949,0.0170370480308979,0.0143852992586273,0.022156051404379,0.0215330176062483,-0.0164343214022553,0.0228637853198048,-0.003404536819403,0.018909671577239,0.0122463662043065,0.0152350183886009,0.0174993201211353
-0.00100119514544711,-0.00342790652901088,0.0149442817923208,-0.019198265443537,-0.0128196217398842,-0.0176313435230213,-0.0168946235818825,-0.0177445165366718,-0.0239406392491499,-0.020674475813841,-0.0275272313725768,-0.0216696567649162,-0.0187634411987783,-0.0275249451712611,-0.0164343214022553,0.0259221528657433,-0.0275937688121965,-0.000214883835978554,-0.020052814179736,-0.0145007510375221,-0.0167093168427984,-0.0176698901151274
-0.00890618237553615,0.000224790650894298,-0.0179933182687398,0.0281456602287707,0.0214981369249704,0.0242117214062199,0.0266619160608114,0.0245284277628359,0.0208894990472951,0.0167411141813577,0.0223414214934116,0.0186500919746521,0.0227118649154965,0.022338107224202,0.0228637853198048,-0.0275937688121965,0.100090272397242,-0.0164468935924636,0.0364310130610026,0.0275870615173471,0.0156515441366475,0.0237626293694699
-0.0354510158088115,-0.0171650837703693,0.00576545342803617,0.00148901552975279,0.00788148147277218,-0.000784775631563938,0.00503641423749369,-0.000725114737382842,0.00482412604822065,0.00459388769497274,0.00632168098506217,0.00717771811326839,0.00289181206932639,0.00631879500298719,-0.003404536819403,-0.000214883835978554,-0.0164468935924636,0.0612756448353136,0.00168131146406775,0.00241659201236465,-0.0160128657721951,0.00497701003183371
-0.017496290332611,2.04311405167584e-05,-0.0299295815263895,0.0253173820008606,0.0196089826889154,0.021376215445784,0.0229181019101871,0.0215526961551206,0.023454094884321,0.0207808765006664,0.0248968341710312,0.0212801756769194,0.020084863687083,0.0248822512444047,0.018909671577239,-0.020052814179736,0.0364310130610026,0.00168131146406775,0.0496354562686254,0.0320394327789544,0.0196964308108841,0.0386868373852913
-0.0100582918328967,-0.00141714823727335,-0.020547514230044,0.0168164522642212,0.0140486381960315,0.0139169369519381,0.014192881122392,0.0140551695423387,0.0158781243875166,0.013963474106447,0.0173331224827857,0.0131336909300586,0.015607141479516,0.0173197602947565,0.0122463662043065,-0.0145007510375221,0.0275870615173471,0.00241659201236465,0.0320394327789544,0.0447812115223948,0.0213850937727418,0.0233783272031407
0.0172421884236772,0.0118267460503198,-0.0121123332824281,0.0156774989584477,0.0071915401211038,0.0145620219206538,0.0135683595075975,0.0146557831931664,0.0145468459314688,0.0127221290581429,0.0155439190461261,0.0124880708392809,0.01340818102852,0.0155417993476345,0.0152350183886009,-0.0167093168427984,0.0156515441366475,-0.0160128657721951,0.0196964308108841,0.0213850937727418,0.0282070680949284,0.0199560009765835
-0.00683223270938305,0.00459513099073714,-0.0189515255855445,0.0220048016978075,0.0154824467348447,0.0195483774911171,0.0223199695028209,0.0197379415769607,0.0220060929204945,0.0198373873954322,0.0232725970351941,0.0202827330038727,0.0193523228219843,0.0232642116631614,0.0174993201211353,-0.0176698901151274,0.0237626293694699,0.00497701003183371,0.0386868373852913,0.0233783272031407,0.0199560009765835,0.0383827686157068
