0.0360742241497482,0.00803547486333174,0.000117967498001852,0.0105953074100836,0.00710977730272361,0.0202622429435409,0.00440610126464597,-0.0165091622330724,-0.00624213549854188,0.0084043743189756,0.0175615522819808,0.017980666426733,0.0236459073599513
0.00803547486333174,0.227845737287454,0.0155696883991816,0.00790971176842077,0.025504593677938,-0.0482756371589383,0.00641431642250562,-0.00659255264147208,0.0526225378703914,-0.0036929849266126,-0.0210623380556021,0.011476152647139,0.0997178394947863
0.000117967498001852,0.0155696883991816,0.120379900127197,-0.0235469111744765,-0.0145833848915625,0.00906980533154682,-0.0199854111430161,-0.0218019978950131,0.0558478818791024,0.0257114713138002,0.045465903070183,-0.0112349781367825,0.0789216326349451
0.0105953074100836,0.00790971176842077,-0.0235469111744765,0.025544341264356,0.00390076104790099,0.0135002955268683,0.02520225382029,0.00287741599404105,0.00130966650030704,0.00564628094490516,0.00595864755892048,0.00894928870442964,0.0336566578972838
0.00710977730272361,0.025504593677938,-0.0145833848915625,0.00390076104790099,0.0149194725278748,0.00104859175513489,0.00777586988762959,-0.000729815644173863,-0.000847955591994075,-0.00263459281023321,-0.002335594533511,-9.44721480180743e-05,0.0062978656423429
0.0202622429435409,-0.0482756371589383,0.00906980533154682,0.0135002955268683,0.00104859175513489,0.136809617673403,-0.0144826262086373,-0.0135215129408696,0.00243543166483052,0.0309058585285831,0.0112418269747825,0.0256760309097378,0.0192055685852509
0.00440610126464597,0.00641431642250562,-0.0199854111430161,0.02520225382029,0.00777586988762959,-0.0144826262086372,0.250153290772646,0.0249245881744276,-0.0283229433079005,0.021859431121234,0.0387625534509332,0.0108403631148781,0.0424501294567595
-0.0165091622330724,-0.00659255264147208,-0.0218019978950131,0.00287741599404105,-0.000729815644173863,-0.0135215129408696,0.0249245881744276,0.0315333118560722,-0.0340210335595457,-0.0135079328324841,-0.019533580336059,-0.00731190696244729,-0.031496957676912
-0.00624213549854188,0.0526225378703914,0.0558478818791024,0.00130966650030704,-0.000847955591994075,0.00243543166483052,-0.0283229433079005,-0.0340210335595457,0.212732416061762,0.017635414151602,0.0548874207521496,0.0457954891802905,0.0773125303819182
0.0084043743189756,-0.0036929849266126,0.0257114713138002,0.00564628094490516,-0.00263459281023321,0.0309058585285831,0.021859431121234,-0.0135079328324841,0.017635414151602,0.0444875097330615,0.0532242986490379,0.018753147908782,0.0350490446528584
0.0175615522819808,-0.0210623380556021,0.045465903070183,0.00595864755892048,-0.002335594533511,0.0112418269747825,0.0387625534509332,-0.019533580336059,0.0548874207521496,0.0532242986490379,0.0948772434372038,0.0351872418974128,0.0546134619369715
0.017980666426733,0.011476152647139,-0.0112349781367825,0.00894928870442964,-9.44721480180743e-05,0.0256760309097378,0.0108403631148781,-0.00731190696244729,0.0457954891802905,0.018753147908782,0.0351872418974128,0.109960138326548,0.0400288864374195
0.0236459073599512,0.0997178394947863,0.0789216326349451,0.0336566578972838,0.0062978656423429,0.0192055685852509,0.0424501294567595,-0.031496957676912,0.0773125303819182,0.0350490446528584,0.0546134619369715,0.0400288864374195,0.260943789663619
