0.0448996919926378,0.00161053278589852,0.0241175962799424,0.0051085724329879,0.00761861318020402,-0.0156353162611569,0.02407942962524,-0.0238256131945129,-0.00652231520895482,0.0130759425268678,0.00925038031364697,0.0256952151164321,0.035634287109901
0.00161053278589852,0.178581608527855,-0.042491622710905,0.0190775852649992,-0.015794323929221,0.0107618172715482,0.0111219984623528,0.0377751771697655,0.0532783310061481,0.00130343396123512,0.0228312102735845,0.0110560091346221,0.0591603867777718
0.0241175962799424,-0.042491622710905,0.134658317404198,-0.0278880768848277,0.0146587208939662,-0.00438061210466589,0.0135737766775742,-0.0232197021771798,0.0522496007344951,0.0134953793170128,0.00168811167916783,0.0209069450999346,-0.0114562556115655
0.0051085724329879,0.0190775852649992,-0.0278880768848277,0.031846478625065,-0.00118617153410568,0.0101423588027207,0.0265044327333788,0.00951961525494345,-0.0388848330354079,0.0122854542198609,-0.0113827607374389,-0.00950217087284652,-0.00802374398193239
0.00761861318020402,-0.015794323929221,0.0146587208939662,-0.00118617153410568,0.0255380546902695,1.47544355247129e-05,0.0172425386960239,-0.00168696859178454,0.000650319418656001,0.00873276931914043,0.00434705285018135,0.0186987025431649,0.051483518870537
-0.0156353162611569,0.0107618172715482,-0.00438061210466589,0.0101423588027207,1.47544355247129e-05,0.072381380366741,-0.0601575535303065,-0.00264974604248707,0.0486905302278374,-0.00748292883250074,-0.000919353777817969,0.0107821288284302,-0.00494160236589812
0.02407942962524,0.0111219984623528,0.0135737766775742,0.0265044327333788,0.0172425386960239,-0.0601575535303065,0.29527437300295,0.0160517810715098,-0.0624536299539569,0.0313490910191375,-0.0581015052115766,0.0465990438015237,0.0189480267447681
-0.0238256131945128,0.0377751771697655,-0.0232197021771797,0.00951961525494345,-0.00168696859178454,-0.00264974604248707,0.0160517810715098,0.0408405034246976,-0.0345055792710513,-0.00776770273881846,-0.0182150517763839,-0.0124605973898574,-0.0243578816332014
-0.00652231520895482,0.0532783310061482,0.0522496007344951,-0.0388848330354079,0.000650319418656002,0.0486905302278374,-0.0624536299539569,-0.0345055792710513,0.248133245996797,-0.0207476360238373,0.0200759966685913,-0.000117941904672631,0.128434924640805
0.0130759425268678,0.00130343396123512,0.0134953793170128,0.0122854542198609,0.00873276931914043,-0.00748292883250074,0.0313490910191375,-0.00776770273881846,-0.0207476360238373,0.0354253950560302,0.028729385354514,0.00746044479234498,0.0141324240792565
0.00925038031364697,0.0228312102735845,0.00168811167916783,-0.0113827607374389,0.00434705285018135,-0.000919353777817969,-0.0581015052115766,-0.0182150517763839,0.0200759966685913,0.028729385354514,0.0772665263683199,0.0188401979712192,0.0440584508328844
0.0256952151164321,0.0110560091346221,0.0209069450999346,-0.00950217087284652,0.0186987025431649,0.0107821288284302,0.0465990438015237,-0.0124605973898574,-0.000117941904672631,0.00746044479234498,0.0188401979712192,0.0877342409378219,0.0362387128521185
0.035634287109901,0.0591603867777718,-0.0114562556115655,-0.00802374398193239,0.0514835188705371,-0.00494160236589812,0.0189480267447681,-0.0243578816332014,0.128434924640805,0.0141324240792565,0.0440584508328844,0.0362387128521185,0.262101371371838
