0.0529110675668054,0.029519455240404,-0.0164743908852776,-0.015293303514239,-0.0214484360432906,-0.0169222285401391,-0.0222692353527311,-0.0138137440309363,-0.0137889900960695,-0.0126275396884934,-0.0144682995204492,-0.0105796347402588,-0.0109664043283562,-0.0136585454141742,-0.0138360495923867,0.0248350843236149,-0.0163181539119443,-0.00857827989775548,-0.0284829973471355,0.000367816658008827,-0.00628506477763966,-0.0369470673041302
0.029519455240404,0.0608703055287371,0.00796798804609813,-0.0108506512497063,-0.00456668435956426,-0.00655452812839812,-0.00415090579377492,0.00306908792406588,-0.0107771268399625,-0.00795085066335519,-0.00650590048845608,-0.00813612593848788,-0.0121819130020789,-0.00635908758123206,-0.00196498856183489,0.00507786815753808,-0.0519140837188549,0.00265540819260271,-0.0183158861031154,-0.0227160650257905,-0.00207407645697218,-0.0232694092952365
-0.0164743908852776,0.00796798804609813,0.0356200219985473,0.00359464649577265,0.00861652312940297,0.00449170722815297,0.00251714516354537,0.00563385719028806,0.00169783359276606,0.00441155686082358,0.00434610632521117,-0.00171120843629543,0.00188011483098962,0.00335055195807883,0.00286437610627576,-0.00440897866585392,-0.0175701372252165,0.0198540642417222,-0.00352477738127446,-0.0114361383614407,0.00111145215188068,0.00280974249000704
-0.015293303514239,-0.0108506512497063,0.00359464649577265,0.006217542881891,0.00791691291878047,0.00726599032376691,0.00869591809952391,0.0045294726692313,0.00953064337173053,0.00846420809924979,0.0107530954194764,0.00576253142956109,0.00674481167407474,0.0105151266343181,0.00816244795610962,-0.0130670873092981,0.00685135074202745,-0.000940826834358102,0.0118149126960854,-0.00162190252624864,-0.000976864042322965,0.0148538199394054
-0.0214484360432906,-0.00456668435956426,0.00861652312940297,0.00791691291878047,0.0126005403929084,0.0105771244178092,0.01374659399665,0.00887395931344459,0.0120992616717338,0.0109725359289,0.0147362360236674,0.00726455035294297,0.00753053765456306,0.0143493895847055,0.0123637706302281,-0.0196231523032525,-0.000363252236673552,0.00129097222355581,0.0155145002725792,-0.00790440799722728,-0.000199792641333084,0.0195145696294398
-0.0169222285401391,-0.00655452812839812,0.00449170722815297,0.00726599032376691,0.0105771244178092,0.00956877782697919,0.0115510949310049,0.00694434569009446,0.0128654778314881,0.0112334843480727,0.0152982714451811,0.00738939205708307,0.00806353009372727,0.015021795740878,0.0119204373121124,-0.0183427406808637,0.00311215214670207,-0.00155102344458791,0.0142892133297001,-0.00647896689796339,-0.00134036542705295,0.0176519483962881
-0.0222692353527311,-0.00415090579377492,0.00251714516354537,0.00869591809952391,0.01374659399665,0.011551094931005,0.0230755949783506,0.0106396595543766,0.00996780084286005,0.0107414587016022,0.0123651863185826,0.00915325892525769,0.00712240800152426,0.0122272175083791,0.0134091794845338,-0.0249834840168468,-0.00376161764307651,-0.00572798382601425,0.0251065744044495,-0.00131236481134622,-0.00417023466636511,0.0276820551479475
-0.0138137440309363,0.00306908792406588,0.00563385719028806,0.0045294726692313,0.00887395931344459,0.00694434569009446,0.0106396595543766,0.00743825902337712,0.00669647990749052,0.00595963725533929,0.00869208217457387,0.00433752256713379,0.00329832443820129,0.0084926371062487,0.00847237500204367,-0.0135606117647749,-0.00583387941599563,0.00327643010305786,0.0103076920983272,-0.00836110849885146,0.0013889769494301,0.0121492215693365
-0.0137889900960695,-0.0107771268399625,0.00169783359276606,0.00953064337173053,0.0120992616717338,0.0128654778314881,0.00996780084286005,0.00669647990749052,0.025042742501342,0.0197697832321082,0.0292812553827392,0.0114525332433244,0.0145040953538754,0.0290255907301007,0.0193583807411015,-0.0259141035674548,0.00985150797231947,-0.000497449750684633,0.0150003526644118,-0.0154689931779759,-0.0021844058830332,0.0189708739174078
-0.0126275396884934,-0.0079508506633552,0.00441155686082358,0.00846420809924979,0.0109725359289,0.0112334843480727,0.0107414587016022,0.00595963725533929,0.0197697832321082,0.0171360785201195,0.0236517159493757,0.00972575685604652,0.0124290853894785,0.0233381634456818,0.0161163623721721,-0.0231454810840267,0.00527182708929557,-0.00526731884255599,0.0146222510937449,-0.00939409341620001,-0.0054529742853471,0.0187497961897606
-0.0144682995204492,-0.00650590048845608,0.00434610632521117,0.0107530954194764,0.0147362360236674,0.0152982714451811,0.0123651863185826,0.00869208217457387,0.0292812553827392,0.0236517159493757,0.0350605105168888,0.0131952639894244,0.0166409778603622,0.0347122544105155,0.0235228673255405,-0.0316480552647,0.00571178961492251,-0.00163190977495463,0.0169236994193699,-0.0204499339255584,-0.00391766312705528,0.0216532640184515
-0.0105796347402588,-0.00813612593848788,-0.00171120843629543,0.00576253142956109,0.00726455035294297,0.00738939205708307,0.00915325892525769,0.00433752256713379,0.0114525332433244,0.00972575685604652,0.0131952639894244,0.00681126262302068,0.00735216284544539,0.0131150561021273,0.00989154342005904,-0.0151927908632591,0.00633328430931402,-0.00526793354080228,0.0127070351718833,-0.00294222184542026,-0.00255963268606139,0.0147053501089969
-0.0109664043283562,-0.0121819130020789,0.00188011483098962,0.00674481167407474,0.00753053765456306,0.00806353009372727,0.00712240800152426,0.00329832443820129,0.0145040953538754,0.0124290853894785,0.0166409778603622,0.00735216284544539,0.00976585716146071,0.0164157533618899,0.0108761672489822,-0.0157450554754094,0.00962036449771396,-0.0044371093374942,0.0113814873150746,-0.00353097615166358,-0.00376721732887137,0.014696970988189
-0.0136585454141742,-0.00635908758123206,0.00335055195807883,0.0105151266343181,0.0143493895847055,0.015021795740878,0.0122272175083791,0.0084926371062487,0.0290255907301007,0.0233381634456818,0.0347122544105155,0.0131150561021273,0.0164157533618899,0.034400352747445,0.023304913510484,-0.0313142280372195,0.00582440013925432,-0.0018021325806056,0.0168060192462866,-0.0202613052347005,-0.00385434779201166,0.0212555853973189
-0.0138360495923867,-0.00196498856183489,0.00286437610627576,0.00816244795610962,0.0123637706302281,0.0119204373121124,0.0134091794845338,0.00847237500204367,0.0193583807411015,0.0161163623721721,0.0235228673255405,0.00989154342005904,0.0108761672489822,0.023304913510484,0.0174424807478331,-0.0251254861283739,0.00019859359398416,-0.00191951304007634,0.0160550766771219,-0.0140003557490498,-0.00263088951942408,0.0191567869196305
0.0248350843236149,0.00507786815753808,-0.00440897866585393,-0.0130670873092981,-0.0196231523032525,-0.0183427406808637,-0.0249834840168468,-0.0135606117647749,-0.0259141035674548,-0.0231454810840267,-0.0316480552647,-0.0151927908632591,-0.0157450554754094,-0.0313142280372195,-0.0251254861283739,0.0390184081954024,0.000549014390649639,0.00798610489173224,-0.0292740898623074,0.0139983636570622,0.0065610780398234,-0.0342201072583982
-0.0163181539119443,-0.0519140837188549,-0.0175701372252165,0.00685135074202745,-0.000363252236673552,0.00311215214670207,-0.00376161764307651,-0.00583387941599563,0.00985150797231947,0.00527182708929557,0.00571178961492251,0.00633328430931402,0.00962036449771396,0.00582440013925432,0.00019859359398416,0.000549014390649639,0.0512897982513228,-0.0085359017847503,0.0102550415762115,0.0189053026646353,0.00292696691545814,0.0127503027070636
-0.00857827989775548,0.00265540819260271,0.0198540642417222,-0.000940826834358102,0.00129097222355581,-0.00155102344458791,-0.00572798382601425,0.00327643010305786,-0.000497449750684633,-0.00526731884255599,-0.00163190977495463,-0.00526793354080228,-0.0044371093374942,-0.0018021325806056,-0.00191951304007634,0.00798610489173224,-0.0085359017847503,0.0598351063626469,-0.0133035698770816,-0.0260868324539916,0.0232174539084929,-0.0140436532147791
-0.0284829973471355,-0.0183158861031154,-0.00352477738127446,0.0118149126960854,0.0155145002725792,0.0142892133297001,0.0251065744044495,0.0103076920983272,0.0150003526644118,0.0146222510937449,0.0169236994193699,0.0127070351718833,0.0113814873150746,0.0168060192462866,0.0160550766771219,-0.0292740898623074,0.0102550415762115,-0.0133035698770816,0.0318183032826364,0.0042087332642638,-0.0055889136776548,0.0355035599656641
0.000367816658008827,-0.0227160650257905,-0.0114361383614407,-0.00162190252624864,-0.00790440799722728,-0.00647896689796339,-0.00131236481134622,-0.00836110849885146,-0.0154689931779759,-0.00939409341620001,-0.0204499339255584,-0.00294222184542026,-0.00353097615166358,-0.0202613052347005,-0.0140003557490498,0.0139983636570622,0.0189053026646353,-0.0260868324539916,0.0042087332642638,0.0369637587827415,-0.00925880131064832,0.00392994390139665
-0.00628506477763967,-0.00207407645697218,0.00111145215188068,-0.000976864042322965,-0.000199792641333084,-0.00134036542705295,-0.00417023466636511,0.0013889769494301,-0.0021844058830332,-0.0054529742853471,-0.00391766312705528,-0.00255963268606139,-0.00376721732887137,-0.00385434779201166,-0.00263088951942408,0.0065610780398234,0.00292696691545814,0.0232174539084929,-0.0055889136776548,-0.00925880131064832,0.0140264724025187,-0.00680883315674155
-0.0369470673041303,-0.0232694092952365,0.00280974249000704,0.0148538199394054,0.0195145696294398,0.0176519483962881,0.0276820551479475,0.0121492215693365,0.0189708739174078,0.0187497961897606,0.0216532640184515,0.0147053501089969,0.014696970988189,0.0212555853973189,0.0191567869196305,-0.0342201072583982,0.0127503027070636,-0.0140436532147791,0.0355035599656641,0.00392994390139665,-0.00680883315674155,0.0417471323358821
