0.0729530771150734,0.000732425361168741,0.0479815559550604,-0.00435119137352808,0.0210227084913091,-0.0159362714819842,0.0264898530287896,0.00662626381069459,0.0188921279683405,-0.0110193205509335,0.0375695491682922,-0.0458393871756698,0.0228596701108042,-0.0257951837568587,0.0131511461005152,-0.0379735117010534,0.0083284615378521
0.000732425361168741,0.104188829853952,0.00719811035335311,0.0439231727685676,-0.00708176769331303,0.0242594298158856,0.0110592066849885,0.0546534141682742,0.0128248376379644,0.0342217757298197,0.000218842531826096,0.0314919094618574,0.00363770220693251,0.0406239279585571,0.0190904155037135,0.0387844559359832,0.00194844821393001
0.0479815559550604,0.00719811035335311,0.0702033278230946,-0.000430260873193377,0.0411431837928149,-0.00828891864552567,0.00886559253294207,-0.00626350371173497,0.0158117835229085,-0.0141911073158815,0.0364979459861191,-0.0279785015842404,0.0428685934368283,-0.00893219537401986,0.028155929403702,-0.00269918175020935,0.0220451097134771
-0.00435119137352808,0.0439231727685676,-0.000430260873193377,0.0853708611446507,0.00443493154226927,0.0656225593384969,0.0102369872620838,0.0647318672741149,0.0043459987705326,0.0469211471027908,0.00845859456863035,0.0307408767296563,0.0208559252851871,0.0297984221381026,0.023571957810394,0.0318263484955447,0.0208800486783106
0.0210227084913091,-0.00708176769331303,0.0411431837928149,0.00443493154226927,0.0706525846895523,0.0213795987070889,0.00869645229615283,-0.0162766602234033,0.0283514960706959,-0.00839275670351349,0.0338473630352868,-0.0214047146670867,0.0359724383305871,-0.00614537030410878,0.0129345295966188,0.00123040912244149,0.00300048239383016
-0.0159362714819842,0.0242594298158856,-0.00828891864552567,0.0656225593384969,0.0213795987070889,0.105381350941515,-0.0347452908166921,0.0525256439647316,0.0309265372199652,0.0388615123607654,0.0164131086212979,0.0333258850769186,0.0160576039426093,0.0433491853650163,0.0173634075621732,0.0349323235962499,0.00606944815067111
0.0264898530287896,0.0110592066849885,0.00886559253294207,0.0102369872620838,0.00869645229615283,-0.0347452908166921,0.090394539109203,0.0120516340927192,0.017837908161954,0.000657018721347941,0.0246164219387065,-0.00762911559326384,0.0221309578957189,-0.0124533868192888,0.00649741605377595,-0.0334354755020206,0.0114371164636331
0.00662626381069458,0.0546534141682742,-0.00626350371173497,0.0647318672741149,-0.0162766602234033,0.0525256439647316,0.0120516340927192,0.0912860877435431,0.00484809107370438,0.0453208852190215,0.0119695866788049,0.0187319967093182,0.00762192549482243,0.0405023049837772,0.0197052843284922,0.0118136883087122,0.0165671120786969
0.0188921279683405,0.0128248376379644,0.0158117835229085,0.0043459987705326,0.0283514960706959,0.0309265372199652,0.017837908161954,0.00484809107370438,0.0793478980304958,-0.0241140135115037,0.0538208663823857,0.00883489144029844,0.0187702580797664,-0.00551460005207623,0.0129049029450362,-0.0296537245153297,0.00184571953054343
-0.0110193205509335,0.0342217757298197,-0.0141911073158815,0.0469211471027908,-0.00839275670351349,0.0388615123607654,0.000657018721347941,0.0453208852190215,-0.0241140135115037,0.0703312507309174,-0.000460247930696899,0.025792569075562,0.0080206991347516,0.0403440159986927,0.0126304261336785,0.0323369915554055,0.0211069823685552
0.0375695491682922,0.000218842531826096,0.0364979459861191,0.00845859456863035,0.0338473630352868,0.0164131086212979,0.0246164219387065,0.0119695866788049,0.0538208663823857,-0.000460247930696899,0.083223096474231,-0.00657792917211132,0.0429761418928914,-0.00447096199152324,0.0281956586730193,-0.0390825186916882,0.0295979615007371
-0.0458393871756698,0.0314919094618574,-0.0279785015842404,0.0307408767296563,-0.0214047146670867,0.0333258850769186,-0.00762911559326384,0.0187319967093182,0.00883489144029844,0.025792569075562,-0.00657792917211132,0.0866882218434444,0.00416905447574922,0.0331781358297763,-0.0189018382569024,0.0477260279631649,3.71686696543196e-05
0.0228596701108042,0.00363770220693251,0.0428685934368283,0.0208559252851871,0.0359724383305871,0.0160576039426093,0.0221309578957189,0.00762192549482243,0.0187702580797664,0.0080206991347516,0.0429761418928914,0.00416905447574922,0.0719177234572993,0.00246599217544865,0.0381323369728288,0.00712817893315176,0.0339635137251732
-0.0257951837568587,0.0406239279585571,-0.00893219537401986,0.0297984221381026,-0.00614537030410878,0.0433491853650163,-0.0124533868192888,0.0405023049837772,-0.00551460005207623,0.0403440159986927,-0.00447096199152324,0.0331781358297763,0.00246599217544865,0.081809964785091,0.00415364247083484,0.0494994977769419,-0.010508920305758
0.0131511461005152,0.0190904155037135,0.028155929403702,0.023571957810394,0.0129345295966188,0.0173634075621732,0.00649741605377595,0.0197052843284922,0.0129049029450362,0.0126304261336785,0.0281956586730193,-0.0189018382569024,0.0381323369728288,0.00415364247083484,0.0655039597216718,-0.00383887190480701,0.0379356056764462
-0.0379735117010535,0.0387844559359832,-0.00269918175020935,0.0318263484955447,0.00123040912244149,0.0349323235962499,-0.0334354755020206,0.0118136883087122,-0.0296537245153297,0.0323369915554055,-0.0390825186916882,0.0477260279631649,0.00712817893315176,0.0494994977769419,-0.00383887190480701,0.0826522911108561,-0.0108399369562255
0.00832846153785211,0.00194844821393001,0.0220451097134771,0.0208800486783106,0.00300048239383016,0.00606944815067111,0.0114371164636331,0.0165671120786969,0.00184571953054343,0.0211069823685552,0.0295979615007371,3.71686696543196e-05,0.0339635137251732,-0.010508920305758,0.0379356056764462,-0.0108399369562255,0.0552152856526401
