0.0611184754954269,-0.00388141610860062,0.0409400056269491,-0.011413095270819,0.033637630825585,-0.00594530584286275,0.0125664408479099,-0.0159867961827491,0.0237804427198229,-0.0166851571807826,0.0222480779013704,-0.000519758845694163,0.0145774360878592,-0.0054000580866475,0.0146056681986197,-0.0054442312873298,0.00481529156459364
-0.00388141610860062,0.094100797287965,0.00950455352416694,0.0733401432275489,0.00708500888989077,0.0632522117209813,0.00384058184247423,0.0507305835555047,0.010649538733078,0.0545950317724035,0.00415943166179221,0.0475737592350962,0.00882591092439757,0.0402087363069182,0.0108197378182708,0.041007538046782,-0.000142190510133395
0.0409400056269491,0.00950455352416694,0.0664986115403627,-0.000502336812282317,0.0432884587020769,-0.00543443358156685,0.0199239627962999,-0.0243611856881484,0.0303714505373901,-0.00986673986253844,0.0274597609927536,-0.0120691571838372,0.0300225050853946,-0.019339558234854,0.0215795387594965,-0.00427994315999632,0.0109445530569951
-0.011413095270819,0.0733401432275489,-0.000502336812282317,0.0941826500415514,-0.00961158202930163,0.0655630008905352,-0.00388822043789522,0.0587246971860323,0.00531415400969421,0.039424856449807,-0.00639926131967765,0.0537603260572932,0.000399672152584636,0.0548916581301504,0.0123477199919109,0.0548611657184233,0.00455680123531737
0.033637630825585,0.00708500888989077,0.0432884587020769,-0.00961158202930163,0.0726914125998267,0.00641138104653044,0.0350428075621243,-0.00565720096506923,0.0399432630462493,0.00146804079351817,0.042165055135921,-0.00240799498714958,0.0170439719056787,-0.0112904676634879,0.0157373907626726,-0.0104706784673594,0.0146908796294622
-0.00594530584286275,0.0632522117209813,-0.00543443358156685,0.0655630008905352,0.00641138104653044,0.0979256619734888,-0.00663663232538628,0.0467159697020216,0.00507676847789892,0.0572083923096665,0.00741067822711261,0.0565527473415033,0.00706912137182285,0.0580435408581185,0.0184163713162636,0.0491510207872805,0.00120948966538589
0.0125664408479099,0.00384058184247423,0.0199239627962999,-0.00388822043789522,0.0350428075621243,-0.00663663232538628,0.0640986807781744,-1.17182987491017e-05,0.019313930265481,-0.00628012312424014,0.0203922968846833,-0.00494671468921105,0.0261344599163888,-0.0217905492790543,0.00455195312274655,-0.0148631232160842,0.0165536040978087
-0.0159867961827491,0.0507305835555048,-0.0243611856881484,0.0587246971860323,-0.00565720096506923,0.0467159697020216,-1.17182987491017e-05,0.0943239915385631,-0.00819606112274185,0.0466716172510043,0.00220524186770657,0.0672807224122658,-0.00748361471602075,0.0525324114509612,0.00549951982680047,0.0456394832775197,0.00787485319447992
0.0237804427198229,0.010649538733078,0.0303714505373901,0.00531415400969421,0.0399432630462493,0.00507676847789892,0.019313930265481,-0.00819606112274185,0.0660001165199063,-0.0028942619270641,0.0384626192694261,-0.00327968443850818,0.0188855531518568,-0.00998679017224424,0.0337878999883943,-0.011181956637198,0.0172880806729517
-0.0166851571807826,0.0545950317724035,-0.00986673986253844,0.039424856449807,0.00146804079351817,0.0572083923096665,-0.00628012312424014,0.0466716172510043,-0.0028942619270641,0.0743347805619478,0.00874803978870872,0.0524281586560113,0.00781250201955378,0.044464024340873,0.00778266529381013,0.0416841342802716,0.00474646189870713
0.0222480779013704,0.00415943166179221,0.0274597609927536,-0.00639926131967765,0.042165055135921,0.00741067822711261,0.0203922968846833,0.00220524186770657,0.0384626192694261,0.00874803978870872,0.0763856366587856,-0.000395870789342978,0.034670249359905,-0.0127517065029375,0.0405026451580855,-0.00867155750670243,0.0280028904907788
-0.000519758845694163,0.0475737592350962,-0.0120691571838372,0.0537603260572932,-0.00240799498714958,0.0565527473415033,-0.00494671468921105,0.0672807224122658,-0.00327968443850818,0.0524281586560113,-0.000395870789342978,0.0885891411383384,-0.00876842872577785,0.0598056279027563,0.0100788790673889,0.0519113007646308,0.00695282726869894
0.0145774360878592,0.00882591092439757,0.0300225050853946,0.000399672152584636,0.0170439719056787,0.00706912137182285,0.0261344599163888,-0.00748361471602075,0.0188855531518568,0.00781250201955378,0.034670249359905,-0.00876842872577785,0.0654379990253022,-0.0227440997127371,0.0299142810899709,-0.00439900016131963,0.0204774854375421
-0.0054000580866475,0.0402087363069182,-0.019339558234854,0.0548916581301504,-0.0112904676634879,0.0580435408581185,-0.0217905492790543,0.0525324114509612,-0.00998679017224424,0.044464024340873,-0.0127517065029375,0.0598056279027563,-0.0227440997127371,0.0801136512005826,-0.00127767518595961,0.0594061740006763,0.003990829891056
0.0146056681986197,0.0108197378182708,0.0215795387594965,0.0123477199919109,0.0157373907626726,0.0184163713162636,0.00455195312274655,0.00549951982680047,0.0337878999883943,0.00778266529381013,0.0405026451580855,0.0100788790673889,0.0299142810899709,-0.00127767518595961,0.0552404538001573,0.00158818245598291,0.0268744822393006
-0.0054442312873298,0.041007538046782,-0.00427994315999632,0.0548611657184233,-0.0104706784673594,0.0491510207872805,-0.0148631232160842,0.0456394832775197,-0.011181956637198,0.0416841342802716,-0.00867155750670243,0.0519113007646308,-0.00439900016131963,0.0594061740006763,0.00158818245598291,0.0620126494989417,0.00357569840957776
0.00481529156459364,-0.000142190510133395,0.0109445530569951,0.00455680123531737,0.0146908796294622,0.00120948966538589,0.0165536040978087,0.00787485319447992,0.0172880806729517,0.00474646189870713,0.0280028904907788,0.00695282726869894,0.0204774854375421,0.003990829891056,0.0268744822393006,0.00357569840957776,0.049375775956354
