0.0436473185181897,-0.016445035745687,0.038290344402564,0.0149762756115813,0.00325762579376339,-0.0112757939878625,0.00379267566876403,0.000376114409027682,0.00587624502881062,-0.0117547326795683,0.0300968461853538,-0.0185006791120198,0.0320814281347281,-0.030768257624769,0.0258541896947711,-0.0235226578845664,-0.00621371271995562
-0.016445035745687,0.0866775221582421,0.0123591132613894,0.0700360054641101,0.0176108224088097,0.0734268081733096,0.0162949508260548,0.0494069842060806,0.031252740276584,0.0595082546123283,0.0136215726112637,0.03924804231387,0.0206685101515418,0.0585420730926442,0.0313251807350416,0.019342354349643,0.0183789851823038
0.038290344402564,0.0123591132613894,0.0790541009351681,0.0476088874160828,0.00984623631005305,0.0152681547817182,-0.00169735869885502,0.010713172749076,0.00828819355499089,0.00315037332204352,0.0128909396776154,0.00220962928782605,0.0286432165664764,0.00294968646236797,0.0496135125014344,0.00184163807178753,0.00982594204131116
0.0149762756115813,0.0700360054641101,0.0476088874160828,0.146381394963994,-0.0357683674786345,0.0858019743550457,0.00421995701333884,0.0879638731600973,-0.0222325042773972,0.0436832552576765,-0.0131826223217529,0.0443209742106625,0.0307885539113747,0.0328722206538458,0.0242974889500937,0.0415697768686577,-0.00376962989594943
0.00325762579376339,0.0176108224088097,0.00984623631005305,-0.0357683674786345,0.0770569086682335,0.0183889958340102,0.0484347592631449,-0.0221323040524806,0.0537881688869491,0.00503586437234935,0.0438107964400384,-0.000153883792088171,0.0319629614990167,0.00021905652384803,0.0475138095367427,-0.0445724718638733,0.0464526726065147
-0.0112757939878625,0.0734268081733096,0.0152681547817182,0.0858019743550457,0.0183889958340102,0.100185172142789,0.0290274411505641,0.0487968922026988,-0.00526705574701644,0.0379503898098494,-0.0132131721199092,0.0445953603355811,0.0325302171775263,0.0435346802102364,0.0295054337690353,0.00578142651905365,0.0407540441826336
0.00379267566876403,0.0162949508260548,-0.00169735869885502,0.00421995701333884,0.0484347592631449,0.0290274411505641,0.0945537735813496,0.0283975385796611,0.0390173819755828,0.00707388997836487,0.0495945321591599,0.0120584917822986,0.0368018439263905,-0.0344817321935477,0.0234916246506231,-0.0338975670573234,0.0428944055819202
0.000376114409027682,0.0494069842060806,0.010713172749076,0.0879638731600973,-0.0221323040524806,0.0487968922026988,0.0283975385796611,0.0725669005386801,0.00322767116819293,0.034851032882479,0.00859497739596873,0.0284129345671656,0.0140026571650617,0.00864858774222356,0.00332062802431806,0.0269964292116622,-0.00745534339524112
0.00587624502881062,0.031252740276584,0.00828819355499089,-0.0222325042773972,0.0537881688869491,-0.00526705574701644,0.0390173819755828,0.00322767116819293,0.0802179573782693,0.0270974634012821,0.0700870924806234,-0.00637301502559156,0.0206612134774227,0.00180370824865273,0.0385681242488552,-0.0235370177731892,0.00839103486927829
-0.0117547326795683,0.0595082546123283,0.00315037332204352,0.0436832552576765,0.00503586437234935,0.0379503898098495,0.00707388997836487,0.034851032882479,0.0270974634012821,0.0546066898725081,0.0247839315643952,0.0377310783352339,0.0215387707546654,0.0481737544867311,0.0254224633168656,0.0253069262046493,0.00809303183783752
0.0300968461853538,0.0136215726112637,0.0128909396776154,-0.0131826223217529,0.0438107964400384,-0.0132131721199092,0.0495945321591599,0.00859497739596873,0.0700870924806234,0.0247839315643952,0.0935192890450397,-0.00472432661005768,0.0522311750793447,-0.0216409643755502,0.0464041782234131,-0.0345471782730043,0.00890944833160561
-0.0185006791120198,0.03924804231387,0.00220962928782605,0.0443209742106625,-0.000153883792088171,0.0445953603355811,0.0120584917822986,0.0284129345671656,-0.00637301502559156,0.0377310783352339,-0.00472432661005768,0.0554199313910149,0.0196244909245318,0.0444834703685957,0.0220940874443788,0.0370845352770928,0.0251970591098684
0.0320814281347281,0.0206685101515418,0.0286432165664764,0.0307885539113747,0.0319629614990167,0.0325302171775263,0.0368018439263905,0.0140026571650617,0.0206612134774227,0.0215387707546654,0.0522311750793447,0.0196244909245318,0.0685929364258408,-0.00272594518960961,0.0543167324509329,-0.0261622603372915,0.032507034952188
-0.030768257624769,0.0585420730926443,0.00294968646236797,0.0328722206538458,0.00021905652384803,0.0435346802102364,-0.0344817321935477,0.00864858774222356,0.00180370824865273,0.0481737544867311,-0.0216409643755502,0.0444834703685957,-0.00272594518960961,0.0827442822583969,0.0195607714407158,0.0433886431947545,0.0122790023543334
0.0258541896947711,0.0313251807350416,0.0496135125014344,0.0242974889500937,0.0475138095367427,0.0295054337690353,0.0234916246506231,0.00332062802431806,0.0385681242488552,0.0254224633168656,0.0464041782234131,0.0220940874443788,0.0543167324509329,0.0195607714407158,0.0714434523749366,-0.0122101051755446,0.0331563308448732
-0.0235226578845664,0.019342354349643,0.00184163807178753,0.0415697768686577,-0.0445724718638733,0.00578142651905365,-0.0338975670573234,0.0269964292116622,-0.0235370177731892,0.0253069262046493,-0.0345471782730043,0.0370845352770928,-0.0261622603372915,0.0433886431947545,-0.0122101051755446,0.0689129490271752,-0.0206785351812346
-0.00621371271995562,0.0183789851823038,0.00982594204131116,-0.00376962989594943,0.0464526726065147,0.0407540441826336,0.0428944055819202,-0.00745534339524112,0.00839103486927829,0.00809303183783752,0.00890944833160561,0.0251970591098684,0.032507034952188,0.0122790023543334,0.0331563308448732,-0.0206785351812346,0.0588001722906355
