0.06221813893942,0.0185499256042834,0.0206219592141926,0.00567755657668213,0.0281854763393035,0.00614784937716903,0.0190218210381668,0.00343316388110101,0.0382780428092623,-0.00918668395864654,0.0389068571765334,-0.00172131471407851,0.0157002582416606,0.00268950021046447,0.020478286333647,-0.00159720323134,0.00330305683176886
0.0185499256042834,0.101619852643602,0.00461020845929675,0.0750867568316605,0.0169711018085141,0.0574406725651525,0.0057040166296332,0.0609053933011938,0.0226249442941239,0.0385959499242441,0.0320869935378029,0.0349094266187808,0.000592211376674758,0.0404827391501002,0.0194518570354132,0.0323925172075268,0.00229251399977539
0.0206219592141926,0.00461020845929675,0.0804303749983516,-0.00495746245309194,0.0380165559435685,-0.0144189236555734,0.0264491916466084,0.00330167539965879,0.0112799538716019,-0.00891418045318564,0.02461593641567,-0.0232100363690205,-0.00165125417411751,-0.0277860907450077,-0.000472320097396796,-0.00656360157344491,0.00953905454115747
0.00567755657668213,0.0750867568316605,-0.00495746245309194,0.100046369764724,-0.00750655572238194,0.0383325665117919,0.00738827556314947,0.0606559050119376,0.0187911828910816,0.0207484637879458,0.0145099621341211,0.0495346270940949,0.00365804033509218,0.0468076304119465,0.0173365717519226,0.0469750508883878,0.00265193180090017
0.0281854763393035,0.0169711018085141,0.0380165559435685,-0.00750655572238194,0.0762836249337322,0.0233987998637928,0.044331175178048,0.00336587145245209,0.0134270236610278,0.004706784187735,0.0190345981119488,-0.0123776827137443,0.00832952553718707,-0.0108872773909704,-0.0113540108450185,-0.015670238396057,0.000509647787034564
0.00614784937716903,0.0574406725651525,-0.0144189236555734,0.0383325665117919,0.0233987998637928,0.0862237274105788,-0.000514034974281831,0.0270103669371761,0.0114742234069202,0.0521333755685332,0.0155488175234257,0.0231146785337426,0.015936675997565,0.0320509136696417,0.0038589736018914,0.0214408233079372,0.00216798696307667
0.0190218210381668,0.00570401662963321,0.0264491916466084,0.00738827556314947,0.044331175178048,-0.000514034974281831,0.0751456081061076,0.00110107113643073,0.0381609308193876,0.00373728437560587,0.0148794817252647,-0.0169253915544234,0.0295989707330521,-0.0128243712932295,0.00116145909393905,-0.0192255975940689,-0.00334593415500442
0.00343316388110101,0.0609053933011938,0.00330167539965879,0.0606559050119376,0.00336587145245209,0.0270103669371761,0.00110107113643073,0.0822640647881776,0.00566159756945513,0.036294601320918,0.010533844350993,0.0579974347776449,-0.0208876050836286,0.0417767255523402,0.00174376261961949,0.0315561045753455,0.0056754366118792
0.0382780428092623,0.0226249442941239,0.0112799538716019,0.0187911828910816,0.0134270236610278,0.0114742234069202,0.0381609308193876,0.00566159756945513,0.0792282371604328,0.0100498172771969,0.0367300197350404,-0.0163266525208615,0.0321614233989202,0.00272059768901541,0.0342686607806732,0.00517159992324294,-0.00355448091887193
-0.00918668395864654,0.0385959499242441,-0.00891418045318564,0.0207484637879458,0.004706784187735,0.0521333755685332,0.00373728437560587,0.036294601320918,0.0100498172771969,0.0627532307060833,0.00917822920950162,0.0285531588843128,-0.000405996303171063,0.0279732027988864,-0.00401831514383786,0.024403022185371,-0.00355678547085386
0.0389068571765334,0.0320869935378029,0.02461593641567,0.0145099621341211,0.0190345981119488,0.0155488175234257,0.0148794817252647,0.010533844350993,0.0367300197350404,0.00917822920950162,0.0641295823100731,-0.00231564880205353,0.0313102504281039,-0.00683386177507789,0.0349357641396518,0.00416945882868328,0.0221994859597971
-0.00172131471407851,0.0349094266187808,-0.0232100363690205,0.0495346270940949,-0.0123776827137443,0.0231146785337426,-0.0169253915544234,0.0579974347776449,-0.0163266525208615,0.0285531588843128,-0.00231564880205353,0.0695794496594762,-0.0229910248863852,0.0394297582149509,-0.00485094078387763,0.0326094376104524,0.00121579233578145
0.0157002582416606,0.000592211376674758,-0.00165125417411751,0.00365804033509218,0.00832952553718707,0.015936675997565,0.0295989707330521,-0.0208876050836286,0.0321614233989202,-0.000405996303171063,0.0313102504281039,-0.0229910248863852,0.0597438069622021,-0.00619892851591966,0.0350064324949084,-0.0075665965967081,0.0200850528732642
0.00268950021046447,0.0404827391501002,-0.0277860907450078,0.0468076304119465,-0.0108872773909704,0.0320509136696417,-0.0128243712932295,0.0417767255523402,0.00272059768901541,0.0279732027988864,-0.00683386177507789,0.0394297582149509,-0.00619892851591966,0.0890259758892932,0.0121176540437965,0.0549406949260211,-0.0071216808794657
0.020478286333647,0.0194518570354132,-0.000472320097396796,0.0173365717519226,-0.0113540108450185,0.0038589736018914,0.00116145909393905,0.00174376261961949,0.0342686607806732,-0.00401831514383786,0.0349357641396518,-0.00485094078387763,0.0350064324949084,0.0121176540437965,0.0577318907385092,0.00583422628796,0.0362827373332863
-0.00159720323134,0.0323925172075268,-0.00656360157344491,0.0469750508883878,-0.015670238396057,0.0214408233079372,-0.0192255975940689,0.0315561045753455,0.00517159992324294,0.024403022185371,0.00416945882868328,0.0326094376104524,-0.0075665965967081,0.0549406949260211,0.00583422628796,0.0600263684133325,-0.00834943313993109
0.00330305683176886,0.00229251399977539,0.00953905454115747,0.00265193180090017,0.000509647787034564,0.00216798696307667,-0.00334593415500442,0.0056754366118792,-0.00355448091887193,-0.00355678547085386,0.0221994859597971,0.00121579233578145,0.0200850528732642,-0.0071216808794657,0.0362827373332863,-0.00834943313993109,0.0600253087248453
