0.00422962288601698,-0.00139261937711497,-0.000407119089987112,0.000144984258912108,-0.00283562130144206,-0.000387032488330704,-0.00173786152825658,-0.0040514653681021,-0.000697053960172192,-0.000656274356216478
-0.00139261937711497,0.111495583696472,0.0755314285220038,0.0682001076550699,0.0572668154361657,0.035134604253,0.0850157248379812,0.0529030927722068,0.0719710049345306,0.0286727336502861
-0.000407119089987112,0.0755314285220038,0.121171918169694,0.0945823218980207,0.0709965679525377,0.0578042118361747,0.100841028166982,0.07086895440153,0.090130109517179,0.0371930124718833
0.000144984258912108,0.0682001076550699,0.0945823218980207,0.0984468578862702,0.0647492362042633,0.049420685656474,0.0916964046362568,0.0612310431498278,0.080324102913094,0.0327538812409237
-0.00283562130144206,0.0572668154361657,0.0709965679525377,0.0647492362042633,0.0988373959993407,0.0406031904341841,0.0871150127998005,0.0542445450060638,0.0618907126787939,0.0333288922950851
-0.000387032488330704,0.035134604253,0.0578042118361747,0.049420685656474,0.0406031904341841,0.0522218313423496,0.0542080207889945,0.0336644849690487,0.0521171352953414,0.0281769913470766
-0.00173786152825658,0.0850157248379812,0.100841028166982,0.0916964046362568,0.0871150127998005,0.0542080207889945,0.1719112861038,0.074780725435645,0.0784170057357989,0.0322284082391248
-0.0040514653681021,0.0529030927722068,0.07086895440153,0.0612310431498278,0.0542445450060638,0.0336644849690487,0.0747807254356449,0.0767103016653351,0.064174403521283,0.0203281689790235
-0.000697053960172192,0.0719710049345306,0.090130109517179,0.080324102913094,0.0618907126787939,0.0521171352953414,0.0784170057357989,0.064174403521283,0.125205787018772,0.0381951170962066
-0.000656274356216478,0.0286727336502861,0.0371930124718833,0.0327538812409237,0.0333288922950851,0.0281769913470766,0.0322284082391248,0.0203281689790235,0.0381951170962066,0.0517278482121476
