0.0634770769651288,-7.61696678350265e-05,0.0270861810572897,-0.00225198686838368,0.00634094223304138,-0.0162615710790752,-0.00265048351022853,0.00685406342415973,0.0279130422912965,-0.00574098563621179,0.0238266782683607,-0.00163943841311448,0.0126667778470539,-0.00428509250065544,0.0133490954325363,0.0063723245772337,0.00877817377982935
-7.61696678350265e-05,0.0969108309839821,0.0108203408024917,0.0644337140995079,0.0113764015696789,0.043746435916901,0.00171232424942099,0.0471227618466172,0.0121906097048416,0.0290235222948801,0.0298019883372552,0.0272704080197817,0.0199496773557206,0.0370452108097913,0.00467492565953253,0.0281500438392719,0.00356705602888915
0.0270861810572897,0.0108203408024917,0.0635448174897266,0.00727713154166046,0.028078956799513,0.00431304397980588,0.0155614825414055,-0.0108028404664142,0.0242027055278659,-0.00816632129019097,0.0263537167921732,-0.00185793150871557,0.0402771642192032,-0.0162611749535353,0.0136807530953487,-0.0016848389309014,0.0157597831510452
-0.00225198686838368,0.0644337140995079,0.00727713154166046,0.100693669045533,-0.000993288426349153,0.0630957582448005,-0.0108397829809014,0.0501508406914828,0.0125955202186798,0.0286644270577463,0.0131976399586458,0.0372898804391263,0.0215127328140386,0.0394193859898885,0.015813630863821,0.0369998522708876,0.0103646065110266
0.00634094223304138,0.0113764015696789,0.028078956799513,-0.000993288426349153,0.0703452673461776,0.0255157450446926,0.026729652630842,-0.00460863002156202,0.0278602342899036,0.00267540290072424,0.0304480541280558,-0.00921991145229844,0.0365568362654586,-0.00650335015006311,0.0261921594440343,-0.00654241235156344,0.016157470646977
-0.0162615710790752,0.043746435916901,0.00431304397980588,0.0630957582448005,0.0255157450446927,0.100816504024817,0.00780829518173278,0.0396077016552948,0.0174380405191522,0.0509488989896071,0.0260956017869576,0.0317274025599044,0.015361082621671,0.031895366567672,0.0188069187037083,0.0235429606999018,0.0127584873092769
-0.00265048351022853,0.00171232424942099,0.0155614825414055,-0.0108397829809014,0.026729652630842,0.00780829518173278,0.0743114416400181,-0.0146063938006814,0.0267131771436432,-0.00304551603041741,0.0272414475317899,-0.0154240239708578,0.0287354469028524,-0.0213483933435843,0.0154326306568844,-0.0249316385663388,0.0193752246467481
0.00685406342415973,0.0471227618466172,-0.0108028404664142,0.0501508406914828,-0.00460863002156202,0.0396077016552948,-0.0146063938006814,0.0752553262960041,0.0118846146285582,0.0399475011924521,0.018451878863219,0.0477879202191781,-0.00109345726889026,0.0356741933625056,0.0074642220259659,0.0304469507366115,0.00604145894571202
0.0279130422912965,0.0121906097048416,0.0242027055278659,0.0125955202186798,0.0278602342899036,0.0174380405191522,0.0267131771436432,0.0118846146285582,0.0779694874330713,0.0141178675780484,0.0450678404804254,0.00162011193758332,0.0246023090910423,-0.00801983279345993,0.027492061086633,-0.00868614350336752,0.0213378554706666
-0.00574098563621179,0.0290235222948801,-0.00816632129019097,0.0286644270577463,0.00267540290072424,0.0509488989896071,-0.00304551603041741,0.0399475011924521,0.0141178675780484,0.0663038769583143,0.0125703216073512,0.03350687758653,0.0061682798395956,0.00963802072153254,0.0127674731544718,0.0246964560301865,0.00545819917705672
0.0238266782683607,0.0298019883372552,0.0263537167921732,0.0131976399586458,0.0304480541280558,0.0260956017869576,0.0272414475317899,0.018451878863219,0.0450678404804254,0.0125703216073512,0.0939132112456659,0.0073881331172905,0.034900123028583,0.00193426226370301,0.0533313112122749,0.00318225347843574,0.0343820911536068
-0.00163943841311448,0.0272704080197817,-0.00185793150871557,0.0372898804391263,-0.00921991145229844,0.0317274025599044,-0.0154240239708578,0.0477879202191781,0.00162011193758332,0.03350687758653,0.0073881331172905,0.069316749585019,-0.00195436149205842,0.0364288217259395,-0.00107632404214794,0.0306439134990339,0.00108134517027855
0.0126667778470539,0.0199496773557206,0.0402771642192032,0.0215127328140386,0.0365568362654586,0.015361082621671,0.0287354469028524,-0.00109345726889026,0.0246023090910423,0.0061682798395956,0.034900123028583,-0.00195436149205842,0.0634398722230411,-0.0068982533429141,0.0312876903538855,-0.00229939866532854,0.031179374079909
-0.00428509250065544,0.0370452108097913,-0.0162611749535353,0.0394193859898885,-0.00650335015006311,0.031895366567672,-0.0213483933435843,0.0356741933625056,-0.00801983279345993,0.00963802072153254,0.00193426226370301,0.0364288217259394,-0.0068982533429141,0.0878843385941931,-0.0134284111636214,0.0381287449082614,0.0042503111176742
0.0133490954325363,0.00467492565953253,0.0136807530953487,0.015813630863821,0.0261921594440343,0.0188069187037083,0.0154326306568844,0.0074642220259659,0.027492061086633,0.0127674731544718,0.053331311212275,-0.00107632404214794,0.0312876903538855,-0.0134284111636214,0.0769086684533559,-0.00278009098671441,0.0339371633405137
0.0063723245772337,0.0281500438392719,-0.0016848389309014,0.0369998522708876,-0.00654241235156344,0.0235429606999018,-0.0249316385663388,0.0304469507366115,-0.00868614350336752,0.0246964560301865,0.00318225347843574,0.0306439134990339,-0.00229939866532854,0.0381287449082614,-0.00278009098671441,0.0520143164394896,-0.0036182630156144
0.00877817377982935,0.00356705602888915,0.0157597831510452,0.0103646065110266,0.016157470646977,0.0127584873092769,0.0193752246467481,0.00604145894571202,0.0213378554706666,0.00545819917705672,0.0343820911536068,0.00108134517027855,0.031179374079909,0.0042503111176742,0.0339371633405137,-0.0036182630156144,0.0527526337293244
