0.0369268482302932,-0.0197814142649802,0.000391617952257602,0.00921585020906823,-0.00989686235673364,0.0172560333144691,-0.0117619373290568,-0.022048234395565,-0.0121016135467446,0.0052514317641188,0.0139352858510804,0.0245898336117566,0.0206070617842775
-0.0197814142649802,0.252104843502492,0.0266911692559843,-8.13159710270166e-05,-0.021030223273235,-0.138437844785482,-0.0132419878711695,-0.00363673298191278,-0.0125083715753423,-0.000800204334193172,-0.0451654172720412,0.0264085725142777,0.0827368276296624
0.000391617952257602,0.0266911692559843,0.105475316848982,0.00884601076046842,0.0111342917577134,-0.0268003940156638,-0.025649476906493,-0.0359312669264274,0.0338599208243627,0.000596827047728726,0.00469538809971092,-0.0218869869447581,0.0488431034309153
0.00921585020906824,-8.13159710270166e-05,0.00884601076046842,0.025246513041791,0.00503119192115021,0.00362449971042829,0.00969231192528986,0.0011346072134915,-0.0150579216350504,-0.00029831575627896,0.0188505153798992,0.0021394107702315,0.0401780676689882
-0.00989686235673364,-0.021030223273235,0.0111342917577134,0.00503119192115021,0.0122856393733262,0.0159942986321437,0.00720904285302511,0.00592476307672734,0.0170971744348666,-0.00550612020646478,-0.00195855929704788,-0.00558724623463493,-0.00805539319090719
0.0172560333144691,-0.138437844785482,-0.0268003940156638,0.00362449971042829,0.0159942986321437,0.149955911393651,-0.00713473672065711,0.0142487261362192,0.0340789487899957,-0.0433172728353842,-0.0481841805685405,-0.0228675661099305,-0.0946434560502396
-0.0117619373290568,-0.0132419878711695,-0.025649476906493,0.00969231192528986,0.00720904285302511,-0.00713473672065711,0.245093070041116,0.0123998243541564,0.0171766391907006,0.0199626445239931,0.0155860325646348,0.0257980761276732,0.00069656120082626
-0.022048234395565,-0.00363673298191278,-0.0359312669264274,0.0011346072134915,0.00592476307672734,0.0142487261362192,0.0123998243541564,0.0337553921637782,-0.0185720979517922,-0.0152854276415678,-0.0158021655857404,-0.0220390572770316,-0.0196541754116028
-0.0121016135467446,-0.0125083715753423,0.0338599208243627,-0.0150579216350504,0.0170971744348666,0.0340789487899957,0.0171766391907006,-0.0185720979517922,0.170430394266316,0.00897833826954545,-0.0370281772498529,0.0375702698816518,-0.0157655811503834
0.0052514317641188,-0.000800204334193172,0.000596827047728726,-0.00029831575627896,-0.00550612020646478,-0.0433172728353842,0.0199626445239931,-0.0152854276415678,0.00897833826954545,0.0383953388640347,0.0525834669491554,0.028214299114713,0.0351243808943487
0.0139352858510804,-0.0451654172720412,0.00469538809971092,0.0188505153798992,-0.00195855929704788,-0.0481841805685405,0.0155860325646348,-0.0158021655857404,-0.0370281772498529,0.0525834669491554,0.108644525038485,0.0173966678135623,0.0646753771542391
0.0245898336117566,0.0264085725142777,-0.0218869869447581,0.0021394107702315,-0.00558724623463493,-0.0228675661099305,0.0257980761276732,-0.0220390572770316,0.0375702698816518,0.028214299114713,0.0173966678135623,0.109680722753493,0.0106885406891076
0.0206070617842775,0.0827368276296624,0.0488431034309153,0.0401780676689882,-0.00805539319090719,-0.0946434560502396,0.00069656120082626,-0.0196541754116028,-0.0157655811503834,0.0351243808943487,0.0646753771542391,0.0106885406891076,0.272037617085358
