0.0535904681413979,0.0129488011193265,0.0202864997785642,-0.0189324210032553,-0.000600921413876512,-0.00719393525805444,-0.0201104726942332,-0.0242495726007607,0.0147908045414141,-0.0133283118459206,-0.0125614334086949,-0.0457710733393721,0.0113991015193276,-0.0171257073160832,0.0249691887521623,-0.0130109886450146,-0.00829862110886373
0.0129488011193265,0.126323707423969,0.0136291096363343,0.083222653236247,-0.0283261059021253,0.0830145778378425,-0.00883852900921254,0.0305497741067909,-0.00699492002290662,0.0438768118980757,-0.0140551794992257,0.0445276385883402,0.0177150499844426,0.0606499645334576,0.02651756473275,0.0373595721671938,0.000181485585206606
0.0202864997785642,0.0136291096363343,0.0728213841444285,0.00211874587775134,-0.00183359866587209,-0.009496588840736,-0.0164140895837952,0.00949142380016876,0.0071302534693599,-0.0398659555327246,0.0241907020849267,0.00287759137101142,0.0449615686324822,0.0069480793330121,0.0360397432967354,-0.00150051502344998,-0.00427899622295474
-0.0189324210032553,0.083222653236247,0.00211874587775134,0.084018676166395,-0.00371657333851289,0.0652080001862135,0.0124970116869716,0.0582324406217172,0.0067141302890687,0.0418604893253405,0.000831652661542493,0.0690679669946694,0.0115067540209277,0.0473710552747167,0.0001030868973195,0.0438675902949628,-0.00308854179574687
-0.000600921413876512,-0.0283261059021253,-0.00183359866587209,-0.00371657333851289,0.0517378297623569,0.00575324203780051,0.0196898617396479,0.0056648036021118,0.0327759824867496,-0.00851066915788749,0.0385779045058914,0.00453549290245968,0.0136157816303467,-0.0127605694314987,-0.00811086438725455,0.00287783048097653,-0.00315764167188499
-0.00719393525805443,0.0830145778378425,-0.009496588840736,0.0652080001862135,0.00575324203780051,0.102807020858681,0.000616581676093349,0.0402961004252998,0.00351557085312767,0.0399964272975002,0.0227180390898653,0.0588435990878566,0.00212028513248719,0.0601559729567338,0.0155434624049925,0.0493554474851315,0.0207923907056957
-0.0201104726942332,-0.00883852900921254,-0.0164140895837952,0.0124970116869716,0.0196898617396479,0.000616581676093349,0.0896331864181779,-0.0119276207864893,0.0365786823959185,-0.00614764897433093,0.0106336354974644,0.0277281204926016,-0.0171651847371824,0.0142172700065771,-0.0239097958292863,-0.0126360108846013,0.0187866601061196
-0.0242495726007607,0.0305497741067909,0.00949142380016876,0.0582324406217172,0.0056648036021118,0.0402961004252998,-0.0119276207864893,0.104123372583882,0.0246349880581293,0.0414403524132407,0.0202446338733265,0.0748624141285324,0.019693105177847,0.0309426574543153,0.0166107600479618,0.053592037496936,0.0134897490743804
0.0147908045414141,-0.00699492002290662,0.0071302534693599,0.0067141302890687,0.0327759824867496,0.00351557085312767,0.0365786823959185,0.0246349880581293,0.0722850254997745,0.00954573134669141,0.0374060178837992,0.0118484144050301,0.0269257761859028,-0.017308555105302,0.0259020650176179,-0.0162120095040346,0.0221521078220629
-0.0133283118459206,0.0438768118980757,-0.0398659555327246,0.0418604893253405,-0.00851066915788749,0.0399964272975002,-0.00614764897433093,0.0414403524132407,0.00954573134669141,0.0702682154811761,-0.00358632614839594,0.0319022838777005,0.0038156467038237,0.0209484787491683,0.0108235511603331,0.0198998437869131,0.0152749334466774
-0.0125614334086949,-0.0140551794992257,0.0241907020849267,0.000831652661542494,0.0385779045058914,0.0227180390898653,0.0106336354974644,0.0202446338733265,0.0374060178837992,-0.00358632614839594,0.0805807356201603,0.0287498581851088,0.0489321252646246,0.00689524649106214,0.0366779932357976,-0.00658898602634957,0.0313648599499511
-0.0457710733393721,0.0445276385883402,0.00287759137101142,0.0690679669946694,0.00453549290245968,0.0588435990878566,0.0277281204926016,0.0748624141285324,0.0118484144050301,0.0319022838777005,0.0287498581851088,0.0922527878776415,0.00873331545915724,0.0570458010563209,0.00114996757324944,0.047724591851924,0.0224464803060136
0.0113991015193276,0.0177150499844426,0.0449615686324822,0.0115067540209277,0.0136157816303467,0.00212028513248719,-0.0171651847371824,0.019693105177847,0.0269257761859028,0.0038156467038237,0.0489321252646246,0.00873331545915724,0.0683057874796374,0.00125032677262687,0.0502079932755751,-0.010940179922431,0.00782244307279076
-0.0171257073160832,0.0606499645334576,0.0069480793330121,0.0473710552747167,-0.0127605694314987,0.0601559729567338,0.0142172700065771,0.0309426574543153,-0.017308555105302,0.0209484787491683,0.00689524649106214,0.0570458010563209,0.00125032677262687,0.0830458219307488,0.0111244500241134,0.0505923393404172,0.0237577830212847
0.0249691887521623,0.02651756473275,0.0360397432967354,0.0001030868973195,-0.00811086438725455,0.0155434624049925,-0.0239097958292863,0.0166107600479618,0.0259020650176179,0.0108235511603331,0.0366779932357976,0.00114996757324944,0.0502079932755751,0.0111244500241134,0.0670820567890516,-0.0103347692145812,0.0315324476753138
-0.0130109886450146,0.0373595721671938,-0.00150051502344998,0.0438675902949628,0.00287783048097653,0.0493554474851315,-0.0126360108846013,0.053592037496936,-0.0162120095040346,0.0198998437869131,-0.00658898602634957,0.047724591851924,-0.010940179922431,0.0505923393404172,-0.0103347692145812,0.0647612454093598,-0.00335213953756525
-0.00829862110886373,0.000181485585206606,-0.00427899622295474,-0.00308854179574687,-0.00315764167188499,0.0207923907056957,0.0187866601061196,0.0134897490743804,0.0221521078220629,0.0152749334466774,0.0313648599499511,0.0224464803060136,0.00782244307279076,0.0237577830212847,0.0315324476753138,-0.00335213953756525,0.0474088751169666
