0.0451852871250706,-0.00129689273584479,0.00969850681574003,-0.00735608249508708,-0.00198380010032197,-2.61335273377052e-05,-0.00429692548931874,0.0270180053164379
-0.00129689273584479,0.03428891900436,0.0102456845406619,0.00842088390262963,0.00684191465986471,0.00569496851280143,0.00154916448362952,0.0157904339043763
0.00969850681574002,0.0102456845406619,0.037070214872309,0.00656500167429036,0.00268975392311764,0.00468723633177093,-0.00318621202197752,0.003696557725327
-0.00735608249508708,0.00842088390262963,0.00656500167429036,0.0305665633791819,0.0084333836180094,0.004624485491551,0.00801214418401346,0.00151701170184844
-0.00198380010032197,0.00684191465986471,0.00268975392311764,0.0084333836180094,0.0136023966473081,0.0029463665810115,0.00523756514774805,-0.005072596491078
-2.61335273377052e-05,0.00569496851280143,0.00468723633177093,0.004624485491551,0.0029463665810115,0.0112352372385515,0.0020475884027527,0.00563429087366386
-0.00429692548931874,0.00154916448362951,-0.00318621202197752,0.00801214418401346,0.00523756514774805,0.0020475884027527,0.0239170631120084,0.00315318161530687
0.0270180053164379,0.0157904339043763,0.003696557725327,0.00151701170184844,-0.005072596491078,0.00563429087366386,0.00315318161530687,0.0424919642324051
