0.210996495815111,-5.50435486979501e-05,0.00676772461995316,0.012712788455946,0.0164168690536074,-0.0115070629301851,0.0184035322068222,0.0536441287200566,-0.00213199698713458,-0.0076606754662596,0.032134708413931,-0.0201895082878898,0.00537220637765146,-0.00418892557041729
-5.50435486979501e-05,0.0296951596161168,0.0112967444398978,0.00761151068689702,-0.00860147393836468,0.0150728456304528,0.0106585849735599,0.0142418340880835,-0.00679648577987882,0.000210149111689659,0.0135731323974403,-0.00176405691165314,-0.00261435238860245,0.000304733108579749
0.00676772461995316,0.0112967444398978,0.0365372335964393,0.00301199223383258,-0.000883219578030788,-0.00704370730363193,0.0121266903668162,0.0255656070095991,0.0291500358288368,0.0051325037321914,-0.0173085357436612,0.00477869432822572,-0.00641977831668694,0.000423968146286253
0.012712788455946,0.00761151068689702,0.00301199223383258,0.0456839644210206,0.0101934737469076,-0.00122795743340311,-0.0024910547345237,-0.0195369463609985,0.00847985436665844,-0.0015689441999551,-0.00615292746175987,-0.00301991709226881,-0.00191590136500116,-0.00117294258044537
0.0164168690536074,-0.00860147393836468,-0.000883219578030788,0.0101934737469076,0.089976540446001,0.0483735393067855,-0.0030761333071339,0.0225588400102415,0.073071151896796,0.0126437153703468,0.0094369747996441,0.0102406409950236,0.00269798927830442,-0.000302701845308325
-0.0115070629301851,0.0150728456304528,-0.00704370730363193,-0.00122795743340311,0.0483735393067855,0.084566793280015,0.0124491132930176,0.000918773869487785,0.0476752774921483,0.00997676770772738,0.0149397674634234,0.000512105869879308,-0.00130797298895197,-7.48020782076659e-05
0.0184035322068222,0.0106585849735599,0.0121266903668162,-0.0024910547345237,-0.0030761333071339,0.0124491132930176,0.0163798891143091,0.0235214677434085,-0.00203014996174436,0.00108034564088769,0.0143507201390683,-0.0026126218514222,-0.00236070506379501,-0.000106631073977936
0.0536441287200566,0.0142418340880835,0.0255656070095991,-0.0195369463609985,0.0225588400102415,0.000918773869487785,0.0235214677434085,0.278377542423874,0.031111642247185,0.00404012725680611,0.0809858750739949,0.00139605454852019,-0.00490020505574838,-0.00705865246904614
-0.00213199698713458,-0.00679648577987882,0.0291500358288368,0.00847985436665844,0.073071151896796,0.0476752774921483,-0.00203014996174436,0.031111642247185,0.310533712190293,0.0423005704968547,0.0340850327173745,0.0272387601524395,-0.0018620653457587,-0.00103581593216007
-0.0076606754662596,0.000210149111689659,0.0051325037321914,-0.0015689441999551,0.0126437153703468,0.00997676770772738,0.00108034564088769,0.00404012725680611,0.0423005704968547,0.0113299561830827,-7.45196753063335e-05,0.0148367723600731,-0.00117970011848424,0.000180522677443909
0.032134708413931,0.0135731323974403,-0.0173085357436612,-0.00615292746175987,0.0094369747996441,0.0149397674634234,0.0143507201390683,0.0809858750739949,0.0340850327173745,-7.45196753063335e-05,0.25327286567122,-0.0184113514791963,0.00828096911956713,0.00105115047536605
-0.0201895082878898,-0.00176405691165314,0.00477869432822572,-0.00301991709226881,0.0102406409950236,0.000512105869879308,-0.0026126218514222,0.00139605454852019,0.0272387601524395,0.0148367723600731,-0.0184113514791963,0.0306006400486296,-0.00198561070341211,0.000308982281245848
0.00537220637765146,-0.00261435238860245,-0.00641977831668694,-0.00191590136500116,0.00269798927830442,-0.00130797298895197,-0.00236070506379501,-0.00490020505574838,-0.0018620653457587,-0.00117970011848424,0.00828096911956713,-0.00198561070341211,0.00552338042339959,-0.000345551539709837
-0.00418892557041729,0.000304733108579749,0.000423968146286253,-0.00117294258044537,-0.000302701845308325,-7.48020782076659e-05,-0.000106631073977936,-0.00705865246904614,-0.00103581593216007,0.000180522677443909,0.00105115047536605,0.000308982281245848,-0.000345551539709837,0.000628841293466248
