0.0547808602161995,-0.00506559641637281,0.02975444931879,-0.0134558277257391,0.0205763037620899,-0.0238631137170686,0.0174140148965716,-0.00699955530884114,0.0289588001196364,-0.0180769927994044,0.0174578512193437,-0.0235545250266969,-0.00581245672665645,-0.016140847566716,0.0059354364723421,-0.000285821117680829,-0.00491045687579389
-0.00506559641637281,0.082262919952309,0.00418418710327083,0.0587954372635714,0.0190544348597997,0.0539558760279467,0.00351786308459088,0.0478189484272229,0.0162471259352318,0.0280012104494649,0.0141239818335383,0.0312396741498504,0.00220296158737736,0.0358519280668818,0.0168236741181044,0.0383586796906078,-0.00149839138258298
0.02975444931879,0.00418418710327083,0.0619404021332984,-0.00659183855083962,0.0171785291680345,-0.00942539823642272,0.0109211391044795,-0.0195556763389634,0.0271213664509821,-0.0119924568680172,0.00630105028255113,-0.0160827738337524,0.0193310118391653,-0.0221378692989629,0.0181905930140589,-0.00259997315031576,-0.00115953577229544
-0.0134558277257391,0.0587954372635714,-0.00659183855083962,0.0871306663513256,-0.00650968876827399,0.0447696942710334,0.000155545540107851,0.0658478401968877,0.00842740465794561,0.0268294538762435,0.00933653386501935,0.0337570107346523,0.00692454837869627,0.0477886450152738,0.0169889702475948,0.047030461667012,-0.00613394952836441
0.0205763037620899,0.0190544348597997,0.0171785291680345,-0.00650968876827399,0.0609224512458529,0.023174130785057,0.0388306530206438,-0.00397164086469028,0.0211522629368383,-0.00235286306745231,0.0393493488951864,0.000113921389789449,0.013282216583875,-0.00560795802179055,0.0081848659495422,-0.00345901762658089,0.00530962522616274
-0.0238631137170686,0.0539558760279467,-0.00942539823642272,0.0447696942710334,0.023174130785057,0.0881650633077335,0.0121726294661647,0.0483718912544047,0.0048491927092655,0.0385042339495128,0.0322234497009354,0.0571771191277358,0.023302156394966,0.0383648415934398,0.00727056332542251,0.0298986061949517,0.00564402263576095
0.0174140148965716,0.00351786308459088,0.0109211391044795,0.000155545540107851,0.0388306530206438,0.0121726294661647,0.0685187417410653,0.00174213235001167,0.0215393158795435,0.00271964263730612,0.04329906754777,-0.00877139986549173,0.0182683993030631,-0.0028990854004294,0.0103087799390254,-0.00701248715546345,0.0035224356101541
-0.00699955530884114,0.0478189484272229,-0.0195556763389634,0.0658478401968877,-0.00397164086469028,0.0483718912544047,0.00174213235001167,0.0974594076517854,0.00529197949927717,0.0290491464378603,0.0224872068320201,0.0488960692029812,0.0120359683173885,0.0576827963784011,0.00270517375344135,0.0480086477986879,-0.00131442215804514
0.0289588001196364,0.0162471259352318,0.0271213664509821,0.00842740465794561,0.0211522629368383,0.0048491927092655,0.0215393158795435,0.00529197949927717,0.0537310590005185,-0.00242602563754674,0.0339912959556554,-0.0163083673724308,0.0095115069363924,-0.00882568069067024,0.0167490416192274,-0.000229643924661991,0.0116238122988127
-0.0180769927994044,0.0280012104494649,-0.0119924568680172,0.0268294538762435,-0.00235286306745231,0.0385042339495128,0.00271964263730612,0.0290491464378603,-0.00242602563754674,0.0566867952230429,0.00230743872339737,0.0329280221974069,0.00827100057763672,0.0250021138707437,0.0111643756911211,0.0263796547787803,0.00744982193492861
0.0174578512193437,0.0141239818335383,0.00630105028255113,0.00933653386501935,0.0393493488951864,0.0322234497009354,0.04329906754777,0.0224872068320201,0.0339912959556553,0.00230743872339737,0.0812601000067196,0.00165358854082736,0.0190007819572155,0.00521823815870353,0.0277051146334131,0.00100663638911974,0.0264055371452707
-0.0235545250266969,0.0312396741498504,-0.0160827738337524,0.0337570107346523,0.000113921389789449,0.0571771191277358,-0.00877139986549173,0.0488960692029812,-0.0163083673724308,0.0329280221974069,0.00165358854082736,0.0845481492163864,0.0172620408791322,0.0492886054952366,-0.00278214756227567,0.0396214665171246,0.00338826720291909
-0.00581245672665645,0.00220296158737736,0.0193310118391653,0.00692454837869627,0.013282216583875,0.023302156394966,0.0182683993030631,0.0120359683173885,0.0095115069363924,0.00827100057763672,0.0190007819572155,0.0172620408791322,0.0685681844823943,-0.0135494535307976,0.018012138822045,-0.0143812251712079,0.022997983976015
-0.016140847566716,0.0358519280668818,-0.0221378692989629,0.0477886450152738,-0.00560795802179055,0.0383648415934398,-0.0028990854004294,0.0576827963784011,-0.00882568069067024,0.0250021138707437,0.00521823815870353,0.0492886054952366,-0.0135494535307976,0.0843119620584069,-0.000273969102918261,0.0479653657705857,-0.000587635750524966
0.0059354364723421,0.0168236741181044,0.0181905930140589,0.0169889702475948,0.0081848659495422,0.00727056332542251,0.0103087799390254,0.00270517375344135,0.0167490416192274,0.0111643756911211,0.0277051146334132,-0.00278214756227567,0.018012138822045,-0.000273969102918261,0.0659739154275681,0.00447104121959567,0.0255186734667602
-0.000285821117680829,0.0383586796906078,-0.00259997315031576,0.047030461667012,-0.00345901762658089,0.0298986061949517,-0.00701248715546345,0.0480086477986879,-0.000229643924661991,0.0263796547787803,0.00100663638911974,0.0396214665171246,-0.0143812251712079,0.0479653657705857,0.00447104121959567,0.0629659684344484,-0.0107283086374559
-0.00491045687579389,-0.00149839138258298,-0.00115953577229544,-0.00613394952836441,0.00530962522616274,0.00564402263576095,0.0035224356101541,-0.00131442215804514,0.0116238122988127,0.0074498219349286,0.0264055371452707,0.00338826720291909,0.022997983976015,-0.000587635750524965,0.0255186734667602,-0.0107283086374559,0.0458630547682725
