0.000408046078426682,-0.00125102190625145,-0.00089231532158287,-0.001650708961262,0.000814053159979306,-0.00248384658438072,0.00294495824537008,-0.00200266360755125,-0.00123180026831402,-0.000567645193819468
-0.00125102190625145,0.130134621979432,0.0620299685925328,0.0675240737055948,0.0562974285316284,0.0626754628076197,0.0877430852517827,0.0923241716342123,0.0690561622668772,0.0151698286779197
-0.00089231532158287,0.0620299685925328,0.105066698566635,0.109496436163666,0.0747377858741648,0.07270086876607,0.121915336882019,0.0634650346264004,0.0654148069772945,0.0365052618698024
-0.001650708961262,0.0675240737055948,0.109496436163666,0.118377640547478,0.0797038411071526,0.0875038023768867,0.121347824798168,0.0702834670358202,0.0708619372282241,0.0410448321322805
0.000814053159979306,0.0562974285316284,0.0747377858741648,0.0797038411071526,0.113606338129858,0.0467893139393876,0.11596397632187,0.0493337934102829,0.0777351222033889,0.0627433126659018
-0.00248384658438072,0.0626754628076197,0.07270086876607,0.0875038023768867,0.0467893139393876,0.0894159254187366,0.0703465948115313,0.0616971250586227,0.0485571877536803,0.0232726046817652
0.00294495824537008,0.0877430852517826,0.121915336882019,0.121347824798168,0.11596397632187,0.0703465948115313,0.192829915549576,0.0726747320715925,0.0823231572119411,0.0459908599600958
-0.00200266360755125,0.0923241716342123,0.0634650346264004,0.0702834670358202,0.0493337934102829,0.0616971250586227,0.0726747320715925,0.0736537288616148,0.0590616841144116,0.0198013100110945
-0.00123180026831402,0.0690561622668772,0.0654148069772945,0.0708619372282241,0.0777351222033889,0.0485571877536803,0.0823231572119411,0.0590616841144116,0.0682452774377273,0.0425266394705486
-0.000567645193819468,0.0151698286779197,0.0365052618698024,0.0410448321322805,0.0627433126659018,0.0232726046817652,0.0459908599600958,0.0198013100110945,0.0425266394705486,0.0419875838814126
