0.0188213876003417,0,0,0,0,0,0,0,0,0,0,0,0,0,0,0,0,0,0,0,0,0,0,0,0,0,0,0,0,0,0,0,0,0,0,0,0,0,0,0,0,0,0,0,0,0,0,0,0,0,0,0,0,0,0,0,0,0,0,0
0,2319.08974116035,314.512096561298,598.911442524709,0.936495752253685,0,-634.420002796703,179.486030243767,0,825.162498786474,0,0,-463.468474229152,-152.477777989974,-624.285482034352,-403.395632121873,-557.448862660857,0,-398.233095071585,0,0,0,0,576.74243349595,-552.105089626993,4.86096012450742,-117.694707357253,667.434354955272,0,-682.443770755576,-67.6757597106726,-25.6457205067515,-112.577865666036,0,-925.469024457599,-432.874093807758,318.78320247131,352.215574592413,-906.915643171674,-104.294687442336,-620.760637800575,618.41016271149,-134.604321217964,965.604488692292,-456.640852204784,3.17317497703237,345.757165148236,114.785271985138,133.200923665351,0,0,209.91603285249,0,0,-330.663089448181,0,-578.234254678593,131.339590149458,0,-139.618319151578
0,314.512096561298,2262.39629698715,137.456200801206,763.217994621827,0,473.098742408658,34.7211295685278,0,61.5356038130173,0,0,-914.293002930934,-451.053987472048,472.631589369346,171.204696190588,-110.361921655172,0,-671.09145126753,0,0,0,0,-540.875039839199,345.10841044881,677.295268884346,156.844518224334,219.530152065437,0,-957.624056569865,815.14369615835,671.040612254021,151.436123284746,0,250.633632919178,49.8717703934489,733.242390806247,-530.638110009387,383.124248575591,646.393874161127,499.496343045931,251.188048074075,657.249962759179,-16.6367248860332,-52.2690982485911,-899.312617018466,-152.449400532053,-611.410023131636,514.360899112123,0,0,485.160400157936,0,0,-348.403404658189,0,482.212757624281,-66.5359146473676,0,-585.11241550391
0,598.911442524709,137.456200801206,2585.12984751052,266.897172957293,0,1125.62899518427,874.934637290871,0,204.033786328911,0,0,866.950750226409,-775.49516296875,425.650273106298,-396.619177745935,-1586.18463894088,0,-1495.73986322366,0,0,0,0,148.248819522777,-364.082978948417,-846.027944402304,73.6373661284102,309.735222602246,0,-345.239074280386,324.022332100799,573.26461605715,-58.9237763055313,0,-873.33866509287,-446.460234149259,-687.406552460788,22.4564997305088,-308.93984749103,63.7128033114065,163.392458012686,161.128625320489,-14.1781881498418,267.79115833232,-1361.22903363857,101.236850286405,-615.402452873748,-262.190448709245,390.708993900633,0,0,-453.881383088433,0,0,115.620566006574,0,-601.791909346213,294.714199766359,0,-103.450730503862
0,0.936495752253685,763.217994621827,266.897172957293,4292.04892780997,0,410.33401109661,-327.534686014153,0,1678.25317336303,0,0,-1191.80358011949,-551.74856998507,-465.253805957165,1052.96147416385,525.592306207922,0,-1349.04090241002,0,0,0,0,-1255.77799418958,80.9102919126806,-572.532696483855,-1116.52807914537,899.520309163999,0,514.010366024467,1736.99949840754,94.7477903162036,26.0775823629405,0,616.294355335138,404.088419307067,1822.95165183881,-237.743173363627,-651.415795212327,-210.030578444555,-695.634199265146,-107.0280877085,-252.319118230039,-140.299355574896,-500.055480299776,232.981587393889,252.155341677937,700.592516399752,-267.66332009831,0,0,1204.67784701915,0,0,-23.2417729986785,0,77.3451886275848,101.601181707878,0,-240.830199824408
0,0,0,0,0,0.0215030597331198,0,0,0,0,0,0,0,0,0,0,0,0,0,0,0,0,0,0,0,0,0,0,0,0,0,0,0,0,0,0,0,0,0,0,0,0,0,0,0,0,0,0,0,0,0,0,0,0,0,0,0,0,0,0
0,-634.420002796703,473.098742408658,1125.62899518427,410.33401109661,0,6402.12726922151,60.3829266986987,0,-1034.03302481479,0,0,-616.326295551665,-391.08264886027,378.177838601421,-244.597418691677,-730.674660978853,0,-644.548246537218,0,0,0,0,-913.498907705019,78.5406154253112,-281.0096649603,-729.048018645507,-591.697127062124,0,-1146.75380250225,1369.24320265334,685.827951662485,253.13164358021,0,-44.9174715953806,-874.105185142645,-221.770863985664,-512.274275780879,644.316355784849,222.215384270498,64.3217520530767,422.563786647569,-295.670779824489,-32.3271612537042,338.507170585799,-668.752339016383,-616.944016054582,-1035.7649018281,536.306483510824,0,0,-468.056617637393,0,0,736.720495044359,0,198.396704837993,631.137168436068,0,336.269570816998
0,179.486030243767,34.7211295685278,874.934637290871,-327.534686014153,0,60.3829266986987,7306.43173710959,0,-1350.19995980165,0,0,627.520050263453,-90.5449464671187,1065.19740193148,2427.19180964101,-1033.23007065328,0,-278.977918671814,0,0,0,0,-1246.83258413116,359.122446804922,492.770036909833,5.11680143625439,1094.45814585505,0,1122.69172650811,300.732640396644,103.794990475498,528.070389589344,0,-717.088953707014,-2131.0479874559,117.803313856733,-381.8120622469,556.10020673076,-925.256636064259,-886.513244704541,-312.869026749841,-125.097109130718,-153.490157209948,-688.285955753803,-925.848637239262,1532.45567584494,261.303090372415,-608.275293004332,0,0,-271.010814636699,0,0,-196.098064492997,0,-312.479568420604,393.406632422984,0,-247.149520857853
0,0,0,0,0,0,0,0,0.013631043567217,0,0,0,0,0,0,0,0,0,0,0,0,0,0,0,0,0,0,0,0,0,0,0,0,0,0,0,0,0,0,0,0,0,0,0,0,0,0,0,0,0,0,0,0,0,0,0,0,0,0,0
0,825.162498786474,61.5356038130173,204.033786328911,1678.25317336303,0,-1034.03302481479,-1350.19995980165,0,6124.13682621042,0,0,304.284081619962,-670.296972593778,-538.906588340037,-659.207647220215,365.935799781816,0,-1201.2870194733,0,0,0,0,-57.3715952735234,259.524066374146,548.487180732548,-760.879317114659,530.589831507233,0,498.021009899796,409.675182533401,472.408363944742,-187.759980837688,0,72.7340362395781,1481.12684597247,515.051949952451,-733.975053414478,446.471549635,325.121558358082,-128.182175925413,-63.7936975017477,-223.054578307362,431.56775818698,-749.644763668501,5.26801709224002,148.703086079996,1017.7622599693,-905.774453958019,0,0,-28.9149341947874,0,0,374.355181428448,0,-591.129577348118,-634.830115591789,0,-230.204398929335
0,0,0,0,0,0,0,0,0,0,0.0326676262237381,0,0,0,0,0,0,0,0,0,0,0,0,0,0,0,0,0,0,0,0,0,0,0,0,0,0,0,0,0,0,0,0,0,0,0,0,0,0,0,0,0,0,0,0,0,0,0,0,0
0,0,0,0,0,0,0,0,0,0,0,0.0415700396920329,0,0,0,0,0,0,0,0,0,0,0,0,0,0,0,0,0,0,0,0,0,0,0,0,0,0,0,0,0,0,0,0,0,0,0,0,0,0,0,0,0,0,0,0,0,0,0,0
0,-463.468474229152,-914.293002930934,866.950750226409,-1191.80358011949,0,-616.326295551665,627.520050263453,0,304.284081619962,0,0,11225.0944385393,-280.03749666543,740.495737042949,-322.074707244637,-405.226610206632,0,44.9890886068501,0,0,0,0,769.41437415137,1862.65507874831,2023.62968788137,-14.0025975387575,-820.495606912205,0,373.243506984751,-140.705236504228,-2751.30552963539,-280.143721645706,0,1841.32479442409,843.882095024523,-293.645648760037,-591.407734718297,335.865880257534,1186.13540094457,-393.375623783807,-466.284722869444,-157.991980439659,861.963272317077,-622.914582636702,-1716.69109260516,86.1097969138,1864.45620117223,-239.36035914218,0,0,-191.389909459267,0,0,139.835786674544,0,-901.885226607886,-239.397351854877,0,639.392998680474
0,-152.477777989974,-451.053987472048,-775.49516296875,-551.74856998507,0,-391.08264886027,-90.5449464671186,0,-670.296972593778,0,0,-280.03749666543,8230.41434008288,-469.08243963136,-476.011909843603,1506.96529094637,0,583.181269334085,0,0,0,0,-489.612210417456,1195.72732309989,685.921062950684,314.815135229721,-480.523355933205,0,1657.35020931361,-1558.79149756787,-394.786673870842,620.597357913295,0,317.821886027513,-650.135316784251,-438.258354236611,347.652961439803,1017.70518477023,744.93347271908,1615.97275278256,514.013100521197,-333.711594609805,-141.711469417106,166.632254894288,2011.17170708883,-386.601343105836,459.519456561499,-1273.73857185094,0,0,-998.384682466064,0,0,-965.725201542452,0,-399.29581536527,265.856428960211,0,-206.200044968694
0,-624.285482034352,472.631589369346,425.650273106298,-465.253805957165,0,378.177838601421,1065.19740193148,0,-538.906588340037,0,0,740.495737042949,-469.08243963136,7715.8722159124,1067.87819190657,894.463873160531,0,269.821877914399,0,0,0,0,353.755780994913,121.326297919599,1036.32507972916,889.799402601913,1087.99266078321,0,-238.707029874373,-847.199351829138,-789.694432056977,1589.76959729263,0,1058.67481418619,821.601988142554,-252.505634416871,1011.75892105946,-210.049474787753,231.291307769031,-308.500163246319,-198.265298960633,1411.06838052838,759.275938096924,-471.344358282786,-671.579082059253,481.989810218589,-830.298158807484,932.44901260277,0,0,-571.825549176337,0,0,-346.589149337653,0,430.109303755654,-530.563017079298,0,-312.048688204065
0,-403.395632121873,171.204696190588,-396.619177745935,1052.96147416385,0,-244.597418691677,2427.19180964101,0,-659.207647220215,0,0,-322.074707244637,-476.011909843603,1067.87819190657,15903.9702023849,-380.93316558568,0,-892.482656743667,0,0,0,0,-986.357812091121,-1676.64434165172,-2096.87387271463,-1392.70249222805,-1335.19671050435,0,-333.383989053218,661.399221790242,-2468.49952853946,-266.273317006875,0,1404.19759533946,-1369.18366306034,-1132.36346392892,-1058.2064514581,1727.00531895903,-513.948882139651,-1107.96885821552,-3301.60234991672,-47.3265728781343,474.320719338688,612.449679201773,-514.944783455743,713.737673272047,1706.26409095455,297.801089797489,0,0,1836.86296582642,0,0,671.495060979473,0,131.047784913189,-822.957682887174,0,506.332746755399
0,-557.448862660857,-110.361921655172,-1586.18463894088,525.592306207922,0,-730.674660978853,-1033.23007065328,0,365.935799781816,0,0,-405.226610206632,1506.96529094637,894.463873160531,-380.93316558568,16163.7209875041,0,-766.407494968343,0,0,0,0,-530.968669948725,-1107.73632341792,59.8415229628193,1644.40373048657,-1784.03648709367,0,-341.430221577808,-170.715601194516,1905.95784067549,2222.83794957897,0,-104.028009722381,-592.762829430077,-354.334513860415,-77.9396338309434,-303.709031142429,-18.300161331945,811.460779374609,2548.26492471632,392.566484486599,-630.920957291989,694.272564413434,2160.24348720325,1307.29522146971,-1419.20374588039,-1379.97696850421,0,0,-775.10032061981,0,0,-723.944756004998,0,-62.9604468947429,-909.548007374631,0,765.278404451791
0,0,0,0,0,0,0,0,0,0,0,0,0,0,0,0,0,0.0588541768366469,0,0,0,0,0,0,0,0,0,0,0,0,0,0,0,0,0,0,0,0,0,0,0,0,0,0,0,0,0,0,0,0,0,0,0,0,0,0,0,0,0,0
0,-398.233095071585,-671.09145126753,-1495.73986322366,-1349.04090241002,0,-644.548246537218,-278.977918671814,0,-1201.2870194733,0,0,44.9890886068501,583.181269334085,269.821877914399,-892.482656743667,-766.407494968343,0,14224.4089129907,0,0,0,0,2838.98890974734,-1736.79896289769,588.984406535147,2220.56478104461,-1113.09230365941,0,1971.61051170776,-359.081984286951,1223.76763412743,2293.26746403895,0,859.303557837936,328.523620129237,2053.62681018392,130.855309767512,534.690641227963,32.2258585131214,2543.18268884975,307.458475377032,851.387580368669,613.040687393023,1949.23932178233,1149.08443183873,351.225366637771,-187.407814797441,2417.31174018802,0,0,406.629572476911,0,0,878.562665494508,0,112.789616134721,-311.577449150991,0,355.111869004368
0,0,0,0,0,0,0,0,0,0,0,0,0,0,0,0,0,0,0,0.0757963950701226,0,0,0,0,0,0,0,0,0,0,0,0,0,0,0,0,0,0,0,0,0,0,0,0,0,0,0,0,0,0,0,0,0,0,0,0,0,0,0,0
0,0,0,0,0,0,0,0,0,0,0,0,0,0,0,0,0,0,0,0,0.0789177726354168,0,0,0,0,0,0,0,0,0,0,0,0,0,0,0,0,0,0,0,0,0,0,0,0,0,0,0,0,0,0,0,0,0,0,0,0,0,0,0
0,0,0,0,0,0,0,0,0,0,0,0,0,0,0,0,0,0,0,0,0,0.0623039359723951,0,0,0,0,0,0,0,0,0,0,0,0,0,0,0,0,0,0,0,0,0,0,0,0,0,0,0,0,0,0,0,0,0,0,0,0,0,0
0,0,0,0,0,0,0,0,0,0,0,0,0,0,0,0,0,0,0,0,0,0,0.051081510289668,0,0,0,0,0,0,0,0,0,0,0,0,0,0,0,0,0,0,0,0,0,0,0,0,0,0,0,0,0,0,0,0,0,0,0,0,0
0,576.74243349595,-540.875039839199,148.248819522777,-1255.77799418958,0,-913.498907705019,-1246.83258413116,0,-57.3715952735234,0,0,769.41437415137,-489.612210417456,353.755780994913,-986.357812091121,-530.968669948725,0,2838.98890974734,0,0,0,0,8391.03737792201,792.182138660616,-787.152587895115,-374.750275893181,-128.886912542184,0,972.352182310262,-891.694049309769,-833.207825181725,1151.2672831879,0,-713.078934753178,229.927132601955,385.728226561706,1055.21810988586,326.007254610922,811.524163544965,-325.316671022697,-1445.11089595578,90.3659910884577,1228.33258578668,-1058.87814483329,1515.50554686851,-927.130773582075,95.1696142719856,1399.8505305612,0,0,-1020.2758844394,0,0,338.868647531996,0,-758.798318411337,179.340731310849,0,-108.524447830559
0,-552.105089626993,345.10841044881,-364.082978948417,80.9102919126806,0,78.5406154253112,359.122446804922,0,259.524066374146,0,0,1862.65507874831,1195.72732309989,121.326297919599,-1676.64434165172,-1107.73632341792,0,-1736.79896289769,0,0,0,0,792.182138660616,11919.5647768675,848.904967198989,-796.726223742348,1064.69498232739,0,2061.35028270452,-736.451780068689,-2087.31334554119,975.179411922371,0,-1276.82633255102,3370.6155296444,2154.71356821554,-753.414470309235,579.370638608802,-40.7351878621489,-1372.45104252182,-575.830310188541,365.212845069356,-1417.00023623789,-1691.71057933432,-2437.38782941347,-316.818494656952,-169.558331697225,-2129.62185119494,0,0,-1012.52072976382,0,0,172.453710174669,0,-138.907857718539,330.635720613923,0,-21.3711779054074
0,4.86096012450742,677.295268884346,-846.027944402304,-572.532696483855,0,-281.0096649603,492.770036909833,0,548.487180732548,0,0,2023.62968788137,685.921062950684,1036.32507972916,-2096.87387271463,59.8415229628193,0,588.984406535148,0,0,0,0,-787.152587895115,848.904967198989,11229.0810536913,1744.76199158809,1458.76647170528,0,825.013010374061,-1717.27224566165,-485.651968128462,-1056.9928542385,0,-1630.85871843272,2018.12296974695,2950.17313350328,-930.788365984524,137.463351065044,-335.396024402884,-20.9897372068108,1152.3268037361,592.225265662624,-1168.74620585814,1033.3039867496,-824.618887663975,-1138.14801074615,93.1476832442061,498.566887658019,0,0,110.766713700155,0,0,-35.4282041506198,0,564.93772712247,-364.690111433969,0,-392.738371501031
0,-117.694707357253,156.844518224334,73.6373661284102,-1116.52807914537,0,-729.048018645507,5.11680143625439,0,-760.879317114659,0,0,-14.0025975387575,314.815135229721,889.799402601913,-1392.70249222805,1644.40373048657,0,2220.56478104461,0,0,0,0,-374.750275893181,-796.726223742348,1744.76199158809,11312.5894827101,-1714.75407251123,0,-1923.95770330359,-1894.15531489204,1508.47239877745,-1165.536316604,0,-354.437361542828,6.17015564449768,912.297175549501,-629.90457626511,-1104.59612980918,763.312645052281,2906.43857269461,2387.96516320323,1021.8438350268,-250.585336837266,-154.100235078586,-972.054940056571,941.125933005851,-579.474570855536,1450.14316841524,0,0,605.005736013687,0,0,-122.872449005302,0,871.422923311536,-432.075014501935,0,-442.431098728578
0,667.434354955272,219.530152065437,309.735222602246,899.520309163999,0,-591.697127062124,1094.45814585505,0,530.589831507233,0,0,-820.495606912205,-480.523355933205,1087.99266078321,-1335.19671050435,-1784.03648709367,0,-1113.09230365941,0,0,0,0,-128.886912542184,1064.69498232739,1458.76647170528,-1714.75407251123,8152.05661391832,0,187.13359665925,-696.318887389065,179.050904769087,-120.881661999853,0,299.00281247036,1464.62590486827,1615.38901399829,1178.98571958656,-442.17000926068,-234.832724264585,-1063.03768892656,-818.85836067261,-274.751281077809,218.048829897799,-34.9767579943306,-1763.23050936983,325.640561438469,-283.9013585924,-576.762580498329,0,0,-332.760776837268,0,0,497.385138460794,0,506.224071544751,571.830163530601,0,-494.385752134624
0,0,0,0,0,0,0,0,0,0,0,0,0,0,0,0,0,0,0,0,0,0,0,0,0,0,0,0,0.053882154925031,0,0,0,0,0,0,0,0,0,0,0,0,0,0,0,0,0,0,0,0,0,0,0,0,0,0,0,0,0,0,0
0,-682.443770755576,-957.624056569865,-345.239074280386,514.010366024467,0,-1146.75380250225,1122.69172650811,0,498.021009899796,0,0,373.243506984751,1657.35020931361,-238.707029874373,-333.383989053218,-341.430221577808,0,1971.61051170776,0,0,0,0,972.352182310262,2061.35028270452,825.013010374061,-1923.95770330359,187.13359665925,0,12229.7478776071,-65.2444820580282,345.98646503405,302.942392950351,0,582.952597085825,824.649758769675,-994.506408504203,144.2798044425,921.563037417204,-1058.19018682527,661.342643516029,1046.06951762612,-533.416388986035,-515.6545799857,-678.188827122274,3112.92012417515,-396.601357554129,981.186068865304,-201.589274826451,0,0,1160.73183478432,0,0,-1281.6621102109,0,115.820660952058,-197.464908016034,0,676.976954801451
0,-67.6757597106726,815.14369615835,324.022332100799,1736.99949840754,0,1369.24320265334,300.732640396644,0,409.675182533401,0,0,-140.705236504228,-1558.79149756787,-847.199351829138,661.399221790242,-170.715601194516,0,-359.081984286951,0,0,0,0,-891.694049309769,-736.451780068689,-1717.27224566165,-1894.15531489204,-696.318887389065,0,-65.2444820580282,10542.6433057822,-56.6290375672583,930.245391783787,0,1376.58755100053,-252.001246470409,-1394.06633166609,-991.545807337828,1671.60196515314,133.523806492778,327.192092800489,321.745432939638,-992.923476972195,84.7705653141159,1373.86503829001,-1527.85091472966,-748.701305593216,-33.7451933601669,-986.427698481088,0,0,-480.830786542734,0,0,-852.191749553528,0,34.683057155997,90.7447507642758,0,14.0378656071849
0,-25.6457205067515,671.040612254021,573.26461605715,94.7477903162036,0,685.827951662485,103.794990475498,0,472.408363944742,0,0,-2751.30552963539,-394.786673870842,-789.694432056977,-2468.49952853947,1905.95784067549,0,1223.76763412743,0,0,0,0,-833.207825181725,-2087.31334554119,-485.651968128462,1508.47239877745,179.050904769087,0,345.98646503405,-56.6290375672583,11136.6769940531,-739.078185070452,0,1171.81700586871,-502.902724358275,-1605.27140315052,-1915.25349816756,311.210723262094,-438.212578424174,2715.40261053033,2247.49161655227,-985.447564904901,-495.431411044406,507.987809832425,2972.87432569331,596.494558327322,-1022.88246795615,1557.61428307989,0,0,-192.791839128075,0,0,563.036082057331,0,109.993141202367,-189.564779529602,0,201.921820416456
0,-112.577865666036,151.436123284746,-58.9237763055313,26.0775823629405,0,253.13164358021,528.070389589344,0,-187.759980837688,0,0,-280.143721645706,620.597357913295,1589.76959729263,-266.273317006875,2222.83794957897,0,2293.26746403895,0,0,0,0,1151.2672831879,975.179411922371,-1056.9928542385,-1165.536316604,-120.881661999853,0,302.942392950351,930.245391783787,-739.078185070452,7794.33784220635,0,998.2186791,-406.616951905027,317.626918220183,827.468388505471,278.81937913755,-1010.4923820598,568.31572741074,-1471.94155093982,681.795997532086,717.706946260676,483.996622688948,-940.104079023406,-766.384766480206,-556.809890001376,556.276071618521,0,0,588.70589884398,0,0,-806.205750641547,0,-399.30203897681,16.3858273867183,0,531.625546282049
0,0,0,0,0,0,0,0,0,0,0,0,0,0,0,0,0,0,0,0,0,0,0,0,0,0,0,0,0,0,0,0,0,0.0378246874126941,0,0,0,0,0,0,0,0,0,0,0,0,0,0,0,0,0,0,0,0,0,0,0,0,0,0
0,-925.469024457599,250.633632919178,-873.33866509287,616.294355335138,0,-44.9174715953806,-717.088953707014,0,72.7340362395781,0,0,1841.32479442409,317.821886027513,1058.67481418619,1404.19759533946,-104.028009722381,0,859.303557837936,0,0,0,0,-713.078934753178,-1276.82633255102,-1630.85871843272,-354.437361542827,299.00281247036,0,582.952597085825,1376.58755100053,1171.81700586871,998.2186791,0,11655.7386108477,-281.844380887454,-753.287961034447,250.292197983443,-60.0882278821908,1490.57090053369,1914.54868941751,-1413.99041724087,-898.477973335898,1013.57298831489,1341.50042611485,301.303450829354,1277.32908953268,2108.77647388043,-61.5017615854647,0,0,-495.835582457359,0,0,-57.288385535833,0,624.922445175692,393.106384151951,0,964.053804867244
0,-432.874093807758,49.8717703934489,-446.460234149259,404.088419307067,0,-874.105185142645,-2131.0479874559,0,1481.12684597247,0,0,843.882095024523,-650.135316784251,821.601988142554,-1369.18366306034,-592.762829430077,0,328.523620129237,0,0,0,0,229.927132601955,3370.6155296444,2018.12296974695,6.17015564449768,1464.62590486827,0,824.649758769675,-252.001246470409,-502.902724358275,-406.616951905027,0,-281.844380887454,12978.3895337852,-551.637788147041,29.1025327526518,-1680.19271227656,628.924118848566,-632.324326488774,-431.421587182942,333.136857759099,273.632778314518,-1544.13158116329,-1238.98795888666,-1081.15198597816,-1223.1208435125,-346.557358537025,0,0,564.588238881016,0,0,118.457450166006,0,1346.30356650891,258.560563103089,0,-331.200230139217
0,318.78320247131,733.242390806247,-687.406552460788,1822.95165183881,0,-221.770863985664,117.803313856733,0,515.051949952451,0,0,-293.645648760037,-438.258354236611,-252.505634416871,-1132.36346392892,-354.334513860415,0,2053.62681018392,0,0,0,0,385.728226561706,2154.71356821554,2950.17313350328,912.297175549501,1615.38901399829,0,-994.506408504203,-1394.06633166609,-1605.27140315052,317.626918220183,0,-753.287961034447,-551.637788147041,13279.8389109929,-414.160157844774,-893.942840541845,161.281659098398,122.417078280309,-1652.45501939229,470.386131487186,-1993.72150375971,555.015112222996,-472.212113497008,125.182183123006,-42.7224841081768,1706.72998839358,0,0,-687.097251828997,0,0,615.998191544027,0,1468.10848780774,613.122953955939,0,-268.167057242826
0,352.215574592413,-530.638110009387,22.4564997305088,-237.743173363627,0,-512.274275780879,-381.8120622469,0,-733.975053414478,0,0,-591.407734718297,347.652961439803,1011.75892105946,-1058.2064514581,-77.9396338309434,0,130.855309767512,0,0,0,0,1055.21810988586,-753.414470309234,-930.788365984524,-629.90457626511,1178.98571958656,0,144.2798044425,-991.545807337828,-1915.25349816756,827.468388505471,0,250.292197983443,29.1025327526518,-414.160157844774,5900.19988997041,-833.187574704726,-46.5137459668671,-417.029323601794,1660.83194142005,-521.924403480697,561.444181060813,424.630264759358,137.412626747518,281.472217737,-543.069805603162,-47.8089559907372,0,0,96.1151206172594,0,0,-155.850329501402,0,-170.932936761764,488.346080656827,0,-173.061311214897
0,-906.915643171674,383.124248575591,-308.93984749103,-651.415795212327,0,644.316355784849,556.10020673076,0,446.471549635,0,0,335.865880257534,1017.70518477023,-210.049474787753,1727.00531895903,-303.709031142429,0,534.690641227963,0,0,0,0,326.007254610922,579.370638608802,137.463351065044,-1104.59612980918,-442.17000926068,0,921.563037417204,1671.60196515314,311.210723262094,278.81937913755,0,-60.0882278821908,-1680.19271227656,-893.942840541845,-833.187574704726,9858.93885609438,1231.14129003689,-383.814714551414,941.711092292894,-925.18288504401,-879.523772312878,-66.2020459324611,664.191779414793,-351.152037854136,883.404174546222,-177.482790207566,0,0,227.738728465557,0,0,529.456492001325,0,875.490493003322,-177.971252601194,0,-230.442367586569
0,-104.294687442336,646.393874161127,63.7128033114066,-210.030578444555,0,222.215384270498,-925.256636064259,0,325.121558358082,0,0,1186.13540094457,744.93347271908,231.291307769031,-513.948882139651,-18.300161331945,0,32.2258585131214,0,0,0,0,811.524163544965,-40.7351878621489,-335.396024402884,763.312645052281,-234.832724264585,0,-1058.19018682527,133.523806492778,-438.212578424174,-1010.4923820598,0,1490.57090053369,628.924118848566,161.281659098398,-46.5137459668671,1231.14129003689,8516.54589056535,508.081269828527,-353.008762983406,-1399.03182760067,1073.04597391187,-1257.40574230015,-2494.37109082014,346.169085063027,-977.90000527886,-13.111552714824,0,0,-733.966810993415,0,0,-106.224202081985,0,356.946693275014,349.957658374834,0,261.807621779648
0,-620.760637800575,499.496343045931,163.392458012686,-695.634199265146,0,64.3217520530767,-886.513244704541,0,-128.182175925413,0,0,-393.375623783807,1615.97275278256,-308.500163246319,-1107.96885821552,811.460779374609,0,2543.18268884975,0,0,0,0,-325.316671022697,-1372.45104252182,-20.9897372068108,2906.43857269461,-1063.03768892656,0,661.342643516029,327.192092800489,2715.40261053033,568.31572741074,0,1914.54868941751,-632.324326488774,122.417078280309,-417.029323601794,-383.814714551414,508.081269828526,8516.24412444287,201.389170357338,-138.269622566896,-938.979480497884,762.390712352041,969.455303415119,-33.2412629155961,707.13806296911,858.610653408694,0,0,-669.259467311446,0,0,95.6280070018982,0,20.2409164768862,-871.077742923272,0,116.995540648062
0,618.41016271149,251.188048074075,161.128625320489,-107.0280877085,0,422.563786647569,-312.869026749842,0,-63.7936975017477,0,0,-466.284722869444,514.013100521197,-198.265298960633,-3301.60234991672,2548.26492471632,0,307.458475377032,0,0,0,0,-1445.11089595578,-575.830310188541,1152.3268037361,2387.96516320323,-818.85836067261,0,1046.06951762612,321.745432939638,2247.49161655227,-1471.94155093982,0,-1413.99041724087,-431.421587182942,-1652.45501939229,1660.83194142005,941.711092292894,-353.008762983406,201.389170357338,9612.05148546369,593.308691093301,381.671942816363,83.2430951235188,2213.56162702693,532.098154095539,-924.579422207326,126.734233373503,0,0,720.4804958769,0,0,357.293254528121,0,476.320711231464,191.99685964448,0,-346.200612132657
0,-134.604321217964,657.249962759179,-14.1781881498418,-252.319118230039,0,-295.670779824489,-125.097109130718,0,-223.054578307362,0,0,-157.991980439659,-333.711594609805,1411.06838052838,-47.3265728781343,392.566484486599,0,851.387580368669,0,0,0,0,90.3659910884577,365.212845069356,592.225265662624,1021.8438350268,-274.751281077809,0,-533.416388986035,-992.923476972195,-985.447564904901,681.795997532086,0,-898.477973335898,333.136857759099,470.386131487186,-521.924403480697,-925.18288504401,-1399.03182760067,-138.269622566896,593.308691093301,5821.2316745679,759.878843112875,188.843634079053,81.1104911818204,929.732396777684,-504.416727885322,232.418698904043,0,0,315.035497730337,0,0,-158.22630870399,0,873.960417500238,-159.193678454249,0,-13.1438203449438
0,965.604488692292,-16.6367248860332,267.79115833232,-140.299355574896,0,-32.3271612537042,-153.490157209948,0,431.56775818698,0,0,861.963272317077,-141.711469417106,759.275938096924,474.320719338688,-630.920957291989,0,613.040687393023,0,0,0,0,1228.33258578668,-1417.00023623789,-1168.74620585814,-250.585336837266,218.048829897799,0,-515.6545799857,84.7705653141159,-495.431411044406,717.706946260676,0,1013.57298831489,273.632778314518,-1993.72150375971,561.444181060813,-879.523772312878,1073.04597391187,-938.979480497884,381.671942816363,759.878843112875,6010.95403646596,-1190.29677553614,216.394371401628,-167.520869771153,59.0820511183199,-369.268136501015,0,0,286.151569249797,0,0,-834.851332232573,0,-773.331611048279,-273.914829649875,0,30.5857034829114
0,-456.640852204784,-52.2690982485911,-1361.22903363857,-500.055480299776,0,338.507170585799,-688.285955753803,0,-749.644763668501,0,0,-622.914582636702,166.632254894288,-471.344358282786,612.449679201773,694.272564413434,0,1949.23932178233,0,0,0,0,-1058.87814483329,-1691.71057933432,1033.3039867496,-154.100235078586,-34.9767579943306,0,-678.188827122274,1373.86503829001,507.987809832425,483.996622688948,0,1341.50042611485,-1544.13158116329,555.015112222996,424.630264759358,-66.2020459324611,-1257.40574230015,762.390712352041,83.2430951235188,188.843634079053,-1190.29677553614,10773.6492099185,-1821.8453153226,283.142432700552,665.906135997794,-16.0227594929053,0,0,789.242553209155,0,0,709.024829618985,0,740.295344199446,-797.029459136473,0,284.922528793055
0,3.17317497703237,-899.312617018466,101.236850286405,232.981587393889,0,-668.752339016383,-925.848637239263,0,5.26801709224002,0,0,-1716.69109260516,2011.17170708883,-671.579082059254,-514.944783455743,2160.24348720325,0,1149.08443183873,0,0,0,0,1515.50554686851,-2437.38782941347,-824.618887663975,-972.054940056571,-1763.23050936983,0,3112.92012417515,-1527.85091472966,2972.87432569331,-940.104079023406,0,301.303450829354,-1238.98795888666,-472.212113497008,137.412626747518,664.191779414793,-2494.37109082014,969.455303415119,2213.56162702693,81.1104911818204,216.394371401628,-1821.8453153226,8927.26321146837,-99.405498935166,544.864013807651,441.486107434488,0,0,506.311436892836,0,0,-31.9602978576106,0,-277.546411599552,149.068705922777,0,74.0970593146632
0,345.757165148236,-152.449400532053,-615.402452873748,252.155341677937,0,-616.944016054582,1532.45567584494,0,148.703086079996,0,0,86.1097969138,-386.601343105836,481.989810218589,713.737673272047,1307.29522146971,0,351.225366637771,0,0,0,0,-927.130773582075,-316.818494656952,-1138.14801074615,941.125933005852,325.640561438469,0,-396.601357554129,-748.701305593216,596.494558327322,-766.384766480206,0,1277.32908953268,-1081.15198597816,125.182183123006,281.472217736999,-351.152037854136,346.169085063027,-33.2412629155961,532.098154095539,929.732396777684,-167.520869771153,283.142432700552,-99.405498935166,7053.22975056584,960.274338987757,57.2484354610481,0,0,-272.610638743152,0,0,608.733166891516,0,559.783387950279,161.08318061375,0,629.251549607805
0,114.785271985138,-611.410023131636,-262.190448709245,700.592516399752,0,-1035.7649018281,261.303090372415,0,1017.7622599693,0,0,1864.45620117223,459.519456561499,-830.298158807484,1706.26409095455,-1419.20374588039,0,-187.407814797441,0,0,0,0,95.1696142719856,-169.558331697225,93.1476832442061,-579.474570855536,-283.9013585924,0,981.186068865304,-33.7451933601669,-1022.88246795615,-556.809890001376,0,2108.77647388043,-1223.1208435125,-42.7224841081768,-543.069805603162,883.404174546222,-977.90000527886,707.13806296911,-924.579422207326,-504.416727885322,59.0820511183199,665.906135997795,544.864013807651,960.274338987757,6273.36104878696,-1189.81914914999,0,0,-382.229120199814,0,0,708.892477637055,0,-101.363786026932,-572.534284040529,0,531.68455296637
0,133.200923665351,514.360899112123,390.708993900633,-267.66332009831,0,536.306483510824,-608.275293004332,0,-905.774453958019,0,0,-239.36035914218,-1273.73857185094,932.44901260277,297.801089797489,-1379.97696850421,0,2417.31174018802,0,0,0,0,1399.8505305612,-2129.62185119494,498.566887658019,1450.14316841524,-576.762580498329,0,-201.589274826451,-986.427698481088,1557.61428307989,556.276071618521,0,-61.5017615854647,-346.557358537025,1706.72998839358,-47.8089559907372,-177.482790207566,-13.111552714824,858.610653408694,126.734233373503,232.418698904043,-369.268136501015,-16.0227594929053,441.486107434488,57.2484354610481,-1189.81914914999,5575.61376951464,0,0,177.266555847827,0,0,98.2452820962316,0,265.069581509061,-168.337921322069,0,-200.345971634675
0,0,0,0,0,0,0,0,0,0,0,0,0,0,0,0,0,0,0,0,0,0,0,0,0,0,0,0,0,0,0,0,0,0,0,0,0,0,0,0,0,0,0,0,0,0,0,0,0,0.0191213896324429,0,0,0,0,0,0,0,0,0,0
0,0,0,0,0,0,0,0,0,0,0,0,0,0,0,0,0,0,0,0,0,0,0,0,0,0,0,0,0,0,0,0,0,0,0,0,0,0,0,0,0,0,0,0,0,0,0,0,0,0,0.0080867446399415,0,0,0,0,0,0,0,0,0
0,209.91603285249,485.160400157936,-453.881383088433,1204.67784701915,0,-468.056617637393,-271.010814636699,0,-28.9149341947874,0,0,-191.389909459267,-998.384682466064,-571.825549176337,1836.86296582642,-775.10032061981,0,406.629572476911,0,0,0,0,-1020.2758844394,-1012.52072976382,110.766713700155,605.005736013687,-332.760776837268,0,1160.73183478432,-480.830786542734,-192.791839128075,588.70589884398,0,-495.835582457359,564.588238881016,-687.097251828997,96.1151206172594,227.738728465557,-733.966810993415,-669.259467311446,720.4804958769,315.035497730337,286.151569249797,789.242553209155,506.311436892836,-272.610638743152,-382.229120199814,177.266555847827,0,0,5787.22421603584,0,0,-881.185658218037,0,78.5437410961948,-315.774123388236,0,-337.082876885103
0,0,0,0,0,0,0,0,0,0,0,0,0,0,0,0,0,0,0,0,0,0,0,0,0,0,0,0,0,0,0,0,0,0,0,0,0,0,0,0,0,0,0,0,0,0,0,0,0,0,0,0,0.0337139415131957,0,0,0,0,0,0,0
0,0,0,0,0,0,0,0,0,0,0,0,0,0,0,0,0,0,0,0,0,0,0,0,0,0,0,0,0,0,0,0,0,0,0,0,0,0,0,0,0,0,0,0,0,0,0,0,0,0,0,0,0,0.0468786395594942,0,0,0,0,0,0
0,-330.663089448181,-348.403404658189,115.620566006574,-23.2417729986785,0,736.720495044359,-196.098064492997,0,374.355181428448,0,0,139.835786674544,-965.725201542452,-346.589149337653,671.495060979473,-723.944756004998,0,878.562665494508,0,0,0,0,338.868647531996,172.453710174669,-35.4282041506198,-122.872449005302,497.385138460794,0,-1281.6621102109,-852.191749553528,563.036082057331,-806.205750641547,0,-57.288385535833,118.457450166006,615.998191544027,-155.850329501402,529.456492001325,-106.224202081985,95.6280070018982,357.293254528121,-158.22630870399,-834.851332232573,709.024829618985,-31.9602978576106,608.733166891516,708.892477637055,98.2452820962315,0,0,-881.185658218037,0,0,3432.00924220235,0,-122.4192997366,-161.78129699784,0,482.568797708915
0,0,0,0,0,0,0,0,0,0,0,0,0,0,0,0,0,0,0,0,0,0,0,0,0,0,0,0,0,0,0,0,0,0,0,0,0,0,0,0,0,0,0,0,0,0,0,0,0,0,0,0,0,0,0,0.0165666713592447,0,0,0,0
0,-578.234254678593,482.212757624281,-601.791909346213,77.3451886275848,0,198.396704837993,-312.479568420604,0,-591.129577348118,0,0,-901.885226607886,-399.29581536527,430.109303755654,131.047784913189,-62.9604468947429,0,112.789616134721,0,0,0,0,-758.798318411337,-138.907857718539,564.93772712247,871.422923311536,506.224071544751,0,115.820660952058,34.683057155997,109.993141202367,-399.30203897681,0,624.922445175692,1346.30356650891,1468.10848780774,-170.932936761764,875.490493003322,356.946693275014,20.2409164768862,476.320711231464,873.960417500238,-773.331611048279,740.295344199446,-277.546411599552,559.783387950279,-101.363786026932,265.069581509061,0,0,78.5437410961948,0,0,-122.4192997366,0,3811.95814359734,220.777300328075,0,317.962562558371
0,131.339590149458,-66.5359146473676,294.714199766359,101.601181707878,0,631.137168436068,393.406632422984,0,-634.830115591789,0,0,-239.397351854877,265.856428960211,-530.563017079298,-822.957682887174,-909.548007374631,0,-311.577449150991,0,0,0,0,179.340731310849,330.635720613923,-364.690111433969,-432.075014501935,571.830163530601,0,-197.464908016034,90.7447507642758,-189.564779529602,16.3858273867183,0,393.106384151951,258.560563103089,613.122953955939,488.346080656827,-177.971252601194,349.957658374834,-871.077742923272,191.99685964448,-159.193678454249,-273.914829649875,-797.029459136473,149.068705922777,161.08318061375,-572.534284040529,-168.337921322069,0,0,-315.774123388236,0,0,-161.78129699784,0,220.777300328075,1726.8875208729,0,126.224396959193
0,0,0,0,0,0,0,0,0,0,0,0,0,0,0,0,0,0,0,0,0,0,0,0,0,0,0,0,0,0,0,0,0,0,0,0,0,0,0,0,0,0,0,0,0,0,0,0,0,0,0,0,0,0,0,0,0,0,0.0321654876765762,0
0,-139.618319151578,-585.11241550391,-103.450730503862,-240.830199824408,0,336.269570816998,-247.149520857853,0,-230.204398929335,0,0,639.392998680474,-206.200044968694,-312.048688204065,506.332746755399,765.278404451791,0,355.111869004368,0,0,0,0,-108.524447830559,-21.3711779054074,-392.738371501031,-442.431098728578,-494.385752134624,0,676.976954801451,14.0378656071849,201.921820416456,531.625546282049,0,964.053804867244,-331.200230139217,-268.167057242826,-173.061311214897,-230.442367586569,261.807621779648,116.995540648062,-346.200612132657,-13.1438203449438,30.5857034829114,284.922528793055,74.0970593146632,629.251549607805,531.68455296637,-200.345971634675,0,0,-337.082876885103,0,0,482.568797708915,0,317.962562558371,126.224396959193,0,1411.87818973803
