0.166366884385986,-0.0065829748570238,0.0128484418544264,-0.00214610388875392,0.0347020934289207,0.0212770499369547,0.00116186450717917,-0.0070015966881054,0.00867028041652408,0.000105480817520017,0.00327100079429497,0.00636933307041402,-0.0283742284167798,0.01544943116284,-0.00239601739248104,-0.0249664676996738,0.00445998353274951,0.0110897463765671,0.00469643893630421,0.00514614682121172,-0.00104773144823886,-0.00111976652390552,-0.00670524151315031,0.00904808494188175
-0.0065829748570238,0.0318374304274439,-0.00552387257309623,0.0175949522640811,0.00381431273721913,0.00732892674450723,0.000687442918759363,0.00347721352122252,0.0183127139899182,0.00294370580628234,-0.00108418343451978,-0.0032962470883724,0.00294901561170281,0.0151330504307512,-0.0107035664589623,-0.00210608646825185,0.0123263887208448,3.78586277600175e-06,0.00373065747530393,-0.0101599629823135,-0.0107638728241315,-0.00289218821675182,-0.00962917309329857,-0.00235032569010554
0.0128484418544264,-0.00552387257309623,0.0704325025722371,-0.00496367835749198,0.00223175698060347,0.00742746012409029,0.00902555728354323,0.0033654041011857,-0.00811375111464238,0.00936304975527721,0.00401689648325364,0.0196015749330927,-0.00261100710202507,-0.00355090272755621,0.00659819340231928,-0.00567532421884524,0.0040387156947199,-0.00287264999167935,0.00435983480131421,-0.00683556424179097,0.0161401680030812,0.0029705583910457,0.00566837642997192,-0.00930369705935863
-0.00214610388875392,0.0175949522640811,-0.00496367835749198,0.0224876571484421,0.000877889587451613,0.00800085543619967,-0.00106713456525021,0.00124125332192407,0.0231340406937075,0.00601793768408862,-0.0025935979655295,-0.000427177482514924,-0.00112891547877663,0.0172297702901798,-0.00762086357726155,-0.00129663423677396,0.0161404161481005,0.00310720037778254,0.00126288604542502,0.00019757528954907,-0.0192748679039626,-0.00276771609906316,-0.0129310559986695,0.00252609484079276
0.0347020934289207,0.00381431273721913,0.00223175698060347,0.000877889587451613,0.153239332628168,-0.00066422965606011,0.00671886490728879,0.0203290168661236,-0.00479613967210448,0.00219995859149672,0.0097516602078088,7.38259976876994e-05,-0.00143077693086335,0.032482093863849,0.00676593221712106,0.0142089249848566,0.00119679872298238,0.0207411435519057,-0.00168572709004599,-0.00534292069335091,-0.00564212806932567,0.00469277530844111,-0.0151521425808673,0.00834556442320644
0.0212770499369547,0.00732892674450723,0.00742746012409029,0.00800085543619967,-0.00066422965606011,0.0821754597869467,0.00627105816673096,0.0226798097203456,0.0297153382686294,0.0241772599478016,0.000194101148150902,-0.00569367638524102,-0.000292750411071461,0.0236962114072567,-0.00210364135571325,-0.0156174143166203,0.0193027125228496,0.00201380766710306,-0.0052926453681274,-0.0184894308298255,0.0132019301648957,-0.0038130205314051,-0.00720540341889326,0.00994852079797511
0.00116186450717917,0.000687442918759363,0.00902555728354323,-0.00106713456525021,0.00671886490728879,0.00627105816673096,0.0547982892309691,-0.00534730068712783,-0.00642239805831482,0.00412545510952332,-0.0185716117894414,0.00489633856310401,0.0132327039830143,-0.00529262619742424,0.00591201971487803,-0.0056349049043604,0.00254093374048115,-0.00936452735951226,0.00741334777738022,-0.00467397767436372,-4.53727139220045e-05,-0.00225146984004616,0.0032877599563937,-0.00291934100983037
-0.0070015966881054,0.00347721352122252,0.0033654041011857,0.00124125332192407,0.0203290168661236,0.0226798097203456,-0.00534730068712783,0.137938285821822,0.0121044520252504,0.0236764109660032,0.00252670747168619,0.00228688636818791,-0.0030038777882483,0.0255246655500051,-0.0046363906617792,0.00926159555262803,0.00830459379811224,0.00520279478547286,0.000679551461185718,0.0158659079946424,-0.0644758682195867,-0.0022774612700128,0.00609436007580895,0.00901947440412534
0.00867028041652408,0.0183127139899182,-0.00811375111464238,0.0231340406937075,-0.00479613967210448,0.0297153382686294,-0.00642239805831482,0.0121044520252504,0.123525899463347,0.0101164613189582,-0.0174935005074389,0.00113583128357327,0.0108329224356635,0.0241828447553816,-0.0165080248331825,0.01279773488989,0.0207846597062079,0.0145327939958157,-0.00034634076408372,-0.00331600536987311,-0.0619283143109783,-0.002741828293725,-0.0298095885067415,0.0254945407572331
0.000105480817520017,0.00294370580628234,0.00936304975527721,0.00601793768408862,0.00219995859149672,0.0241772599478016,0.00412545510952332,0.0236764109660032,0.0101164613189582,0.0373906862432393,-0.00693646906769302,0.00102901174734399,0.00506469387003319,0.0112601950599335,-0.00361011187922132,-0.00584256418464969,0.0122810459091284,-0.000496538401404611,0.00042587404770472,-0.00513249575151379,-0.0107304274971931,-0.0023892240016246,-0.00385132935115646,-0.0116598430281365
0.00327100079429497,-0.00108418343451978,0.00401689648325364,-0.0025935979655295,0.0097516602078088,0.000194101148150902,-0.0185716117894414,0.00252670747168619,-0.0174935005074389,-0.00693646906769301,0.148633038017284,-0.00133403934698747,-0.00819233594492974,-0.0299911923427402,-0.00189895273462232,0.0135874767188684,-0.0104792913910517,0.00606868162568973,2.74259162749029e-05,0.00444703698826907,-0.000811867849346601,0.0016662936603763,-0.014043018650054,0.0270160079714074
0.00636933307041402,-0.0032962470883724,0.0196015749330927,-0.000427177482514924,7.38259976876994e-05,-0.00569367638524102,0.00489633856310401,0.00228688636818791,0.00113583128357327,0.00102901174734399,-0.00133403934698747,0.0349696371752738,0.00724622086304509,-0.00317173884995299,0.00264707332615049,0.00834545411427638,0.00103204046634479,0.00647382934084539,-0.00111380633893534,0.00342117136104519,-0.00767736462529973,0.00648814375292725,-0.00165012709222911,-0.00228503994903043
-0.0283742284167798,0.00294901561170281,-0.00261100710202507,-0.00112891547877663,-0.00143077693086335,-0.000292750411071461,0.0132327039830143,-0.0030038777882483,0.0108329224356635,0.00506469387003319,-0.00819233594492974,0.00724622086304509,0.149119759532077,-0.0222847337906659,0.0317361891998368,0.00920632418150493,0.0118027926644461,-0.00434271520475946,0.000396381101468207,-0.0022594030469339,-0.0349839107373026,0.00683987855279279,0.0182060462165062,-0.0242813089637423
0.01544943116284,0.0151330504307512,-0.00355090272755621,0.0172297702901798,0.032482093863849,0.0236962114072567,-0.00529262619742424,0.0255246655500051,0.0241828447553816,0.0112601950599335,-0.0299911923427402,-0.00317173884995299,-0.0222847337906659,0.243861330558672,-0.0216298450140221,0.0115019520819727,0.0275451329128961,0.00624734082522859,0.00233649016014499,-0.000993258317036371,0.00590622713652151,-0.00644703988287345,-0.0472391986520562,-0.00811338616567099
-0.00239601739248104,-0.0107035664589623,0.00659819340231928,-0.00762086357726155,0.00676593221712106,-0.00210364135571325,0.00591201971487803,-0.0046363906617792,-0.0165080248331825,-0.00361011187922131,-0.00189895273462232,0.00264707332615049,0.0317361891998368,-0.0216298450140221,0.0522987128714073,0.00593506236339439,0.000256628008630228,-0.0040412985584159,0.00154367681234817,0.0142574858852144,0.00435063672937225,0.00731598700819371,0.0118461965370586,-0.00960456889909967
-0.0249664676996738,-0.00210608646825185,-0.00567532421884524,-0.00129663423677396,0.0142089249848566,-0.0156174143166203,-0.0056349049043604,0.00926159555262803,0.01279773488989,-0.00584256418464969,0.0135874767188684,0.00834545411427638,0.00920632418150492,0.0115019520819727,0.00593506236339439,0.196392093110076,-0.0247614529773166,0.0127348579971425,-0.00979994576431585,0.00168560842205055,-0.0247718076119868,-0.000988103785487911,0.00233502103856606,-0.00608261165648272
0.00445998353274951,0.0123263887208448,0.0040387156947199,0.0161404161481005,0.00119679872298238,0.0193027125228496,0.00254093374048115,0.00830459379811224,0.0207846597062079,0.0122810459091284,-0.0104792913910517,0.00103204046634479,0.0118027926644461,0.0275451329128961,0.000256628008630228,-0.0247614529773166,0.0800453369257839,0.00190503422243487,0.000642636032872236,-5.72116217862617e-05,-0.0185256551993138,-0.00271997425667017,-0.0165957393176946,-0.0289666122848709
0.0110897463765671,3.78586277600175e-06,-0.00287264999167935,0.00310720037778254,0.0207411435519057,0.00201380766710306,-0.00936452735951226,0.00520279478547286,0.0145327939958157,-0.000496538401404611,0.00606868162568973,0.00647382934084539,-0.00434271520475946,0.00624734082522859,-0.0040412985584159,0.0127348579971425,0.00190503422243487,0.100759937660697,-0.0403029747059575,0.000499906090932026,-0.00645670805264334,0.000242173121731521,-0.00953222121217717,-0.00410125887685049
0.00469643893630421,0.00373065747530393,0.00435983480131421,0.00126288604542502,-0.00168572709004599,-0.0052926453681274,0.00741334777738021,0.000679551461185718,-0.00034634076408372,0.000425874047704721,2.74259162749029e-05,-0.00111380633893534,0.000396381101468207,0.00233649016014499,0.00154367681234817,-0.00979994576431585,0.000642636032872236,-0.0403029747059575,0.0441066183638932,0.0028065058061271,-0.00406043491714259,-0.000856083870701222,0.00228190827951849,0.00199806440154938
0.00514614682121172,-0.0101599629823135,-0.00683556424179097,0.00019757528954907,-0.00534292069335091,-0.0184894308298255,-0.00467397767436372,0.0158659079946424,-0.00331600536987311,-0.0051324957515138,0.00444703698826907,0.00342117136104519,-0.0022594030469339,-0.000993258317036371,0.0142574858852144,0.00168560842205055,-5.72116217862617e-05,0.000499906090932026,0.0028065058061271,0.136361732984167,-0.117000347284268,-0.00152605113493827,-0.00326580467083753,-0.000134200285663997
-0.00104773144823886,-0.0107638728241315,0.0161401680030812,-0.0192748679039626,-0.00564212806932567,0.0132019301648957,-4.53727139220045e-05,-0.0644758682195867,-0.0619283143109783,-0.0107304274971931,-0.000811867849346601,-0.00767736462529973,-0.0349839107373026,0.00590622713652151,0.00435063672937225,-0.0247718076119868,-0.0185256551993138,-0.00645670805264334,-0.00406043491714259,-0.117000347284268,0.207933797596857,-0.00296274560533589,0.0108486469858457,0.0128684009174133
-0.00111976652390552,-0.00289218821675183,0.0029705583910457,-0.00276771609906316,0.00469277530844111,-0.0038130205314051,-0.00225146984004616,-0.0022774612700128,-0.002741828293725,-0.0023892240016246,0.0016662936603763,0.00648814375292725,0.00683987855279279,-0.00644703988287345,0.00731598700819371,-0.000988103785487911,-0.00271997425667017,0.000242173121731521,-0.000856083870701222,-0.00152605113493827,-0.00296274560533589,0.012311227441714,-0.00352852574642313,-0.00610118470247604
-0.00670524151315031,-0.00962917309329857,0.00566837642997192,-0.0129310559986695,-0.0151521425808673,-0.00720540341889325,0.0032877599563937,0.00609436007580895,-0.0298095885067415,-0.00385132935115646,-0.014043018650054,-0.00165012709222911,0.0182060462165062,-0.0472391986520562,0.0118461965370586,0.00233502103856606,-0.0165957393176946,-0.00953222121217717,0.00228190827951849,-0.00326580467083753,0.0108486469858457,-0.00352852574642313,0.139911977424997,-0.121895710097481
0.00904808494188175,-0.00235032569010554,-0.00930369705935863,0.00252609484079276,0.00834556442320644,0.00994852079797511,-0.00291934100983037,0.00901947440412533,0.0254945407572331,-0.0116598430281365,0.0270160079714074,-0.00228503994903043,-0.0242813089637423,-0.00811338616567099,-0.00960456889909967,-0.00608261165648272,-0.0289666122848709,-0.00410125887685049,0.00199806440154938,-0.000134200285663997,0.0128684009174133,-0.00610118470247604,-0.121895710097481,0.222837381092705
