0.0418186311814494,-0.0160811748433959,0.00636324639216165,0.00792888133765252,0.0026292640419965,0.0049796075143488,0.0155696877615717,-0.0151282124650062,0.0125659648206534,0.00496477031212397,0.00284484572380651,0.013482031950493,0.00664670948677815
-0.0160811748433959,0.203262688014446,-0.0214267675902902,-0.00304739342186339,-0.0110972582325767,0.0111405581780504,0.000991594220290826,0.0027277162798577,0.0029443386686277,-0.00699361319425303,-0.00868234528396346,0.00862415580859303,0.0563784929995189
0.00636324639216165,-0.0214267675902902,0.0907173393319414,0.00564881061828014,0.00249352143276469,-0.000261183018968749,0.00499766453899589,-0.0189054337963999,0.0564134335534202,0.0114825196390257,0.0144848644220033,0.0142466880981679,0.0415184924524883
0.00792888133765252,-0.00304739342186339,0.00564881061828014,0.027917524233851,0.000887455510966224,0.0108354613153795,0.0148601324023472,0.00156704295817284,0.00473032585147172,0.00355264182596817,-0.00074074932116955,0.00619208920635899,0.0130719260650125
0.0026292640419965,-0.0110972582325767,0.00249352143276469,0.000887455510966224,0.0177230669928849,0.00313682267174433,0.00900693466675403,-0.00299536546980224,0.00628766752402861,-3.45335364012173e-05,-0.00149642948119885,0.00389740541892348,0.00921086968147645
0.0049796075143488,0.0111405581780504,-0.000261183018968749,0.0108354613153795,0.00313682267174433,0.112118216422872,0.0397533579743599,0.00295887035609298,0.000824253031689504,0.000599481691373305,0.00908544182699201,0.0117817397866569,0.00769572912020689
0.0155696877615717,0.000991594220290826,0.00499766453899589,0.0148601324023472,0.00900693466675403,0.0397533579743599,0.246873273500239,0.00762688899546728,-0.00782638702019986,-0.0101126905347813,-0.000197845631789151,0.028207262110944,-0.0119455772015964
-0.0151282124650062,0.0027277162798577,-0.0189054337963999,0.00156704295817284,-0.00299536546980224,0.00295887035609298,0.00762688899546728,0.0273355916971646,-0.0381260480751053,-0.015732869937786,-0.0211124924116744,-0.01942420485947,-0.0205304455886876
0.0125659648206534,0.0029443386686277,0.0564134335534202,0.00473032585147172,0.00628766752402861,0.000824253031689504,-0.00782638702019986,-0.0381260480751053,0.232439160937629,0.0171303551032903,0.0389765871430867,0.0237667997705544,0.08132341533906
0.00496477031212397,-0.00699361319425303,0.0114825196390257,0.00355264182596817,-3.45335364012173e-05,0.000599481691373305,-0.0101126905347813,-0.015732869937786,0.0171303551032903,0.0380264956139312,0.0346940338217245,0.0172532849839476,0.0245904567338809
0.00284484572380651,-0.00868234528396346,0.0144848644220033,-0.00074074932116955,-0.00149642948119885,0.00908544182699201,-0.000197845631789151,-0.0211124924116744,0.0389765871430867,0.0346940338217245,0.0949047469782677,0.00611241864593377,0.0556579628235795
0.013482031950493,0.00862415580859303,0.0142466880981679,0.00619208920635899,0.00389740541892348,0.0117817397866569,0.028207262110944,-0.01942420485947,0.0237667997705544,0.0172532849839476,0.00611241864593377,0.0982048291944103,0.0272923529670473
0.00664670948677815,0.0563784929995189,0.0415184924524883,0.0130719260650125,0.00921086968147645,0.00769572912020688,-0.0119455772015964,-0.0205304455886876,0.08132341533906,0.0245904567338809,0.0556579628235795,0.0272923529670473,0.222578015959224
