0.0702258891200253,-0.0118992209700644,0.0419706477241749,-0.0136880270273527,0.0529961991232642,0.0333742783819949,0.0129689045282502,-0.0333226267068076,0.0324737725556734,0.00117380991203661,-0.028281685883561,-0.0225974866676536,0.0175925057042179,-0.00139302178880741,0.00464634101820309,0.00700039308233719,0.0196143333022489
-0.0118992209700644,0.101442931824753,0.00166735224048127,0.0817443852571974,0.0269094238475953,0.0534196676888298,0.0187166144708015,0.0467444814642138,-0.00313476941357766,-0.00265574211551502,0.0385620576351264,0.0271588733887229,0.00791067333554236,0.0564930420579581,-0.00204026414158446,0.0612667493650509,0.0188070581991841
0.0419706477241749,0.00166735224048127,0.067131061810329,-0.00855284002487385,0.0546723831991341,-0.00314375234458392,0.0295682266084669,-0.00880987930921468,0.0532522345996333,-0.0246944943405207,0.00522921586503386,-0.0460251182090438,0.0158661969147277,-0.0294330089280657,-0.00548516031255555,-0.012835463534819,0.00379170776502549
-0.0136880270273527,0.0817443852571974,-0.00855284002487385,0.0757039123306821,0.0100525310226569,0.0419602860340758,0.021966190983139,0.0307586261274725,-0.00690878705638233,0.000484069416189951,0.0155716356062978,0.0248037709623443,-0.009100122438605,0.0586717319049452,-0.010854271603014,0.0535707270066666,0.0145541606925407
0.0529961991232642,0.0269094238475953,0.0546723831991341,0.0100525310226569,0.0754875067250949,0.037549457833134,0.0201363400543458,-0.00508360467896546,0.0458755307632853,-0.0119844502401178,0.00211877571718266,-0.0410343142386645,0.0169432455393384,0.0013012193826336,-0.00877790672873936,0.0106127967762818,0.0147089078019149
0.0333742783819949,0.0534196676888298,-0.00314375234458392,0.0419602860340758,0.037549457833134,0.0796225342194499,-0.0157613702910049,0.0187115384937626,-0.0234266514828801,0.0111693178248021,-0.0102008545463466,0.0289950799459662,0.00710492299447607,0.0551432445108713,-0.00497002208864423,0.0533807328838232,0.0159662536119558
0.0129689045282502,0.0187166144708015,0.0295682266084669,0.021966190983139,0.0201363400543458,-0.0157613702910049,0.0695238652013537,-0.0283046275012954,0.065647098962283,-0.00701783853700256,0.0149239073128627,-0.0336959213627763,0.00920857495220747,0.00584322768761804,0.01578556305025,0.0081869460312099,0.0395455837427613
-0.0333226267068076,0.0467444814642138,-0.00880987930921468,0.0307586261274725,-0.00508360467896546,0.0187115384937626,-0.0283046275012954,0.0673527353283229,-0.0437458256446597,-0.0195205461572633,0.0319653622295763,0.0285452782013258,-0.00271938290625137,0.0198531870765934,-0.0126879087979481,0.0193333674326389,-0.0143114417806447
0.0324737725556734,-0.00313476941357766,0.0532522345996333,-0.00690878705638233,0.0458755307632853,-0.0234266514828801,0.0656470989622829,-0.0437458256446597,0.090404221301072,-0.00674679351744271,0.0153418894845935,-0.0625447239376283,0.0213595804326093,-0.0273323684033952,0.0161551412301558,-0.0152773200740653,0.0305656336693883
0.00117380991203661,-0.00265574211551502,-0.0246944943405207,0.000484069416189951,-0.0119844502401178,0.0111693178248021,-0.00701783853700256,-0.0195205461572633,-0.00674679351744271,0.0303846859934957,-0.00688194185862502,0.0224020477163149,0.00854918684965059,0.00657569035373994,0.0164125873616963,0.0100271803186653,0.00285333174236906
-0.028281685883561,0.0385620576351264,0.00522921586503386,0.0155716356062978,0.00211877571718266,-0.0102008545463466,0.0149239073128627,0.0319653622295763,0.0153418894845935,-0.00688194185862502,0.0706440308021618,0.0107099265277334,0.0382254025711884,-0.00711589560219533,0.0384432137893999,0.011808764252753,0.0234479575752226
-0.0225974866676536,0.0271588733887229,-0.0460251182090438,0.0248037709623443,-0.0410343142386645,0.0289950799459662,-0.0336959213627763,0.0285452782013258,-0.0625447239376283,0.0224020477163149,0.0107099265277334,0.0810234042849172,0.012576636625756,0.0314280166847529,0.0246829755480465,0.0395103893788785,0.000610778921907147
0.0175925057042179,0.00791067333554236,0.0158661969147277,-0.009100122438605,0.0169432455393384,0.00710492299447607,0.00920857495220747,-0.00271938290625137,0.0213595804326093,0.00854918684965059,0.0382254025711884,0.012576636625756,0.0506411368684919,-0.0141935270322878,0.0495314741711786,0.0110685172046878,0.0299032584924346
-0.00139302178880741,0.0564930420579581,-0.0294330089280657,0.0586717319049452,0.0013012193826336,0.0551432445108713,0.00584322768761803,0.0198531870765934,-0.0273323684033952,0.00657569035373994,-0.00711589560219533,0.0314280166847529,-0.0141935270322878,0.0758310710352502,-0.00664503267674773,0.0557660827790053,0.0287667858712448
0.00464634101820309,-0.00204026414158446,-0.00548516031255555,-0.010854271603014,-0.00877790672873936,-0.00497002208864423,0.01578556305025,-0.0126879087979481,0.0161551412301558,0.0164125873616963,0.0384432137893999,0.0246829755480465,0.0495314741711786,-0.00664503267674773,0.0636876080576159,0.0131662189929597,0.0427018693178738
0.00700039308233718,0.0612667493650509,-0.012835463534819,0.0535707270066666,0.0106127967762818,0.0533807328838232,0.0081869460312099,0.0193333674326389,-0.0152773200740653,0.0100271803186653,0.011808764252753,0.0395103893788785,0.0110685172046878,0.0557660827790053,0.0131662189929597,0.0567232916519635,0.0293238509988207
0.0196143333022489,0.0188070581991841,0.00379170776502549,0.0145541606925407,0.0147089078019149,0.0159662536119558,0.0395455837427613,-0.0143114417806447,0.0305656336693883,0.00285333174236906,0.0234479575752226,0.000610778921907147,0.0299032584924346,0.0287667858712448,0.0427018693178738,0.0293238509988207,0.0629021351668887
