0.180770375251954,-0.00966645666611203,0.0213135211302811,-0.00717302622127576,0.0255833922880047,0.013213474827469,0.00832308563294789,-0.00761719768520111,-0.00250832744162657,0.00468347206711397,-0.0149182176530199,0.00374559411661929,0.00356698521929036,0.0187569228521295,-0.0108387405215935,-0.0111738982758653,0.0123534910857463,0.0144998955962182,-0.00463864107389855,-0.0171090125789226,0.0226226797158077,-0.00105726400268579,-0.0061419059626661,0.0189319764233852
-0.00966645666611203,0.0343117636725177,0.000406748780226056,0.0191028253882581,0.00494291358700699,0.00342611943475343,-0.00112883257175543,0.00352732046874527,0.0170732944662848,0.00381084233534597,-0.00360093702122947,-0.00281542100289851,-0.00585846762362979,0.0228798968759733,-0.00566152677700883,-0.00891133242245533,0.0112102940009009,0.00309695718744178,0.000138717714480182,-0.00373305579717259,-0.00704615536670548,-0.00207157149019651,-0.0186683414449758,0.00392094602689012
0.0213135211302811,0.000406748780226056,0.0668599925499723,-0.00507027556067367,-0.00114242359178737,0.00631403991441185,-0.00459089957504169,0.0129000595311442,-0.000610669545646383,0.0077278546600671,0.00616299208045105,0.0223075338289889,0.00218362850989299,0.00709747730340628,0.0021773824634756,0.012620113325163,0.00171157786805484,-0.00353033959775391,0.00405128472553936,-0.00897061204548943,0.00621183995886929,0.00103499580945796,0.00514163029214639,0.00346681456816203
-0.00717302622127576,0.0191028253882581,-0.00507027556067367,0.0259850629641835,0.00461038265090722,0.00027175967718001,-0.00224492323480232,-0.000836226353276313,0.0198222777709282,0.00122416560589319,-0.00384152403131793,-0.0027609812120697,-0.00249195020169656,0.0267067376176879,0.00147531972350767,-0.00352546578739527,0.0123675131324208,-0.000390526402807134,0.00187147413475861,-0.00632999929920246,-0.0069225229140588,-0.0020696783020294,-0.0125659052213543,-0.00105047021289515
0.0255833922880047,0.00494291358700699,-0.00114242359178737,0.00461038265090722,0.147397771732706,0.0263637101580561,0.000668668590019007,0.00992613609335606,0.0138470102245466,0.00902236152895078,-0.00447293853811493,-0.00324341356346317,0.000133538174524984,0.0341035878873566,-0.00768694838450721,-0.0155723367194611,0.0213181548663857,0.00737995124820307,-0.00449128140011366,-0.000518394172620213,-0.00143460230273985,-0.00569862679746803,-0.023447087750362,0.0263894559260175
0.013213474827469,0.00342611943475343,0.00631403991441185,0.00027175967718001,0.0263637101580561,0.0989063669290053,0.0105647050508863,0.0365224846438083,0.000592880883826946,0.0224515277282572,0.000879788600330137,0.00427013289906217,0.0147565033061852,0.0202251647556022,-0.000828392472051799,0.00313602310347861,-0.00260760413045322,-0.00395377298885985,-0.00300883536580704,-0.00759380686383137,-0.00222355627366471,-0.0122901699732008,-0.000715386283025857,0.0178709567850351
0.00832308563294789,-0.00112883257175543,-0.00459089957504169,-0.00224492323480233,0.000668668590019007,0.0105647050508863,0.0552368163162052,-0.00929147413454245,-0.00670965418241352,0.00162005675184669,0.00579328977024314,0.00284467503374468,0.00833486191400247,0.0101971386787973,0.006006846773187,0.00582280949016679,0.0018352773060465,-0.0113860947891965,0.00077536302351567,-0.00607609109025447,-0.0026186507519667,-0.00172014466873452,0.00678860420908841,-0.0100250185837702
-0.00761719768520111,0.00352732046874527,0.0129000595311442,-0.000836226353276313,0.00992613609335606,0.0365224846438083,-0.00929147413454245,0.148508261335123,0.025855918986282,0.0192463370171466,0.0142395627002493,0.00788799611110454,-0.00127080443466024,6.03216876854018e-05,-0.00329612194145098,0.0132566013128489,0.00473799030622656,0.00496507844552395,0.00416288086403823,0.0179289023116188,-0.0534092738821949,-0.00571306747136096,0.00922808097592387,0.0037958055708075
-0.00250832744162657,0.0170732944662848,-0.000610669545646383,0.0198222777709282,0.0138470102245466,0.000592880883826946,-0.00670965418241352,0.025855918986282,0.1216436557053,0.00775122847107753,-0.0138072801045223,0.00407482691709194,-0.00825965640786359,0.0327057219150536,-0.00981191448603828,-0.00199303861815488,0.00614277688929162,0.0138443611264396,0.00984258730953166,-0.02450159330405,-0.0360681915213546,-0.00465204834486546,-0.0339194402556848,-0.00524927036947924
0.00468347206711397,0.00381084233534597,0.0077278546600671,0.00122416560589319,0.00902236152895078,0.0224515277282572,0.00162005675184669,0.0192463370171466,0.00775122847107753,0.0434055547694699,-0.0026642596709016,0.00294009822765367,0.0105259194477253,0.025683505875601,0.00399183105173906,0.00735953730387025,0.00570210621180486,-0.000582795440008966,0.001935712616395,-0.0115230013434962,-0.00597974375135157,-5.86276355376095e-06,-0.00123395265997557,-0.0144720470051411
-0.0149182176530199,-0.00360093702122947,0.00616299208045105,-0.00384152403131793,-0.00447293853811493,0.000879788600330137,0.00579328977024314,0.0142395627002493,-0.0138072801045223,-0.0026642596709016,0.119526249453719,-0.00431698552914397,-0.00964434552227365,-0.00769631617399993,0.000622894304794514,0.00591170561319178,-0.00227056794668355,0.000599026317896626,-0.0109435305345313,0.00440148059964382,-0.00769241926537638,0.00358749019018692,-0.00850209344649066,0.0210386577846909
0.00374559411661929,-0.00281542100289851,0.0223075338289889,-0.0027609812120697,-0.00324341356346317,0.00427013289906217,0.00284467503374468,0.00788799611110454,0.00407482691709194,0.00294009822765367,-0.00431698552914397,0.0355691613959716,0.00879170798499151,0.0100981699833595,0.00194363571949401,0.0121126599814539,-0.00324321535630725,-0.00120122293789222,0.0040420238679768,-0.00146404272331219,0.00212089348214182,-0.000140439454793595,0.00318874912349928,-0.00901588322543681
0.00356698521929036,-0.00585846762362979,0.00218362850989299,-0.00249195020169656,0.000133538174524984,0.0147565033061852,0.00833486191400247,-0.00127080443466024,-0.00825965640786359,0.0105259194477253,-0.00964434552227365,0.00879170798499151,0.105781056746647,0.0192290235187628,0.0129799823593953,0.0185881446739255,0.000124818873204054,0.00931328596427866,-0.00370678487141451,-0.00479238769965029,0.00944325391085669,-0.00281226726704422,0.0139678000481172,-0.0357851126595228
0.0187569228521295,0.0228798968759733,0.00709747730340628,0.0267067376176879,0.0341035878873566,0.0202251647556022,0.0101971386787973,6.03216876854018e-05,0.0327057219150536,0.025683505875601,-0.00769631617399993,0.0100981699833595,0.0192290235187628,0.2510619754732,-0.00684001376080141,-0.0273459389564825,0.0174539405552608,-0.00726858019622224,0.0124944581461558,-0.0167184895892264,-0.0184133957196265,0.00248760984473829,-0.0678473068510499,-0.0168283974759002
-0.0108387405215935,-0.00566152677700883,0.0021773824634756,0.00147531972350767,-0.00768694838450721,-0.000828392472051799,0.006006846773187,-0.00329612194145098,-0.00981191448603827,0.00399183105173906,0.000622894304794514,0.00194363571949401,0.0129799823593953,-0.00684001376080141,0.0345817253052141,0.0131198452790265,-0.00405696720151143,-0.00344419251245969,-0.0026910929774997,0.00616783876827364,-0.00424035400556014,0.000402243707576282,0.0103461455732091,-0.00983063608943831
-0.0111738982758653,-0.00891133242245532,0.012620113325163,-0.00352546578739527,-0.0155723367194611,0.00313602310347861,0.00582280949016679,0.0132566013128489,-0.00199303861815488,0.00735953730387025,0.00591170561319179,0.0121126599814539,0.0185881446739255,-0.0273459389564825,0.0131198452790265,0.175977724701381,-0.0256773111242733,0.00419932630531107,-0.00696838859628773,-0.00696569390977609,0.0023479941908828,0.00622901085835395,0.015394065149633,-0.0202004955549279
0.0123534910857463,0.0112102940009009,0.00171157786805484,0.0123675131324208,0.0213181548663857,-0.00260760413045322,0.0018352773060465,0.00473799030622656,0.00614277688929162,0.00570210621180486,-0.00227056794668355,-0.00324321535630725,0.000124818873204054,0.0174539405552608,-0.00405696720151143,-0.0256773111242733,0.0984438242321209,0.010045310760481,-0.00372472014551305,0.00428183001895085,-0.0242782062563712,-0.00334377098460997,-0.015582639377876,-0.00489619626007432
0.0144998955962182,0.00309695718744178,-0.00353033959775391,-0.000390526402807134,0.00737995124820307,-0.00395377298885985,-0.0113860947891965,0.00496507844552395,0.0138443611264396,-0.000582795440008966,0.000599026317896626,-0.00120122293789222,0.00931328596427866,-0.00726858019622224,-0.00344419251245969,0.00419932630531107,0.010045310760481,0.0819262758873517,-0.034934410610325,-0.00722918274864047,-0.00246326139740702,-0.00294980186694439,-0.001789608025983,-0.00685954024715307
-0.00463864107389855,0.000138717714480182,0.00405128472553936,0.00187147413475861,-0.00449128140011366,-0.00300883536580704,0.00077536302351567,0.00416288086403823,0.00984258730953166,0.001935712616395,-0.0109435305345313,0.0040420238679768,-0.00370678487141452,0.0124944581461558,-0.0026910929774997,-0.00696838859628773,-0.00372472014551305,-0.034934410610325,0.0377455188550611,0.0106555272648174,-0.0102848244156392,0.00329706870010175,-0.00118981197161502,-0.00381305005683961
-0.0171090125789226,-0.00373305579717259,-0.00897061204548943,-0.00632999929920246,-0.000518394172620213,-0.00759380686383137,-0.00607609109025447,0.0179289023116188,-0.02450159330405,-0.0115230013434962,0.00440148059964382,-0.00146404272331219,-0.00479238769965029,-0.0167184895892264,0.00616783876827364,-0.00696569390977609,0.00428183001895085,-0.00722918274864047,0.0106555272648174,0.147579370062518,-0.120217641847846,0.00197337460429665,0.0121591931885122,-0.0219415519705128
0.0226226797158077,-0.00704615536670548,0.00621183995886929,-0.0069225229140588,-0.00143460230273985,-0.00222355627366471,-0.0026186507519667,-0.0534092738821949,-0.0360681915213546,-0.00597974375135157,-0.00769241926537638,0.00212089348214182,0.00944325391085669,-0.0184133957196265,-0.00424035400556014,0.0023479941908828,-0.0242782062563712,-0.00246326139740702,-0.0102848244156392,-0.120217641847846,0.205045514180069,0.00291803112066289,0.00783045973826258,0.0126359398950064
-0.00105726400268579,-0.00207157149019651,0.00103499580945796,-0.0020696783020294,-0.00569862679746803,-0.0122901699732008,-0.00172014466873452,-0.00571306747136096,-0.00465204834486546,-5.86276355376095e-06,0.00358749019018692,-0.000140439454793595,-0.00281226726704422,0.00248760984473829,0.000402243707576282,0.00622901085835395,-0.00334377098460997,-0.00294980186694439,0.00329706870010175,0.00197337460429665,0.00291803112066289,0.0218771168752528,-0.00484443360490041,-0.0120460977403314
-0.0061419059626661,-0.0186683414449758,0.00514163029214639,-0.0125659052213543,-0.023447087750362,-0.000715386283025857,0.00678860420908841,0.00922808097592387,-0.0339194402556848,-0.00123395265997557,-0.00850209344649066,0.00318874912349928,0.0139678000481172,-0.0678473068510499,0.0103461455732091,0.015394065149633,-0.015582639377876,-0.001789608025983,-0.00118981197161502,0.0121591931885122,0.00783045973826258,-0.00484443360490041,0.159455625897044,-0.115520525983391
0.0189319764233852,0.00392094602689012,0.00346681456816203,-0.00105047021289515,0.0263894559260175,0.0178709567850351,-0.0100250185837702,0.0037958055708075,-0.00524927036947924,-0.0144720470051411,0.0210386577846909,-0.00901588322543681,-0.0357851126595228,-0.0168283974759002,-0.00983063608943831,-0.0202004955549279,-0.00489619626007431,-0.00685954024715307,-0.00381305005683961,-0.0219415519705128,0.0126359398950064,-0.0120460977403314,-0.115520525983391,0.238936343776127
