6958.19984205113,447.894293537629,326.645591627703,628.910366290111,744.614383885536,1134.87554392391,1212.95531193228,0,0,985.749949010349,344.759480566989,577.569150350687,471.790557028048,-433.737921010377,-68.8956350776506,198.130791783787,730.935498483812,-213.494819369737,-586.259466932926,572.15748351164,-1553.12110909496,65.370660986809,1122.73844207573,929.222445159461,0,-418.785677680062,-16.1292527493215,-239.551224737832,17.9664453757016,-1361.89284236651,-616.289554319837,149.917221386666,56.1878073325111,646.638270432148,-765.499919429874,1430.27609362049,0,-1604.8011594162,54.0512179420209,-480.059738750796,116.5098244863,170.958334327834,-132.748884547109,1258.26229657091,1264.03802631809,-109.837183994252,170.167251394994,-343.805261021387,1407.13524790604,-896.682224742798,-46.0730475363139,-1165.35880494809,414.104575785896,-233.932641105755,414.788397049369,-179.567550693178,79.2830745807152,0,-396.6649844999,455.560716490677
447.89429353763,4412.6617163608,-280.326566552186,672.755914688676,431.575805975825,-357.038626709248,1091.71602999317,0,0,570.920009083865,723.297837596486,-798.893657138098,-650.600393703431,212.693978073638,-328.428371131754,-60.547826615929,-474.979694856465,13.7370095004657,-396.75104841566,-493.291459541581,-269.614372352119,-375.469486351206,1041.42135292997,-689.097802797668,0,-297.730979128911,-241.799140713972,-181.017734693372,494.158503494681,337.772214128742,384.424257438276,1134.68147416411,155.494551761159,184.325495200814,-110.586289634482,-849.564816933065,0,-19.0284638214315,162.447174989233,656.791215055505,480.540328372015,-236.241435760961,-340.365043821332,292.956908485127,575.724353059504,-93.1315522142624,322.492797871687,-370.754752863634,141.307996469992,580.964837575558,-618.539297609244,-372.21253977682,76.9600333686868,-666.553352297695,-793.119833782894,-507.974112752036,-911.562614185047,0,-155.203868831053,468.693159580788
326.645591627703,-280.326566552186,4086.85838451753,-238.720844938649,-590.778282079978,346.834779687684,-255.175279477151,0,0,450.595816702151,328.902572554896,211.573579812473,439.101879325208,75.4073330127158,-29.0644431184791,-503.297654774014,-271.000701177591,-56.8230459054126,160.504591076829,1073.23556991455,-667.651004226149,630.44921777213,-990.844147255579,336.358019344431,0,-235.569325077423,-818.338025796749,1220.07200293591,77.1105901888807,-992.016322845673,386.931978889146,178.650105352885,-270.765217601847,-314.77408033951,-515.135968960386,1210.08949379574,0,-347.418837949173,941.754538819625,80.2906653691821,-220.486386776526,210.827286194369,-331.124193671424,478.256943056867,-703.400422944636,-16.6846881471802,-735.783535139906,499.722163107856,817.209427563093,-256.233561858719,315.352385679792,-250.312334010236,1145.80876632632,-104.425002206512,-334.676022355733,-81.7296397275287,-189.452516251142,0,-527.669106513528,141.084377435184
628.910366290111,672.755914688676,-238.720844938649,3348.30904306469,586.433800906559,313.464937824566,333.137361879284,0,0,36.2513731240665,-11.1629389027735,191.745043325198,-203.253450182724,660.023907201021,-348.712781308017,-457.019083222141,-1078.17535662676,-890.056956672794,140.553669569376,-420.68758169018,1038.0370216081,-730.205832843846,428.386654595138,1229.78463318453,0,1142.09998526344,-738.138052498026,303.127049853004,70.6087273382956,-499.267262049662,349.916642335939,1392.56677932483,817.530795908614,-284.65178205102,-465.569292573655,-205.04363643298,0,-693.622787034329,484.388014618989,723.867065249948,459.617681791855,190.586802632926,-300.545212947436,171.544818383081,-241.655322497486,-15.1363597551586,-96.3295997011806,774.628718435327,-221.981559964826,438.148744736332,-237.255345340213,327.143145215978,-304.721392681289,-96.0307285204585,-303.419198254186,215.834097243576,743.804879476644,0,-207.259460079896,-113.377730799812
744.614383885536,431.575805975825,-590.778282079978,586.433800906559,4681.97943091647,686.614034913193,-274.116586982053,0,0,42.1864523570098,-15.2681727946851,-794.684125982203,116.129076105985,81.2488915929784,-412.890741570631,667.686456725548,196.165044501328,1422.74395505732,713.510703937326,601.924157320276,745.512074783696,162.829576931593,1028.36994441513,1453.08130033684,0,813.317859053577,-874.787601073049,-117.731448504492,-380.566743909595,822.436070407178,-16.0774791774988,193.109015627643,968.00071100064,-818.336557892172,-551.7472965355,-1266.70589680652,0,981.076251754931,572.386997332823,1241.88412759084,-237.00717966639,1074.73543642805,594.491740012305,203.51013384164,655.959356221917,-449.991227224386,563.782706461228,-614.139668094403,-640.110862219171,125.129673919527,-277.700579348558,-267.14132969448,830.464539604346,336.827210782832,-755.447286678214,-769.156009684498,-202.876689259902,0,-881.928109508492,-419.998089848912
1134.87554392391,-357.038626709248,346.834779687684,313.464937824566,686.614034913193,3247.59818084126,-11.3661423507069,0,0,492.191889142726,278.860960403281,-683.578923494393,112.692884607489,-147.526608357014,74.896422906049,-49.0906807036426,55.3576392140892,-457.801774834983,-1362.80056146414,98.186273368795,226.879491857972,-318.474429509792,-93.6122449721479,-70.687557205193,0,-251.780979155679,260.949840549258,291.512897235945,-13.6024722093821,-597.849662482035,-890.153649602756,-863.063210974555,-657.543965131231,-762.967097625794,-598.781565772158,237.093688888052,0,-441.851709221611,958.29997911772,1288.77256043496,-694.560968366749,1800.54469083003,7.83505597346664,834.088050013114,56.587917394793,-488.429335921626,-37.8593618210117,46.1436751514394,-235.073928804227,499.988360867476,-238.404404658864,-318.353882814852,442.131375002315,-143.589217255616,-308.880981168216,531.954716583374,582.323603418486,0,-732.342974050664,131.453485918969
1212.95531193228,1091.71602999317,-255.175279477151,333.137361879284,-274.116586982053,-11.3661423507069,3707.94407669503,0,0,80.5279469107748,1035.99960549647,-731.66778866108,-598.420885834332,196.298973365183,-302.432699506786,-866.560822417572,58.598105485466,15.1705024885488,-915.07474567415,655.075717835065,241.262069897746,-860.777528051666,953.91502954894,-73.8398461318943,0,-270.320456613679,779.097043762446,789.884080151527,455.611663284171,-638.029298862385,-515.4384615759,1040.87327933202,564.945576413481,170.88799416082,-638.28554162375,774.361666358578,0,-925.155397832246,-729.432919947714,-948.777570637768,835.23759461719,-644.484837496522,325.493080545655,-351.459812665991,54.4305757821484,1225.59336032662,295.742060821763,433.080401279483,-251.962993680913,-266.090222786354,367.74782700594,319.47248088418,71.0938247828984,-158.72570338645,470.897724252884,566.744881178632,-468.614582259362,0,500.362399758281,140.261304991175
0,0,0,0,0,0,0,0.040843097616096,0,0,0,0,0,0,0,0,0,0,0,0,0,0,0,0,0,0,0,0,0,0,0,0,0,0,0,0,0,0,0,0,0,0,0,0,0,0,0,0,0,0,0,0,0,0,0,0,0,0,0,0
0,0,0,0,0,0,0,0,0.0327188239626932,0,0,0,0,0,0,0,0,0,0,0,0,0,0,0,0,0,0,0,0,0,0,0,0,0,0,0,0,0,0,0,0,0,0,0,0,0,0,0,0,0,0,0,0,0,0,0,0,0,0,0
985.749949010349,570.920009083865,450.595816702151,36.2513731240665,42.1864523570098,492.191889142726,80.5279469107748,0,0,8211.66716066923,463.778265093128,296.108377761494,618.028883012451,-820.21000986667,-543.951344793935,885.679191247273,907.503960170877,-727.752383419455,1657.83129856185,794.148209589839,-944.607429567307,213.54080681346,-710.670456803593,-970.10224896478,0,378.384904029411,150.503986726589,-787.551725855582,-1116.00533614013,467.479358775799,-589.677296597052,-385.917392977316,-933.76350018902,1487.89215020929,-730.383981002178,353.574721305843,0,1893.17165290781,176.728336784454,1128.75052991617,-309.032282955666,-260.013993986924,-886.879331491233,-139.709212505924,-992.917298719568,-594.01036966838,299.12165094802,713.040024344368,-849.663038371563,-358.958662140009,40.0769032201518,-1216.79564835943,50.2256971959159,444.777171316722,-475.334342683236,336.167017552871,214.606051747782,0,519.408998461535,199.431737534631
344.759480566989,723.297837596486,328.902572554896,-11.1629389027735,-15.2681727946851,278.860960403281,1035.99960549647,0,0,463.778265093128,4666.87798431537,-513.420438490696,-730.367535016882,111.817058230978,-353.622313967385,-166.50690072068,527.433024086719,-105.299449092709,-519.668862388367,-21.2799280303029,-373.252644262613,-488.424250529592,369.732733776233,377.817693756187,0,-404.599962824965,-1474.14168642751,-799.899198910015,-608.187629610977,-274.258342968452,776.660512871344,-545.474318564473,-397.491401821559,70.5855563520997,374.8050654108,171.163162285228,0,399.530797046614,540.638382148221,-301.9865198234,419.799248039669,605.7221410291,274.067709876574,-805.524217621961,498.814710711554,779.12083791228,-140.018970949462,1253.96478030287,-780.762807678557,57.2272810252949,-12.445363655571,-69.5414264532589,-453.233954956715,233.010622691568,-885.141212981791,-197.160022193052,-611.251599899287,0,-249.637330544201,-533.192163188784
577.569150350687,-798.893657138098,211.573579812473,191.745043325198,-794.684125982203,-683.578923494393,-731.66778866108,0,0,296.108377761494,-513.420438490696,5281.69180155815,1054.3686729444,610.048320192185,699.237522949314,898.13617532588,-445.095778025549,-793.562802697936,501.845510574606,-752.834852624056,-425.992682768557,471.996523873357,-737.601848112501,656.588799065751,0,1172.14279369356,862.775091195226,-299.163592063791,885.744526047622,666.055499845061,-609.997355403979,56.1648185415542,-39.0476696504597,947.843945392022,340.834681116222,601.077741641615,0,-520.883114690078,848.613579954973,-904.710113955639,-355.326348395321,-805.804781733932,458.838906171182,372.195971228434,-429.734644151834,-164.243075628484,-282.655881021027,437.131563680405,-425.529420860911,-39.1282381456793,-420.777811934238,-376.788795488711,-949.364339275763,-282.969995433935,273.454101724859,137.072508726742,-1129.14667120165,0,229.53783073739,-249.254268798088
471.790557028048,-650.600393703431,439.101879325208,-203.253450182724,116.129076105985,112.692884607489,-598.420885834332,0,0,618.028883012451,-730.367535016882,1054.3686729444,5135.80787519738,-190.827873583088,397.162834913519,389.877038321202,1332.88362432298,-467.556498173624,-278.041413019736,768.757542459698,375.828060737349,1927.62717702804,1191.84480129986,524.319111696204,0,413.886433144485,1320.16337735109,467.696324994761,-330.530947781073,-38.6340155763775,58.795481610726,-1275.589074908,-214.942210736706,-251.1356258799,-492.253503568784,946.244552415406,0,645.193803519121,1173.29245640006,205.931586805144,229.440477309133,-124.527059887237,374.063359702661,-357.497983816394,-1229.71685032512,992.447597448246,-395.705586631441,-184.727254416999,-190.559630252719,221.47648167573,-224.364461541183,-227.87466489584,562.60904007544,-511.476468282863,-709.027686588676,-388.698507989915,-884.93915328391,0,511.186613341099,219.620583415026
-433.737921010377,212.693978073638,75.4073330127157,660.023907201021,81.2488915929784,-147.526608357014,196.298973365183,0,0,-820.21000986667,111.817058230978,610.048320192185,-190.827873583088,5986.37307042718,271.394587972738,-126.30435997627,425.439521066443,2071.32523837672,855.62787646041,-448.364866856376,903.159049188773,804.7778634955,-945.972945483573,-172.825842144226,0,-134.11059763282,-1482.01530575575,1517.95947964039,272.734547166343,1005.20336312271,-325.501771757511,419.861948731894,1101.92183878955,251.695897333306,-400.555280695662,-673.297055781351,0,-687.381661776444,226.403988844863,-742.894988569649,-486.663099800815,-106.728616936022,988.545660863315,-96.7407847670869,-90.8868120117639,588.071033962585,-106.954852735259,739.076863437978,-1000.20927996165,-212.427220386791,77.4078412569748,191.389877777844,514.520259766105,-460.034712557718,514.851067134695,372.471695097161,-212.713753021016,0,-614.057650963012,-72.2078565120178
-68.8956350776506,-328.428371131754,-29.0644431184791,-348.712781308017,-412.890741570631,74.896422906049,-302.432699506786,0,0,-543.951344793935,-353.622313967385,699.237522949314,397.162834913519,271.394587972738,2045.686314181,828.699814466734,156.820286706804,1054.00120796875,-634.022438757877,-52.696807999325,-535.506662344633,-17.309516350308,-505.524395579941,495.253190578643,0,21.9740110779444,-752.152266842725,-492.586971938604,116.509279128361,52.7307212084355,77.2735923582702,154.35361842018,466.869669723312,-13.6893209544004,-513.744910133155,608.125892287153,0,-401.524408985558,-12.5628974689461,-145.550199762129,-322.140306754567,-467.848138559212,308.380550161816,-71.3342752149456,-386.380872887249,74.2758182736618,-466.214154821074,-313.482063253326,425.891969408944,-13.3492546737083,-383.591526796763,-293.85676321254,-40.2357123738061,53.0603742033483,414.17512023068,40.0646037339982,-522.209410765734,0,610.831167380105,337.169868235433
198.130791783787,-60.547826615929,-503.297654774014,-457.019083222141,667.686456725548,-49.0906807036426,-866.560822417572,0,0,885.679191247273,-166.50690072068,898.13617532588,389.877038321202,-126.30435997627,828.699814466734,7415.4633720197,655.180439680525,-342.596223553061,596.122901251963,1770.04259829628,679.461549300719,1808.06176154337,399.308987544593,1445.09100949111,0,2679.41697236349,-1382.16566448013,-1507.31932444988,1052.55278357921,-921.308341065667,-194.421421140717,-525.393228016783,459.225266117265,-54.0512944678814,-883.187325655327,1333.88376567911,0,473.837560463901,477.386316906659,325.126807865167,-424.000787406964,-440.276353588907,-220.510625384254,1187.56007733356,-1074.90579075244,325.794350736371,-747.577560017614,49.1210422500758,-45.4342044165366,-1484.32843353175,244.585572347781,739.953896228032,-161.703571906068,211.559542718189,-163.38591714675,-252.157258083442,-29.36560310685,0,1040.48907780022,-642.878186196539
730.935498483812,-474.979694856465,-271.000701177591,-1078.17535662676,196.165044501328,55.3576392140892,58.598105485466,0,0,907.503960170876,527.433024086719,-445.095778025549,1332.88362432298,425.439521066443,156.820286706804,655.180439680525,7427.21348016352,2380.29380575293,-361.839259122814,1131.04491571685,-935.120946534083,1926.53340922211,-21.4252855565744,-1531.99851783222,0,-1038.17516274561,1333.1829388978,-122.423361077468,-605.503804895432,-119.182629905382,-1286.69307502572,-527.952038904681,335.154088855856,1820.31266370327,-801.237503395897,-233.932840473441,0,747.539298306657,-290.042226970348,-101.589939884681,-1000.19256983814,1055.87960798206,-814.162498648068,-1313.49905655423,-505.571340027112,-14.7599599186333,-443.535644008668,155.979944292973,-252.402534029879,315.658482698573,1091.4342230022,-427.064797708114,-351.62531674067,553.528417051212,-351.865067421471,-87.1388130698009,-1085.92966424742,0,384.900595187375,-135.91229640487
-213.494819369737,13.7370095004657,-56.8230459054126,-890.056956672794,1422.74395505732,-457.801774834983,15.1705024885488,0,0,-727.752383419455,-105.299449092709,-793.562802697936,-467.556498173624,2071.32523837672,1054.00120796875,-342.596223553061,2380.29380575293,10802.5228192632,90.6829721909927,720.705668503114,-475.698515610397,88.4197708105168,-160.854673952776,-2104.88985729196,0,262.756403376217,-1502.13980547369,398.044589282103,-674.661216321142,1096.7278695105,-773.426270415428,184.94495999035,690.17617872936,72.9666285212647,624.462759888631,-504.452438391528,0,17.2344628279908,1364.12199783673,-23.290529589837,-1021.98068411997,-1053.22601567654,305.345489558961,-2103.97852337851,-523.838713327694,509.438854643407,-290.10361655449,150.561636311823,628.829011580884,1238.87285534621,-514.532497182704,-479.558650210418,513.274378173367,-961.86344217006,1696.92813102385,-222.98523596689,-436.358148471602,0,-18.0721891692581,139.214412271259
-586.259466932926,-396.75104841566,160.504591076829,140.553669569376,713.510703937326,-1362.80056146414,-915.07474567415,0,0,1657.83129856185,-519.668862388367,501.845510574606,-278.041413019736,855.62787646041,-634.022438757877,596.122901251963,-361.839259122814,90.6829721909927,11989.781784662,279.798536371956,2166.00676303399,436.527361561912,-1595.42746728183,-89.7975370963308,0,-247.208448607175,-410.370247872081,-54.0754240973328,-497.579533082548,1481.80193851791,89.5700192435433,427.68817574799,-328.785696746033,410.183009538715,1848.26854395891,-1070.45218777912,0,983.86033166244,2498.29445737228,-318.278185888545,-296.703593921282,-191.114097487639,571.092849445947,-50.4104068044178,-354.508591062441,-618.099899460286,2150.02063428336,339.315060949095,320.844276855565,-2250.49811871109,664.659609235194,-892.45567294864,1498.85426327829,-55.1154972443552,-1741.27585139959,-598.610258292389,410.935732821933,0,-267.205799084624,-1063.90058041634
572.15748351164,-493.291459541581,1073.23556991455,-420.68758169018,601.924157320276,98.186273368795,655.075717835065,0,0,794.148209589839,-21.2799280303029,-752.834852624056,768.757542459698,-448.364866856376,-52.696807999325,1770.04259829628,1131.04491571685,720.705668503114,279.798536371956,12778.8967667673,-1182.24218790496,263.039404969138,-29.0545563786814,595.045973647733,0,-414.253313730247,-629.909494168904,-990.486242304529,141.617450993351,-1753.47968438791,688.380948972194,-2087.60884700043,-472.116469913412,252.956172201677,-904.346341655351,1295.24341860825,0,137.572435130995,-1207.16864430045,-488.785597322925,-390.394065927891,-328.995192355361,-1109.65059417199,336.309964106667,-467.043217569793,-744.342312299205,-747.294131150565,884.231692747238,-433.998444962107,206.341285881884,46.0115768500356,-449.671292336904,-595.680996577632,-929.750507297831,63.7413090373746,-708.340551161375,858.666192635114,0,643.091718836951,-693.35533531134
-1553.12110909496,-269.614372352119,-667.651004226149,1038.0370216081,745.512074783696,226.879491857972,241.262069897746,0,0,-944.607429567307,-373.252644262613,-425.992682768557,375.828060737349,903.159049188774,-535.506662344633,679.461549300719,-935.120946534083,-475.698515610397,2166.00676303399,-1182.24218790496,9196.95461367835,1293.05072459845,-536.64650469645,-1491.13814849685,0,1489.6258103685,-176.810472160813,67.2006918146421,-341.336346696712,1453.80053628616,-438.464620923383,486.444990562983,-778.801700099757,-197.049600616648,233.922491133004,685.987972121787,0,-987.861990226047,1733.20169606067,1551.44138700222,966.662544416365,569.241552885054,1079.86496821769,65.1103722184246,-1586.28323900037,828.531325056251,70.7415376596407,-172.902906850209,-709.755562852525,-737.904727090995,-661.183149266369,715.584403366774,1473.37729880615,733.047512591966,-270.291292922869,57.0713806452099,1032.23271347916,0,-113.618822212653,-1290.79077275262
65.370660986809,-375.469486351206,630.44921777213,-730.205832843846,162.829576931593,-318.474429509792,-860.777528051666,0,0,213.54080681346,-488.424250529592,471.996523873357,1927.62717702804,804.777863495499,-17.309516350308,1808.06176154337,1926.53340922211,88.4197708105168,436.527361561912,263.039404969138,1293.05072459845,10707.5452869751,107.755599974567,-82.5018070053053,0,-1056.2225145519,378.310899839856,-790.828794944664,-1190.50308395575,1398.05009319194,91.1829536125827,1157.897320507,1631.41569772065,1889.49743014661,-1527.58735121471,1362.97892495989,0,236.043154319797,1690.14419970555,1478.75451419296,-879.314206157875,-830.489726809647,1515.22637382753,-993.042616313669,-328.723550478626,1431.9608090999,994.806166192285,-263.999422218078,303.180331645915,-902.86150329357,1103.88385225791,170.587886605573,805.163395606815,-744.381223363801,194.409171924075,-1089.32810991864,389.071287745458,0,732.985941971514,-124.7657040559
1122.73844207573,1041.42135292997,-990.844147255579,428.386654595138,1028.36994441513,-93.6122449721479,953.91502954894,0,0,-710.670456803593,369.732733776233,-737.601848112501,1191.84480129986,-945.972945483573,-505.524395579941,399.308987544593,-21.4252855565744,-160.854673952776,-1595.42746728183,-29.0545563786814,-536.64650469645,107.755599974567,9565.38126620587,-2044.56948512603,0,-596.734511632228,1783.91546659017,346.837100389665,-140.372108894179,-1873.87036886705,1113.96055681313,-16.9626612639178,746.769646966604,-663.225725536236,-1134.94939898352,-562.478657806707,0,-1550.8158811575,775.930087883862,175.796266686848,1826.80869953678,-470.14746595914,-104.890420749174,-177.300264077528,718.881832259877,436.35161552227,1397.31371991348,-9.33315453732342,82.8190413664257,-537.673489180003,-987.937056761424,1446.0889491818,1224.80457274864,-370.264112267263,-22.3638956471599,251.035791145817,-878.355813139069,0,-356.666808612681,1926.07558642197
929.222445159461,-689.097802797668,336.358019344431,1229.78463318453,1453.08130033684,-70.687557205193,-73.8398461318943,0,0,-970.10224896478,377.817693756187,656.588799065751,524.319111696204,-172.825842144226,495.253190578643,1445.09100949111,-1531.99851783222,-2104.88985729196,-89.7975370963308,595.045973647733,-1491.13814849685,-82.5018070053053,-2044.56948512603,13685.5945458699,0,123.098741334012,-1059.56394867074,-1263.47585344153,1432.06420242239,-474.959915924373,1159.05809406153,89.2113359688324,2689.76033116128,-78.2595378322861,-327.03049769487,122.332304890941,0,-101.802945032038,-785.369324336102,-820.273366630014,710.703184081027,1495.94786214231,-823.556994454594,95.644150038713,853.947405930107,1159.21871549102,-2123.87009934696,-560.730171041825,-57.6889067549437,-714.384585598547,336.746953961148,-74.0373976207062,-879.932917021604,-2680.16058303362,-871.138253438483,-345.624142784156,554.856564646223,0,366.682054689818,66.4960681010329
0,0,0,0,0,0,0,0,0,0,0,0,0,0,0,0,0,0,0,0,0,0,0,0,0.0664773057419522,0,0,0,0,0,0,0,0,0,0,0,0,0,0,0,0,0,0,0,0,0,0,0,0,0,0,0,0,0,0,0,0,0,0,0
-418.785677680062,-297.730979128911,-235.569325077423,1142.09998526344,813.317859053577,-251.780979155679,-270.320456613679,0,0,378.384904029411,-404.599962824965,1172.14279369356,413.886433144486,-134.11059763282,21.9740110779444,2679.41697236349,-1038.17516274561,262.756403376217,-247.208448607175,-414.253313730247,1489.6258103685,-1056.2225145519,-596.734511632228,123.098741334012,0,11046.2447159401,-1786.16569638205,-682.869679179477,373.546615588942,1594.23628300326,900.103458421029,535.985823721881,-185.956255450708,-995.165332806539,-590.826421395025,-892.946734970031,0,-361.964702977635,-193.078668147335,-761.809088648464,-193.928407162106,-738.818660528674,173.54824670772,-914.213313927369,-991.087945239792,1602.4110196248,-1545.7983588017,-806.333150621698,-1386.94422873826,-173.082852423496,263.68076897319,1311.62091543974,-296.847534609136,799.921492386863,-298.697527704561,-488.295895339928,1131.37321500677,0,-120.220271585988,-495.725221105077
-16.1292527493215,-241.799140713972,-818.338025796749,-738.138052498026,-874.787601073049,260.949840549258,779.097043762446,0,0,150.503986726589,-1474.14168642751,862.775091195226,1320.16337735109,-1482.01530575575,-752.152266842725,-1382.16566448013,1333.1829388978,-1502.13980547369,-410.370247872081,-629.909494168904,-176.810472160813,378.310899839856,1783.91546659017,-1059.56394867074,0,-1786.16569638205,11956.8670115902,12.3429647452222,-312.459603729876,10.8115195071745,-2389.43437424489,-853.44749390005,-2191.53405983806,355.609915369271,-563.40530628894,2108.92927948382,0,-972.79692834452,-973.890195665522,97.4864089134762,-1852.86520127784,-153.67086671161,-1432.6155280677,783.833163162424,-825.745308106258,-458.267223842564,1363.65499079958,-98.6227352175508,852.010513930992,885.211652900698,107.911960262423,272.608051408829,-2229.6979558589,18.9532436738944,726.936177720243,1034.03967430243,-1377.81135609487,0,83.2180775625991,-98.3956779953291
-239.551224737832,-181.017734693372,1220.07200293591,303.127049853004,-117.731448504492,291.512897235945,789.884080151527,0,0,-787.551725855582,-799.899198910015,-299.163592063791,467.696324994761,1517.95947964039,-492.586971938604,-1507.31932444988,-122.423361077468,398.044589282103,-54.0754240973328,-990.486242304529,67.2006918146421,-790.828794944664,346.837100389665,-1263.47585344153,0,-682.869679179476,12.3429647452222,8354.14129993656,-236.340101275845,-1156.99667297102,287.548286634216,1273.11126888745,556.14740366861,-746.261204864735,-399.879460509313,-657.257192479357,0,-225.964761408175,-43.541939231383,15.1829260016082,467.678883933781,63.3874499007619,1160.15617154106,-268.574307225529,557.850083107569,293.665251708265,672.361435069254,-643.163833377597,-1124.38700866125,1085.92739478489,333.041945262878,2179.57313554102,1564.50321659336,183.300595049355,422.964287752164,135.577051691133,-1440.47270915057,0,-896.855400667832,455.771810460946
17.9664453757016,494.158503494682,77.1105901888807,70.6087273382956,-380.566743909595,-13.6024722093821,455.611663284171,0,0,-1116.00533614013,-608.187629610977,885.744526047622,-330.530947781073,272.734547166343,116.509279128361,1052.55278357921,-605.503804895432,-674.661216321142,-497.579533082548,141.617450993351,-341.336346696712,-1190.50308395575,-140.372108894179,1432.06420242239,0,373.546615588942,-312.459603729876,-236.340101275845,7137.58454302664,-229.592546391797,-723.801835074927,83.5119937017725,195.833213117864,-1127.30268344334,-888.884231555432,-366.035241165331,0,-655.570346353494,-1618.39447505504,-238.485231491448,615.571338633616,-303.06357096181,-431.278387805342,376.192213312169,75.69851923548,489.545870858834,-1006.95471277824,598.709515709536,712.614984867093,-367.981202477039,509.062119169202,441.230930685864,101.694113882091,-227.519409559134,100.209664529467,307.01921479882,1369.80079789011,0,247.114874137861,197.40107846853
-1361.89284236651,337.772214128742,-992.016322845673,-499.267262049662,822.436070407178,-597.849662482035,-638.029298862385,0,0,467.479358775799,-274.258342968452,666.055499845061,-38.6340155763775,1005.20336312271,52.7307212084355,-921.308341065667,-119.182629905382,1096.7278695105,1481.80193851791,-1753.47968438791,1453.80053628616,1398.05009319194,-1873.87036886705,-474.959915924373,0,1594.23628300326,10.8115195071745,-1156.99667297102,-229.592546391797,8189.37882235904,-934.151328025179,575.68985422517,-42.5518064217879,1331.52292354983,1855.08017128197,-647.347347015931,0,1047.67108543668,570.185887235157,12.7676273396283,-645.227661455022,-535.629988006855,2489.93961249705,-1577.1421698835,-110.097384501106,-936.169233277281,188.90792951644,-633.545962901232,-35.462970029305,519.305431251123,-982.189666614739,-1088.46618711866,-702.321165477933,-1095.33288485817,-141.79844175266,-343.507448945636,109.34031472537,0,11.5379307441439,-361.140153385278
-616.289554319837,384.424257438276,386.931978889146,349.916642335939,-16.0774791774988,-890.153649602756,-515.4384615759,0,0,-589.677296597052,776.660512871344,-609.997355403979,58.795481610726,-325.501771757511,77.2735923582702,-194.421421140717,-1286.69307502572,-773.426270415428,89.5700192435433,688.380948972194,-438.464620923383,91.1829536125827,1113.96055681313,1159.05809406153,0,900.103458421029,-2389.43437424489,287.548286634216,-723.801835074927,-934.151328025179,6504.5419142737,-647.367119318229,2238.21032861302,-544.788971108992,436.21000279176,-1789.18810400789,0,-114.871211235752,-1057.57829501646,-355.554516517178,493.819850859315,-937.95835748902,-83.6757040183977,-549.544881824992,2415.79821032501,922.772021796995,-164.063068680387,-16.7744955230301,-428.06809429415,68.5824447059528,-14.4312875149576,1191.18882372218,496.907145108791,858.355448168134,-529.785773798987,-1123.06235025651,-722.00485272849,0,533.010748713676,480.215462097511
149.917221386666,1134.68147416411,178.650105352885,1392.56677932483,193.109015627643,-863.063210974555,1040.87327933202,0,0,-385.917392977316,-545.474318564473,56.1648185415542,-1275.589074908,419.861948731894,154.35361842018,-525.393228016783,-527.952038904681,184.94495999035,427.68817574799,-2087.60884700043,486.444990562983,1157.897320507,-16.9626612639178,89.2113359688324,0,535.985823721881,-853.44749390005,1273.11126888745,83.5119937017725,575.68985422517,-647.367119318229,7287.33006554341,1559.84314998754,-318.789802692677,-1576.67748392273,-231.187500001025,0,-581.923577297907,-293.524063387171,-100.480445206262,148.126352768005,-196.375926250312,1503.27026135719,49.2573836337681,182.030824307696,615.375397952096,544.691512168731,-417.275128205735,300.434310699859,-266.938501741639,1079.58446342395,531.972815203389,228.753866278201,-776.850728788891,227.691578069179,411.248164752702,-23.0495707844401,0,-552.226387953132,-549.987215903148
56.187807332511,155.494551761159,-270.765217601847,817.530795908614,968.00071100064,-657.543965131231,564.945576413481,0,0,-933.76350018902,-397.491401821559,-39.0476696504597,-214.942210736706,1101.92183878955,466.869669723312,459.225266117265,335.154088855856,690.17617872936,-328.785696746033,-472.116469913412,-778.801700099757,1631.41569772065,746.769646966604,2689.76033116128,0,-185.956255450708,-2191.53405983806,556.14740366861,195.833213117864,-42.5518064217879,2238.21032861302,1559.84314998754,7121.64902244471,-285.68544117306,-1251.47397828379,471.441224285825,0,-376.55685404031,279.066231612717,-245.360093850375,-226.878630801968,-150.896067666945,841.197503974764,-813.564128847071,2679.13929252544,1706.47526349923,-43.3338329502324,257.814493915237,-711.000037259334,-243.229233871703,-268.232337574426,549.658560219421,-343.217005389081,-44.1331271258375,652.259669744583,-465.211891828028,-1047.52234324564,0,197.611564670767,256.544869733436
646.638270432148,184.325495200814,-314.77408033951,-284.65178205102,-818.336557892172,-762.967097625794,170.88799416082,0,0,1487.89215020929,70.5855563520997,947.843945392022,-251.1356258799,251.695897333306,-13.6893209544004,-54.0512944678814,1820.31266370327,72.9666285212647,410.183009538715,252.956172201677,-197.049600616648,1889.49743014661,-663.225725536236,-78.2595378322861,0,-995.165332806539,355.609915369271,-746.261204864735,-1127.30268344334,1331.52292354983,-544.788971108992,-318.789802692677,-285.68544117306,9622.11815326267,107.962471899471,1298.03282870654,0,-434.814847572087,-944.860830800863,-285.901437586998,312.338177728803,-1412.61397756374,52.6216074637243,-41.7341605752724,-993.272957807416,-1816.29869435507,-1030.57988032846,-253.907545122171,287.844419724113,-276.80216244103,142.705896119763,-1272.69603484226,-400.837195426046,-49.3524367345361,181.031117838835,-38.4130104768595,898.455801467737,0,230.78788942337,-534.447253643946
-765.499919429874,-110.586289634482,-515.135968960386,-465.569292573655,-551.7472965355,-598.781565772158,-638.28554162375,0,0,-730.383981002178,374.8050654108,340.834681116222,-492.253503568784,-400.555280695662,-513.744910133155,-883.187325655327,-801.237503395897,624.462759888631,1848.26854395891,-904.346341655351,233.922491133004,-1527.58735121471,-1134.94939898352,-327.03049769487,0,-590.826421395025,-563.40530628894,-399.879460509313,-888.884231555432,1855.08017128197,436.21000279176,-1576.67748392273,-1251.47397828379,107.962471899471,9854.18146310387,-566.696727086551,0,578.000579345546,776.728601196666,172.511989364364,609.744817744698,201.435632016862,402.204865218585,-187.280602978646,-764.41087745076,-255.909913383024,338.054817026189,-17.3787106223694,-1133.1787501007,713.166539555343,-1006.03133465726,-100.637675139405,-659.75636496823,-385.447082417992,605.7573022631,799.306457516681,-315.684927537531,0,146.646175713149,-318.998226653882
1430.27609362049,-849.564816933065,1210.08949379574,-205.04363643298,-1266.70589680652,237.093688888052,774.361666358578,0,0,353.574721305843,171.163162285228,601.077741641615,946.244552415406,-673.297055781351,608.125892287153,1333.88376567911,-233.932840473441,-504.452438391528,-1070.45218777912,1295.24341860825,685.987972121787,1362.97892495989,-562.478657806707,122.332304890941,0,-892.946734970031,2108.92927948382,-657.257192479357,-366.035241165331,-647.347347015931,-1789.18810400789,-231.187500001025,471.441224285825,1298.03282870654,-566.696727086551,10219.7266486452,0,346.109451187725,-187.053824111202,451.310198125305,-788.06314883118,-48.8006866481087,-321.605535278822,1017.70624747185,-946.922866589113,-1138.54566088776,-966.077951070489,404.058455799582,1593.82376840648,-777.404467479575,-226.985027004294,-253.727141869231,-896.062161189445,-613.55116525993,1544.57261052816,583.690092682834,-582.297360613449,0,374.118250741684,-916.459177390811
0,0,0,0,0,0,0,0,0,0,0,0,0,0,0,0,0,0,0,0,0,0,0,0,0,0,0,0,0,0,0,0,0,0,0,0,0.0710000174003797,0,0,0,0,0,0,0,0,0,0,0,0,0,0,0,0,0,0,0,0,0,0,0
-1604.8011594162,-19.0284638214315,-347.418837949173,-693.622787034329,981.076251754931,-441.851709221611,-925.155397832246,0,0,1893.17165290781,399.530797046614,-520.883114690078,645.193803519121,-687.381661776444,-401.524408985558,473.837560463901,747.539298306657,17.2344628279908,983.860331662441,137.572435130995,-987.861990226047,236.043154319797,-1550.8158811575,-101.802945032038,0,-361.964702977635,-972.79692834452,-225.964761408175,-655.570346353494,1047.67108543668,-114.871211235752,-581.923577297907,-376.55685404031,-434.814847572087,578.000579345546,346.109451187725,0,6698.11508344202,196.654020949088,285.920031090956,-464.605989562471,286.152592270021,-417.661254893804,-890.682715014874,78.0502765025771,-114.754194912776,-976.002541262721,64.529415814374,-859.485391105593,-358.084442370005,-343.093024319683,-902.809943211938,-441.338338084461,-817.854175423141,-1516.50816531482,-1089.98520610305,-632.893039555763,0,-622.249520911327,-584.061551265504
54.0512179420209,162.447174989233,941.754538819625,484.388014618989,572.386997332823,958.29997911772,-729.432919947714,0,0,176.728336784453,540.638382148221,848.613579954973,1173.29245640006,226.403988844863,-12.5628974689461,477.386316906659,-290.042226970348,1364.12199783673,2498.29445737228,-1207.16864430045,1733.20169606067,1690.14419970555,775.930087883862,-785.369324336102,0,-193.078668147335,-973.890195665522,-43.541939231383,-1618.39447505504,570.185887235157,-1057.57829501646,-293.524063387171,279.066231612717,-944.860830800863,776.728601196666,-187.053824111202,0,196.654020949088,7677.30558827482,1749.88608363555,-238.704272829541,953.771355799595,456.220628684287,-443.549057766791,-280.582900831612,1773.45796799019,396.057512402816,272.760971545783,750.705437076747,-767.794077764452,-680.895889218048,-711.709036495136,678.370042416836,-633.024460719679,-360.126439580722,410.636759001575,-142.984102019288,0,-1460.88168501024,638.938598176902
-480.059738750796,656.791215055505,80.2906653691821,723.867065249948,1241.88412759084,1288.77256043496,-948.777570637769,0,0,1128.75052991617,-301.9865198234,-904.710113955639,205.931586805144,-742.894988569649,-145.550199762129,325.126807865167,-101.589939884681,-23.290529589837,-318.278185888545,-488.785597322924,1551.44138700222,1478.75451419296,175.796266686848,-820.273366630014,0,-761.809088648464,97.4864089134762,15.1829260016082,-238.485231491448,12.7676273396283,-355.554516517178,-100.480445206262,-245.360093850375,-285.901437586998,172.511989364364,451.310198125305,0,285.920031090956,1749.88608363555,7176.61284144733,-83.0025274422439,-115.460917788613,354.215413341895,604.484795793705,445.906348740742,647.994679524978,-507.058354026578,-78.0816033071603,-221.572828961909,2055.80120044427,83.3500899249563,-545.619070156667,1021.66380868483,13.1601254049639,-355.727749820792,403.796853715072,1016.18500448251,0,430.038709760734,247.575609715074
116.5098244863,480.540328372015,-220.486386776526,459.617681791855,-237.00717966639,-694.560968366749,835.23759461719,0,0,-309.032282955666,419.799248039669,-355.326348395321,229.440477309133,-486.663099800815,-322.140306754567,-424.000787406964,-1000.19256983814,-1021.98068411997,-296.703593921282,-390.394065927891,966.662544416365,-879.314206157875,1826.80869953678,710.703184081027,0,-193.928407162106,-1852.86520127784,467.678883933781,615.571338633616,-645.227661455022,493.819850859315,148.126352768005,-226.878630801968,312.338177728803,609.744817744698,-788.06314883118,0,-464.605989562471,-238.704272829541,-83.0025274422439,4722.09564867331,-154.765552273885,95.9549502808085,402.559285534853,145.069197213598,494.821679350491,41.1028378444108,568.911862678339,-207.344084888983,-212.315045711867,-218.360885929364,817.639785696286,2053.42848181856,-615.837253345733,-280.832023424197,-471.457942515175,-16.3498687626855,0,-66.9139568437117,564.281213161706
170.958334327834,-236.241435760961,210.827286194369,190.586802632926,1074.73543642805,1800.54469083003,-644.484837496522,0,0,-260.013993986924,605.7221410291,-805.804781733932,-124.527059887237,-106.728616936022,-467.848138559212,-440.276353588907,1055.87960798206,-1053.22601567654,-191.114097487639,-328.995192355361,569.241552885054,-830.489726809647,-470.14746595914,1495.94786214231,0,-738.818660528673,-153.67086671161,63.3874499007619,-303.06357096181,-535.629988006855,-937.95835748902,-196.375926250312,-150.896067666945,-1412.61397756374,201.435632016862,-48.8006866481087,0,286.152592270021,953.771355799595,-115.460917788613,-154.765552273885,6994.26745607074,-1071.53912872543,-335.974543428399,1604.34563512234,-943.203355761253,62.2851639460501,-152.814600066855,-134.267780542261,-640.765461871777,210.605605439688,-212.500387851658,777.392086370895,639.343401128581,-742.590795565087,1354.74188614322,-22.5234580520657,0,-1720.53345565367,-30.0256437783109
-132.748884547109,-340.365043821332,-331.124193671424,-300.545212947436,594.491740012305,7.83505597346664,325.493080545655,0,0,-886.879331491233,274.067709876574,458.838906171182,374.063359702661,988.545660863315,308.380550161816,-220.510625384254,-814.162498648068,305.345489558961,571.092849445947,-1109.65059417199,1079.86496821769,1515.22637382753,-104.890420749174,-823.556994454594,0,173.54824670772,-1432.6155280677,1160.15617154106,-431.278387805342,2489.93961249705,-83.6757040183977,1503.27026135719,841.197503974764,52.6216074637243,402.204865218585,-321.605535278822,0,-417.661254893804,456.220628684287,354.215413341895,95.9549502808085,-1071.53912872543,4402.6554972281,-460.60470191661,110.685016956514,327.88715792955,456.765970261257,93.8680405277257,-684.101415317435,793.13668484303,-31.3261898012778,-301.578101187047,337.028356585457,-614.224609775256,-45.7584833052071,-138.971763283579,-276.321977809377,0,290.630719767255,-180.012229982605
1258.26229657091,292.956908485127,478.256943056867,171.544818383081,203.51013384164,834.088050013114,-351.459812665991,0,0,-139.709212505924,-805.524217621961,372.195971228434,-357.497983816394,-96.7407847670869,-71.3342752149456,1187.56007733356,-1313.49905655423,-2103.97852337851,-50.4104068044178,336.309964106667,65.1103722184246,-993.042616313669,-177.300264077528,95.644150038713,0,-914.213313927369,783.833163162424,-268.574307225529,376.192213312169,-1577.1421698835,-549.544881824992,49.2573836337681,-813.564128847071,-41.7341605752724,-187.280602978646,1017.70624747185,0,-890.682715014874,-443.549057766791,604.484795793705,402.559285534853,-335.974543428399,-460.60470191661,4333.45096683511,-821.227052477123,-550.035604721885,369.860948282341,37.2356683143252,669.049644551673,332.337906607943,189.769196734667,-39.9290726299848,610.24095600577,576.621191019435,609.892460008167,-194.422533688793,312.795142347809,0,-87.8129386483005,-226.124731931668
