0.0797079860377504,0.047167157684201,0.0621570411720426,0.0217368548329931,0.0712339036382592,0.0233207167424489,0.0516331210679524,0.0278531706913754,0.0123522225548037,-0.0103074073762675,0.0297903294236411,0.00818032915664437,0.00262896274390467,0.0192384075438134,0.0771092848313187,9.07390031220278e-05,0.00332408946457857
0.047167157684201,0.107630264278381,0.0201688651748353,0.0664327002061023,0.020503367522089,0.0637587885240103,0.0126741451840695,0.0856457732118767,-0.0239707026047328,0.0620802730835305,-0.0102417947496808,0.0734384181384399,-0.00412753119396301,0.0647412855111733,0.067907345435891,0.0329924925506935,-0.0217758398661934
0.0621570411720426,0.0201688651748353,0.0742987312867359,-0.00658352782574722,0.063538350275253,-0.0155200438502252,0.0607164365029998,0.000468190811084058,0.0150320389645532,-0.0417477760384572,0.0179782904995173,-0.00575406932739962,-0.000858429827900812,-0.00247830327581919,0.0489164505613581,0.0196151526178065,-0.0122798467953259
0.0217368548329931,0.0664327002061023,-0.00658352782574722,0.0970908798286621,-0.00795470884118009,0.0770244326073648,-0.0150972781440894,0.0528680230444607,0.0347000680370009,0.0437310047365442,0.0485906926692131,0.0400299539708606,0.0487677311634619,0.0928807937644649,0.0432709838594628,0.0206075067129852,0.0308134679087727
0.0712339036382592,0.020503367522089,0.063538350275253,-0.00795470884118009,0.08020021719301,-0.0061385719483982,0.0572282551509563,0.00747479152049966,0.00571579521756579,-0.0287096256650825,0.02484364733933,-0.0117664237546346,-0.00960900195544995,-0.00782585725939122,0.061761302366123,-0.00361578425072282,0.00498648848832952
0.0233207167424489,0.0637587885240103,-0.0155200438502252,0.0770244326073648,-0.0061385719483982,0.077028999583061,-0.0183364805491155,0.0555928124464488,0.0123089034775856,0.0549391354438369,0.0270049476629916,0.0411769499844732,0.0271101158944928,0.068980467478395,0.0447702160038901,-0.00271299818070876,0.0206498314255817
0.0516331210679524,0.0126741451840695,0.0607164365029998,-0.0150972781440894,0.0572282551509563,-0.0183364805491155,0.057972959435342,0.00475637649555111,0.00888482870274226,-0.0409020938667501,0.0130930309778453,0.000233300013659854,-0.0134750395079031,-0.0152882716460515,0.0388070212233663,0.00951666309917893,-0.0079206773140578
0.0278531706913754,0.0856457732118767,0.000468190811084058,0.0528680230444607,0.00747479152049966,0.0555928124464488,0.00475637649555111,0.0788139375873899,-0.0245544793761879,0.0566273914357021,-0.0117004173210679,0.0701702123131701,-0.013030948344951,0.0467504609762997,0.0472110955808936,0.0180984766837019,-0.0123107439034808
0.0123522225548037,-0.0239707026047328,0.0150320389645532,0.0347000680370009,0.00571579521756579,0.0123089034775856,0.00888482870274226,-0.0245544793761879,0.0722877779790262,-0.0415615378735039,0.0738467463406101,-0.0280376771566631,0.0535482227369384,0.0316720792759636,0.00675854252829775,-0.00233275219609884,0.0485909001913103
-0.0103074073762675,0.0620802730835305,-0.0417477760384572,0.0437310047365442,-0.0287096256650825,0.0549391354438369,-0.0409020938667501,0.0566273914357021,-0.0415615378735039,0.0844060625617097,-0.0325133599229916,0.049577777384764,-0.00729285398590553,0.0418798706175902,0.0148212089733131,0.003951528579783,-0.0142988151889471
0.0297903294236411,-0.0102417947496808,0.0179782904995173,0.0485906926692131,0.02484364733933,0.0270049476629916,0.0130930309778453,-0.0117004173210679,0.0738467463406101,-0.0325133599229916,0.0890530032757982,-0.0266754084619661,0.055846531925604,0.0435536634109551,0.0282356070828979,-0.00885741828508161,0.0633738901504675
0.00818032915664437,0.07343841813844,-0.00575406932739962,0.0400299539708606,-0.0117664237546346,0.0411769499844732,0.000233300013659854,0.0701702123131701,-0.0280376771566631,0.049577777384764,-0.0266754084619661,0.0724672392976133,-0.0181336456299961,0.0352525703137986,0.0246046717497722,0.0254050576134175,-0.0245299505453381
0.00262896274390467,-0.00412753119396301,-0.000858429827900811,0.0487677311634619,-0.00960900195544995,0.0271101158944928,-0.0134750395079031,-0.013030948344951,0.0535482227369384,-0.00729285398590553,0.055846531925604,-0.0181336456299961,0.0563465641058463,0.0499412786670286,0.00638431858178318,0.00671330150373176,0.0370538975868705
0.0192384075438134,0.0647412855111734,-0.00247830327581919,0.0928807937644649,-0.00782585725939122,0.068980467478395,-0.0152882716460515,0.0467504609762997,0.0316720792759636,0.0418798706175902,0.0435536634109551,0.0352525703137986,0.0499412786670286,0.0925324823742424,0.039609815713994,0.0293261139768989,0.02457984045106
0.0771092848313187,0.067907345435891,0.0489164505613581,0.0432709838594628,0.061761302366123,0.0447702160038901,0.0388070212233663,0.0472110955808936,0.00675854252829775,0.0148212089733131,0.0282356070828979,0.0246046717497722,0.00638431858178318,0.039609815713994,0.083321664191446,0.00313666210598427,0.00518271107992887
9.07390031220278e-05,0.0329924925506935,0.0196151526178065,0.0206075067129852,-0.00361578425072282,-0.00271299818070876,0.00951666309917893,0.0180984766837019,-0.00233275219609884,0.003951528579783,-0.00885741828508161,0.0254050576134175,0.00671330150373176,0.0293261139768989,0.00313666210598427,0.0511057716424574,-0.0213206737516245
0.00332408946457857,-0.0217758398661934,-0.0122798467953259,0.0308134679087727,0.00498648848832952,0.0206498314255817,-0.0079206773140578,-0.0123107439034808,0.0485909001913103,-0.0142988151889471,0.0633738901504675,-0.0245299505453381,0.0370538975868705,0.02457984045106,0.00518271107992887,-0.0213206737516245,0.057601583757063
