0.173555960169422,-0.00626911472319425,0.0214065384861406,-0.00361488595242475,0.0395885597399724,0.0105952289515531,-0.00244741563252095,-0.00194523718551009,-0.00941854414275998,-0.000485146459264846,0.0161098119806783,0.00498492867518021,-0.00871172683303627,0.0184656156954722,-0.004145088315441,-0.0184733604019761,0.00312763972950534,0.00792300677342369,-0.00430104495426843,-0.00931773782126891,0.0135704082707057,0.00244901465928057,-0.0108660899856048,0.0083952984486127
-0.00626911472319425,0.0329131660309948,-0.00288496849113937,0.0171984679156027,0.000293981639058669,0.00331887639449471,0.000186345671361259,0.00295809278565814,0.0177843369841002,-0.000544759122569707,-0.00370581589748847,-0.00137509613768071,-0.00787251479214134,0.0188913078770819,-0.00505572343830849,-0.0128121455772649,0.00214639434551559,0.00164249789684328,-0.000656466159998651,-0.000490982252762957,-0.00764199728442369,-0.00311057472870762,-0.0175674674156269,0.010603279118217
0.0214065384861406,-0.00288496849113937,0.0735476845397389,-0.00473789716823535,0.00437104566694368,0.011555595562893,4.52187737706259e-05,0.00439788852805857,-0.011712459433534,0.00941466700423835,0.011552991459325,0.0246990865949998,0.000290466289922068,0.00191744677241284,0.00283530914754579,-0.000896471320361766,0.0014092115206538,-0.00163808923148912,0.000945675727067997,-0.0106119925405974,0.0155482899918799,0.000498153618667283,0.00577557299365566,-0.00130107410446112
-0.00361488595242475,0.0171984679156027,-0.00473789716823535,0.0263495559025341,0.00513518940225505,-0.000452479717174052,-0.000300554389872765,0.00295121093681121,0.0188284749190193,0.00304183030669283,-0.00184759941933327,-0.00199078086972092,-0.00332061405473207,0.0248474180825972,-0.00171395782454631,-0.00249895890493653,0.0125926013017938,0.00197825240558499,-0.000246131806423183,-0.00108004760589908,-0.00691653153698889,0.000892490772551097,-0.0143550835416874,-0.00465746544319543
0.0395885597399724,0.000293981639058669,0.00437104566694368,0.00513518940225505,0.149454738827434,0.0157568799390635,-0.00476500161946181,0.0146947750575433,0.00413537289776692,0.00646630909001779,-0.0066227951817622,-0.000769952311743132,0.00502271693177344,0.0113481024059078,-0.00531556102347798,-0.00549381620542458,0.0139476313470686,0.0112558188852867,-0.00479759738393924,0.00291439449583578,-0.005760010244166,0.00233669532025201,-0.00799046560466982,0.0100185354789508
0.0105952289515531,0.00331887639449471,0.011555595562893,-0.000452479717174052,0.0157568799390635,0.0862579815298007,0.00559447555030031,0.0330291170097788,0.0030608928086914,0.0201446240665998,-0.00579736495849769,0.00876313751017449,0.00799377368946362,-0.00187520961255726,-0.000212755183975147,0.00392828935671961,0.000299422260970927,-0.00053617470979505,0.00138234812674355,-0.0116931087087015,0.000308884940873261,-0.0096127614852792,-0.00367490820668723,0.0229314541392547
-0.00244741563252095,0.000186345671361259,4.52187737706259e-05,-0.000300554389872765,-0.00476500161946181,0.00559447555030031,0.0553248134381012,0.000357126369142597,6.36582218689807e-05,0.00180888677651727,0.000440678355644525,0.000875446551229687,0.00921258170506959,-0.008189079946542,0.00522115671347094,0.00222776530629356,0.00371286174681069,-0.00742976993601723,0.00381725014688232,-0.00971247549546515,0.0060596837457051,-0.00220906141040739,9.35292888204614e-05,0.00139961151403196
-0.00194523718551009,0.00295809278565814,0.00439788852805857,0.00295121093681121,0.0146947750575433,0.0330291170097788,0.000357126369142597,0.132070415184923,0.0177333307521461,0.0206068687690912,0.0112928898141013,0.00140309321603168,-0.00205002473213472,0.0172516155478735,-0.000770633625227559,0.00495637352108245,0.0141489533502514,0.00104630414939654,0.00270974420493611,0.020747078875769,-0.0475779895764957,-0.00447041696775421,-0.00822515238959026,0.0209843035408364
-0.00941854414275998,0.0177843369841002,-0.011712459433534,0.0188284749190193,0.00413537289776692,0.0030608928086914,6.36582218689807e-05,0.0177333307521461,0.127359062731151,0.010813024520728,0.00313282573218129,-0.00194807851209163,-0.00930975995450312,0.0468937456331221,-0.0135110316840902,-0.00581067582070917,0.0216371897907763,0.00948049829189064,0.00177089431576856,-0.0100822714555096,-0.0507806937849472,-0.0033842529578983,-0.0412468858094407,0.0179399964521358
-0.000485146459264846,-0.000544759122569707,0.00941466700423835,0.00304183030669283,0.00646630909001779,0.0201446240665998,0.00180888677651727,0.0206068687690912,0.010813024520728,0.0408462717942684,-0.00233910242554949,0.00678947232441602,0.00928918148665161,0.0145736984189844,0.000458015519895052,0.00909665797879153,0.00829940423885116,0.000876445604501925,0.00219416252226921,-0.0200617776968126,-0.000730482452657448,0.00369135349449798,-0.00211794175844205,-0.00849077112311326
0.0161098119806783,-0.00370581589748847,0.011552991459325,-0.00184759941933327,-0.0066227951817622,-0.00579736495849769,0.000440678355644525,0.0112928898141013,0.00313282573218129,-0.00233910242554949,0.122228304779449,-0.00445585967088056,-0.011301285560234,0.00368018267631146,-2.08787240761059e-05,-0.00656053608982506,-0.00342231077324953,0.00774778854027411,0.00166287270617941,0.00329512432381972,-0.0135315454631557,0.00360233052735924,-0.0185033632015293,0.0243384346725992
0.00498492867518021,-0.00137509613768071,0.0246990865949998,-0.00199078086972092,-0.000769952311743131,0.00876313751017449,0.000875446551229687,0.00140309321603168,-0.00194807851209163,0.00678947232441602,-0.00445585967088056,0.0302152301140231,0.0070338866303015,0.00179367101855964,0.000900825857656413,0.00363622353387655,-0.00153142667617597,0.00171198380309979,-0.000829644589057239,-0.000488375502880606,0.00306539403788298,0.00144261770885349,-0.00180539100566756,0.00511602857759704
-0.00871172683303627,-0.00787251479214134,0.000290466289922068,-0.00332061405473207,0.00502271693177344,0.00799377368946362,0.00921258170506959,-0.00205002473213472,-0.00930975995450312,0.00928918148665161,-0.011301285560234,0.0070338866303015,0.120065924895334,-0.0151856523746131,0.00755413007264232,0.0103654298981459,-0.00248150318775543,0.00397462643193071,-0.00444631804991702,-0.00372608715785324,0.000162767904940729,0.00368552879329542,0.0250149637026398,-0.0299962043797847
0.0184656156954722,0.0188913078770819,0.00191744677241284,0.0248474180825972,0.0113481024059078,-0.00187520961255726,-0.008189079946542,0.0172516155478735,0.0468937456331221,0.0145736984189844,0.00368018267631146,0.00179367101855964,-0.0151856523746131,0.244993506549813,-0.0129614935369533,0.0012202316561789,0.0220973066135354,0.00609289569197112,0.00491729109282286,-0.00130072141322952,-0.00996296581339667,-0.000598626223881429,-0.0610101472191912,-0.0105505865227251
-0.004145088315441,-0.00505572343830849,0.00283530914754579,-0.00171395782454631,-0.00531556102347798,-0.000212755183975147,0.00522115671347094,-0.000770633625227559,-0.0135110316840902,0.000458015519895052,-2.08787240761059e-05,0.000900825857656413,0.00755413007264232,-0.0129614935369533,0.0429500691637063,0.0103428203458333,-0.00426239888800427,-0.00338748492260029,0.00198323095602994,-0.00501498074793393,0.0107752946662821,0.00200395192229231,0.00483351749061883,-0.00415078358837233
-0.0184733604019761,-0.0128121455772649,-0.000896471320361766,-0.00249895890493653,-0.00549381620542458,0.00392828935671961,0.00222776530629356,0.00495637352108245,-0.00581067582070917,0.00909665797879153,-0.00656053608982506,0.00363622353387655,0.0103654298981459,0.0012202316561789,0.0103428203458333,0.185909304849258,-0.0170227827216493,0.00113068369898321,0.00188631895811809,0.0025469019137973,0.000847445829316218,0.00649702762623363,0.0197539111009667,-0.028203164325703
0.00312763972950534,0.00214639434551559,0.0014092115206538,0.0125926013017938,0.0139476313470686,0.000299422260970927,0.00371286174681069,0.0141489533502514,0.0216371897907763,0.00829940423885116,-0.00342231077324953,-0.00153142667617597,-0.00248150318775543,0.0220973066135354,-0.00426239888800427,-0.0170227827216493,0.0712689139065749,0.00530991645058292,-0.00199165661049691,0.000299946823336173,-0.0230209513841503,-0.000367797430304812,-0.0150263379213617,-0.00450313228967359
0.00792300677342369,0.00164249789684328,-0.00163808923148912,0.00197825240558499,0.0112558188852867,-0.00053617470979505,-0.00742976993601723,0.00104630414939654,0.00948049829189064,0.000876445604501925,0.00774778854027411,0.00171198380309979,0.00397462643193071,0.00609289569197112,-0.00338748492260029,0.00113068369898321,0.00530991645058292,0.0695225747101418,-0.0281549751549218,0.0014638533459212,-0.0068422054140184,0.00190148130634154,-0.00460112094707057,0.00175266082563159
-0.00430104495426843,-0.000656466159998651,0.000945675727067997,-0.000246131806423183,-0.00479759738393924,0.00138234812674355,0.00381725014688233,0.00270974420493611,0.00177089431576856,0.00219416252226921,0.00166287270617941,-0.000829644589057239,-0.00444631804991702,0.00491729109282286,0.00198323095602994,0.00188631895811809,-0.00199165661049691,-0.0281549751549218,0.0278593921295808,-0.00344146104749559,0.00219932875587202,-0.000875140280469985,-0.00137997188312428,0.000938094705105786
-0.00931773782126891,-0.000490982252762957,-0.0106119925405974,-0.00108004760589908,0.00291439449583578,-0.0116931087087015,-0.00971247549546515,0.020747078875769,-0.0100822714555096,-0.0200617776968126,0.00329512432381972,-0.000488375502880606,-0.00372608715785324,-0.00130072141322952,-0.00501498074793393,0.0025469019137973,0.000299946823336173,0.0014638533459212,-0.00344146104749559,0.158783769926765,-0.13605080491542,-0.00183842029150958,0.010155297176616,0.00510098553430197
0.0135704082707057,-0.00764199728442369,0.0155482899918799,-0.00691653153698888,-0.005760010244166,0.000308884940873261,0.0060596837457051,-0.0475779895764957,-0.0507806937849472,-0.000730482452657449,-0.0135315454631557,0.00306539403788298,0.000162767904940729,-0.00996296581339666,0.0107752946662821,0.000847445829316217,-0.0230209513841503,-0.0068422054140184,0.00219932875587202,-0.13605080491542,0.216268407895189,0.00324243502362938,0.00496777652243696,-0.0120893350668465
0.00244901465928057,-0.00311057472870762,0.000498153618667283,0.000892490772551097,0.00233669532025201,-0.00961276148527921,-0.00220906141040739,-0.00447041696775421,-0.0033842529578983,0.00369135349449798,0.00360233052735924,0.00144261770885349,0.00368552879329542,-0.000598626223881429,0.00200395192229231,0.00649702762623363,-0.000367797430304811,0.00190148130634154,-0.000875140280469985,-0.00183842029150958,0.00324243502362938,0.0197563409545391,-0.00440499506806886,-0.0117864028830038
-0.0108660899856048,-0.0175674674156269,0.00577557299365566,-0.0143550835416874,-0.00799046560466982,-0.00367490820668723,9.35292888204614e-05,-0.00822515238959026,-0.0412468858094407,-0.00211794175844205,-0.0185033632015293,-0.00180539100566756,0.0250149637026398,-0.0610101472191912,0.00483351749061883,0.0197539111009667,-0.0150263379213617,-0.00460112094707057,-0.00137997188312428,0.010155297176616,0.00496777652243696,-0.00440499506806886,0.173191695285422,-0.135305490339488
0.0083952984486127,0.010603279118217,-0.00130107410446112,-0.00465746544319543,0.0100185354789508,0.0229314541392547,0.00139961151403196,0.0209843035408364,0.0179399964521358,-0.00849077112311326,0.0243384346725992,0.00511602857759704,-0.0299962043797847,-0.0105505865227251,-0.00415078358837233,-0.028203164325703,-0.00450313228967359,0.00175266082563159,0.000938094705105786,0.00510098553430197,-0.0120893350668465,-0.0117864028830038,-0.135305490339488,0.235859106476235
