0.0577329620987183,0.0177813498578597,0.0445374318133743,-0.00224093586159246,-0.0110507557864923,-0.00225579249750009,-0.00441761059522645,-0.0039375207362832,-0.00619283848475021,-0.00261778950513292,-0.00666405569997423,-0.00154375362222275,-0.00631045996237779,-0.0102956281053027,-0.00290933310715224,-0.00395761730416917,-0.0233578298952953,-0.012605617353215,-0.00819250531945276,0.012599754205029,0.0249791321757541,-0.014177812038527
0.0177813498578597,0.00757115584915208,0.0127207704223141,-0.00289473628817756,-0.00548997042989632,-0.0011973368073717,-0.00366474046325426,-0.00272064144248803,-0.00381521196245219,-0.00275245780737191,-0.00301297117892439,-0.00313525136988754,-0.0023453330779267,-0.00488031762716544,-0.000338007180969512,-0.000257305912181947,-0.00413321980138792,-0.00914977584880443,-0.00639240853436642,0.00477799126092568,0.00790174249148219,-0.00349046759729808
0.0445374318133743,0.0127207704223141,0.0765374777303889,-0.00905084183800673,-0.0138174613239745,-0.00627874598037645,-0.00725608111265828,-0.00730849162559385,-0.0148080827476096,-0.0136239898369541,-0.0171968485444769,-0.0141077166274584,-0.0139224737806974,-0.0204919983619431,0.00197392321513767,0.0122969068759285,-0.0389579751471251,-0.0219691475027633,-0.0112849813608472,-0.00188497705536568,0.00855505838474842,-0.034248005044272
-0.00224093586159246,-0.00289473628817756,-0.00905084183800673,0.0103187930604507,0.00799897229436587,0.00844124070014876,0.0101844766308568,0.00725666599202445,0.0132007266959486,0.0143008686120291,0.014619327868258,0.0153445593729491,0.00598127699997138,0.0146824724159749,0.00332612577645453,-0.0127512273596967,0.00998800447558671,0.0094725981899384,0.0135200125471386,0.00944394128118419,0.00710836543303546,0.0117712860713015
-0.0110507557864923,-0.00548997042989632,-0.0138174613239745,0.00799897229436587,0.00836713019788978,0.00586185017852887,0.00933734323024418,0.00633422690405188,0.0105859888034423,0.0107112914895078,0.0110634463482311,0.0120992551421205,0.00560499637307823,0.0125277900218054,0.00165673358311384,-0.00889881315134035,0.0133745210824587,0.0138837711013507,0.0142444228662267,0.00638773637567171,0.00166454251239169,0.0133233896480204
-0.00225579249750009,-0.0011973368073717,-0.00627874598037645,0.00844124070014876,0.00586185017852887,0.00872094340449113,0.0078756318436583,0.00565319792695696,0.0125186931787846,0.0131905205077645,0.0150878171210534,0.0131066733149633,0.00582876986061858,0.0140782133777905,0.00547310194508591,-0.0114292165436693,0.00879008282319811,0.000787416473374527,0.00875978952105194,0.00892914359148841,0.00653600220031664,0.0095098099213767
-0.00441761059522645,-0.00366474046325425,-0.00725608111265828,0.0101844766308568,0.00933734323024418,0.0078756318436583,0.0129885255568572,0.00796132830478105,0.0135871807477444,0.0142205389136655,0.0144854203385402,0.0163178037444878,0.00644596262804868,0.0156942991160358,0.00280214418960649,-0.0133566659402149,0.0182274166996538,0.0170020003176783,0.0204384629752215,0.0141605858087472,0.00898554991740351,0.0182153886650135
-0.0039375207362832,-0.00272064144248803,-0.00730849162559385,0.00725666599202445,0.00633422690405188,0.00565319792695696,0.00796132830478105,0.00572214271617456,0.00856812837599145,0.00955671262004575,0.00925727634595495,0.0107832588451267,0.00384550104053015,0.00978712198233194,0.00153723460212707,-0.00885766005778764,0.0105949282672846,0.0101115121593632,0.0113229874888281,0.00704072227190847,0.00353523703185025,0.0101694714095953
-0.00619283848475021,-0.00381521196245219,-0.0148080827476096,0.0132007266959486,0.0105859888034423,0.0125186931787846,0.0135871807477444,0.00856812837599145,0.0241817545121904,0.0230672308645629,0.0276184610531913,0.024482251513988,0.0136756597075292,0.0277234031200215,0.0067808460705132,-0.0214562713139395,0.0193815068214507,0.00778490579766037,0.0182205814793531,0.0161293156627836,0.0096228137736653,0.0212408496895517
-0.00261778950513292,-0.00275245780737191,-0.0136239898369541,0.0143008686120291,0.0107112914895078,0.0131905205077645,0.0142205389136655,0.00955671262004575,0.0230672308645629,0.0232834462192563,0.0264702197086256,0.0247644544950627,0.0121916107599617,0.0261462901286786,0.00634787232748145,-0.0220871357375987,0.0189959599953458,0.00881553886606054,0.01850242186355,0.0171337276838642,0.011524594306016,0.0207271383656646
-0.00666405569997423,-0.00301297117892439,-0.0171968485444769,0.014619327868258,0.0110634463482311,0.0150878171210534,0.0144854203385402,0.00925727634595495,0.0276184610531913,0.0264702197086256,0.0325635245755721,0.0272428938429158,0.0155721196813006,0.0316947149218417,0.00926648479959749,-0.0248591566740708,0.0233055429898749,0.00378475295664638,0.0183404305444575,0.0191227611015473,0.0120717777720229,0.0242399297138605
-0.00154375362222275,-0.00313525136988754,-0.0141077166274584,0.0153445593729491,0.0120992551421205,0.0131066733149633,0.0163178037444878,0.0107832588451267,0.024482251513988,0.0247644544950627,0.0272428938429158,0.0277332676646675,0.0133954537931302,0.02796916022797,0.00441344994506372,-0.0246569591982709,0.0232354491041741,0.0157188123219927,0.0227146506978427,0.0199958263181905,0.0118832513502208,0.0247837881432452
-0.00631045996237779,-0.0023453330779267,-0.0139224737806974,0.00598127699997138,0.00560499637307823,0.00582876986061858,0.00644596262804868,0.00384550104053015,0.0136756597075292,0.0121916107599617,0.0155721196813006,0.0133954537931302,0.00935346868547611,0.0163803464006038,0.00241697084438096,-0.0119037022737174,0.0137655724219397,0.00518604559106869,0.00901289102648959,0.00899778436736358,0.0033500083023646,0.0146705462204875
-0.0102956281053027,-0.00488031762716544,-0.0204919983619431,0.0146824724159749,0.0125277900218054,0.0140782133777905,0.0156942991160358,0.00978712198233194,0.0277234031200215,0.0261462901286786,0.0316947149218418,0.02796916022797,0.0163803464006038,0.0323076713249048,0.00735023679747887,-0.0243445535364826,0.0254208687402271,0.0104178952521185,0.0214514566312671,0.0190248208642664,0.00989805597739468,0.0269021193611607
-0.00290933310715224,-0.000338007180969512,0.00197392321513767,0.00332612577645453,0.00165673358311384,0.00547310194508591,0.00280214418960649,0.00153723460212707,0.0067808460705132,0.00634787232748145,0.00926648479959749,0.00441344994506372,0.00241697084438096,0.00735023679747887,0.00708300460938487,-0.00366814306725408,0.000764840132130161,-0.00906717676119243,0.00175081646693828,0.00314681748821426,0.00420811682222436,0.000968549284722395
-0.00395761730416917,-0.000257305912181947,0.0122969068759285,-0.0127512273596967,-0.00889881315134035,-0.0114292165436693,-0.0133566659402149,-0.00885766005778764,-0.0214562713139395,-0.0220871357375987,-0.0248591566740708,-0.0246569591982709,-0.0119037022737174,-0.0243445535364826,-0.00366814306725408,0.0253105953479943,-0.0280217708060774,-0.0119732026003865,-0.0192180041484021,-0.0217120192575827,-0.0145241162491045,-0.0256153480718264
-0.0233578298952953,-0.00413321980138792,-0.0389579751471251,0.00998800447558671,0.0133745210824587,0.00879008282319811,0.0182274166996538,0.0105949282672846,0.0193815068214507,0.0189959599953458,0.0233055429898749,0.0232354491041741,0.0137655724219397,0.0254208687402271,0.000764840132130161,-0.0280217708060774,0.0785860172485959,0.035488275797506,0.035863067687513,0.0333506655287855,0.0128109185479842,0.0576512122828147
-0.012605617353215,-0.00914977584880443,-0.0219691475027633,0.0094725981899384,0.0138837711013507,0.000787416473374527,0.0170020003176783,0.0101115121593632,0.00778490579766037,0.00881553886606054,0.00378475295664638,0.0157188123219927,0.00518604559106869,0.0104178952521185,-0.00906717676119243,-0.0119732026003865,0.035488275797506,0.0519792384633188,0.0350173756823217,0.0155738196289102,0.00458751032032102,0.0321109518055161
-0.00819250531945276,-0.00639240853436642,-0.0112849813608472,0.0135200125471386,0.0142444228662267,0.00875978952105194,0.0204384629752215,0.0113229874888281,0.0182205814793531,0.01850242186355,0.0183404305444575,0.0227146506978427,0.00901289102648959,0.0214514566312671,0.00175081646693828,-0.0192180041484021,0.035863067687513,0.0350173756823217,0.0366010032852004,0.0239599041638779,0.015256514765051,0.0332646097360509
0.012599754205029,0.00477799126092568,-0.00188497705536568,0.00944394128118419,0.00638773637567171,0.00892914359148841,0.0141605858087472,0.00704072227190847,0.0161293156627836,0.0171337276838642,0.0191227611015473,0.0199958263181905,0.00899778436736358,0.0190248208642664,0.00314681748821426,-0.0217120192575827,0.0333506655287855,0.0155738196289102,0.0239599041638779,0.0315756427276997,0.025415325668386,0.0314289711258769
0.0249791321757541,0.00790174249148219,0.00855505838474842,0.00710836543303546,0.00166454251239169,0.00653600220031664,0.00898554991740351,0.00353523703185025,0.0096228137736653,0.011524594306016,0.0120717777720229,0.0118832513502208,0.0033500083023646,0.00989805597739468,0.00420811682222436,-0.0145241162491045,0.0128109185479842,0.00458751032032102,0.015256514765051,0.025415325668386,0.0312171706062631,0.016899553905287
-0.014177812038527,-0.00349046759729808,-0.034248005044272,0.0117712860713015,0.0133233896480204,0.0095098099213767,0.0182153886650135,0.0101694714095953,0.0212408496895517,0.0207271383656646,0.0242399297138605,0.0247837881432452,0.0146705462204875,0.0269021193611607,0.000968549284722395,-0.0256153480718264,0.0576512122828147,0.0321109518055161,0.0332646097360509,0.0314289711258769,0.016899553905287,0.0493049450682643
