0.177166453690089,0.00180283988480827,0.00893159742282859,-0.0029904599643774,0.0460260550055502,0.0231755881580111,0.00612295571580773,-0.0057985067859713,0.0026793265148951,0.000202172902840442,0.00200482993956569,0.00329444876610221,-0.0019189166373222,0.0169171848159095,-0.00803070365953549,-0.0201492128757574,0.0186306081976443,0.0198215624502045,0.00181567553562662,-0.0242881281278899,0.0213510372560062,-0.00917219861443245,-0.000171866354787329,0.0105536446460954
0.00180283988480827,0.0375077014482787,-0.0022994251109913,0.0184459976015594,-0.000660468863702184,0.00557778120622151,0.00584128328093224,-0.00161897918002937,0.0199894186125552,-0.00644265457765238,-0.0065956382978412,0.00103535792516703,0.00839041033963824,0.0133984609866143,-0.00671304385801404,-0.0139277253546537,0.011186896069778,0.00566383612580247,-0.00128986976854256,-0.00523357937296394,-0.00414036429929505,-0.00180831695686716,-0.0119532563024612,0.00613060715563008
0.00893159742282859,-0.0022994251109913,0.068655636519361,3.81673703786179e-05,0.0149802264566666,0.013791324438717,-0.00231304604664375,0.00307052044162698,-0.00446086366760442,0.0107100780304523,0.0163180033631706,0.024619878401056,-0.00414542201880518,0.00865757208762124,0.00494377915051216,0.0130825217979928,0.0054005888540121,-0.000150534467818139,0.00565865344233109,-0.00847883482682714,0.0124813032082691,0.0041420717413405,-0.0054675113523975,-0.000804857013325584
-0.0029904599643774,0.0184459976015594,3.81673703786179e-05,0.0241257693758831,-0.000914710965257821,0.000786028448259283,0.00264656705721281,0.00112777721989329,0.0169606689593068,-0.00438709236467842,-0.00311485356670954,-0.00071574434540947,0.00061320926498591,0.0216889217922606,-0.00232180425664762,-0.00270999444901707,0.0132884459560251,0.000464939529688385,0.000484157321976786,-0.00119969212721105,-0.0123261597179003,-0.00160924507092136,-0.00861062205013187,-0.00824738496256353
0.0460260550055502,-0.000660468863702184,0.0149802264566666,-0.000914710965257821,0.162693287101457,0.013359298239653,0.00979478122896422,0.0119703114635484,-0.00415001237396336,0.00782926831545917,-0.00088289187409822,-0.0048793429939203,-0.0123598682833711,0.0193878689292142,-0.00303742434493725,0.00720285172675822,0.0263596723144872,0.0123303994567819,-0.00350973763486651,0.00054035398539286,0.004395717826767,0.00636712728228202,-0.00589366739017721,-0.000167918615811976
0.0231755881580111,0.00557778120622151,0.013791324438717,0.000786028448259283,0.013359298239653,0.0951643673158136,0.0123290814046327,0.0290567513418539,0.0192822942469131,0.0117425219772737,-0.00608254777299228,0.00564861188639974,0.0225357868998268,0.0103425895370782,-0.000834044338316296,0.00514215387999535,0.00104178162156093,-0.003787370386189,0.00505972667515259,-0.00699414263621978,-0.00391360394551519,-0.0120896521293783,-0.00623236266639192,0.020934487423713
0.00612295571580773,0.00584128328093224,-0.00231304604664375,0.00264656705721281,0.00979478122896422,0.0123290814046327,0.0554668145332053,0.00104371895632115,0.00878414252741679,-0.00351885753325073,-0.00601215237171698,-0.00267096977844126,0.00894640545156237,0.0052592122085581,0.00327692214659257,0.00860508128526628,0.00665810482391375,0.000353606166850738,0.00412480508464144,-0.00916376824036166,-0.000111300044262011,-0.00154011775964354,0.00586428934311924,0.000774845203329909
-0.0057985067859713,-0.00161897918002937,0.00307052044162698,0.00112777721989329,0.0119703114635484,0.0290567513418539,0.00104371895632115,0.133041355508069,0.0344522403721527,0.0251026132099566,-0.00321576227326459,0.00528579686618154,0.0221148852344415,0.0138782283845975,0.000406680028754948,-0.00232632385859172,0.0120614249017663,-0.00292703745449581,-0.000568125148404519,0.0195303252349611,-0.0551470470272097,0.00109740075247275,-0.00587994565612547,0.00032217846898916
0.0026793265148951,0.0199894186125553,-0.00446086366760442,0.0169606689593068,-0.00415001237396336,0.0192822942469131,0.00878414252741679,0.0344522403721527,0.129923151142305,0.00368653464940708,-0.0117718262128328,0.00450954171834178,0.00652575048558343,0.0308496657788386,-0.0180308374649134,-0.00210343557013504,0.0350041551865631,0.0108269451835146,-0.00627093339871313,-0.0180770163456605,-0.0528515058533602,5.76759868036554e-05,-0.0473868459660369,0.00849587177518433
0.000202172902840442,-0.00644265457765238,0.0107100780304523,-0.00438709236467842,0.00782926831545917,0.0117425219772737,-0.00351885753325073,0.0251026132099566,0.00368653464940708,0.0407863748780021,0.000852424575141511,0.00604322575244944,0.00530544920703159,-0.000378071795192027,0.00194835575017658,0.00940090383342463,0.00161711135372118,-0.00520179962725809,0.00496372233238688,-0.0161411115647104,0.00201070280790697,0.000373182971085236,0.00655541877822933,-0.0156555307795222
0.00200482993956569,-0.0065956382978412,0.0163180033631706,-0.00311485356670954,-0.00088289187409822,-0.00608254777299228,-0.00601215237171698,-0.00321576227326459,-0.0117718262128328,0.000852424575141511,0.111626670730269,-0.00253571505915482,-0.0108999697503187,0.00738519323582823,0.00508114560205918,-0.00112873802502008,0.00233511079068231,0.0028738587720661,-0.0019416521925069,-0.00356429628667531,-0.00378670049056494,0.00330424882830171,-0.0103249248263194,0.00418724714278835
0.00329444876610221,0.00103535792516703,0.024619878401056,-0.00071574434540947,-0.0048793429939203,0.00564861188639974,-0.00267096977844126,0.00528579686618153,0.00450954171834178,0.00604322575244944,-0.00253571505915482,0.0335328052890896,0.00114151843550281,0.0061050308200909,0.00434019460835491,0.00183635214847082,-0.000586066232300723,-0.00144388854048647,-0.000806544353747319,-0.00667131025208395,0.00435131493600062,0.00137379243438072,-0.000935945759126275,-0.00207844208367144
-0.0019189166373222,0.00839041033963824,-0.00414542201880518,0.00061320926498591,-0.0123598682833711,0.0225357868998268,0.00894640545156237,0.0221148852344415,0.00652575048558343,0.00530544920703159,-0.0108999697503187,0.00114151843550281,0.133347299428988,-0.0118850106863465,0.00781146263543917,0.0218914291318706,0.017273996671858,-0.0112687748390005,-0.000231638156301007,-0.0091632668572209,-0.00935455622551645,-0.00185621696036212,0.017780014819985,-0.00915782310328713
0.0169171848159095,0.0133984609866143,0.00865757208762124,0.0216889217922606,0.0193878689292142,0.0103425895370782,0.0052592122085581,0.0138782283845975,0.0308496657788386,-0.000378071795192027,0.00738519323582823,0.0061050308200909,-0.0118850106863465,0.240550454080449,-0.00337220609825207,-0.0243376469255308,0.029081123906336,0.00391361139232432,0.00147298239743756,-0.000781733699401386,-0.0146045864729395,-0.00161332403158733,-0.0517257161508794,-0.0201848698024881
-0.00803070365953549,-0.00671304385801404,0.00494377915051216,-0.00232180425664762,-0.00303742434493725,-0.000834044338316296,0.00327692214659257,0.000406680028754948,-0.0180308374649134,0.00194835575017658,0.00508114560205918,0.00434019460835491,0.00781146263543917,-0.00337220609825207,0.0378482510625476,0.0120690591921826,-0.00602276402597552,-0.00534593852176296,0.00349010589011788,0.00317290615045227,0.000179189333594641,-0.00169732155876889,0.01499581607323,-0.00862759268207792
-0.0201492128757574,-0.0139277253546537,0.0130825217979928,-0.00270999444901707,0.00720285172675822,0.00514215387999535,0.00860508128526628,-0.00232632385859172,-0.00210343557013504,0.00940090383342463,-0.00112873802502008,0.00183635214847082,0.0218914291318706,-0.0243376469255308,0.0120690591921826,0.176520239139326,-0.0179080967653641,0.0180603503155851,-0.00536941678718259,-0.0079636827681934,0.00708927756470784,0.00981610984874519,0.016315592130876,-0.0399164082860025
0.0186306081976443,0.011186896069778,0.0054005888540121,0.0132884459560251,0.0263596723144872,0.00104178162156093,0.00665810482391375,0.0120614249017663,0.0350041551865631,0.00161711135372118,0.00233511079068231,-0.000586066232300723,0.017273996671858,0.029081123906336,-0.00602276402597552,-0.0179080967653641,0.111967969777842,0.0095375773996083,-0.00488154655526093,0.00524873493845224,-0.0286506184294092,-0.00544517068144361,-0.0145552718345578,-0.00714103622317125
0.0198215624502045,0.00566383612580247,-0.000150534467818139,0.000464939529688385,0.0123303994567819,-0.003787370386189,0.000353606166850738,-0.00292703745449581,0.0108269451835146,-0.00520179962725809,0.0028738587720661,-0.00144388854048647,-0.0112687748390005,0.00391361139232432,-0.00534593852176296,0.0180603503155851,0.0095375773996083,0.089016662980394,-0.0324879161230343,0.0129626202375715,-0.0195615196597621,-0.000692109509248961,-0.00544689300206416,-0.0118730376966245
0.00181567553562662,-0.00128986976854256,0.00565865344233109,0.000484157321976786,-0.00350973763486651,0.00505972667515259,0.00412480508464144,-0.000568125148404519,-0.00627093339871313,0.00496372233238688,-0.0019416521925069,-0.000806544353747319,-0.000231638156301007,0.00147298239743756,0.00349010589011788,-0.00536941678718259,-0.00488154655526093,-0.0324879161230343,0.0323242128538827,-0.00510766021820017,0.00864859877561848,0.00310710270650113,-0.0019363260846113,0.0062256824937245
-0.0242881281278899,-0.00523357937296394,-0.00847883482682714,-0.00119969212721105,0.00054035398539286,-0.00699414263621978,-0.00916376824036166,0.0195303252349611,-0.0180770163456605,-0.0161411115647104,-0.00356429628667531,-0.00667131025208395,-0.0091632668572209,-0.000781733699401386,0.00317290615045227,-0.00796368276819339,0.00524873493845224,0.0129626202375715,-0.00510766021820016,0.138657211587212,-0.119109181325672,0.00354218054937042,-0.0093808638596163,-0.00486622170926547
0.0213510372560062,-0.00414036429929505,0.0124813032082691,-0.0123261597179003,0.004395717826767,-0.00391360394551519,-0.000111300044262011,-0.0551470470272097,-0.0528515058533602,0.00201070280790697,-0.00378670049056494,0.00435131493600062,-0.00935455622551645,-0.0146045864729395,0.000179189333594641,0.00708927756470784,-0.0286506184294092,-0.0195615196597621,0.00864859877561848,-0.119109181325672,0.213378521893183,-0.000715051585447747,0.0304818681232048,0.00376645101156695
-0.00917219861443245,-0.00180831695686716,0.0041420717413405,-0.00160924507092136,0.00636712728228202,-0.0120896521293783,-0.00154011775964354,0.00109740075247275,5.76759868036554e-05,0.000373182971085236,0.00330424882830171,0.00137379243438072,-0.00185621696036212,-0.00161332403158733,-0.00169732155876889,0.00981610984874519,-0.00544517068144361,-0.00069210950924896,0.00310710270650113,0.00354218054937042,-0.000715051585447747,0.0267914019056324,-0.00887543922840869,-0.0178951908282821
-0.000171866354787329,-0.0119532563024612,-0.0054675113523975,-0.00861062205013187,-0.00589366739017721,-0.00623236266639192,0.00586428934311924,-0.00587994565612547,-0.0473868459660369,0.00655541877822933,-0.0103249248263194,-0.000935945759126275,0.017780014819985,-0.0517257161508794,0.01499581607323,0.016315592130876,-0.0145552718345578,-0.00544689300206416,-0.0019363260846113,-0.0093808638596163,0.0304818681232048,-0.00887543922840869,0.149169449610338,-0.111470584912114
0.0105536446460954,0.00613060715563008,-0.000804857013325584,-0.00824738496256353,-0.000167918615811976,0.020934487423713,0.00077484520332991,0.00032217846898916,0.00849587177518433,-0.0156555307795222,0.00418724714278835,-0.00207844208367144,-0.00915782310328713,-0.0201848698024881,-0.00862759268207792,-0.0399164082860025,-0.00714103622317125,-0.0118730376966245,0.0062256824937245,-0.00486622170926547,0.00376645101156695,-0.0178951908282821,-0.111470584912114,0.2336412155455
