0.0334022595794931,0.00471484479614795,0.00518577331493707,-0.000921308796410422,0.00312566727560291,-0.000298789149593158,-0.000905502431372535,0.0205714851583566
0.00471484479614795,0.0217841593730939,0.00380902468453869,-0.00146254236186892,0.00412796849220945,0.00289648843702145,0.0033463456819875,0.00917754437764767
0.00518577331493707,0.00380902468453869,0.0200908917749393,0.00594455997411603,0.00315600799551501,0.00541794547617985,0.00150809758917782,0.0110207430624538
-0.000921308796410422,-0.00146254236186892,0.00594455997411603,0.024896179229994,0.0104042251168275,0.00750898213707624,0.00490136927730182,0.000734997183761211
0.00312566727560291,0.00412796849220945,0.00315600799551501,0.0104042251168275,0.017436129682604,0.0019119850643748,0.00443765395007947,0.0062822400809371
-0.000298789149593158,0.00289648843702145,0.00541794547617984,0.00750898213707624,0.0019119850643748,0.0131125214765421,0.003900963867455,-0.00059287330723387
-0.000905502431372535,0.0033463456819875,0.00150809758917782,0.00490136927730182,0.00443765395007947,0.003900963867455,0.0185170584267067,0.00187353095317052
0.0205714851583566,0.00917754437764767,0.0110207430624538,0.000734997183761211,0.0062822400809371,-0.00059287330723387,0.00187353095317052,0.0404180991345703
