0.000496176650856654,0.000125097244283647,-7.63521260691905e-05,-0.000282357623243772,-0.000545356564610804,-0.000372440647613173,-0.00135399201199599,-0.000788684350365828,-1.70331078955309e-06,-0.000692668576183321
0.000125097244283647,0.105051053279802,0.0704102727437803,0.0686001513298333,0.0481819513734641,0.0437431253481514,0.080151341578484,0.0514297682356,0.0550499635199536,0.0261479235699734
-7.63521260691905e-05,0.0704102727437803,0.115735533414844,0.0988146386580435,0.0759062520014385,0.0659643391212802,0.0979031990092826,0.0714372577877598,0.0740149388060225,0.0343836035959617
-0.000282357623243772,0.0686001513298333,0.0988146386580434,0.104469017484708,0.0707690531363406,0.0581317243878195,0.104215250917119,0.0632353258672376,0.0719122124490232,0.0275821979049089
-0.000545356564610804,0.0481819513734641,0.0759062520014385,0.0707690531363406,0.103923412843756,0.0526258681416927,0.0852032784240188,0.0523131323958367,0.0464407845653802,0.0207014606874438
-0.000372440647613173,0.0437431253481514,0.0659643391212802,0.0581317243878195,0.0526258681416927,0.0739777623545579,0.0599189199614949,0.048510759971164,0.0482870340735757,0.0239575006635975
-0.00135399201199599,0.080151341578484,0.0979031990092826,0.104215250917119,0.0852032784240188,0.0599189199614949,0.174924503604152,0.0809326752206148,0.0771547188473407,0.0257085268918374
-0.000788684350365828,0.0514297682356,0.0714372577877598,0.0632353258672376,0.0523131323958367,0.048510759971164,0.0809326752206148,0.0739943184820595,0.0566419688412215,0.0171589400811875
-1.70331078955309e-06,0.0550499635199536,0.0740149388060225,0.0719122124490232,0.0464407845653802,0.0482870340735757,0.0771547188473407,0.0566419688412215,0.116192136879782,0.0320706619219475
-0.000692668576183321,0.0261479235699734,0.0343836035959617,0.0275821979049089,0.0207014606874438,0.0239575006635975,0.0257085268918374,0.0171589400811875,0.0320706619219475,0.0449092484979917
