0.000437020618768373,-0.00033685441663953,-0.00127225163903014,-0.00158332301319655,-0.00265400239421154,-0.000115218266293325,-0.00281250339625323,-0.000890040440044175,-0.0012361629974537,-0.000177315909655559
-0.00033685441663953,0.0963610510187189,0.0697657836808663,0.0674011829259673,0.0475316602467614,0.0505494376075981,0.0773162110530461,0.0434318177867789,0.0410588324734414,0.0164027791252859
-0.00127225163903014,0.0697657836808663,0.118204449863494,0.0975924200276963,0.072557973612898,0.0712396411717515,0.111650750324862,0.074091509400871,0.073785979291675,0.0308347919297692
-0.00158332301319655,0.0674011829259673,0.0975924200276963,0.101055706007686,0.0621657516531311,0.0601904600670718,0.100880024139443,0.0694582193504092,0.0594435450410779,0.0296423544360938
-0.00265400239421153,0.0475316602467614,0.072557973612898,0.0621657516531311,0.0956885884346576,0.0432070371335371,0.0923789839766452,0.0559963193142273,0.0579191975665994,0.0312457988118644
-0.000115218266293325,0.0505494376075981,0.0712396411717515,0.0601904600670718,0.0432070371335371,0.0619926705294457,0.0792456721446815,0.046578815876755,0.0409508986770775,0.016860189163376
-0.00281250339625323,0.0773162110530461,0.111650750324862,0.100880024139443,0.0923789839766452,0.0792456721446815,0.187258292441986,0.0941431524767213,0.0827396905145723,0.0400012522594783
-0.000890040440044175,0.0434318177867789,0.074091509400871,0.0694582193504092,0.0559963193142273,0.046578815876755,0.0941431524767213,0.0695695036185365,0.0509191228524586,0.02257588894918
-0.0012361629974537,0.0410588324734414,0.0737859792916751,0.0594435450410779,0.0579191975665994,0.0409508986770775,0.0827396905145723,0.0509191228524586,0.101737349210809,0.0301051141553352
-0.000177315909655559,0.0164027791252859,0.0308347919297692,0.0296423544360938,0.0312457988118644,0.016860189163376,0.0400012522594783,0.02257588894918,0.0301051141553352,0.0337818677950914
