0.0567147858965587,0.014319790032498,0.0294206353188447,-0.00246655426866064,-0.0111802456549614,-0.00101478645360446,-0.00268269918970226,-0.001007570740631,-0.00187163350520195,-0.0019409224925174,-0.00177484305112411,-0.000705620194093236,-0.00179954412892538,-0.0017776181887173,-0.000709737921634635,0.00189628905532623,-0.0213338836378511,-0.0242521769760857,-0.0184903759583773,-0.0146640924759147,0.00806127954475325,-0.013812110228462
0.014319790032498,0.0463165690602419,0.00521166117591008,0.0101494087989611,0.00739924231539133,0.00961792966926959,0.00893021771749202,0.00962286576107831,0.00611597293129536,0.00612955395328467,0.0067489530606655,0.00443115147012306,0.0039567137123277,0.00674904205785583,0.0121345940936056,-0.0045305477265835,-0.000537878113811433,-0.0164787035758958,0.004032137891526,0.00797804964951898,0.00963069472484071,0.00582373219817567
0.0294206353188447,0.00521166117591008,0.0775545135076068,-0.0126513626291991,-0.0129415281214717,-0.0106709262025129,-0.0131029203091074,-0.0106657906196007,-0.0163732507383522,-0.0165415563133744,-0.0184692933285132,-0.0142836707134123,-0.0112325798386681,-0.0184649907436529,-0.0108138788308984,0.0168935771546182,-0.0339887402619081,0.00030171474337576,-0.0214762609555492,-0.0197710104938371,-0.0155604764275734,-0.0190668612198757
-0.00246655426866064,0.0101494087989611,-0.0126513626291991,0.0238476817043967,0.0200267850494275,0.0221140135623388,0.0221096552060143,0.0221144336459447,0.0186339384924635,0.0180875541642834,0.0214684872869134,0.0157083376132178,0.0127217404374861,0.02146622717778,0.0183836162036477,-0.019391986681129,0.013431754164582,-0.00165172024198265,0.0203783807616215,0.00758080658227336,0.010879978206696,0.0203737069910964
-0.0111802456549614,0.00739924231539133,-0.0129415281214717,0.0200267850494275,0.0192320770349087,0.0185819534261676,0.0183806294013604,0.0185810949915293,0.015523355915877,0.0147130983969275,0.0182400898547475,0.0127276522549172,0.0100711943057162,0.0182388713621356,0.0156164218622402,-0.0160224992352329,0.0147649631578974,0.00139777445157656,0.0193601153206607,0.00835253853571191,0.00705381464312539,0.0189373654271333
-0.00101478645360446,0.00961792966926959,-0.0106709262025129,0.0221140135623388,0.0185819534261676,0.0209241575411273,0.0205309236260969,0.0209247717124737,0.0177403785357194,0.0170015770652627,0.0207455431313552,0.0148163648211852,0.0117673987820128,0.0207431875111334,0.0173029514577313,-0.0181326562271933,0.0125736002452633,-0.00254595585735484,0.0184941622879173,0.0059513668886826,0.00976560694106762,0.0184517304848894
-0.00268269918970226,0.00893021771749202,-0.0131029203091074,0.0221096552060143,0.0183806294013604,0.0205309236260969,0.02157283609534,0.0205317851536421,0.0182987212344415,0.0179196429694259,0.0207817055999486,0.0160203140828148,0.0126782768233317,0.0207792509081352,0.0167794687429135,-0.0188459474413038,0.0137140186244481,0.0012657799493192,0.0199366982164388,0.00827673771357178,0.00988023638382558,0.0205086241177445
-0.001007570740631,0.00962286576107831,-0.0106657906196007,0.0221144336459447,0.0185810949915293,0.0209247717124737,0.0205317851536421,0.0209254026610258,0.017742181987023,0.0170031844431107,0.0207475271879195,0.014818343746,0.0117682001433162,0.0207451681515772,0.0173041435176048,-0.0181320962774602,0.0125645701482574,-0.00254436788195266,0.0184888704341853,0.00594971620231087,0.00977105451406132,0.0184496806873144
-0.00187163350520195,0.00611597293129536,-0.0163732507383522,0.0186339384924635,0.015523355915877,0.0177403785357194,0.0182987212344415,0.017742181987023,0.025974506796752,0.0232465541542248,0.0305351855128969,0.022770962572636,0.016625299012816,0.0305316496700077,0.0152163909591728,-0.0224990623662141,0.0203038471519881,-0.00251259594456857,0.0178499517413352,0.00966021353175429,0.014269990409112,0.0189606208903025
-0.0019409224925174,0.00612955395328467,-0.0165415563133744,0.0180875541642834,0.0147130983969275,0.0170015770652627,0.0179196429694259,0.0170031844431107,0.0232465541542248,0.0214702875572365,0.0269304289799475,0.0204423267552336,0.0152904553100247,0.0269273082155228,0.0144294680793884,-0.0202395282220636,0.0169335784625418,-0.00109725450831519,0.0169255340990679,0.0090226178020185,0.0133608970303456,0.0176502177821626
-0.00177484305112411,0.0067489530606655,-0.0184692933285132,0.0214684872869134,0.0182400898547475,0.0207455431313552,0.0207817055999486,0.0207475271879195,0.0305351855128969,0.0269304289799475,0.0367416383199475,0.0262559898191355,0.0187198615301123,0.0367372864695125,0.0178106664100196,-0.0260252891777721,0.0238974637608386,-0.00365228954621488,0.0201508184772151,0.00970233901032473,0.0150865737478225,0.0212427665313469
-0.000705620194093236,0.00443115147012306,-0.0142836707134123,0.0157083376132178,0.0127276522549172,0.0148163648211852,0.0160203140828148,0.014818343746,0.022770962572636,0.0204423267552336,0.0262559898191355,0.0207335868746771,0.0149233204704706,0.0262529936116199,0.0126768621304597,-0.0204522734759303,0.0182577263892154,-0.00106413328241638,0.0157122817683454,0.00913769719496551,0.0136765246675607,0.0174261196157845
-0.00179954412892538,0.0039567137123277,-0.0112325798386681,0.0127217404374861,0.0100711943057162,0.0117673987820128,0.0126782768233317,0.0117682001433162,0.016625299012816,0.0152904553100247,0.0187198615301123,0.0149233204704706,0.0117128070469502,0.018717779410378,0.0100019280924713,-0.0151630789581923,0.0139242806213756,-0.00101376727739222,0.0128195971412084,0.00828755147544282,0.0105596432545902,0.0134367292642308
-0.0017776181887173,0.00674904205785583,-0.0184649907436529,0.02146622717778,0.0182388713621356,0.0207431875111334,0.0207792509081352,0.0207451681515772,0.0305316496700077,0.0269273082155228,0.0367372864695125,0.0262529936116199,0.018717779410378,0.0367329381797793,0.0178091010466147,-0.0260227323529611,0.0238947943575294,-0.00365121118946247,0.0201485149397384,0.00969814263006911,0.0150841726545939,0.0212412047927569
-0.000709737921634635,0.0121345940936056,-0.0108138788308984,0.0183836162036477,0.0156164218622402,0.0173029514577313,0.0167794687429135,0.0173041435176048,0.0152163909591728,0.0144294680793884,0.0178106664100196,0.0126768621304597,0.0100019280924713,0.0178091010466147,0.0162021650572339,-0.0153007174238682,0.00984477476445466,-0.006624129538503,0.0139180912009482,0.00565914766953894,0.00916101921804671,0.0138728736840864
0.00189628905532623,-0.0045305477265835,0.0168935771546182,-0.019391986681129,-0.0160224992352329,-0.0181326562271933,-0.0188459474413038,-0.0181320962774602,-0.0224990623662141,-0.0202395282220636,-0.0260252891777721,-0.0204522734759303,-0.0151630789581923,-0.0260227323529611,-0.0153007174238682,0.0274151002971901,-0.0314012521268398,0.003771053134297,-0.0198106884121589,-0.0118791681424635,-0.0143875277734197,-0.0207646665640252
-0.0213338836378511,-0.000537878113811433,-0.0339887402619081,0.013431754164582,0.0147649631578974,0.0125736002452633,0.0137140186244481,0.0125645701482574,0.0203038471519881,0.0169335784625418,0.0238974637608386,0.0182577263892154,0.0139242806213756,0.0238947943575294,0.00984477476445466,-0.0314012521268398,0.0703282500310941,-0.0081344601478103,0.0285596527808027,0.0274409964725014,0.0100923840080124,0.0276357462310385
-0.0242521769760857,-0.0164787035758958,0.00030171474337576,-0.00165172024198265,0.00139777445157656,-0.00254595585735484,0.0012657799493192,-0.00254436788195266,-0.00251259594456857,-0.00109725450831519,-0.00365228954621488,-0.00106413328241638,-0.00101376727739222,-0.00365121118946247,-0.006624129538503,0.003771053134297,-0.0081344601478103,0.0465098264931314,0.0050014835677484,0.00524838884329965,-0.00748489228386116,0.00629318659072172
-0.0184903759583773,0.004032137891526,-0.0214762609555492,0.0203783807616215,0.0193601153206607,0.0184941622879173,0.0199366982164388,0.0184888704341853,0.0178499517413352,0.0169255340990679,0.0201508184772151,0.0157122817683454,0.0128195971412084,0.0201485149397384,0.0139180912009482,-0.0198106884121589,0.0285596527808027,0.0050014835677484,0.0350571844210317,0.0196227418395687,0.0120793496480623,0.0301680799271867
-0.0146640924759147,0.00797804964951898,-0.0197710104938371,0.00758080658227336,0.00835253853571191,0.0059513668886826,0.00827673771357178,0.00594971620231087,0.00966021353175429,0.0090226178020185,0.00970233901032473,0.00913769719496551,0.00828755147544282,0.00969814263006911,0.00565914766953894,-0.0118791681424635,0.0274409964725014,0.00524838884329965,0.0196227418395687,0.0362043085131796,0.0122585052695504,0.0161766340809662
0.00806127954475325,0.00963069472484071,-0.0155604764275734,0.010879978206696,0.00705381464312539,0.00976560694106762,0.00988023638382558,0.00977105451406132,0.014269990409112,0.0133608970303456,0.0150865737478225,0.0136765246675607,0.0105596432545902,0.0150841726545939,0.00916101921804671,-0.0143875277734197,0.0100923840080124,-0.00748489228386116,0.0120793496480623,0.0122585052695504,0.027897261990517,0.0136853644812336
-0.013812110228462,0.00582373219817567,-0.0190668612198757,0.0203737069910964,0.0189373654271333,0.0184517304848894,0.0205086241177445,0.0184496806873144,0.0189606208903025,0.0176502177821626,0.0212427665313469,0.0174261196157845,0.0134367292642308,0.0212412047927569,0.0138728736840864,-0.0207646665640252,0.0276357462310385,0.00629318659072172,0.0301680799271867,0.0161766340809662,0.0136853644812336,0.0310009698485561
