0.00570722827875665,0.00665365425724204,0.000576788627663161,-0.000896279314040602,-0.00142772913426705,-0.00160784248699413,-0.00239042378367822,-0.00590312683075364,-0.00723009051426219,-0.00125276400414911
0.00665365425724204,0.102845422738197,0.0617674652002273,0.0654916665023906,0.0457097840492671,0.0344524983190683,0.0670781652801784,0.0384468230923453,0.0635185521254147,0.0285112905968868
0.000576788627663161,0.0617674652002273,0.116297957389707,0.0933644047682438,0.0763100536011033,0.0710984344608496,0.0988499143299487,0.0754384599486747,0.103764322619943,0.043808842524673
-0.000896279314040602,0.0654916665023906,0.0933644047682438,0.107969574374221,0.0675216502861728,0.0521815329806915,0.088690187219513,0.0671887317284177,0.0902445835408323,0.0369906734565716
-0.00142772913426705,0.0457097840492671,0.0763100536011033,0.0675216502861728,0.100832414513343,0.0495840379592955,0.0960866449631245,0.0549088457552312,0.0785977332621599,0.0228588470659495
-0.00160784248699413,0.0344524983190683,0.0710984344608496,0.0521815329806915,0.0495840379592955,0.0624434741161982,0.0596664389363268,0.0447761638024123,0.0617414597062379,0.0371999884433666
-0.00239042378367822,0.0670781652801784,0.0988499143299487,0.088690187219513,0.0960866449631245,0.0596664389363268,0.15618331356172,0.0737839359621775,0.0971166064771956,0.0336234400589641
-0.00590312683075364,0.0384468230923453,0.0754384599486747,0.0671887317284177,0.0549088457552312,0.0447761638024123,0.0737839359621775,0.0749908455732893,0.0743798782054852,0.0236446023346102
-0.00723009051426219,0.0635185521254147,0.103764322619943,0.0902445835408323,0.0785977332621599,0.0617414597062379,0.0971166064771956,0.0743798782054853,0.141930782730185,0.0457964677052555
-0.00125276400414911,0.0285112905968868,0.043808842524673,0.0369906734565716,0.0228588470659495,0.0371999884433666,0.0336234400589641,0.0236446023346102,0.0457964677052555,0.0513702472431284
