0.181814488107552,-0.0260588181965204,0.0264400547406783,-0.0138214041141128,0.0465233459109992,-0.0104051837506722,0.0051180922179361,0.0163557534225084,-0.000367646536149755,0.0108591764439587,0.00488901777639746,0.0189781343936783,-0.0119186673359692,0.000761026500815767,-0.00961201533679993,-0.0529634706552125,0.0276024638933862,0.0121194989862718,-0.00114725215459715,0.00351919598223708,-7.97828206567679e-05,0.00764358246480804,-0.0389474565033279,0.00819583550301696
-0.0260588181965204,0.0382157537581679,-0.00676689511934564,0.0222904489536177,-0.00586275941666095,0.0119818522861502,0.000538307090663055,-0.00521214960510612,0.0158431575833627,-0.00831342931606979,0.00046601430386284,-0.00497316558436628,0.000612216736129906,0.00807625331394563,-0.0101664547368178,-0.00140701364846602,0.0106638033054665,0.0137023641045242,-0.00209406766199719,0.00736727761322369,-0.0182764656286644,-0.00224958339821951,-0.00789537860720181,-0.00496673534348084
0.0264400547406783,-0.00676689511934564,0.0799010303410676,-0.0064447155008093,0.0290301132102038,0.00127985263899711,-0.011135481001306,-0.00502164375979995,-0.0187652897220146,0.011397048682397,0.0243517342645868,0.019401949678759,0.0206641582812464,0.0245577061553101,0.00648384986518902,0.00694491244417541,0.0279976013729444,-0.00972381605907169,0.00232212330524046,0.011558682744536,0.0262862118531472,-0.00304692306249628,-0.0100628666388326,0.0116169111197312
-0.0138214041141128,0.0222904489536177,-0.0064447155008093,0.0262167435816169,-0.000457977838980631,0.00247133119688247,-0.00158413799938491,0.00216557428971165,0.0204913414279073,0.00398538757738476,-0.00995250226768746,-0.00571347487310778,-0.000467036031127308,0.0194168079849603,-0.00555870534847378,0.0056178818906259,0.0143426949093865,0.00486777887284436,0.00148023169676735,-0.00655522647062602,0.00111541373056364,-0.00375766629100479,-0.0112299166965144,-0.0196799488116254
0.0465233459109992,-0.00586275941666095,0.0290301132102038,-0.000457977838980631,0.157812240844914,0.0114990277512377,0.0102119151581368,0.00433917955986227,-0.0245903288065427,0.00351091774038811,0.0275397410273253,-0.00234424075168032,-0.0349399056235107,0.00552851169802994,-0.0108199817383282,-0.0112353985359536,-0.00333553973718428,0.0203695943770968,-0.00801584535957047,0.0124636449279699,0.0150918009960881,-0.00778725179847106,0.0140254042065971,0.00769926586580833
-0.0104051837506722,0.0119818522861502,0.00127985263899711,0.00247133119688247,0.0114990277512377,0.0887254429565152,0.0146444952400585,0.0433357482561199,-0.0019026361423555,0.016189290210371,-0.0123409603287563,0.0142228314542032,0.00675305298944494,0.0167429972231942,0.000455573051439779,0.0150260691706706,-0.00424839092481785,-0.0054867428516697,0.00496638710982972,-0.00598610196080017,-0.00206006374391324,-0.0110360845478375,-0.0132768959741973,0.0427817777233115
0.0051180922179361,0.000538307090663055,-0.011135481001306,-0.00158413799938491,0.0102119151581368,0.0146444952400585,0.0716507963814368,-0.00024241356658141,-0.000719848780720275,-0.0200391313550127,0.00253017003793007,0.00122548494803068,0.00119335442285617,0.0160063643391407,0.0190341522820998,0.00436298076185973,0.014317371479429,-0.0138836289729481,-0.00784812952950175,-0.0122544792172201,0.00673535053389701,-0.00606070872833821,-0.0117018626245674,-0.000989162946106182
0.0163557534225084,-0.00521214960510612,-0.00502164375979995,0.00216557428971165,0.00433917955986227,0.0433357482561199,-0.00024241356658141,0.15249127819457,0.0146895533507569,0.0226539181887111,0.00875588412948905,0.00854952856226507,0.0044446756843907,-0.0128714773917339,0.00709138455908161,-0.0362075782485173,0.0441990196992052,-0.0123499800365564,0.00424961052673522,0.0274943378077863,-0.0654298827990143,0.0134851323692278,0.0075752448061485,-0.0200734617962061
-0.000367646536149755,0.0158431575833627,-0.0187652897220146,0.0204913414279073,-0.0245903288065427,-0.00190263614235549,-0.000719848780720275,0.0146895533507569,0.12754783427298,0.0131754083297627,-0.0111290327016237,-0.00768953210865552,0.0100594355365267,0.0343249657790275,-0.0210872579252444,-0.0191328369195325,0.0376464120201422,0.032985999181246,-0.00890856339860444,-0.0397974653863986,-0.0411583529822946,0.00968835717263583,-0.0388127038166825,0.0037664495225601
0.0108591764439587,-0.00831342931606979,0.011397048682397,0.00398538757738476,0.00351091774038811,0.016189290210371,-0.0200391313550127,0.0226539181887111,0.0131754083297627,0.0454614150477188,-0.0260969751194968,0.00608123730446747,0.00717878913250148,0.0185333012218911,-0.00719943765341944,0.0166874011061858,0.0125736191910926,0.00827709213473562,-5.72758599767901e-05,-0.0122557286097752,-0.00513410200456584,0.00628928645216849,0.0117256510858314,-0.0305756531155974
0.00488901777639746,0.00046601430386284,0.0243517342645868,-0.00995250226768746,0.0275397410273253,-0.0123409603287563,0.00253017003793007,0.00875588412948905,-0.0111290327016237,-0.0260969751194968,0.103769221147796,-0.0103587606895503,0.00976501362794908,0.0050540422475382,-0.0113786598148151,0.00415883947181665,-0.0107027742830593,0.00900306738317585,0.00398919191851515,0.00992002031599349,-0.0250498623891013,0.00228489595983563,-0.0356442292708122,0.0379891048592223
0.0189781343936783,-0.00497316558436628,0.019401949678759,-0.00571347487310778,-0.00234424075168032,0.0142228314542032,0.00122548494803068,0.00854952856226507,-0.00768953210865552,0.00608123730446747,-0.0103587606895503,0.0510317337376298,0.0280856374176145,0.0238641088589597,0.00119600808594079,0.0113777392961132,-0.00278590086144737,0.00276664953899863,-0.00413090820323581,0.00121966821059549,0.0139995764727619,-0.00337833922646777,0.00605714135069899,-0.00758578578057126
-0.0119186673359692,0.000612216736129906,0.0206641582812464,-0.000467036031127308,-0.0349399056235107,0.00675305298944494,0.00119335442285617,0.0044446756843907,0.0100594355365267,0.00717878913250148,0.00976501362794908,0.0280856374176145,0.16222248618294,-0.017827697282087,0.0219215654099892,0.0282088287770604,-0.0203367423982711,-0.0177297161420503,-0.00730030066001169,-0.0261790829060516,-0.0455071751607434,0.0264261466326,0.00342932385346201,-0.0425898312284811
0.000761026500815767,0.00807625331394563,0.0245577061553101,0.0194168079849603,0.00552851169802994,0.0167429972231942,0.0160063643391407,-0.0128714773917339,0.0343249657790275,0.0185333012218911,0.0050540422475382,0.0238641088589597,-0.017827697282087,0.257209745841195,-0.0188590284323131,0.00978035924727708,0.0327190271340109,0.0154571960293745,0.00608476700887639,-0.0147127526429751,0.0563565320650968,-0.0370163112212158,-0.0365271977868477,0.0257122977502266
-0.00961201533679993,-0.0101664547368178,0.00648384986518902,-0.00555870534847378,-0.0108199817383282,0.000455573051439779,0.0190341522820998,0.00709138455908161,-0.0210872579252444,-0.00719943765341944,-0.0113786598148151,0.00119600808594079,0.0219215654099892,-0.0188590284323131,0.0507760929667518,0.0212225236006692,-0.0114519292019068,-0.0494035187075812,-0.00857145038982016,-0.00126291575022704,0.0120288884190336,-0.000409623817098491,0.011403668582038,-0.0182509284383045
-0.0529634706552125,-0.00140701364846602,0.00694491244417541,0.0056178818906259,-0.0112353985359536,0.0150260691706706,0.00436298076185973,-0.0362075782485174,-0.0191328369195325,0.0166874011061858,0.00415883947181665,0.0113777392961132,0.0282088287770604,0.00978035924727708,0.0212225236006692,0.159857182037744,-0.0287156296994735,-0.035675717047248,0.0114481500152969,0.00180394728742881,-0.00721504092533076,-0.00792149793944046,0.0121864440004801,-0.0460038479252687
0.0276024638933862,0.0106638033054665,0.0279976013729444,0.0143426949093865,-0.00333553973718428,-0.00424839092481785,0.014317371479429,0.0441990196992052,0.0376464120201422,0.0125736191910926,-0.0107027742830593,-0.00278590086144737,-0.0203367423982711,0.0327190271340109,-0.0114519292019068,-0.0287156296994735,0.112472420642698,0.00827818772733059,0.00479885628436396,0.0480057044785115,-0.0415053047852654,-0.00610713812523122,0.00203685127342458,-0.0297636579293677
0.0121194989862718,0.0137023641045242,-0.00972381605907169,0.00486777887284436,0.0203695943770968,-0.0054867428516697,-0.0138836289729481,-0.0123499800365564,0.032985999181246,0.00827709213473562,0.00900306738317586,0.00276664953899863,-0.0177297161420503,0.0154571960293745,-0.0494035187075812,-0.035675717047248,0.00827818772733058,0.0993552273143567,-0.0429468626395245,-0.00678046248587536,-0.0199585100063612,0.0016426000862139,-0.022410331524561,0.0127706535401894
-0.00114725215459715,-0.00209406766199719,0.00232212330524046,0.00148023169676735,-0.00801584535957047,0.00496638710982972,-0.00784812952950175,0.00424961052673522,-0.00890856339860444,-5.72758599767901e-05,0.00398919191851515,-0.00413090820323581,-0.00730030066001169,0.00608476700887639,-0.00857145038982016,0.0114481500152969,0.00479885628436396,-0.0429468626395245,0.0527329781111836,0.00822165612832342,0.00622927400748642,-0.00117809775365651,0.00938992553545732,0.00806673203906304
0.00351919598223708,0.00736727761322369,0.011558682744536,-0.00655522647062602,0.0124636449279699,-0.00598610196080017,-0.0122544792172201,0.0274943378077863,-0.0397974653863986,-0.0122557286097752,0.00992002031599349,0.00121966821059549,-0.0261790829060516,-0.0147127526429751,-0.00126291575022704,0.00180394728742881,0.0480057044785115,-0.00678046248587536,0.00822165612832342,0.153571220919926,-0.127395722680286,-0.00454446890608164,0.00627067959731824,0.0338756965087448
-7.97828206567679e-05,-0.0182764656286644,0.0262862118531472,0.00111541373056364,0.0150918009960881,-0.00206006374391324,0.00673535053389701,-0.0654298827990143,-0.0411583529822946,-0.00513410200456584,-0.0250498623891013,0.0139995764727619,-0.0455071751607434,0.0563565320650968,0.0120288884190336,-0.00721504092533076,-0.0415053047852654,-0.0199585100063612,0.00622927400748642,-0.127395722680286,0.24561075154364,-0.0353905188221183,0.0205250477300408,-0.014929582011643
0.00764358246480804,-0.00224958339821951,-0.00304692306249628,-0.00375766629100479,-0.00778725179847106,-0.0110360845478375,-0.00606070872833821,0.0134851323692278,0.00968835717263583,0.00628928645216849,0.00228489595983563,-0.00337833922646777,0.0264261466326,-0.0370163112212158,-0.000409623817098491,-0.00792149793944046,-0.00610713812523122,0.0016426000862139,-0.00117809775365651,-0.00454446890608164,-0.0353905188221183,0.0235860978062458,-0.00341266366587151,-0.011574099381684
-0.0389474565033279,-0.00789537860720181,-0.0100628666388326,-0.0112299166965144,0.0140254042065971,-0.0132768959741973,-0.0117018626245674,0.00757524480614849,-0.0388127038166825,0.0117256510858314,-0.0356442292708122,0.00605714135069899,0.00342932385346201,-0.0365271977868477,0.011403668582038,0.0121864440004801,0.00203685127342458,-0.022410331524561,0.00938992553545732,0.00627067959731824,0.0205250477300408,-0.00341266366587151,0.165839281085742,-0.145084453427527
0.00819583550301696,-0.00496673534348084,0.0116169111197312,-0.0196799488116254,0.00769926586580833,0.0427817777233115,-0.000989162946106182,-0.0200734617962061,0.0037664495225601,-0.0305756531155974,0.0379891048592223,-0.00758578578057126,-0.0425898312284811,0.0257122977502266,-0.0182509284383045,-0.0460038479252687,-0.0297636579293677,0.0127706535401894,0.00806673203906304,0.0338756965087448,-0.014929582011643,-0.0115740993816841,-0.145084453427527,0.245633316645215
