0.213503421026432,0.00913748075521555,0.00116944329861802,-0.00520627875649561,-0.000502333714821626,0.00686053943794149,0.00884765730841212,0.0112530346995753,0.00731077368498841,-0.00379805950930434,0.0197194859408107,-0.00566726379038487,0.00518973868031909,-0.000502231185601449
0.00913748075521555,0.029678270932098,0.00434938782245132,0.00268772326286292,-0.00797942860312774,0.00460723488018631,0.00872294875111715,0.0132050264422564,0.00815467010098753,0.00164533987912299,0.00651069387707234,4.35738833567652e-05,0.000208417002154781,0.000274728862283859
0.00116944329861802,0.00434938782245132,0.0293815215939246,0.0030334688488938,0.0053822569953927,0.00620505560937357,0.00519048710391281,0.0233530939507028,0.0190262467676718,0.00214825575465352,-0.000886424749669739,0.00311025157371338,-0.00207551664393457,0.000317319904447032
-0.00520627875649561,0.00268772326286292,0.0030334688488938,0.0462533516223551,0.00863241123426093,0.00147393998805995,0.00177781717511417,0.0172651183160511,0.0203917109592198,0.00175107018002223,0.00325909051458081,-0.00120839379312926,0.000684394348854317,-0.000258667102762262
-0.000502333714821627,-0.00797942860312774,0.0053822569953927,0.00863241123426093,0.0767162899220349,0.0275423749254228,0.00302487417847005,0.0429253154811788,0.0345920421538828,0.00389853276732682,-0.00294105609383185,0.00463839944125184,0.0032964970453098,0.000705769132591972
0.00686053943794149,0.00460723488018631,0.00620505560937357,0.00147393998805995,0.0275423749254228,0.0640312960532469,0.00745376427793463,0.0255553898638742,0.0114091530433524,0.00126778057461015,0.0174264653301003,0.00182604090951018,0.00206076579914836,0.000459442854472303
0.00884765730841212,0.00872294875111715,0.00519048710391281,0.00177781717511417,0.00302487417847005,0.00745376427793463,0.0130289212320038,0.0172244904591233,0.0108596572754757,0.00162272696281016,0.01285879421894,-1.35227960104481e-05,0.000614215289485529,8.36209821354529e-05
0.0112530346995753,0.0132050264422564,0.0233530939507028,0.0172651183160511,0.0429253154811788,0.0255553898638742,0.0172244904591233,0.250389234876787,0.089981423235377,0.0128825509092865,0.0255053484550063,0.00144590941722666,0.00246815336171108,0.002358181896736
0.00731077368498841,0.00815467010098753,0.0190262467676718,0.0203917109592198,0.0345920421538828,0.0114091530433524,0.0108596572754757,0.089981423235377,0.242467398815943,0.0190802376099788,-0.00699923465128453,0.0190174648072882,0.00123530768827471,0.00166074964115766
-0.00379805950930435,0.00164533987912299,0.00214825575465352,0.00175107018002223,0.00389853276732682,0.00126778057461015,0.00162272696281016,0.0128825509092865,0.0190802376099788,0.00698568712123178,0.00158812066106517,0.00168443835926792,-0.000614111611256442,0.000140908828559238
0.0197194859408107,0.00651069387707234,-0.000886424749669739,0.00325909051458081,-0.00294105609383185,0.0174264653301003,0.01285879421894,0.0255053484550063,-0.00699923465128453,0.00158812066106517,0.249320577151404,-0.0017310269748402,0.0114716556533021,0.000161552673215362
-0.00566726379038487,4.35738833567652e-05,0.00311025157371338,-0.00120839379312926,0.00463839944125183,0.00182604090951018,-1.35227960104481e-05,0.00144590941722666,0.0190174648072882,0.00168443835926792,-0.0017310269748402,0.0226389665799029,-0.00105959994443865,0.00031748007338591
0.00518973868031909,0.000208417002154781,-0.00207551664393457,0.000684394348854317,0.0032964970453098,0.00206076579914836,0.000614215289485529,0.00246815336171108,0.00123530768827471,-0.000614111611256442,0.0114716556533021,-0.00105959994443865,0.00651222019268731,-3.56432587938767e-05
-0.000502231185601449,0.000274728862283859,0.000317319904447032,-0.000258667102762262,0.000705769132591972,0.000459442854472303,8.36209821354529e-05,0.002358181896736,0.00166074964115766,0.000140908828559238,0.000161552673215362,0.00031748007338591,-3.56432587938767e-05,0.000456117051000735
