0.0530712190312995,-0.0458074147026857,-0.0152605122357413,-0.0140635068150865,-0.00590140862385889,-0.00224489710001964,-0.00481806907059109,-0.0181515502527662,-0.00902688629479918,0.00518874375049134,-0.000331923747539201,0.0208990393085192,-0.00348801457789644
-0.0458074147026857,0.221529954477792,-0.0206439856713505,0.0136654760131397,-0.00503518530094378,0.0192275256199659,-0.00822410895888945,0.00261013625618276,0.0449840913565805,0.020747104274435,0.00427369351903813,0.053619134297161,0.15417989748429
-0.0152605122357413,-0.0206439856713505,0.0945202068172366,-0.00424819843026137,0.0143964074489144,-0.0286080370464934,0.117046770273986,-0.00192604361110545,-0.00424153384233551,0.0120032322576493,0.0406384063036459,0.00338863118733305,-0.0246322081496249
-0.0140635068150865,0.0136654760131397,-0.00424819843026137,0.0221301190327667,0.00630848206445782,0.00932130180358851,-0.035709333849586,0.0148053034318481,-0.00566439898748651,-0.00858383056271098,-0.0127642237830447,0.0124130083264083,0.0121235987218852
-0.00590140862385889,-0.00503518530094378,0.0143964074489144,0.00630848206445782,0.011679483270478,0.00728808150972522,0.0150469145884088,-0.0053337189695862,0.0178592970959384,-0.000935550491201675,0.0128078361687318,-0.00131870787212753,-0.00449309816752093
-0.00224489710001964,0.0192275256199659,-0.0286080370464934,0.00932130180358852,0.00728808150972522,0.0924200480244875,0.0560921729795265,-0.00498189414474433,-0.00894904145696908,-0.00766386843903694,-0.0202104087859145,-0.0432667211882393,-0.0102856091768122
-0.00481806907059109,-0.00822410895888945,0.117046770273986,-0.0357093338495859,0.0150469145884088,0.0560921729795265,0.347699455729929,-0.0254398630333181,0.0153424649798257,0.012411030334641,0.0326605986069892,-0.0809005913795301,-0.0111955849587991
-0.0181515502527662,0.00261013625618276,-0.00192604361110545,0.0148053034318481,-0.0053337189695862,-0.00498189414474433,-0.0254398630333181,0.0287167390462867,-0.0275936478559596,-0.0135846609980137,-0.0308189035286527,-0.0034519036069352,0.0077840164815452
-0.00902688629479918,0.0449840913565805,-0.00424153384233551,-0.00566439898748651,0.0178592970959384,-0.00894904145696908,0.0153424649798257,-0.0275936478559596,0.169074977831864,-0.00945838298762483,-0.00624363969902038,-0.00648840512324906,0.0899465527117686
0.00518874375049134,0.020747104274435,0.0120032322576493,-0.00858383056271099,-0.000935550491201675,-0.00766386843903694,0.012411030334641,-0.0135846609980137,-0.00945838298762483,0.0194002666930134,0.0283086399065927,0.0204617114631827,-0.0109038813760521
-0.000331923747539201,0.00427369351903813,0.0406384063036459,-0.0127642237830447,0.0128078361687318,-0.0202104087859145,0.0326605986069892,-0.0308189035286527,-0.00624363969902038,0.0283086399065927,0.0917527335081451,0.0217185962644544,-0.0241061966100468
0.0208990393085192,0.053619134297161,0.00338863118733305,0.0124130083264083,-0.00131870787212753,-0.0432667211882393,-0.0809005913795301,-0.0034519036069352,-0.00648840512324906,0.0204617114631827,0.0217185962644544,0.101872276650442,0.0621222199206662
-0.00348801457789644,0.15417989748429,-0.0246322081496249,0.0121235987218852,-0.00449309816752093,-0.0102856091768122,-0.0111955849587991,0.0077840164815452,0.0899465527117686,-0.0109038813760521,-0.0241061966100468,0.0621222199206662,0.246934029365758
