0.0338780091299515,-0.01020218252174,0.00529305561155178,0.0124288616779153,0.0074545616272939,0.00985131884134155,0.00683896621172735,-0.0104450801650969,0.00090340446058727,0.00570989572345962,0.0100272174344517,0.0305102500590255,0.0240429797617007
-0.01020218252174,0.231026738542229,-0.00498840624458897,0.00604933054874992,-0.00136132699793345,0.0380111931291079,0.0384469280390512,-0.00962648936956987,0.0287200400976522,0.00640142349809786,0.0245687720965819,0.0203788097877768,0.10044007879836
0.00529305561155178,-0.00498840624458897,0.11160862146042,0.00415045070330724,0.0107752464586069,-0.00505537298506915,-0.00551823700484454,-0.00981003101837955,0.0213519376759507,0.00601880822057794,0.0237278157660699,0.0142514638276184,0.0608027955629677
0.0124288616779153,0.00604933054874992,0.00415045070330724,0.0240270066434939,0.0037191756351237,0.00907666906080881,0.00820168770612003,-0.0091429857724659,0.00791021326105631,0.00359091490425877,0.00538276053503022,0.0138598548788924,0.0180350409733033
0.0074545616272939,-0.00136132699793345,0.0107752464586069,0.0037191756351237,0.0143782769344751,-0.000686805943751606,0.0121737170519108,-0.00241868807390763,0.000517798659794915,-0.00401683656985108,-0.000266813084782631,0.0178851051189566,0.00711687540335451
0.00985131884134155,0.0380111931291079,-0.00505537298506915,0.00907666906080881,-0.000686805943751606,0.101997692452054,0.00310719488281454,0.00636765072278949,-0.008045700750968,-0.0113725243712584,0.0177638653469441,-0.0347752509084982,-0.0274542069666091
0.00683896621172735,0.0384469280390512,-0.00551823700484454,0.00820168770612003,0.0121737170519108,0.00310719488281454,0.247730833545874,-0.00654105945317199,-0.0340565859351511,0.0068360143363135,0.0084834946468489,0.0201838807749294,-0.0120644447316262
-0.0104450801650969,-0.00962648936956987,-0.00981003101837955,-0.0091429857724659,-0.00241868807390763,0.00636765072278949,-0.00654105945317199,0.0327694784420122,-0.0438593497260255,-0.00959516025394915,-0.0190382846427482,-0.0210930016309722,-0.0320151107000907
0.00090340446058727,0.0287200400976522,0.0213519376759507,0.00791021326105631,0.000517798659794915,-0.008045700750968,-0.0340565859351511,-0.0438593497260255,0.231140740435074,0.0146123036439331,0.0170966914900467,0.0487231152201857,0.0647326042335558
0.00570989572345962,0.00640142349809786,0.00601880822057794,0.00359091490425877,-0.00401683656985108,-0.0113725243712584,0.0068360143363135,-0.00959516025394915,0.0146123036439331,0.0324723987969366,0.0301849470873388,0.0251515055904639,0.0233846298981593
0.0100272174344517,0.0245687720965819,0.0237278157660699,0.00538276053503022,-0.000266813084782631,0.0177638653469441,0.0084834946468489,-0.0190382846427482,0.0170966914900467,0.0301849470873388,0.100659916073366,0.0299333025654719,0.0102283696732375
0.0305102500590255,0.0203788097877768,0.0142514638276184,0.0138598548788924,0.0178851051189566,-0.0347752509084982,0.0201838807749294,-0.0210930016309722,0.0487231152201857,0.0251515055904639,0.0299333025654719,0.11111531702271,0.057634045121646
0.0240429797617007,0.10044007879836,0.0608027955629677,0.0180350409733033,0.00711687540335451,-0.0274542069666091,-0.0120644447316262,-0.0320151107000907,0.0647326042335558,0.0233846298981593,0.0102283696732375,0.057634045121646,0.236135718707991
