0.0332644705691404,-0.00420065463575825,0.0196814221681963,0.00810583692577496,0.00906309490262841,0.0200487237060427,0.0291932058747327,-0.0193197873220167,0.0274697684164209,0.0147426109651476,0.0119468599491931,0.0213443084769861,0.0094098783619181
-0.00420065463575825,0.249418733160119,0.00951289169360342,0.00284315427497366,-0.0151709722635759,0.0173401422685989,-0.0733556050004102,0.0227466182639584,0.0426609860888817,0.0136899681709433,0.00567854191965748,-0.0123547295084837,0.0417742313650305
0.0196814221681963,0.00951289169360342,0.0845487268946086,-0.00197609311079793,0.0211628212481444,-0.0147686437138443,0.0162880022330717,-0.0253195595159258,0.0568809815515114,0.00240558192704138,0.0137518674991876,0.0299544515240605,0.0612553022543627
0.00810583692577496,0.00284315427497366,-0.00197609311079793,0.0290914073131777,8.37945916818039e-05,0.0106355526782021,0.0263208163609815,0.0047155374063773,-0.0131472858718886,0.00941236242721113,0.00789112409963877,0.00542729694753219,0.0145456915025248
0.00906309490262841,-0.0151709722635759,0.0211628212481444,8.37945916818039e-05,0.0241756090761286,-0.00311956553591818,0.0176721821653306,-0.00107574303948044,0.0130663569681414,0.00366359183882627,0.0087281426608631,0.00533508472424091,0.0253254259156058
0.0200487237060427,0.0173401422685989,-0.0147686437138443,0.0106355526782021,-0.00311956553591818,0.133035344187171,-0.0330517083003042,-0.00353797928531875,-0.0579656262185692,-0.0100062280522174,0.0238340739077878,0.0215844391312571,-0.019976881416033
0.0291932058747327,-0.0733556050004102,0.0162880022330717,0.0263208163609815,0.0176721821653306,-0.0330517083003042,0.253719802592484,0.00671449279929506,0.0315001949446872,0.0200387294431771,0.0268189065250372,0.0594921918279413,0.00604882439900023
-0.0193197873220167,0.0227466182639584,-0.0253195595159258,0.0047155374063773,-0.00107574303948044,-0.00353797928531875,0.00671449279929506,0.0437285922988108,-0.0527311813398339,-0.00946551246066132,-0.0364087792464959,-0.0120616234282801,-0.0226775379104649
0.0274697684164209,0.0426609860888817,0.0568809815515114,-0.0131472858718886,0.0130663569681414,-0.0579656262185692,0.0315001949446872,-0.0527311813398339,0.260852372662337,0.0104884771681803,0.0473096195284396,0.0619459360705342,0.0172584198240408
0.0147426109651476,0.0136899681709433,0.00240558192704138,0.00941236242721112,0.00366359183882627,-0.0100062280522174,0.0200387294431771,-0.00946551246066132,0.0104884771681803,0.0353311162021829,0.032877112260941,0.00677239202450477,0.0151979948302771
0.0119468599491931,0.00567854191965748,0.0137518674991876,0.00789112409963877,0.0087281426608631,0.0238340739077878,0.0268189065250372,-0.0364087792464959,0.0473096195284396,0.032877112260941,0.108012372690752,0.00577667876278906,0.0149078949988384
0.0213443084769861,-0.0123547295084837,0.0299544515240605,0.00542729694753219,0.00533508472424091,0.0215844391312571,0.0594921918279413,-0.0120616234282801,0.0619459360705342,0.00677239202450477,0.00577667876278906,0.115893011933011,0.0721110804623244
0.0094098783619181,0.0417742313650305,0.0612553022543627,0.0145456915025248,0.0253254259156058,-0.019976881416033,0.00604882439900023,-0.0226775379104649,0.0172584198240408,0.0151979948302771,0.0149078949988384,0.0721110804623244,0.262262598201104
