0.0359958403661589,0.0238047340414525,0.0505489597263555,0.0344591691841588,0.0221071941122663,-0.0389914718063877,0.022241154230317,0.00496466664944062,0.0240347088489059,0.00286558290746944,0.0448929299959423,-0.0296138795769223,0.0178083030440291,-0.0268935220630456,0.0144777483772025,0.00563234239577312,0.0154803487219563
0.0238047340414525,0.108759341390271,0.0474254944011186,0.118082794306516,-0.0143839087465,0.031759690531591,0.015422321655723,0.0634942841014135,-0.0028163124428156,0.0817268438144282,0.0646441718220549,0.00945615945628434,0.0237910078672149,0.0405027728356754,-0.00570112124972377,0.0696828881177908,0.00766633516000757
0.0505489597263555,0.0474254944011186,0.0760670839640365,0.061969889703586,0.0308181925127057,-0.0470203259963611,0.0261898515441765,0.00756253607210268,0.0334658123574727,0.0202482419207661,0.0720816211332883,-0.0435478988405752,0.0254136183446738,-0.0234991031354515,0.0235145285003905,0.0218930954304777,0.0242271079494226
0.0344591691841588,0.118082794306516,0.061969889703586,0.134063232603028,-0.0134149562437453,0.0125203816192867,0.011204862049569,0.0720845548382979,-0.00214183187736372,0.082441251617285,0.0777868606398826,-0.00534354347877559,0.0200393307695377,0.0325620019158067,-0.0031615393740119,0.0760802505672746,0.0123673079245443
0.0221071941122663,-0.0143839087465,0.0308181925127057,-0.0134149562437453,0.0332681991282122,-0.0320107387676347,0.0212039348441579,-0.0313254036447451,0.0289348023421597,-0.0167142590712752,0.0196818754657604,-0.0250279015823354,0.0160489050778726,-0.0263235272292037,0.0178332135100029,-0.0167895826245003,0.00974472540214261
-0.0389914718063877,0.031759690531591,-0.0470203259963611,0.0125203816192867,-0.0320107387676347,0.105149595510508,0.0133392892392293,0.0244025081253101,-0.0241281264758791,0.0474237239783628,-0.0297756068707662,0.0766871864593835,0.0159562178778862,0.0641048250918832,-0.0295335000880903,0.0211833962711612,-0.0245065320918789
0.022241154230317,0.015422321655723,0.0261898515441765,0.011204862049569,0.0212039348441579,0.0133392892392293,0.0695766842676233,0.0050986900596617,0.0270196079100775,-0.00254854095065697,0.0164409893988576,0.0262238018644428,0.0483718950750027,-0.0238963927842924,-0.00865459729482117,-0.0195606086124346,-0.00678290206578467
0.00496466664944062,0.0634942841014135,0.00756253607210267,0.0720845548382979,-0.0313254036447451,0.0244025081253101,0.0050986900596617,0.0703698019976476,-0.0203162151397103,0.0393982768972121,0.0201770080371637,0.0256131358432151,0.00499769024129269,0.0165645038302745,-0.0195673891035235,0.0363919779741362,-0.00321963274685731
0.0240347088489059,-0.0028163124428156,0.0334658123574727,-0.00214183187736372,0.0289348023421597,-0.0241281264758791,0.0270196079100775,-0.0203162151397103,0.0379571421840585,-0.00587971596235936,0.0377331628516112,-0.0208692520297693,0.0273046474251596,-0.0295144614517524,0.0351770881222957,-0.0108352218085678,0.0295910496228267
0.00286558290746944,0.0817268438144282,0.0202482419207661,0.082441251617285,-0.0167142590712752,0.0474237239783628,-0.00254854095065697,0.0393982768972121,-0.00587971596235936,0.0763230946910556,0.0437656930984151,0.0145183398962604,0.0140212362282738,0.0538711995815164,0.00323424555103472,0.062411241936594,0.0102600213437432
0.0448929299959423,0.0646441718220549,0.0720816211332883,0.0777868606398826,0.0196818754657604,-0.0297756068707662,0.0164409893988576,0.0201770080371637,0.0377331628516112,0.0437656930984151,0.0922799361697072,-0.0397705720941942,0.0300405868834445,-0.0118092671830311,0.0476656945870775,0.0401820265915182,0.0503277252320394
-0.0296138795769223,0.00945615945628434,-0.0435478988405752,-0.00534354347877559,-0.0250279015823354,0.0766871864593835,0.0262238018644428,0.0256131358432151,-0.0208692520297693,0.0145183398962604,-0.0397705720941942,0.0727053199261241,0.0159261541945502,0.0299587345757614,-0.0368574178254912,-0.00474188666741059,-0.0308035916979131
0.0178083030440291,0.0237910078672149,0.0254136183446738,0.0200393307695377,0.0160489050778726,0.0159562178778862,0.0483718950750027,0.00499769024129269,0.0273046474251596,0.0140212362282738,0.0300405868834445,0.0159261541945502,0.0413114311376348,-0.0105298156492085,0.010352261390733,-0.00217124492797927,0.0109922215290665
-0.0268935220630456,0.0405027728356754,-0.0234991031354515,0.0325620019158067,-0.0263235272292037,0.0641048250918832,-0.0238963927842924,0.0165645038302745,-0.0295144614517524,0.0538711995815164,-0.0118092671830311,0.0299587345757614,-0.0105298156492085,0.0699672971101823,-0.0215266292615542,0.0435096433556839,-0.0189809701509048
0.0144777483772025,-0.00570112124972377,0.0235145285003905,-0.0031615393740119,0.0178332135100029,-0.0295335000880903,-0.00865459729482117,-0.0195673891035235,0.0351770881222957,0.00323424555103472,0.0476656945870775,-0.0368574178254912,0.010352261390733,-0.0215266292615542,0.0624890392397773,0.0039261953333785,0.0558467103973271
0.00563234239577312,0.0696828881177908,0.0218930954304777,0.0760802505672746,-0.0167895826245003,0.0211833962711612,-0.0195606086124346,0.0363919779741362,-0.0108352218085678,0.062411241936594,0.0401820265915182,-0.00474188666741059,-0.00217124492797927,0.0435096433556839,0.0039261953333785,0.0591485916569402,0.0107051306448696
0.0154803487219563,0.00766633516000757,0.0242271079494226,0.0123673079245443,0.00974472540214261,-0.0245065320918789,-0.00678290206578467,-0.00321963274685731,0.0295910496228267,0.0102600213437432,0.0503277252320394,-0.0308035916979131,0.0109922215290665,-0.0189809701509048,0.0558467103973271,0.0107051306448696,0.0535755435336404
