0.0086903289055957,-0.00472844864693733,-0.00882947965894899,-0.00249590641465086,-0.00861686566313043,-0.0244064469965037,-0.00499739090679223,-0.00748060543900854,0.00575196083909286,-0.000941687393864778
-0.00472844864693733,0.108945854700045,0.0899174730858327,0.0807835890569691,0.0662740751037253,0.0538207940145896,0.0869863796455181,0.0648739216020799,0.0817926155429023,0.0127026090911158
-0.00882947965894899,0.0899174730858327,0.122953797885338,0.0998472120018737,0.0848318850149915,0.0761301283869027,0.0903171054225307,0.0822995414562307,0.0952672632212015,0.0295367088264743
-0.00249590641465086,0.0807835890569691,0.0998472120018737,0.11064095581025,0.0833148670659105,0.0645926036094304,0.0954031957445822,0.0552081985601839,0.0870330570396922,0.0214078176640382
-0.00861686566313043,0.0662740751037253,0.0848318850149915,0.0833148670659105,0.114249148270913,0.0768807598310142,0.123275551570245,0.081194135194085,0.0545622254700726,0.0264505250061154
-0.0244064469965038,0.0538207940145896,0.0761301283869027,0.0645926036094304,0.0768807598310142,0.103950207595177,0.0664554152641439,0.0570216083567552,0.0287775710828191,0.0139218802832257
-0.00499739090679223,0.0869863796455181,0.0903171054225307,0.0954031957445822,0.123275551570245,0.0664554152641439,0.183856616919455,0.0929432984876903,0.0842240512388614,0.0382504469406091
-0.00748060543900854,0.0648739216020799,0.0822995414562307,0.0552081985601839,0.081194135194085,0.0570216083567552,0.0929432984876903,0.0862037581656734,0.0668828991676736,0.0278958217269808
0.00575196083909286,0.0817926155429023,0.0952672632212015,0.0870330570396922,0.0545622254700726,0.0287775710828191,0.0842240512388614,0.0668828991676736,0.133191891619083,0.033071011817884
-0.000941687393864778,0.0127026090911158,0.0295367088264743,0.0214078176640382,0.0264505250061154,0.0139218802832257,0.0382504469406091,0.0278958217269808,0.033071011817884,0.0194418915222788
