0.000556806850607079,-0.00272855262369939,-0.00033299487586224,0.00022211719527607,-0.00136871360677702,0.00119980891673561,-0.00350141334313203,-0.00206194447713571,-0.00339403498340045,0.00221851422457009
-0.00272855262369939,0.0951923388315343,0.0583534425395198,0.0693064699293256,0.0606975327715037,0.0392286382957566,0.0827208839915301,0.0781377551890906,0.0752309708417,0.00428072261735422
-0.00033299487586224,0.0583534425395198,0.0649024754918835,0.0707043645553789,0.0618864192937797,0.0568918154491968,0.0771807995828334,0.0561067435822428,0.0586430064903839,0.0160636093942957
0.00022211719527607,0.0693064699293256,0.0707043645553789,0.115733443008064,0.0450185585083704,0.0730523604507115,0.0717155861002924,0.0568486362195016,0.0949815483300601,0.0419707414844434
-0.00136871360677702,0.0606975327715037,0.0618864192937797,0.0450185585083704,0.0741074663759898,0.0446358769368703,0.086408123078089,0.0617030606205182,0.0429738504797211,-0.00271907749139566
0.00119980891673561,0.0392286382957566,0.0568918154491968,0.0730523604507115,0.0446358769368703,0.0587927644677084,0.0582658905494267,0.0389651389872393,0.0538509585353474,0.0271207489586903
-0.00350141334313203,0.0827208839915301,0.0771807995828334,0.0717155861002924,0.086408123078089,0.0582658905494267,0.148449090446468,0.080166633452604,0.103070151878946,-0.00417873616201193
-0.00206194447713571,0.0781377551890906,0.0561067435822428,0.0568486362195016,0.0617030606205182,0.0389651389872393,0.080166633452604,0.0682889779116539,0.0609636612258562,0.00162144219115795
-0.00339403498340045,0.0752309708417,0.0586430064903838,0.0949815483300601,0.0429738504797211,0.0538509585353474,0.103070151878946,0.0609636612258562,0.124736276769566,0.0192230130507469
0.00221851422457009,0.00428072261735422,0.0160636093942957,0.0419707414844434,-0.00271907749139566,0.0271207489586903,-0.00417873616201193,0.00162144219115795,0.0192230130507469,0.0281971005713257
