0.0393876587464535,0.000697925527897956,0.00917639965947035,-0.00288065525133884,-0.00198763336452856,0.00111076510204336,-0.00278322110650625,0.0237974549252219
0.000697925527897956,0.0285465997337607,0.00852719062471441,0.00454681357911433,0.00539274818191759,0.00478930069207047,4.46337898299982e-05,0.0136002215802729
0.00917639965947035,0.00852719062471441,0.0356485865250662,0.00835795198259664,0.0030850079308355,0.00437712765147077,-0.00475742385914646,0.00799438752726565
-0.00288065525133884,0.00454681357911433,0.00835795198259664,0.0284029988976321,0.00861094859580976,0.00381481036261388,0.0062806160121351,-0.000684162284067396
-0.00198763336452856,0.00539274818191759,0.0030850079308355,0.00861094859580976,0.0117705716044015,0.00210465800189118,0.00328385726232432,-0.00485149948777637
0.00111076510204336,0.00478930069207047,0.00437712765147077,0.00381481036261388,0.00210465800189118,0.0112444559573311,0.00184564257373032,0.0074009367832394
-0.00278322110650626,4.46337898299982e-05,-0.00475742385914646,0.0062806160121351,0.00328385726232432,0.00184564257373032,0.0224624106034235,0.00202661513164056
0.0237974549252219,0.0136002215802729,0.00799438752726565,-0.000684162284067396,-0.00485149948777636,0.0074009367832394,0.00202661513164056,0.0456683313905207
