0.0763502307140092,0.00922203072247021,-0.0167951330137311,-0.00778501509233587,-0.0143640688666469,-0.0179881975757452,-0.0213933730452991,-0.00736291631652833,-0.00864670895966396,0.000497266652401084,-0.00822369783238674,0.0132343584811723,-0.00909659617172023,0.00699354299886666,-0.0120412260972845,0.0016576520829195,0.00522735277255376,-0.0339212698708189,-0.0322140157372273,0.0377452548268103,0.0173081163561951,-0.000270505469002196
0.00922203072247021,0.0784997772039517,-0.00757573726211353,-0.00947096201728171,-0.00605755598173126,-0.0122735268441779,-0.0181760680338817,-0.00696482056073379,-0.0101681933545919,-0.00845139025167518,-0.00970406983378004,-0.000178430786686626,-0.0181135655424731,-0.0202701890021366,-0.00432814883644233,0.02560301445909,-0.0190758813836828,-0.0247954841890991,-0.0160902782176991,-0.000401381256107669,-0.0189044410647589,-0.0308595404564894
-0.0167951330137311,-0.00757573726211353,0.01945561634651,5.87263370565061e-05,0.00348375666715968,0.00814232255777289,0.00804146951587733,9.67546750372206e-05,0.00862458167628226,0.00174128269382535,0.0102669605968424,-0.000278499203557533,0.0112088154331559,0.00474387259733965,0.00463331768506002,-0.00153845985510394,-0.00887549646256741,-0.0101465246408821,0.0116378727877034,-0.00373479533112152,0.00926588888364064,0.00140645508583161
-0.00778501509233587,-0.00947096201728171,5.87263370565061e-05,0.0115836349427788,0.00728931974028155,0.0166991750435701,0.0216712461231629,0.0100944957118257,0.0185133731479437,0.0146132847065285,0.0204086431694681,0.0145753662264176,0.0195331328512126,0.0203288379155187,0.00918878802083761,-0.026750048770079,0.0126143406741691,0.00748382180748298,0.0140053992729328,0.0109442920197007,0.0132200438224846,0.0213938878691956
-0.0143640688666469,-0.00605755598173126,0.00348375666715968,0.00728931974028155,0.00599524431140004,0.0120382077444043,0.0151909080746605,0.00641538550206382,0.0125451471254429,0.00862023287524026,0.0138356847954132,0.00707852622881333,0.0128821138970168,0.0113345013324583,0.00669489256080914,-0.0153833262333673,0.00584679164377172,0.00703880469343876,0.0123263940318067,0.00136647916211585,0.00619339965707922,0.0122613633531784
-0.0179881975757452,-0.0122735268441779,0.00814232255777289,0.0166991750435701,0.0120382077444043,0.0278190349271357,0.0348901374730193,0.014619126143651,0.031741383719616,0.0227909519372251,0.0355564416986396,0.0224723982243569,0.0332373733904942,0.0321718364177465,0.0151663175599484,-0.03961204882785,0.0142399061567208,0.00500861031725674,0.0248832659513654,0.0147050263238164,0.0231193019340615,0.0313739643856762
-0.0213933730452991,-0.0181760680338817,0.00804146951587733,0.0216712461231629,0.0151909080746606,0.0348901374730193,0.0442530395662944,0.018887044429613,0.0401638389577761,0.0295174023933259,0.0448756748519805,0.0289009352485672,0.0416576839904423,0.0416654012870546,0.0185835297037373,-0.0517138936733139,0.0205788556701776,0.00956395207096553,0.0309002104307661,0.018720600834289,0.0290550586909898,0.0415703332380755
-0.00736291631652833,-0.00696482056073379,9.67546750372206e-05,0.0100944957118257,0.00641538550206382,0.014619126143651,0.018887044429613,0.00883800761401617,0.0159114591302221,0.0124862603074217,0.0175201546693522,0.0125018474744292,0.0168938676409168,0.0171776016872555,0.00823745163158586,-0.0229094788066288,0.0105046458011554,0.00628751308965242,0.0123327387372363,0.00941504807172918,0.011062523295778,0.018018790890771
-0.00864670895966396,-0.0101681933545919,0.00862458167628226,0.0185133731479437,0.0125451471254429,0.031741383719616,0.0401638389577761,0.0159114591302221,0.0445160778754969,0.0330219110096102,0.051048732667314,0.035175731253059,0.0412816284978688,0.0472984839849852,0.0140335425003202,-0.0517840523263473,0.0207205993768043,-0.000412349914087191,0.0248871926272151,0.0227071538588327,0.0344882153825372,0.0428712380024244
0.000497266652401084,-0.00845139025167518,0.00174128269382535,0.0146132847065285,0.00862023287524026,0.0227909519372251,0.0295174023933259,0.0124862603074217,0.0330219110096102,0.0259531573391238,0.0377763491291904,0.0284779349814794,0.0302624060412655,0.0372551306608742,0.00965290819224904,-0.0414199919048899,0.0192960909826802,0.00122137040589066,0.0159954059537952,0.0208199241092712,0.0266510216731651,0.0345477324245094
-0.00822369783238674,-0.00970406983378004,0.0102669605968424,0.0204086431694681,0.0138356847954132,0.0355564416986396,0.0448756748519805,0.0175201546693522,0.051048732667314,0.0377763491291904,0.0587349817638802,0.0406712003653328,0.0467657200605745,0.0541792868698648,0.0153632412757511,-0.0583376871477315,0.0229755371656648,-0.00255684534921419,0.0274231870473792,0.0262793676260495,0.0398521844603166,0.0483480890054382
0.0132343584811723,-0.000178430786686626,-0.000278499203557533,0.0145753662264176,0.00707852622881334,0.0224723982243569,0.0289009352485673,0.0125018474744292,0.035175731253059,0.0284779349814794,0.0406712003653328,0.0343425945065791,0.0319921167503768,0.0412700938149628,0.00947404914806711,-0.044159841961692,0.0197855011551956,-0.00827568497855712,0.0121388138830016,0.0305310598416176,0.0318675649379731,0.0356999497434073
-0.00909659617172023,-0.0181135655424731,0.0112088154331559,0.0195331328512126,0.0128821138970168,0.0332373733904942,0.0416576839904423,0.0168938676409168,0.0412816284978688,0.0302624060412655,0.0467657200605745,0.0319921167503767,0.0432647269086067,0.0450149013027015,0.0170328060357379,-0.0514991834239048,0.018429671677586,-0.00246827120248331,0.0271254620255009,0.0260267250079847,0.0364574968814206,0.0417781137788955
0.00699354299886666,-0.0202701890021366,0.00474387259733965,0.0203288379155187,0.0113345013324583,0.0321718364177465,0.0416654012870546,0.0171776016872555,0.0472984839849852,0.0372551306608742,0.0541792868698648,0.0412700938149628,0.0450149013027015,0.0556906505684903,0.0132695963887151,-0.0603981108488594,0.0277141073330847,-0.00240168561731594,0.0218543687760246,0.0337085218983978,0.0433258558086919,0.0514198728154687
-0.0120412260972845,-0.00432814883644233,0.00463331768506002,0.0091887880208376,0.00669489256080914,0.0151663175599484,0.0185835297037373,0.00823745163158586,0.0140335425003202,0.00965290819224904,0.0153632412757511,0.00947404914806711,0.0170328060357379,0.0132695963887151,0.0100926778759618,-0.0185806752725345,0.00487329269796336,0.0013845613283179,0.0141528753002978,0.00816811009842562,0.0100555996767526,0.0132825447276406
0.0016576520829195,0.02560301445909,-0.00153845985510394,-0.026750048770079,-0.0153833262333673,-0.03961204882785,-0.0517138936733139,-0.0229094788066288,-0.0517840523263473,-0.0414199919048899,-0.0583376871477315,-0.044159841961692,-0.0514991834239048,-0.0603981108488594,-0.0185806752725345,0.071206843206925,-0.034161466390347,-0.00827203699307574,-0.0293149887336612,-0.0357363904879235,-0.0440051224394071,-0.059213814970497
0.00522735277255376,-0.0190758813836828,-0.00887549646256741,0.0126143406741691,0.00584679164377172,0.0142399061567208,0.0205788556701776,0.0105046458011554,0.0207205993768042,0.0192960909826802,0.0229755371656648,0.0197855011551956,0.018429671677586,0.0277141073330847,0.00487329269796336,-0.034161466390347,0.0237004042453475,0.0153814319861755,0.00881445391188352,0.014663938665346,0.0161518800099776,0.0306594317910127
-0.0339212698708189,-0.0247954841890991,-0.0101465246408821,0.00748382180748298,0.00703880469343876,0.00500861031725674,0.00956395207096553,0.00628751308965241,-0.000412349914087191,0.00122137040589066,-0.00255684534921419,-0.00827568497855712,-0.00246827120248331,-0.00240168561731594,0.0013845613283179,-0.00827203699307574,0.0153814319861755,0.0470404496510937,0.0119621628077694,-0.0235883734612884,-0.016525717239313,0.0101615480884439
-0.0322140157372273,-0.0160902782176991,0.0116378727877034,0.0140053992729328,0.0123263940318067,0.0248832659513654,0.0309002104307661,0.0123327387372363,0.0248871926272151,0.0159954059537952,0.0274231870473792,0.0121388138830016,0.0271254620255009,0.0218543687760246,0.0141528753002978,-0.0293149887336612,0.00881445391188352,0.0119621628077694,0.0267371237096654,0.00132572689337059,0.0138065470109958,0.0234459838128332
0.0377452548268103,-0.000401381256107669,-0.00373479533112152,0.0109442920197007,0.00136647916211585,0.0147050263238164,0.018720600834289,0.00941504807172918,0.0227071538588327,0.0208199241092712,0.0262793676260495,0.0305310598416176,0.0260267250079847,0.0337085218983978,0.00816811009842562,-0.0357363904879235,0.014663938665346,-0.0235883734612884,0.00132572689337059,0.0443130177139238,0.0344591055717459,0.0271578996643688
0.0173081163561951,-0.0189044410647589,0.00926588888364064,0.0132200438224846,0.00619339965707922,0.0231193019340615,0.0290550586909898,0.011062523295778,0.0344882153825372,0.0266510216731651,0.0398521844603166,0.0318675649379731,0.0364574968814206,0.0433258558086919,0.0100555996767526,-0.0440051224394071,0.0161518800099776,-0.016525717239313,0.0138065470109958,0.0344591055717459,0.0413049798714263,0.0372213338971694
-0.000270505469002196,-0.0308595404564894,0.00140645508583161,0.0213938878691956,0.0122613633531784,0.0313739643856762,0.0415703332380755,0.018018790890771,0.0428712380024244,0.0345477324245094,0.0483480890054382,0.0356999497434073,0.0417781137788955,0.0514198728154687,0.0132825447276406,-0.059213814970497,0.0306594317910127,0.0101615480884439,0.0234459838128332,0.0271578996643688,0.0372213338971694,0.051592001798213
