0.0358628716875484,0.00666458840137749,0.00432649780862766,-0.00152206553984999,-0.000316838892941249,-0.000577169203095286,0.00197437732262437,0.0188002529879727
0.00666458840137749,0.023519074957725,0.00421346767286797,0.00281690975160465,0.00756782673312268,0.00409587961281012,0.00325097331357961,0.00811411125963831
0.00432649780862766,0.00421346767286797,0.0219727152831918,0.0051747952904986,0.00139010713086009,0.00870379490414094,-1.01965417897071e-06,0.00810436792978166
-0.00152206553984999,0.00281690975160465,0.0051747952904986,0.0272934168455425,0.0106020743069598,0.0094577466007083,0.0057859577155788,-0.00357054772484149
-0.000316838892941249,0.00756782673312268,0.00139010713086009,0.0106020743069598,0.0208352929339923,0.00386852912502882,0.00570260914798879,0.00213021613008025
-0.000577169203095286,0.00409587961281012,0.00870379490414094,0.0094577466007083,0.00386852912502882,0.0162232965793549,0.00489481563845048,-0.00122138062554942
0.00197437732262437,0.00325097331357961,-1.01965417897071e-06,0.0057859577155788,0.00570260914798879,0.00489481563845048,0.0183676219015464,-0.000281549026053772
0.0188002529879727,0.00811411125963831,0.00810436792978166,-0.00357054772484149,0.00213021613008025,-0.00122138062554942,-0.000281549026053772,0.038362391991576
