0.0389458467828705,-0.00021901533396836,0.00995590619870347,0.000479783106984634,-0.0126551133153332,-8.0364928154828e-05,0.00504226252645975,0.0244008310586295
-0.00021901533396836,0.0269404857932986,0.00472242305666669,0.00632990432776717,0.00609791546391957,0.00587683636601457,0.00637922024790394,0.000145139803806205
0.00995590619870347,0.00472242305666669,0.0232637405346529,0.00767585184021159,0.00394248564793724,0.00686257458470033,0.00238180376045574,0.00756189860639093
0.000479783106984634,0.00632990432776717,0.00767585184021159,0.0313887874271128,0.0136064511967418,0.00974239003361606,0.0141563048191014,-0.000929378794286125
-0.0126551133153332,0.00609791546391958,0.00394248564793724,0.0136064511967418,0.019616944445623,0.00433349073042774,0.00896104443326865,0.000393195130681887
-8.0364928154828e-05,0.00587683636601457,0.00686257458470033,0.00974239003361606,0.00433349073042774,0.0142385198356781,-0.000158329711968134,0.00157664914537188
0.00504226252645975,0.00637922024790394,0.00238180376045574,0.0141563048191014,0.00896104443326865,-0.000158329711968134,0.0244555867711657,-0.000657619500912247
0.0244008310586295,0.000145139803806205,0.00756189860639093,-0.000929378794286125,0.000393195130681887,0.00157664914537188,-0.000657619500912247,0.0303167033354567
