0.0361266464188032,-0.0181269797042067,0.0124251746217053,0.00692746344606003,0.00367735790129632,0.000915763476561936,0.0194243601637361,-0.0194086162464088,0.0116511190845655,0.00951507019344978,0.0134920893499681,0.0254354744903816,-0.00376135881260842
-0.0181269797042067,0.235368705829417,-0.0300539588812387,-0.00833819239971973,-0.00979666909388516,0.0275180422465426,0.0236532611763604,-0.00184363709349668,0.00396488352229486,0.00745202832184799,-0.0034488228957015,0.00542447589948815,0.0524176525160301
0.0124251746217053,-0.0300539588812387,0.0894618285537377,0.00339594444821656,-0.000442174529984668,-0.00962767199684891,0.0185611938504102,-0.0132870684071591,0.0778199243199857,0.023021062130226,0.0294099310819273,0.0226480570382177,0.0248129577723579
0.00692746344606003,-0.00833819239971973,0.00339594444821656,0.0276925598136751,0.00288422354344118,0.00999835070747827,0.00743334612678411,0.00204248504035596,0.00385606661827577,0.00199095051322656,0.0014194666417609,-0.00194470521443201,0.0121987107165341
0.00367735790129632,-0.00979666909388516,-0.000442174529984668,0.00288422354344118,0.0124528101681247,-0.00174668603626479,0.0128019184692654,0.000482255903980725,0.00218453077976023,-0.00179968752625617,-0.00378041008958965,0.00398046989790571,-0.00142393674720073
0.000915763476561936,0.0275180422465426,-0.00962767199684891,0.00999835070747827,-0.00174668603626479,0.10102441823556,-0.00656770141919921,0.00958416911060227,-0.0295271187634186,0.00120626210315669,-0.023985372170819,0.0114986993041693,0.0128585572296821
0.0194243601637361,0.0236532611763604,0.0185611938504102,0.00743334612678411,0.0128019184692654,-0.00656770141919921,0.241251306326469,-0.0105015491680137,0.041863316762316,0.0251857267814035,0.0470421597450354,0.0517196831674191,0.0128155766983644
-0.0194086162464088,-0.00184363709349668,-0.0132870684071591,0.00204248504035596,0.000482255903980726,0.00958416911060227,-0.0105015491680137,0.034673119174051,-0.0336410432172767,-0.0110725030605241,-0.0240180652576899,-0.0113981624870349,-0.00809571086492441
0.0116511190845655,0.00396488352229486,0.0778199243199856,0.00385606661827577,0.00218453077976023,-0.0295271187634186,0.041863316762316,-0.0336410432172767,0.231360166319376,0.0245969154013743,0.0457192753544668,0.00790139093420823,0.0479568222256682
0.00951507019344978,0.00745202832184799,0.023021062130226,0.00199095051322656,-0.00179968752625617,0.00120626210315669,0.0251857267814035,-0.0110725030605241,0.0245969154013743,0.0369024884863542,0.0411051825794095,0.0183612349623235,0.0196571397499274
0.0134920893499681,-0.0034488228957015,0.0294099310819273,0.0014194666417609,-0.00378041008958965,-0.023985372170819,0.0470421597450354,-0.0240180652576899,0.0457192753544668,0.0411051825794095,0.0881853774869989,0.0331057158753724,0.0456222622182961
0.0254354744903816,0.00542447589948815,0.0226480570382177,-0.00194470521443201,0.00398046989790571,0.0114986993041693,0.0517196831674191,-0.0113981624870349,0.00790139093420823,0.0183612349623235,0.0331057158753724,0.11363625335989,0.0570504983815058
-0.00376135881260842,0.0524176525160301,0.0248129577723579,0.0121987107165341,-0.00142393674720073,0.0128585572296821,0.0128155766983644,-0.00809571086492441,0.0479568222256682,0.0196571397499274,0.0456222622182961,0.0570504983815058,0.22302593153046
