0.0640386000565004,-0.0107124865773991,0.0405590763706119,-0.0288416136074067,0.010760059284143,-0.0158649117647036,-0.00349833273727808,-0.00641948525101278,0.0206315602793669,-0.00305171181132817,0.000708992995275688,-0.00535549900744934,0.0130056594204113,-0.0258596675739371,0.00581314701303368,-0.00674705949790317,0.00659439291636769
-0.0107124865773991,0.0762842192839452,0.00868085564002522,0.0640761058960569,0.0210395817928165,0.047003559862068,0.0097997174074774,0.0397253139914838,0.011857206016452,0.018153001540596,0.00604055277916011,0.0271379248136579,0.0058750150276631,0.0404178684972863,0.012259567736544,0.046313844335118,-0.00211679985276404
0.0405590763706119,0.00868085564002522,0.0733674241464924,-0.0147912048074196,0.040348211184742,-0.00071170844200568,0.00885717320407301,0.0157991398629973,0.0165194705672965,-0.0118302030776551,0.0398195430683194,-0.012677324031711,0.0308174756995073,-0.0160472966818449,-0.00242342044874463,-0.00680071132934964,0.00635614097036108
-0.0288416136074067,0.0640761058960569,-0.0147912048074196,0.0971850938164823,-0.00734021453272293,0.0448248742057462,0.0147348711068993,0.0642255749489898,0.0149122195831853,0.0191951677010458,-0.000413580668591232,0.0346982306666395,0.00179332322636537,0.0531850990859663,0.0182595366058081,0.0380955559166227,0.00524837418676537
0.010760059284143,0.0210395817928165,0.040348211184742,-0.00734021453272293,0.0640642273689771,0.0186309664750146,0.0404590678631515,-0.0124676722883273,0.0106903991532933,-0.00702946051850828,0.0393297223388833,-0.0112957387622065,0.0261244724853797,-0.00411391910115639,0.00410431430874302,0.000575860248599104,0.0108593124739989
-0.0158649117647036,0.047003559862068,-0.00071170844200568,0.0448248742057462,0.0186309664750146,0.0755165305974906,0.00682547144358182,0.0507453036497401,-0.000195705368289187,0.0468906857650625,0.0155541126979453,0.0587904976315655,0.019632294683332,0.0366012800006606,-0.00988818801026179,0.0317824093473787,0.0110154384163203
-0.00349833273727808,0.0097997174074774,0.00885717320407301,0.0147348711068993,0.0404590678631515,0.00682547144358182,0.0720450243606376,-0.00831954364589844,0.0209086452492321,0.00230368554364886,0.0245055412583254,-0.00770794702919781,0.0109248478693618,0.0139690480597672,0.0124039271237076,-0.0129588643682076,0.00528651525007789
-0.00641948525101278,0.0397253139914838,0.0157991398629973,0.0642255749489897,-0.0124676722883273,0.0507453036497401,-0.00831954364589844,0.104889846849129,0.00767592303728536,0.0471734780222664,0.0135461448563325,0.052967616663915,0.0217538028065621,0.042263184300416,0.0147607798258659,0.0284874802669988,0.0178133971512201
0.0206315602793669,0.011857206016452,0.0165194705672965,0.0149122195831853,0.0106903991532933,-0.000195705368289187,0.0209086452492321,0.00767592303728536,0.0587621815711668,0.00133550221144042,0.0375206074997699,-0.0188204701166383,0.021052750085407,0.000261470947889676,0.0349925689209417,-0.00586338477971606,0.0158480516063811
-0.00305171181132817,0.018153001540596,-0.0118302030776551,0.0191951677010458,-0.00702946051850828,0.0468906857650625,0.00230368554364886,0.0471734780222664,0.00133550221144042,0.071933790323697,0.00439916777910133,0.0537997956295633,0.00832489186621963,0.014471781824001,0.00205978959033533,0.0196142151557481,0.0110909677814708
0.000708992995275688,0.00604055277916011,0.0398195430683194,-0.000413580668591232,0.0393297223388833,0.0155541126979453,0.0245055412583254,0.0135461448563325,0.0375206074997699,0.00439916777910133,0.0793326193356093,-0.0080712778517726,0.0505010429650623,-0.000859403294923132,0.0241384448337589,-0.00793123637164369,0.0278323261095807
-0.00535549900744934,0.0271379248136579,-0.012677324031711,0.0346982306666395,-0.0112957387622065,0.0587904976315655,-0.00770794702919781,0.052967616663915,-0.0188204701166383,0.0537997956295633,-0.0080712778517726,0.085006713191789,0.0165457663160503,0.0447371483635445,-0.0133012732254772,0.0344573097223272,0.00640710720440733
0.0130056594204113,0.0058750150276631,0.0308174756995073,0.00179332322636537,0.0261244724853797,0.019632294683332,0.0109248478693618,0.0217538028065621,0.021052750085407,0.00832489186621963,0.0505010429650623,0.0165457663160503,0.0587129409799085,-0.00507537126122262,0.0287190893282947,-0.00915591063642562,0.0317949961313208
-0.0258596675739371,0.0404178684972863,-0.0160472966818449,0.0531850990859663,-0.00411391910115639,0.0366012800006606,0.0139690480597672,0.042263184300416,0.000261470947889676,0.014471781824001,-0.000859403294923132,0.0447371483635445,-0.00507537126122262,0.0815636861956394,0.00137961805734441,0.0460564069968717,-0.00480551792210217
0.00581314701303368,0.012259567736544,-0.00242342044874463,0.0182595366058081,0.00410431430874302,-0.00988818801026179,0.0124039271237076,0.0147607798258659,0.0349925689209417,0.00205978959033533,0.0241384448337589,-0.0133012732254772,0.0287190893282947,0.00137961805734441,0.078852693679926,0.00530560091321131,0.042860358955638
-0.00674705949790317,0.046313844335118,-0.00680071132934964,0.0380955559166227,0.000575860248599104,0.0317824093473787,-0.0129588643682076,0.0284874802669988,-0.00586338477971606,0.0196142151557481,-0.00793123637164369,0.0344573097223272,-0.00915591063642562,0.0460564069968717,0.00530560091321131,0.0583194579530572,0.000501274158354382
0.00659439291636769,-0.00211679985276404,0.00635614097036108,0.00524837418676537,0.0108593124739989,0.0110154384163203,0.00528651525007789,0.0178133971512201,0.0158480516063811,0.0110909677814708,0.0278323261095807,0.00640710720440733,0.0317949961313208,-0.00480551792210217,0.0428603589556379,0.000501274158354382,0.0427302092967961
