0.0418445083557908,0.00289141043195156,0.00589182484637864,0.0016838839085562,-0.00401923095109401,0.00176444322888717,-0.00164075067675352,0.021695662681589
0.00289141043195156,0.0241513562016043,0.0017956148808678,-0.00243612454267025,0.00931646625966592,0.00325991054997624,0.0055870149830641,0.00930240026047149
0.00589182484637864,0.0017956148808678,0.0214982604797215,0.00529168626872999,0.00120965263400007,0.00330535375004294,-0.000933611929298808,0.00637039865098103
0.0016838839085562,-0.00243612454267025,0.00529168626872999,0.0253911700482431,0.00766369645350903,0.00791005304019324,0.00420621050477317,-0.00330004418501052
-0.00401923095109401,0.00931646625966592,0.00120965263400007,0.00766369645350903,0.0239552152258848,0.00293064641641566,0.0105189583957785,0.000993254171094112
0.00176444322888717,0.00325991054997624,0.00330535375004294,0.00791005304019324,0.00293064641641566,0.0129652848823192,0.00106830442831544,0.00012269916939907
-0.00164075067675352,0.0055870149830641,-0.000933611929298808,0.00420621050477317,0.0105189583957785,0.00106830442831544,0.0191815064771268,0.00148857355501322
0.021695662681589,0.00930240026047149,0.00637039865098103,-0.00330004418501052,0.000993254171094112,0.00012269916939907,0.00148857355501322,0.0382076685568725
