0.0364208142232709,0.0103992458931562,0.00941013816155197,0.00067279386912026,0.000953148240718747,0.00165345795698338,-0.010664141295434,0.019307526689861
0.0103992458931562,0.0248104113782733,0.00110535175488046,0.0013008882450393,0.00525723012510081,0.00236533844949484,0.00338040893833535,0.0113409498916848
0.00941013816155197,0.00110535175488046,0.0218698245765379,0.00653368586876897,0.00443034604750433,0.000775067877551115,0.000897972686892711,0.00870048815600386
0.00067279386912026,0.0013008882450393,0.00653368586876897,0.0241594007710934,0.00770696262349703,0.0104047826936286,0.00687438750264629,-0.000760530957786764
0.000953148240718747,0.00525723012510081,0.00443034604750433,0.00770696262349703,0.0131996068418941,0.00318783421199685,-0.000290164363920326,-0.00209213307135649
0.00165345795698338,0.00236533844949484,0.000775067877551115,0.0104047826936286,0.00318783421199685,0.0189569924941111,0.00595693081750035,-0.00552056305775422
-0.010664141295434,0.00338040893833535,0.000897972686892711,0.00687438750264629,-0.000290164363920326,0.00595693081750035,0.0277854703497246,0.00661205461268831
0.019307526689861,0.0113409498916848,0.00870048815600386,-0.000760530957786764,-0.00209213307135649,-0.00552056305775422,0.00661205461268831,0.0377506560385978
