0.0191215324886059,0,0,0,0,0,0,0,0,0,0,0,0,0,0,0,0,0,0,0,0,0,0,0,0,0,0,0,0,0,0,0,0,0,0,0,0,0,0,0,0,0,0,0,0,0,0,0,0,0,0,0,0,0,0,0,0,0,0,0
0,3124.09799777283,337.948850265795,0,355.574453007744,0,0,-720.757984958523,0,426.012363350408,0,0,-353.159832469657,-546.893497160541,-926.370417934912,0,665.255890654056,0,231.65136261371,0,0,0,0,718.835238296775,-877.915316844363,0,87.8133938201329,75.1548860830194,0,-593.399482880479,-447.822498698684,973.647155057956,-21.7290777522556,0,-814.433485507299,559.858884365147,692.632726382989,150.92450683016,-375.59161254526,0,79.8643374675438,419.403447386257,-26.825661820503,637.320029116233,0,-132.750204582484,235.632359617328,425.255354924874,310.306885574378,0,0,-82.4061967980009,0,0,0,0,-320.357628767404,209.863719417564,0,0
0,337.948850265795,1964.74421871247,0,985.931461560194,0,0,-294.300789001428,0,-187.035957977813,0,0,-387.276013452272,-266.508003982793,482.25480659089,0,-6.17156350246684,0,-36.4128304282797,0,0,0,0,-329.832215977075,-174.72419889849,0,71.6080463480819,-353.49759082073,0,-791.322456688466,1265.23856258983,14.136535292157,-246.524578785606,0,340.117214493794,510.610854906498,381.217030164771,-190.389849127574,-162.097695988808,0,307.562649631329,960.598001510274,424.07305883885,108.194439137342,0,-1205.24872091784,-35.8562502386485,-527.100437458466,-19.3399660658067,0,0,102.457445220135,0,0,0,0,725.965440038028,-29.0220845195745,0,0
0,0,0,0.0115005684446631,0,0,0,0,0,0,0,0,0,0,0,0,0,0,0,0,0,0,0,0,0,0,0,0,0,0,0,0,0,0,0,0,0,0,0,0,0,0,0,0,0,0,0,0,0,0,0,0,0,0,0,0,0,0,0,0
0,355.574453007744,985.931461560194,0,5775.56431198593,0,0,-1093.33789314413,0,1445.52440687618,0,0,-143.355526868967,-1006.81757358032,75.7658288437416,0,1197.62947843102,0,-242.686219481263,0,0,0,0,-161.390041234943,-1637.94964229762,0,625.754973772733,1166.2891317521,0,-1283.65616462901,1845.20441104718,1017.7979414623,-381.455130094209,0,1967.77552814387,550.592546964575,304.703251685997,377.160106486472,258.107802702276,0,-761.097300001844,887.070262721724,65.7592807558358,927.627374150572,0,-485.746345626966,-357.778383006454,174.505633618444,26.3386036474476,0,0,1166.2026422604,0,0,0,0,85.9154955685812,306.619720797361,0,0
0,0,0,0,0,0.018673855221118,0,0,0,0,0,0,0,0,0,0,0,0,0,0,0,0,0,0,0,0,0,0,0,0,0,0,0,0,0,0,0,0,0,0,0,0,0,0,0,0,0,0,0,0,0,0,0,0,0,0,0,0,0,0
0,0,0,0,0,0,0.0283875233298765,0,0,0,0,0,0,0,0,0,0,0,0,0,0,0,0,0,0,0,0,0,0,0,0,0,0,0,0,0,0,0,0,0,0,0,0,0,0,0,0,0,0,0,0,0,0,0,0,0,0,0,0,0
0,-720.757984958523,-294.300789001428,0,-1093.33789314413,0,0,8412.77427601381,0,-983.454920208161,0,0,1673.14411508039,272.788422394143,-530.668980244028,0,-2691.85945501184,0,-46.0252054357234,0,0,0,0,142.666504913318,1196.71175749835,0,-7.95396930649895,-386.900697424367,0,898.751916738858,58.4032550621694,-1557.10990206748,1095.32724302792,0,-990.356577034441,-1705.80888242257,-411.611062832566,-988.650181305798,531.894835938867,0,-253.434726446825,359.116497299752,-55.5478443539283,569.525027030068,0,-1695.10644359411,221.480133431265,-364.660475185135,-116.94270609617,0,0,-1225.8378427034,0,0,0,0,-331.492329614793,88.8261662352916,0,0
0,0,0,0,0,0,0,0,0.014439801151276,0,0,0,0,0,0,0,0,0,0,0,0,0,0,0,0,0,0,0,0,0,0,0,0,0,0,0,0,0,0,0,0,0,0,0,0,0,0,0,0,0,0,0,0,0,0,0,0,0,0,0
0,426.012363350408,-187.035957977813,0,1445.52440687618,0,0,-983.454920208161,0,8031.89813938798,0,0,187.459502995238,-236.26275886468,-853.813467755528,0,695.314270301932,0,118.706687571995,0,0,0,0,1867.26757105021,-9.86317049444864,0,-231.653641713954,1986.59562707978,0,-183.551913580769,1014.84137666165,219.321321306637,574.308039218015,0,-1114.1487701396,2262.69457014116,-959.147051691409,-521.029859726036,528.656051577508,0,-999.965596604256,-1250.59725785629,519.375791630214,35.5980186646516,0,-39.905066603309,-297.663040628677,1724.11757105913,-930.443703732269,0,0,1138.96915485072,0,0,0,0,-777.118789391431,200.091504016148,0,0
0,0,0,0,0,0,0,0,0,0,0.0342293159631216,0,0,0,0,0,0,0,0,0,0,0,0,0,0,0,0,0,0,0,0,0,0,0,0,0,0,0,0,0,0,0,0,0,0,0,0,0,0,0,0,0,0,0,0,0,0,0,0,0
0,0,0,0,0,0,0,0,0,0,0,0.0437463884168623,0,0,0,0,0,0,0,0,0,0,0,0,0,0,0,0,0,0,0,0,0,0,0,0,0,0,0,0,0,0,0,0,0,0,0,0,0,0,0,0,0,0,0,0,0,0,0,0
0,-353.159832469657,-387.276013452272,0,-143.355526868967,0,0,1673.14411508039,0,187.459502995238,0,0,12881.7874092155,-206.907946266578,875.595777363863,0,2142.94044967116,0,-1994.91585577042,0,0,0,0,-41.5550101410348,-81.1041814628225,0,-1593.48532788144,-1388.69796646449,0,-1664.84719462394,-60.6181667596493,-3915.291616212,-1439.53030462608,0,-70.1421675114075,-223.371238542005,-639.950713490684,-894.861218157466,658.273152127307,0,-913.692796705035,-329.689108351784,-740.550093053084,1140.37880050856,0,-2290.23280587759,152.678696623584,2532.05687139307,-718.059884038136,0,0,-685.663680593862,0,0,0,0,-1019.43092656626,-490.54145582182,0,0
0,-546.893497160541,-266.508003982793,0,-1006.81757358032,0,0,272.788422394143,0,-236.26275886468,0,0,-206.907946266578,8912.95886532761,-1173.73525938818,0,3373.39318063857,0,-113.715892040182,0,0,0,0,-522.26542306943,2063.03983980005,0,-258.19450381596,1092.21516365747,0,597.149546187753,-1712.74793939031,91.5780556300393,26.2754438427768,0,-759.301438813717,-1575.12510025588,-220.32555651578,651.346148233429,997.681736247708,0,1996.703928554,53.8040000515482,-619.153714880109,-1268.67702458797,0,2439.04130666198,25.9622187969031,668.833588890088,-736.148573575662,0,0,-832.91138251685,0,0,0,0,-721.037287131914,216.585409479291,0,0
0,-926.370417934912,482.25480659089,0,75.7658288437416,0,0,-530.668980244028,0,-853.813467755528,0,0,875.595777363863,-1173.73525938818,9549.84022624006,0,-577.059294442564,0,-502.323178343096,0,0,0,0,1061.79093129983,1385.84003279969,0,-1325.99837110897,-64.9564648831677,0,1108.72467175956,115.529929478491,-1982.89947506537,260.215916991272,0,709.439304821953,1918.76555848795,-1534.45151076428,598.9118930248,-406.190434584457,0,402.042236919595,-644.409760217841,699.729156016153,1332.36716143474,0,-942.900788405933,692.289182188113,-2221.90603487785,366.718622937723,0,0,-717.57777285249,0,0,0,0,1223.44596548431,-417.392177082214,0,0
0,0,0,0,0,0,0,0,0,0,0,0,0,0,0,0.0611378335018417,0,0,0,0,0,0,0,0,0,0,0,0,0,0,0,0,0,0,0,0,0,0,0,0,0,0,0,0,0,0,0,0,0,0,0,0,0,0,0,0,0,0,0,0
0,665.255890654056,-6.17156350246684,0,1197.62947843102,0,0,-2691.85945501184,0,695.314270301932,0,0,2142.94044967116,3373.39318063858,-577.059294442564,0,20329.8981827638,0,1194.46620339377,0,0,0,0,-306.698598025984,1331.19039591618,0,-560.978252033201,-2837.33187804413,0,896.102187123392,-373.652805546419,313.506663854805,611.412194114924,0,-2048.05311896261,2709.24569240844,1434.70014283473,-1335.73683912294,1845.87403497251,0,1187.84594413568,-1533.11063789028,1384.39599418685,-16.8981927246317,0,2047.7667126014,1201.80910282596,-323.919871011301,-2326.97943874006,0,0,-17.1912264704497,0,0,0,0,157.158957571837,-1058.51448931131,0,0
0,0,0,0,0,0,0,0,0,0,0,0,0,0,0,0,0,0.0595191486968242,0,0,0,0,0,0,0,0,0,0,0,0,0,0,0,0,0,0,0,0,0,0,0,0,0,0,0,0,0,0,0,0,0,0,0,0,0,0,0,0,0,0
0,231.65136261371,-36.4128304282797,0,-242.686219481263,0,0,-46.0252054357234,0,118.706687571995,0,0,-1994.91585577042,-113.715892040182,-502.323178343096,0,1194.46620339377,0,14050.7077261362,0,0,0,0,3672.68507586629,2195.18386697794,0,1501.40626477224,-1598.47707568784,0,1705.31778160265,-1242.11537000412,2217.86604303842,1955.66548761565,0,700.441817534856,1684.2299558867,4247.06683846945,-443.940768741805,-410.726578997232,0,2654.4249678441,-324.516040539425,1642.84968770393,-1032.00536226299,0,2206.84498829992,1833.83750287635,552.060901618022,1223.5319803558,0,0,1286.75813386013,0,0,0,0,352.583605222144,-101.1264789517,0,0
0,0,0,0,0,0,0,0,0,0,0,0,0,0,0,0,0,0,0,0.0762393255061735,0,0,0,0,0,0,0,0,0,0,0,0,0,0,0,0,0,0,0,0,0,0,0,0,0,0,0,0,0,0,0,0,0,0,0,0,0,0,0,0
0,0,0,0,0,0,0,0,0,0,0,0,0,0,0,0,0,0,0,0,0.0782649926731825,0,0,0,0,0,0,0,0,0,0,0,0,0,0,0,0,0,0,0,0,0,0,0,0,0,0,0,0,0,0,0,0,0,0,0,0,0,0,0
0,0,0,0,0,0,0,0,0,0,0,0,0,0,0,0,0,0,0,0,0,0.06438515921775,0,0,0,0,0,0,0,0,0,0,0,0,0,0,0,0,0,0,0,0,0,0,0,0,0,0,0,0,0,0,0,0,0,0,0,0,0,0
0,0,0,0,0,0,0,0,0,0,0,0,0,0,0,0,0,0,0,0,0,0,0.0491336785748264,0,0,0,0,0,0,0,0,0,0,0,0,0,0,0,0,0,0,0,0,0,0,0,0,0,0,0,0,0,0,0,0,0,0,0,0,0
0,718.835238296775,-329.832215977075,0,-161.390041234943,0,0,142.666504913318,0,1867.26757105021,0,0,-41.5550101410348,-522.26542306943,1061.79093129983,0,-306.698598025984,0,3672.68507586629,0,0,0,0,11221.7059870445,2477.96977683751,0,-514.315762763419,146.8426032377,0,2112.50040812677,-853.049810726955,-27.1274666986037,2570.22514092119,0,-905.352580721834,1063.62071153098,641.626512965319,-243.68204612791,-710.507981810073,0,147.784745988989,-463.111368244891,443.396133722171,753.731553927806,0,1484.72238967142,-1018.40246625722,302.807475977958,1052.59231868262,0,0,-587.80184217344,0,0,0,0,-1020.65358933475,-367.13953094109,0,0
0,-877.915316844363,-174.72419889849,0,-1637.94964229762,0,0,1196.71175749835,0,-9.86317049444864,0,0,-81.1041814628225,2063.03983980005,1385.84003279969,0,1331.19039591618,0,2195.18386697794,0,0,0,0,2477.96977683751,15153.903628658,0,-1192.09808325432,-1035.52365905824,0,2374.95012120507,-1576.04623237623,-887.610720708323,1782.05342084219,0,-3836.5353463677,1839.32550638128,3706.21293451656,-1209.0135387267,1306.23702808001,0,67.7097936325579,1589.50440883939,2884.3589030765,-846.941496908182,0,-764.85655694327,-522.202569612737,-1325.2001475945,-896.764001293669,0,0,-794.0302894813,0,0,0,0,984.071569419358,-910.880257642341,0,0
0,0,0,0,0,0,0,0,0,0,0,0,0,0,0,0,0,0,0,0,0,0,0,0,0,0.0513472186009994,0,0,0,0,0,0,0,0,0,0,0,0,0,0,0,0,0,0,0,0,0,0,0,0,0,0,0,0,0,0,0,0,0,0
0,87.8133938201329,71.6080463480819,0,625.754973772733,0,0,-7.95396930649895,0,-231.653641713954,0,0,-1593.48532788144,-258.19450381596,-1325.99837110897,0,-560.978252033201,0,1501.40626477224,0,0,0,0,-514.315762763419,-1192.09808325432,0,14502.3525480009,-1280.59534481481,0,-2813.87366043004,-379.196860251285,1818.43465653723,-1853.4157060657,0,304.798807145089,-1201.4892986536,4284.24989961513,-2600.09251426007,-484.908284144763,0,2271.83151288938,3514.01069749213,-61.9274760726408,-1387.01132335186,0,338.350801574578,429.127010120995,240.622627073643,1583.5574605971,0,0,2034.54736060265,0,0,0,0,769.020036249414,-706.19292488154,0,0
0,75.1548860830194,-353.49759082073,0,1166.2891317521,0,0,-386.900697424367,0,1986.59562707978,0,0,-1388.69796646449,1092.21516365747,-64.9564648831677,0,-2837.33187804413,0,-1598.47707568784,0,0,0,0,146.8426032377,-1035.52365905824,0,-1280.59534481481,12771.1643405851,0,-1202.03734359966,-268.907885426495,1306.44937810954,-1161.07567365393,0,1773.33465048435,-269.001151721085,680.923940508973,876.342860274999,375.671509995196,0,-935.707494794878,-1831.88543043555,-2170.80626403234,803.626044666776,0,348.958664315236,479.611620732054,-759.797461246121,-863.576556849715,0,0,-1538.50715520051,0,0,0,0,-211.125195460324,1245.7497888165,0,0
0,0,0,0,0,0,0,0,0,0,0,0,0,0,0,0,0,0,0,0,0,0,0,0,0,0,0,0,0.0479861762945867,0,0,0,0,0,0,0,0,0,0,0,0,0,0,0,0,0,0,0,0,0,0,0,0,0,0,0,0,0,0,0
0,-593.399482880479,-791.322456688466,0,-1283.65616462901,0,0,898.751916738858,0,-183.551913580769,0,0,-1664.84719462394,597.149546187753,1108.72467175957,0,896.102187123392,0,1705.31778160265,0,0,0,0,2112.50040812677,2374.95012120507,0,-2813.87366043004,-1202.03734359966,0,13549.3276133892,-459.107536941788,-467.720563301261,2018.2499865342,0,-1161.25230490156,1442.8744043109,-1794.61689597605,-186.370118099847,953.679413994642,0,1448.09527985753,-76.2891862131491,-588.503758871176,-1016.37757565863,0,2109.77336904871,-1199.11768677696,-919.686583296409,-62.3798717808915,0,0,859.002934531712,0,0,0,0,804.355785288051,-681.489051593497,0,0
0,-447.822498698684,1265.23856258983,0,1845.20441104718,0,0,58.4032550621694,0,1014.84137666165,0,0,-60.6181667596493,-1712.74793939031,115.529929478491,0,-373.652805546419,0,-1242.11537000412,0,0,0,0,-853.049810726955,-1576.04623237623,0,-379.196860251285,-268.907885426495,0,-459.107536941788,11536.9360246297,-765.65627296786,536.436318160526,0,1663.27747240674,326.30156648104,-2049.70772276237,-525.613157683381,622.172335374462,0,-938.458696061218,-439.855253566546,584.074524741666,155.945830675934,0,-1230.97803607898,-930.550852137879,330.752094016332,-1684.21710837364,0,0,151.207110650927,0,0,0,0,-751.474351198568,953.316506534735,0,0
0,973.647155057956,14.136535292157,0,1017.7979414623,0,0,-1557.10990206748,0,219.321321306637,0,0,-3915.291616212,91.5780556300393,-1982.89947506537,0,313.506663854805,0,2217.86604303842,0,0,0,0,-27.1274666986037,-887.610720708323,0,1818.43465653723,1306.44937810954,0,-467.720563301261,-765.65627296786,12945.4676017725,-2546.92450839365,0,1127.67672579203,-1066.30253152285,-793.059034573594,-1938.07312509693,388.342388419341,0,2051.58174743884,2082.85864556398,-743.833178517734,-434.814928485241,0,4147.21544488163,1574.06541133187,-649.954828341891,601.814826167509,0,0,-843.716433451774,0,0,0,0,-1356.26225502592,-756.334500798621,0,0
0,-21.7290777522556,-246.524578785606,0,-381.455130094209,0,0,1095.32724302792,0,574.308039218015,0,0,-1439.53030462609,26.2754438427768,260.215916991272,0,611.412194114924,0,1955.66548761565,0,0,0,0,2570.22514092119,1782.05342084219,0,-1853.4157060657,-1161.07567365393,0,2018.2499865342,536.436318160526,-2546.92450839365,8614.83270318009,0,1119.24060356557,1072.01699208488,747.23672513973,578.390633908946,-1497.06266733324,0,678.198708519986,-706.738238786812,1068.53401062728,702.9770628464,0,-408.281356980431,-1067.21360745747,23.2413640594727,265.800900712457,0,0,1027.37053469805,0,0,0,0,-209.055402448875,253.670633372337,0,0
0,0,0,0,0,0,0,0,0,0,0,0,0,0,0,0,0,0,0,0,0,0,0,0,0,0,0,0,0,0,0,0,0,0.0389014851995813,0,0,0,0,0,0,0,0,0,0,0,0,0,0,0,0,0,0,0,0,0,0,0,0,0,0
0,-814.433485507299,340.117214493794,0,1967.77552814387,0,0,-990.356577034441,0,-1114.1487701396,0,0,-70.1421675114075,-759.301438813717,709.439304821953,0,-2048.05311896261,0,700.441817534856,0,0,0,0,-905.352580721834,-3836.5353463677,0,304.798807145089,1773.33465048435,0,-1161.25230490156,1663.27747240674,1127.67672579203,1119.24060356557,0,13143.7526907083,-2386.15514493938,-1487.22197185052,-12.1837632981206,-1555.70348625008,0,602.023759329943,2137.11896845045,-929.46829793887,638.259191547696,0,1098.80010608322,2066.42353346758,880.475811813153,-1318.68066893244,0,0,605.597176357546,0,0,0,0,916.610395138913,1550.30040193775,0,0
0,559.858884365147,510.610854906498,0,550.592546964575,0,0,-1705.80888242257,0,2262.69457014116,0,0,-223.371238542005,-1575.12510025588,1918.76555848795,0,2709.24569240844,0,1684.2299558867,0,0,0,0,1063.62071153098,1839.32550638127,0,-1201.48929865361,-269.001151721085,0,1442.8744043109,326.30156648104,-1066.30253152285,1072.01699208488,0,-2386.15514493938,14151.6985306966,1921.56356514183,15.5498986068375,404.393628732362,0,-647.464328615105,-609.62588585257,629.088480840242,-10.271373077184,0,-1377.06149368043,-554.060666081226,-266.733910448514,40.5052562751627,0,0,447.074960980502,0,0,0,0,1888.48456490633,-606.704908227725,0,0
0,692.632726382989,381.217030164771,0,304.703251685997,0,0,-411.611062832566,0,-959.147051691409,0,0,-639.950713490684,-220.32555651578,-1534.45151076428,0,1434.70014283473,0,4247.06683846945,0,0,0,0,641.626512965319,3706.21293451656,0,4284.24989961513,680.923940508973,0,-1794.61689597605,-2049.70772276237,-793.059034573594,747.236725139731,0,-1487.22197185052,1921.56356514183,14940.570639954,201.805717572865,704.042746431167,0,-424.682958893712,-357.05384741072,1921.16769964203,-1289.85512474154,0,-559.537424311916,166.034941281415,-613.090234149621,2804.37947040591,0,0,1148.61136842005,0,0,0,0,2073.39188118047,34.8513027143105,0,0
0,150.92450683016,-190.389849127574,0,377.160106486472,0,0,-988.650181305798,0,-521.029859726036,0,0,-894.861218157466,651.346148233429,598.9118930248,0,-1335.73683912294,0,-443.940768741805,0,0,0,0,-243.68204612791,-1209.0135387267,0,-2600.09251426007,876.342860274999,0,-186.370118099847,-525.613157683381,-1938.07312509693,578.390633908946,0,-12.1837632981206,15.5498986068375,201.805717572865,8217.90920572401,-849.729984573917,0,-124.870560639983,-185.748959166332,-755.838692441363,42.5273490484559,0,-44.5235009427653,-1144.67530845764,-11.3863268450319,-136.437882581601,0,0,404.124464809581,0,0,0,0,-786.772053224924,204.591861622458,0,0
0,-375.59161254526,-162.097695988808,0,258.107802702276,0,0,531.894835938867,0,528.656051577508,0,0,658.273152127307,997.681736247708,-406.190434584457,0,1845.87403497251,0,-410.726578997232,0,0,0,0,-710.507981810073,1306.23702808001,0,-484.908284144763,375.671509995197,0,953.679413994642,622.172335374462,388.342388419341,-1497.06266733324,0,-1555.70348625008,404.393628732362,704.042746431167,-849.729984573917,9581.59095900559,0,538.390354579712,2007.35699807153,-1212.10502833467,-700.18456630734,0,841.602316792762,-556.32839649444,962.745881694614,281.218615087146,0,0,-659.350801501635,0,0,0,0,582.922229696527,-735.873139943745,0,0
0,0,0,0,0,0,0,0,0,0,0,0,0,0,0,0,0,0,0,0,0,0,0,0,0,0,0,0,0,0,0,0,0,0,0,0,0,0,0,0.0521009187450347,0,0,0,0,0,0,0,0,0,0,0,0,0,0,0,0,0,0,0,0
0,79.8643374675438,307.562649631329,0,-761.097300001844,0,0,-253.434726446825,0,-999.965596604256,0,0,-913.692796705035,1996.703928554,402.042236919595,0,1187.84594413568,0,2654.4249678441,0,0,0,0,147.784745988989,67.7097936325579,0,2271.83151288938,-935.707494794878,0,1448.09527985753,-938.458696061218,2051.58174743884,678.198708519986,0,602.023759329943,-647.464328615105,-424.682958893712,-124.870560639983,538.390354579712,0,8727.20241414935,-163.400310972456,-1298.57890812962,-1711.2008202559,0,1655.64298733466,1452.28591783288,1318.69051326244,653.47290151026,0,0,-532.454198785993,0,0,0,0,-336.37147222489,-547.415380713724,0,0
0,419.403447386257,960.598001510274,0,887.070262721724,0,0,359.116497299752,0,-1250.59725785629,0,0,-329.689108351784,53.8040000515482,-644.409760217841,0,-1533.11063789028,0,-324.516040539425,0,0,0,0,-463.111368244891,1589.50440883939,0,3514.01069749213,-1831.88543043555,0,-76.2891862131491,-439.855253566546,2082.85864556398,-706.738238786812,0,2137.11896845045,-609.62588585257,-357.05384741072,-185.748959166332,2007.35699807153,0,-163.400310972456,12634.2265719682,-568.523998012051,-54.2957385254328,0,1453.56218057084,-1653.47611019698,-1404.87474912142,1359.75636268222,0,0,-46.6470269669602,0,0,0,0,1195.35550692735,-137.575794102376,0,0
0,-26.825661820503,424.07305883885,0,65.7592807558358,0,0,-55.5478443539283,0,519.375791630214,0,0,-740.550093053084,-619.153714880109,699.729156016153,0,1384.39599418685,0,1642.84968770393,0,0,0,0,443.396133722171,2884.3589030765,0,-61.9274760726408,-2170.80626403234,0,-588.503758871176,584.074524741666,-743.833178517734,1068.53401062728,0,-929.46829793887,629.088480840242,1921.16769964203,-755.838692441363,-1212.10502833467,0,-1298.57890812962,-568.523998012051,7384.24693511663,-300.327751595832,0,103.205016269417,1002.67068115449,-1949.76490362937,-48.0456288122018,0,0,66.265565911198,0,0,0,0,1403.7495514395,251.540024694957,0,0
0,637.320029116233,108.194439137342,0,927.627374150572,0,0,569.525027030068,0,35.5980186646516,0,0,1140.37880050856,-1268.67702458797,1332.36716143474,0,-16.8981927246317,0,-1032.00536226299,0,0,0,0,753.731553927806,-846.941496908182,0,-1387.01132335186,803.626044666776,0,-1016.37757565863,155.945830675934,-434.814928485241,702.9770628464,0,638.259191547696,-10.271373077184,-1289.85512474154,42.5273490484558,-700.18456630734,0,-1711.2008202559,-54.2957385254328,-300.327751595832,7022.18237334621,0,-1413.91181922502,-435.621634647237,130.173059934478,-38.1242856478234,0,0,-128.005769869,0,0,0,0,-471.33549141529,-52.8042647938021,0,0
0,0,0,0,0,0,0,0,0,0,0,0,0,0,0,0,0,0,0,0,0,0,0,0,0,0,0,0,0,0,0,0,0,0,0,0,0,0,0,0,0,0,0,0,0.0451250160958005,0,0,0,0,0,0,0,0,0,0,0,0,0,0,0
0,-132.750204582484,-1205.24872091784,0,-485.746345626967,0,0,-1695.10644359411,0,-39.905066603309,0,0,-2290.23280587759,2439.04130666198,-942.900788405933,0,2047.7667126014,0,2206.84498829992,0,0,0,0,1484.72238967142,-764.85655694327,0,338.350801574578,348.958664315236,0,2109.77336904871,-1230.97803607898,4147.21544488163,-408.281356980432,0,1098.80010608322,-1377.06149368043,-559.537424311916,-44.5235009427653,841.602316792762,0,1655.64298733466,1453.56218057084,103.205016269417,-1413.91181922502,0,10298.8494372628,-386.074119907987,-562.643322991743,1079.23423559631,0,0,-516.859405363527,0,0,0,0,-1178.74491678976,-271.240070636263,0,0
0,235.632359617328,-35.8562502386485,0,-357.778383006454,0,0,221.480133431265,0,-297.663040628677,0,0,152.678696623584,25.9622187969031,692.289182188113,0,1201.80910282596,0,1833.83750287635,0,0,0,0,-1018.40246625722,-522.202569612737,0,429.127010120995,479.611620732054,0,-1199.11768677696,-930.550852137879,1574.06541133187,-1067.21360745747,0,2066.42353346758,-554.060666081226,166.034941281415,-1144.67530845764,-556.32839649444,0,1452.28591783288,-1653.47611019698,1002.67068115449,-435.621634647237,0,-386.074119907987,7557.02376418935,19.072802749049,-492.580822587666,0,0,-750.713926413907,0,0,0,0,790.533678098067,237.935769769803,0,0
0,425.255354924874,-527.100437458467,0,174.505633618444,0,0,-364.660475185135,0,1724.11757105913,0,0,2532.05687139307,668.833588890088,-2221.90603487785,0,-323.919871011301,0,552.060901618022,0,0,0,0,302.807475977958,-1325.2001475945,0,240.622627073643,-759.797461246121,0,-919.686583296409,330.752094016332,-649.954828341891,23.2413640594727,0,880.475811813153,-266.733910448514,-613.090234149621,-11.3863268450319,962.745881694614,0,1318.69051326244,-1404.87474912142,-1949.76490362937,130.173059934478,0,-562.643322991743,19.072802749049,8199.34721777945,-276.508795481247,0,0,831.006784867644,0,0,0,0,-973.072644125607,-36.4020748747421,0,0
0,310.306885574378,-19.3399660658067,0,26.3386036474476,0,0,-116.94270609617,0,-930.443703732269,0,0,-718.059884038136,-736.148573575662,366.718622937723,0,-2326.97943874006,0,1223.5319803558,0,0,0,0,1052.59231868262,-896.764001293669,0,1583.5574605971,-863.576556849715,0,-62.3798717808915,-1684.21710837364,601.814826167509,265.800900712457,0,-1318.68066893244,40.5052562751627,2804.37947040591,-136.437882581601,281.218615087146,0,653.47290151026,1359.75636268222,-48.0456288122018,-38.1242856478234,0,1079.23423559631,-492.580822587666,-276.508795481247,6973.75524502005,0,0,-360.700733233488,0,0,0,0,-44.7251833847164,91.9348339709062,0,0
0,0,0,0,0,0,0,0,0,0,0,0,0,0,0,0,0,0,0,0,0,0,0,0,0,0,0,0,0,0,0,0,0,0,0,0,0,0,0,0,0,0,0,0,0,0,0,0,0,0.019558861832876,0,0,0,0,0,0,0,0,0,0
0,0,0,0,0,0,0,0,0,0,0,0,0,0,0,0,0,0,0,0,0,0,0,0,0,0,0,0,0,0,0,0,0,0,0,0,0,0,0,0,0,0,0,0,0,0,0,0,0,0,0.00842357692127039,0,0,0,0,0,0,0,0,0
0,-82.4061967980009,102.457445220135,0,1166.2026422604,0,0,-1225.8378427034,0,1138.96915485072,0,0,-685.663680593862,-832.91138251685,-717.57777285249,0,-17.1912264704497,0,1286.75813386013,0,0,0,0,-587.80184217344,-794.0302894813,0,2034.54736060265,-1538.50715520051,0,859.002934531712,151.207110650927,-843.716433451774,1027.37053469805,0,605.597176357546,447.074960980502,1148.61136842005,404.124464809581,-659.350801501635,0,-532.454198785993,-46.6470269669602,66.265565911198,-128.005769869,0,-516.859405363527,-750.713926413907,831.006784867644,-360.700733233488,0,0,6193.85993624652,0,0,0,0,-153.054424793792,-227.049202471231,0,0
0,0,0,0,0,0,0,0,0,0,0,0,0,0,0,0,0,0,0,0,0,0,0,0,0,0,0,0,0,0,0,0,0,0,0,0,0,0,0,0,0,0,0,0,0,0,0,0,0,0,0,0,0.0325665531050648,0,0,0,0,0,0,0
0,0,0,0,0,0,0,0,0,0,0,0,0,0,0,0,0,0,0,0,0,0,0,0,0,0,0,0,0,0,0,0,0,0,0,0,0,0,0,0,0,0,0,0,0,0,0,0,0,0,0,0,0,0.0497033326537101,0,0,0,0,0,0
0,0,0,0,0,0,0,0,0,0,0,0,0,0,0,0,0,0,0,0,0,0,0,0,0,0,0,0,0,0,0,0,0,0,0,0,0,0,0,0,0,0,0,0,0,0,0,0,0,0,0,0,0,0,0.0171356218281671,0,0,0,0,0
0,0,0,0,0,0,0,0,0,0,0,0,0,0,0,0,0,0,0,0,0,0,0,0,0,0,0,0,0,0,0,0,0,0,0,0,0,0,0,0,0,0,0,0,0,0,0,0,0,0,0,0,0,0,0,0.0159544497196149,0,0,0,0
0,-320.357628767404,725.965440038028,0,85.9154955685812,0,0,-331.492329614793,0,-777.118789391431,0,0,-1019.43092656626,-721.037287131914,1223.44596548431,0,157.158957571837,0,352.583605222144,0,0,0,0,-1020.65358933475,984.071569419358,0,769.020036249414,-211.125195460324,0,804.355785288051,-751.474351198568,-1356.26225502592,-209.055402448875,0,916.610395138913,1888.48456490633,2073.39188118047,-786.772053224924,582.922229696527,0,-336.37147222489,1195.35550692735,1403.7495514395,-471.33549141529,0,-1178.74491678976,790.533678098067,-973.072644125607,-44.7251833847165,0,0,-153.054424793792,0,0,0,0,4581.74473311927,-177.453469463683,0,0
0,209.863719417564,-29.0220845195745,0,306.61972079736,0,0,88.8261662352916,0,200.091504016148,0,0,-490.54145582182,216.585409479291,-417.392177082214,0,-1058.51448931131,0,-101.1264789517,0,0,0,0,-367.13953094109,-910.880257642341,0,-706.19292488154,1245.7497888165,0,-681.489051593497,953.316506534735,-756.334500798621,253.670633372337,0,1550.30040193775,-606.704908227725,34.8513027143105,204.591861622458,-735.873139943745,0,-547.415380713724,-137.575794102376,251.540024694957,-52.8042647938021,0,-271.240070636263,237.935769769803,-36.4020748747421,91.9348339709062,0,0,-227.049202471231,0,0,0,0,-177.453469463683,2001.71386938171,0,0
0,0,0,0,0,0,0,0,0,0,0,0,0,0,0,0,0,0,0,0,0,0,0,0,0,0,0,0,0,0,0,0,0,0,0,0,0,0,0,0,0,0,0,0,0,0,0,0,0,0,0,0,0,0,0,0,0,0,0.03289045636969,0
0,0,0,0,0,0,0,0,0,0,0,0,0,0,0,0,0,0,0,0,0,0,0,0,0,0,0,0,0,0,0,0,0,0,0,0,0,0,0,0,0,0,0,0,0,0,0,0,0,0,0,0,0,0,0,0,0,0,0,0.00669603182129159
