0.0810191366273894,0.0205428343644129,0.0467235135307514,0.00222899714022246,-0.0102878986571919,0.00327898764685668,0.00426002031137887,0.00329702882540887,0.00155246486656616,0.00402888472320036,0.00139450150268712,0.00441853249225316,0.00181333843818031,0.0013894660799771,0.00218555842490092,0.00044434453802723,-0.0205352442460293,-0.0174095917718902,-0.0149817845323122,-0.00489442447918694,0.0171738810863119,-0.0201017149136411
0.0205428343644129,0.0310065222695673,0.0130215218443249,-0.00427911822761512,-0.00764281485757439,-0.00393763044857433,-0.00425154062968653,-0.00403369446499575,-0.00563032045087786,-0.00732275925754462,-0.00725368914127814,-0.00408342208070504,-0.00277834243244508,-0.00725498920375225,-0.00399393833244812,0.0029633348367248,-0.00073424475929083,-0.0136290809320218,-0.00918526591224064,-0.00403691306956302,0.00889552027560115,-0.0049110123389471
0.0467235135307514,0.0130215218443249,0.0887796166994559,-0.011639547429147,-0.0151531044894951,-0.0100221162185691,-0.00842930616686638,-0.0100759951486098,-0.0144073068533179,-0.0112371763427876,-0.017234817371259,-0.00941519056928687,-0.00696736849476756,-0.0172345745583074,-0.00587116406325624,0.0188480562599113,-0.0257596543634075,-0.00724086147082149,-0.0279147336270102,-0.0100591780415565,-0.0146771246464667,-0.0252219342270355
0.00222899714022246,-0.00427911822761512,-0.011639547429147,0.0317999287110943,0.028198834420113,0.0296861306583818,0.029054204419181,0.0302904398841764,0.0271136226556987,0.0255164289622807,0.0311545384461962,0.022510472010042,0.0184118342255867,0.031150953848032,0.0262434947269819,-0.0261825043296979,0.01726469160281,-0.0057990805776575,0.0305064762823036,0.013386782632579,0.0161415957102249,0.0242361483467802
-0.0102878986571919,-0.00764281485757439,-0.0151531044894951,0.028198834420113,0.0275540241280061,0.0263584201317257,0.0247959388940068,0.0269283989392338,0.0237996791698797,0.0219728441168073,0.0279703555444102,0.018919879627213,0.0153589123995561,0.0279679692676285,0.0237381057874182,-0.0231051123317907,0.0183115919462981,-0.00241062120803111,0.028472460882999,0.0116297892427503,0.0104482339664136,0.0237844956110715
0.00327898764685668,-0.00393763044857433,-0.0100221162185691,0.0296861306583818,0.0263584201317257,0.0281333984292338,0.0266904380984972,0.0287266791540185,0.0252368022288817,0.0236726501904082,0.0293078357076341,0.0207875829830571,0.0167114263505795,0.0293043574336075,0.0251629920168072,-0.0246152210943283,0.0153992311203592,-0.00675997116153772,0.0271242827904706,0.011010530552497,0.015071851611468,0.0211779384269811
0.00426002031137887,-0.00425154062968653,-0.00842930616686638,0.029054204419181,0.0247959388940068,0.0266904380984972,0.0293765855532086,0.0271293427876668,0.0280067729628326,0.0265853708790857,0.0309565022095541,0.0248454697767711,0.0205732536135187,0.0309525829571318,0.0225192932075672,-0.0260680564446949,0.0153528102138138,-0.00137683564106276,0.0307561685906809,0.0155862698240073,0.0166826347299228,0.0248518876560255
0.00329702882540887,-0.00403369446499575,-0.0100759951486098,0.0302904398841764,0.0269283989392338,0.0287266791540185,0.0271293427876668,0.0293401089110094,0.0255952958268061,0.0240111059173844,0.0297736975925265,0.0210445765382801,0.0168834288248263,0.0297701714448578,0.0258002087523904,-0.0249871138809397,0.015677515878038,-0.00704535841889083,0.0275037741384545,0.0111142302242242,0.0152725523044979,0.021466011632396
0.00155246486656616,-0.00563032045087786,-0.0144073068533179,0.0271136226556987,0.0237996791698797,0.0252368022288817,0.0280067729628326,0.0255952958268061,0.0393374887435586,0.0351706515159249,0.0452588987521767,0.0344227828099584,0.0266443904929082,0.045252113142692,0.0229918479069054,-0.032625759089243,0.0215974548426632,-0.000486268871522479,0.0299286228931509,0.0204648243890681,0.0191740071135472,0.0240037482590626
0.00402888472320036,-0.00732275925754462,-0.0112371763427876,0.0255164289622807,0.0219728441168073,0.0236726501904082,0.0265853708790857,0.0240111059173844,0.0351706515159249,0.0323390664787299,0.04010038049138,0.0309984202563899,0.0243216979106908,0.0400942979229631,0.0214315541476436,-0.0295419649217218,0.0183700367818732,-9.13510053825652e-05,0.0274262735193082,0.0187645546893211,0.0180300591199464,0.0212121391108626
0.00139450150268712,-0.00725368914127814,-0.017234817371259,0.0311545384461962,0.0279703555444102,0.0293078357076341,0.0309565022095541,0.0297736975925265,0.0452588987521767,0.04010038049138,0.0531109790549774,0.0389589392128829,0.0293373630158664,0.0531029175140129,0.0272226413711113,-0.0374770133088819,0.0250463744705786,-0.000971514056662763,0.0328261204936139,0.02203325669738,0.0203681668118916,0.0260936464217281
0.00441853249225316,-0.00408342208070504,-0.00941519056928687,0.022510472010042,0.018919879627213,0.0207875829830571,0.0248454697767711,0.0210445765382801,0.0344227828099584,0.0309984202563899,0.0389589392128829,0.0311790110041609,0.0241051588125863,0.0389528804716835,0.0186596802929484,-0.0283349390864805,0.0177708078075892,0.00138175934567641,0.0260881352709988,0.0188182467814491,0.0175410805938548,0.0210975082403931
0.00181333843818031,-0.00277834243244508,-0.00696736849476756,0.0184118342255867,0.0153589123995561,0.0167114263505795,0.0205732536135187,0.0168834288248263,0.0266443904929082,0.0243216979106908,0.0293373630158664,0.0241051588125863,0.0199246599633837,0.0293330574218784,0.0145396342609245,-0.0225233679032932,0.0144837607130666,0.000140139737133418,0.0223689590247462,0.0159894984821623,0.0144000030507598,0.0182079877932985
0.0013894660799771,-0.00725498920375225,-0.0172345745583074,0.031150953848032,0.0279679692676285,0.0293043574336075,0.0309525829571318,0.0297701714448578,0.045252113142692,0.0400942979229631,0.0531029175140129,0.0389528804716835,0.0293330574218784,0.0530948597964566,0.0272191725105938,-0.0374706346570242,0.0250420221738682,-0.000970517163394838,0.0328237619418341,0.0220275617581452,0.0203635402852378,0.0260923630344517
0.00218555842490092,-0.00399393833244812,-0.00587116406325624,0.0262434947269819,0.0237381057874182,0.0251629920168072,0.0225192932075672,0.0258002087523904,0.0229918479069054,0.0214315541476436,0.0272226413711113,0.0186596802929484,0.0145396342609245,0.0272191725105938,0.0251993321589498,-0.0216826228663239,0.0142012477283493,-0.00984882589367944,0.0217348763421258,0.0103988243374102,0.0137320414124957,0.0167482261088146
0.00044434453802723,0.0029633348367248,0.0188480562599113,-0.0261825043296979,-0.0231051123317907,-0.0246152210943283,-0.0260680564446949,-0.0249871138809397,-0.032625759089243,-0.0295419649217218,-0.0374770133088819,-0.0283349390864805,-0.0225233679032931,-0.0374706346570242,-0.0216826228663239,0.0362633005105627,-0.025330553902076,0.00586862080120082,-0.0327066531094028,-0.017108577051903,-0.0205774298400214,-0.0257251334205
-0.0205352442460293,-0.00073424475929083,-0.0257596543634075,0.01726469160281,0.0183115919462981,0.0153992311203592,0.0153528102138138,0.015677515878038,0.0215974548426633,0.0183700367818732,0.0250463744705786,0.0177708078075892,0.0144837607130666,0.0250420221738682,0.0142012477283493,-0.025330553902076,0.0486367015665688,-0.0102636204818481,0.0300874300190673,0.0190840139041289,0.00803554566015187,0.0234471993137375
-0.0174095917718902,-0.0136290809320218,-0.00724086147082149,-0.0057990805776575,-0.0024106212080311,-0.00675997116153772,-0.00137683564106276,-0.00704535841889083,-0.000486268871522479,-9.13510053825652e-05,-0.000971514056662763,0.00138175934567641,0.000140139737133418,-0.000970517163394839,-0.00984882589367944,0.00586862080120082,-0.0102636204818481,0.0374307371770787,-0.000696360279122079,0.00687191722038047,-0.00768803455630155,0.00416531441759148
-0.0149817845323122,-0.00918526591224064,-0.0279147336270102,0.0305064762823036,0.028472460882999,0.0271242827904706,0.0307561685906809,0.0275037741384545,0.0299286228931509,0.0274262735193082,0.0328261204936138,0.0260881352709988,0.0223689590247462,0.0328237619418341,0.0217348763421258,-0.0327066531094028,0.0300874300190673,-0.000696360279122079,0.0503010780786963,0.0223527682175527,0.0175330127014738,0.0413068438583915
-0.00489442447918694,-0.00403691306956302,-0.0100591780415565,0.013386782632579,0.0116297892427503,0.011010530552497,0.0155862698240073,0.0111142302242242,0.0204648243890681,0.0187645546893211,0.02203325669738,0.0188182467814491,0.0159894984821623,0.0220275617581452,0.0103988243374102,-0.017108577051903,0.0190840139041289,0.00687191722038047,0.0223527682175527,0.0288889911246595,0.0134942999534656,0.0189118607547512
0.0171738810863119,0.00889552027560115,-0.0146771246464667,0.0161415957102249,0.0104482339664136,0.015071851611468,0.0166826347299228,0.0152725523044979,0.0191740071135472,0.0180300591199464,0.0203681668118916,0.0175410805938548,0.0144000030507598,0.0203635402852378,0.0137320414124957,-0.0205774298400214,0.00803554566015187,-0.00768803455630155,0.0175330127014738,0.0134942999534656,0.0311494954195494,0.0134041785122359
-0.0201017149136411,-0.0049110123389471,-0.0252219342270355,0.0242361483467802,0.0237844956110715,0.0211779384269811,0.0248518876560255,0.021466011632396,0.0240037482590626,0.0212121391108626,0.0260936464217281,0.0210975082403931,0.0182079877932985,0.0260923630344517,0.0167482261088146,-0.0257251334205,0.0234471993137375,0.00416531441759148,0.0413068438583915,0.0189118607547512,0.0134041785122359,0.036840791504949
