0.176169827309438,-0.0117029026189235,0.0123718998660982,-0.00116733984665377,0.0482916242192177,0.00456961409518627,-0.0026274583079181,0.0124487268879692,-0.00266899112144849,0.0031185365079801,0.0229155514569274,0.00595196697032531,-0.0109440779159592,0.0383213776543837,0.00263556373166415,-0.00191387614769703,-0.0100283446392286,0.011877226326568,0.00363278997371895,-0.0152313166384968,0.000548468130422401,-0.00154169089529498,-0.0161623074358412,0.0173186555745173
-0.0117029026189235,0.033521226759332,7.19184977222888e-05,0.0154402871303987,-0.0100747594954281,4.79054767376285e-05,0.00332059728708689,0.000185752925909814,0.015203940169695,0.00121194769180875,-0.00678749867296937,-0.00292195497056464,-0.0144700198033144,0.015487261395534,-0.00350940277355947,-0.0185639550994992,0.00702934383307016,-0.000490248231669986,0.000117942868978585,-0.000485920367660088,-0.0067061085810844,-0.00121578180110607,-0.0133489682157294,0.0122308740747567
0.0123718998660982,7.19184977222888e-05,0.0698223496517541,0.000613554528932545,0.0130819118038051,0.004954513934113,0.0039906866143735,0.005269642237105,0.00316023771001331,0.00628124235676663,0.0121622848424356,0.0280608319091384,0.0101211437730054,0.00244680937190364,0.00558662993850978,0.0114756035852365,0.00505263927385318,-0.00178310683423512,0.00234342101076936,-0.0018518770908007,-0.00442140183560904,-0.000746769436627759,0.0106876068204623,0.000364390929872504
-0.00116733984665377,0.0154402871303987,0.000613554528932545,0.0250243774532981,0.000336322620327928,0.00568189360779745,-0.00254205255284201,0.00538199882944786,0.0196105661215401,0.00359918840057039,-0.00118538074289293,-0.00218250582199374,-0.007345486051394,0.0301963388991542,-0.000261748621845051,0.00646839932489479,0.00846524205556182,0.00197219681955447,-0.000180928174445027,-0.00496066108833871,-0.00214354924758863,0.000658484457533797,-0.0223944073151533,-0.00109215043281007
0.0482916242192177,-0.0100747594954281,0.0130819118038051,0.000336322620327928,0.150862105384981,0.0223384244183791,-0.00882170641790292,0.0302138676084939,0.0135062627465696,0.00515503594698539,0.0200468769749014,0.00536931686075671,0.00257669612773948,0.0181000088493519,-0.00866301639852863,0.000986385592574156,0.0237018220345263,0.0148823115739933,-0.00524139707490587,0.00217378710871773,-0.0267121124095339,-0.00986434363238645,-0.00942154096269582,0.0265013470133811
0.00456961409518627,4.79054767376285e-05,0.004954513934113,0.00568189360779745,0.0223384244183791,0.0824320941488708,0.00102801416644073,0.0246384966523356,0.0106173118938096,0.00961978067321773,0.0031009763592635,0.00241450119068746,-0.000476709387437493,0.00233113627744101,-0.00158057142030789,0.00716706186903155,0.00340626951645971,0.00487954746395892,0.00021735360938699,-0.0100917246151719,0.0066234635176063,-0.0143720978955042,-0.00339144017503845,0.0212635145169581
-0.0026274583079181,0.00332059728708689,0.0039906866143735,-0.00254205255284201,-0.00882170641790292,0.00102801416644073,0.0627968623296344,-0.0132601678261148,-0.00150976638653654,-0.000828454741007185,-0.0124580934281507,0.00125429750529831,0.0140563593689431,0.0125953757280119,0.00600974270086682,-0.0082379404957342,0.00726352155814536,-0.00639525935039878,0.00455645841914878,-0.00117565817097032,0.00135280149617068,-0.00147605655288589,0.00335255406166584,-0.0039335682810031
0.0124487268879692,0.000185752925909815,0.005269642237105,0.00538199882944786,0.0302138676084939,0.0246384966523356,-0.0132601678261148,0.127388020370194,0.020173117502852,0.0226554097714696,0.0179406126863678,0.00525605452305816,0.00365087747972504,0.000715003738677738,0.00473354761248292,-0.0112784000657815,0.00865428333390092,0.00117406387165367,0.00332731613944045,0.0218834097014678,-0.051438730913925,-0.00470396010933266,0.0088881695764781,0.00335029765893571
-0.00266899112144849,0.015203940169695,0.00316023771001331,0.0196105661215401,0.0135062627465696,0.0106173118938096,-0.00150976638653654,0.020173117502852,0.127930282257275,0.00637678552065898,0.00649957697760313,-0.00116312442958916,-0.0118764765345062,0.0521809117485923,-0.0105187250073679,0.00422503898029736,0.0232708133384908,0.0126156289716881,-0.00306622809583821,-0.0137144211797294,-0.0497247983212729,-0.00559668489148646,-0.0456206561821468,0.023017790455229
0.0031185365079801,0.00121194769180875,0.00628124235676663,0.00359918840057039,0.00515503594698539,0.00961978067321774,-0.000828454741007185,0.0226554097714696,0.00637678552065898,0.0374778203910905,0.00854452855225533,0.00743109761039686,0.00702059029465878,0.0112712226291255,0.00143543713884745,0.00592595822052384,0.00312360026974975,-0.00214082952981825,0.00399398102180944,-0.0180088657255601,0.00422833162056066,0.00215959379518384,-0.00966673289866739,-0.000645900183253432
0.0229155514569274,-0.00678749867296937,0.0121622848424356,-0.00118538074289293,0.0200468769749014,0.0031009763592635,-0.0124580934281507,0.0179406126863678,0.00649957697760313,0.00854452855225533,0.124951300406112,-0.00618578124255487,-0.00225627788096329,-0.00921044610426406,0.0022940274926912,0.00733783649746465,-0.00558886085891414,0.0152849239139432,-0.00625879311801708,0.00804764323162143,-0.00684541381366114,0.00702310560651349,-0.00311624744355605,0.0235256938184256
0.00595196697032531,-0.00292195497056464,0.0280608319091384,-0.00218250582199374,0.00536931686075671,0.00241450119068746,0.00125429750529831,0.00525605452305816,-0.00116312442958916,0.00743109761039686,-0.00618578124255487,0.0304573677962904,0.00409116365711837,0.0166183723460502,0.000966295413184714,0.0111153196780818,0.000841001378801882,-0.00286893207336042,0.00101635153333495,-6.16903564312327e-05,0.00302833553351342,0.00239250428466903,0.00518331419873176,0.00726966584551146
-0.0109440779159592,-0.0144700198033144,0.0101211437730054,-0.007345486051394,0.00257669612773948,-0.000476709387437493,0.0140563593689431,0.00365087747972504,-0.0118764765345062,0.00702059029465878,-0.00225627788096329,0.00409116365711837,0.129891753968023,-0.007635787476971,0.00656606400294508,0.0139858246559356,-0.0056062921253469,0.00466470388477461,-0.00159652286103587,-0.00389295483870157,0.00397288363022163,-0.00118831635464302,0.0192790132797177,-0.0462363956989239
0.0383213776543837,0.015487261395534,0.00244680937190364,0.0301963388991542,0.0181000088493519,0.00233113627744101,0.0125953757280119,0.000715003738677738,0.0521809117485923,0.0112712226291255,-0.00921044610426406,0.0166183723460502,-0.00763578747697101,0.242041362181981,0.000228139051551028,-0.00718097050961371,0.019734735770161,0.00386247864849869,0.0117119719930514,-0.00265601646487613,0.0129110879219716,0.000148682198223102,-0.06235810275676,0.00284657619021417
0.00263556373166415,-0.00350940277355947,0.00558662993850978,-0.000261748621845051,-0.00866301639852863,-0.00158057142030789,0.00600974270086682,0.00473354761248292,-0.0105187250073679,0.00143543713884745,0.0022940274926912,0.000966295413184714,0.00656606400294508,0.000228139051551028,0.040835756264714,0.00992036844375428,-0.00351170115547649,-0.00990711317759246,-0.00242475347646383,0.00102632979522452,0.00901060469479858,-0.00317501942023231,-0.00117963029610127,0.00247107364143491
-0.00191387614769703,-0.0185639550994992,0.0114756035852365,0.00646839932489479,0.000986385592574156,0.00716706186903155,-0.0082379404957342,-0.0112784000657815,0.00422503898029736,0.00592595822052384,0.00733783649746465,0.0111153196780818,0.0139858246559356,-0.00718097050961371,0.00992036844375428,0.18498067241838,-0.0214173680110373,0.0121047376268103,-0.00589183085537926,-0.00734863410405849,0.0212067969999159,-0.00274285547054592,0.00262733897143497,-0.017278773376163
-0.0100283446392286,0.00702934383307016,0.00505263927385318,0.00846524205556182,0.0237018220345263,0.00340626951645971,0.00726352155814536,0.00865428333390092,0.0232708133384908,0.00312360026974975,-0.00558886085891414,0.000841001378801882,-0.0056062921253469,0.019734735770161,-0.00351170115547649,-0.0214173680110373,0.0715195409860384,0.0058209230508562,-0.00427291818278468,0.00498768289597486,-0.0160237592865405,-0.00149444771007047,-0.0184366605567653,-0.00782763795064077
0.011877226326568,-0.000490248231669986,-0.00178310683423512,0.00197219681955447,0.0148823115739933,0.00487954746395892,-0.00639525935039878,0.00117406387165367,0.0126156289716881,-0.00214082952981825,0.0152849239139432,-0.00286893207336042,0.00466470388477461,0.00386247864849869,-0.00990711317759246,0.0121047376268103,0.0058209230508562,0.0680338968389214,-0.0301771014800769,-0.00796074517979593,0.00325594494719039,0.00289990246926711,-0.00336760403326998,0.000133512662057529
0.00363278997371895,0.000117942868978585,0.00234342101076936,-0.000180928174445027,-0.00524139707490587,0.00021735360938699,0.00455645841914878,0.00332731613944045,-0.00306622809583821,0.00399398102180944,-0.00625879311801708,0.00101635153333495,-0.00159652286103587,0.0117119719930514,-0.00242475347646383,-0.00589183085537926,-0.00427291818278468,-0.0301771014800769,0.0316526328600514,-0.00211290454032675,-0.00406788252132433,-0.00183532446088949,-0.00559876089322904,0.000386734726675815
-0.0152313166384968,-0.000485920367660088,-0.0018518770908007,-0.00496066108833871,0.00217378710871773,-0.0100917246151719,-0.00117565817097032,0.0218834097014678,-0.0137144211797294,-0.0180088657255601,0.00804764323162143,-6.16903564312327e-05,-0.00389295483870157,-0.00265601646487613,0.00102632979522452,-0.00734863410405849,0.00498768289597486,-0.00796074517979593,-0.00211290454032675,0.158932727996518,-0.13908878321629,-0.00405155925286454,0.00690157710295692,0.0129599917300802
0.000548468130422401,-0.0067061085810844,-0.00442140183560904,-0.00214354924758863,-0.0267121124095339,0.0066234635176063,0.00135280149617068,-0.051438730913925,-0.0497247983212729,0.00422833162056066,-0.00684541381366114,0.00302833553351342,0.00397288363022163,0.0129110879219716,0.00901060469479858,0.0212067969999159,-0.0160237592865405,0.00325594494719039,-0.00406788252132433,-0.13908878321629,0.222695336078763,0.00359937630023768,0.00156389698977265,-0.00989552554770221
-0.00154169089529498,-0.00121578180110607,-0.000746769436627759,0.000658484457533797,-0.00986434363238645,-0.0143720978955042,-0.00147605655288589,-0.00470396010933266,-0.00559668489148646,0.00215959379518384,0.00702310560651349,0.00239250428466903,-0.00118831635464302,0.000148682198223102,-0.00317501942023231,-0.00274285547054592,-0.00149444771007047,0.00289990246926711,-0.00183532446088949,-0.00405155925286454,0.00359937630023768,0.0266431135956619,-0.00943970798616125,-0.0203860503871237
-0.0161623074358412,-0.0133489682157294,0.0106876068204623,-0.0223944073151533,-0.00942154096269582,-0.00339144017503845,0.00335255406166584,0.0088881695764781,-0.0456206561821468,-0.00966673289866739,-0.00311624744355605,0.00518331419873176,0.0192790132797177,-0.06235810275676,-0.00117963029610127,0.00262733897143497,-0.0184366605567653,-0.00336760403326998,-0.00559876089322904,0.00690157710295691,0.00156389698977265,-0.00943970798616125,0.182061969783558,-0.133099483031418
0.0173186555745173,0.0122308740747567,0.000364390929872504,-0.00109215043281007,0.0265013470133811,0.021263514516958,-0.0039335682810031,0.00335029765893571,0.023017790455229,-0.000645900183253432,0.0235256938184256,0.00726966584551146,-0.0462363956989239,0.00284657619021417,0.00247107364143491,-0.017278773376163,-0.00782763795064077,0.000133512662057529,0.000386734726675815,0.0129599917300802,-0.00989552554770222,-0.0203860503871237,-0.133099483031418,0.233724737827193
