0.000470794228728456,-0.00162261006742518,-0.000175237784372229,-0.000357497875140099,0.00035096920159052,-9.79884019579281e-05,0.000977017241457515,-0.000175014620819787,-0.000730511839163478,-0.00173023525708427
-0.00162261006742518,0.115544013069628,0.0735389397486015,0.0660588859597429,0.0635470919994149,0.0423771317236285,0.0995141269429058,0.0643080765931484,0.0778090977654358,0.0285466338200648
-0.000175237784372229,0.0735389397486015,0.103635108358405,0.102130424827958,0.0893800238163417,0.0580190095409143,0.126492911113171,0.0669153748512513,0.0773140724526319,0.0254706850900914
-0.000357497875140099,0.0660588859597429,0.102130424827958,0.106613371730149,0.0863957786511027,0.0679588577793743,0.118914219006145,0.0635436960170713,0.0610697644447274,0.0254443099617058
0.00035096920159052,0.0635470919994149,0.0893800238163417,0.0863957786511027,0.117207642261917,0.0460575252354941,0.120844425106824,0.0605829622825258,0.0803645036726633,0.0232434860632122
-9.79884019579281e-05,0.0423771317236284,0.0580190095409143,0.0679588577793743,0.0460575252354941,0.0698437343367034,0.0846763294980498,0.0473948181671679,0.0228951167635816,0.0257267197824278
0.000977017241457515,0.0995141269429058,0.126492911113171,0.118914219006145,0.120844425106824,0.0846763294980498,0.216420902218722,0.106059204703182,0.119257505756686,0.038748191208525
-0.000175014620819787,0.0643080765931484,0.0669153748512513,0.0635436960170713,0.0605829622825258,0.0473948181671679,0.106059204703182,0.0739697617264062,0.0634211084490181,0.0229020195934533
-0.000730511839163478,0.0778090977654358,0.0773140724526319,0.0610697644447274,0.0803645036726632,0.0228951167635816,0.119257505756686,0.0634211084490181,0.114026455967398,0.0364003928065529
-0.00173023525708427,0.0285466338200648,0.0254706850900914,0.0254443099617058,0.0232434860632122,0.0257267197824278,0.038748191208525,0.0229020195934533,0.0364003928065529,0.0344493612242499
