0.000507553660416706,-0.00124306043057736,-0.000253562365703709,-0.000678227926556887,-0.0030096088028957,0.000147976378040248,-0.00232421084425095,-0.00126548538009989,-5.25866169266825e-05,0.00193042843397261
-0.00124306043057736,0.105387089770304,0.0599724414465758,0.0565472912233045,0.0706242374485198,0.0333213682699149,0.0918640570732959,0.0569493610314674,0.0594411054919671,0.0221965160825612
-0.000253562365703709,0.0599724414465758,0.109588328977536,0.0987883071801765,0.0660568794828312,0.0595051841445353,0.098420865667216,0.081583772713759,0.0795163113097143,0.0460104258141311
-0.000678227926556887,0.0565472912233045,0.0987883071801765,0.110676373927221,0.0820555899388589,0.0643597013062227,0.100329747916116,0.0852073056878648,0.0730384881542659,0.0300959963917256
-0.0030096088028957,0.0706242374485198,0.0660568794828312,0.0820555899388589,0.123508350127398,0.0535802782476808,0.135323694598458,0.082718673860646,0.0742552481996354,-0.00180908865987845
0.000147976378040248,0.0333213682699149,0.0595051841445353,0.0643597013062227,0.0535802782476808,0.052025587674531,0.0618296337002202,0.0635754142640673,0.0595618102543668,0.0220770299977655
-0.00232421084425095,0.0918640570732959,0.098420865667216,0.100329747916116,0.135323694598458,0.0618296337002202,0.193040609102287,0.104819934403737,0.103130524002355,0.0102836466902018
-0.00126548538009989,0.0569493610314674,0.081583772713759,0.0852073056878648,0.082718673860646,0.0635754142640673,0.104819934403737,0.100388561124095,0.078908110006089,0.0133814510379752
-5.25866169266825e-05,0.0594411054919671,0.0795163113097143,0.0730384881542659,0.0742552481996354,0.0595618102543668,0.103130524002355,0.078908110006089,0.131006174619725,0.0292530447419804
0.00193042843397261,0.0221965160825612,0.0460104258141311,0.0300959963917256,-0.00180908865987845,0.0220770299977655,0.0102836466902018,0.0133814510379752,0.0292530447419804,0.0475265930630953
