0.0352061568313218,0.00497092717885901,0.00617956757557523,-0.00657792722621029,-0.00293432481090669,-0.0017631042888261,-0.00184159983682179,0.0189885668393487
0.00497092717885901,0.0231628992967957,0.00386094174199909,0.0028825195708469,0.00645271198319271,0.00519102184087617,0.000281333065978072,0.0118300249186837
0.00617956757557523,0.00386094174199909,0.0273368409385596,0.00436009637242092,0.00171868344551966,0.0104299239858877,0.000580285125764003,0.0057716998910431
-0.00657792722621029,0.0028825195708469,0.00436009637242092,0.0294428328559023,0.0113996395350198,0.00622225294956814,0.00512377563881744,-0.00430655743744611
-0.00293432481090669,0.00645271198319271,0.00171868344551966,0.0113996395350198,0.0161619970008506,0.0031119177714896,0.00180381205258529,-0.00159172107859957
-0.0017631042888261,0.00519102184087617,0.0104299239858877,0.00622225294956814,0.0031119177714896,0.0156780073719759,0.00344871752794522,0.000994605945501073
-0.00184159983682179,0.000281333065978072,0.000580285125764003,0.00512377563881744,0.00180381205258529,0.00344871752794522,0.0202591700961683,0.00336933919093851
0.0189885668393487,0.0118300249186837,0.0057716998910431,-0.00430655743744611,-0.00159172107859957,0.000994605945501073,0.00336933919093851,0.0423081369978738
