0.000548010234819025,0.0010308714119866,0.000558490037355728,-3.95643356442628e-05,-0.00146071444630536,-0.000177142138140138,-0.000535331018689174,-0.00114313070768751,-0.0001181216310984,0.000204896214110064
0.0010308714119866,0.0986794731701769,0.0779404645153901,0.0543619556767253,0.044046449344249,0.0321689991080063,0.0839262389922808,0.0480312401244103,0.0307961345874824,0.0337660955154612
0.000558490037355728,0.0779404645153901,0.136972213910183,0.0928841795068599,0.0778768143397407,0.0731393607795458,0.154014581287412,0.0644706234169123,0.0623556760681386,0.0402396668481775
-3.95643356442628e-05,0.0543619556767253,0.0928841795068599,0.0919316183569048,0.0458675572936492,0.0469860354483384,0.113133305513447,0.050004835771725,0.0718626077223831,0.0413971976704802
-0.00146071444630536,0.044046449344249,0.0778768143397407,0.0458675572936492,0.0846829024115706,0.0374807472717905,0.109222515100138,0.0548046221002451,0.0376772489489444,0.0330247499297964
-0.000177142138140138,0.0321689991080063,0.0731393607795458,0.0469860354483384,0.0374807472717905,0.0569657229684317,0.0725163390241717,0.0312755365966323,0.0490334333661886,0.0154831055091912
-0.000535331018689174,0.0839262389922808,0.154014581287412,0.113133305513447,0.109222515100138,0.0725163390241717,0.208703717025206,0.0969207913530468,0.0928452884966518,0.0437477548749207
-0.00114313070768751,0.0480312401244103,0.0644706234169123,0.050004835771725,0.0548046221002451,0.0312755365966323,0.0969207913530468,0.0627576115010224,0.0463148634383785,0.00797890085169301
-0.0001181216310984,0.0307961345874824,0.0623556760681386,0.0718626077223831,0.0376772489489444,0.0490334333661886,0.0928452884966518,0.0463148634383785,0.121807255635537,0.0318077054555315
0.000204896214110064,0.0337660955154612,0.0402396668481775,0.0413971976704802,0.0330247499297964,0.0154831055091912,0.0437477548749207,0.00797890085169302,0.0318077054555315,0.0584531151699384
