0.218697277249868,0.0118738428988015,0.0070772211604983,0.00647684205837693,0.00382564149327696,0.015498289237354,0.0128816130748542,0.0121395173010236,0.00596293852675799,0.00287726239160229,0.033165135585833,-0.000760883073365316,0.00423912849343626,-0.000393551223410013
0.0118738428988015,0.0304275666340229,0.00465290798251166,0.00841564317436437,-0.00343625527315207,0.00114850057307413,0.00729675708297918,0.0249908999799426,0.01053981916247,0.00202521768644814,0.00372025279713676,-0.000863355938482892,-0.000421668072965149,7.62686919935699e-05
0.0070772211604983,0.00465290798251166,0.0361150424772041,0.00336275334293597,0.00497921876240468,0.0124282547643417,0.00804687994908032,0.0263657020435935,0.0207079281418831,0.0032181138944308,-0.00497537903574155,0.000364910631065016,-0.00319757308652146,7.33584760307609e-05
0.00647684205837693,0.00841564317436437,0.00336275334293597,0.045785034225037,-0.00165134464830377,-0.0027596734724404,0.0033190501352438,0.0150040452622645,0.0228633575687932,0.00221720413101477,-0.00140729983380071,-0.000532943847884077,0.00118329275918788,0.000379788061579661
0.00382564149327696,-0.00343625527315207,0.00497921876240468,-0.00165134464830377,0.0718751966380821,0.0324313723782468,0.00327094932141869,0.0344799472854808,0.0218402322622302,0.000284456869576462,0.00682754623528199,0.00260213759736719,0.00201929641447194,0.000548966134134369
0.0154982892373539,0.00114850057307413,0.0124282547643417,-0.0027596734724404,0.0324313723782468,0.0617318685279487,0.00765601358969728,0.0264870824228572,-0.00758824696971663,5.6417667529279e-06,0.00517560217850322,0.00239418386053119,0.000552981293372824,0.000238840714542444
0.0128816130748542,0.00729675708297918,0.00804687994908032,0.0033190501352438,0.00327094932141869,0.00765601358969728,0.0130199945736375,0.017247420769604,0.0112821729874438,0.00214781643821631,0.00628133903004542,2.9112398743541e-05,-0.00102163824497413,-0.000180056392345914
0.0121395173010236,0.0249908999799426,0.0263657020435935,0.0150040452622645,0.0344799472854808,0.0264870824228572,0.017247420769604,0.240866563288949,0.0900292617046806,0.0108323491067549,0.0090841143422375,-0.00480894750292517,-0.00542763681331398,0.00232222857786525
0.00596293852675799,0.01053981916247,0.0207079281418831,0.0228633575687932,0.0218402322622302,-0.00758824696971663,0.0112821729874438,0.0900292617046806,0.244664264783944,0.021589253659314,0.0110930873870935,0.0101078473283669,-0.00457684972745263,0.00278939087767202
0.00287726239160229,0.00202521768644814,0.0032181138944308,0.00221720413101477,0.000284456869576462,5.6417667529279e-06,0.00214781643821631,0.0108323491067549,0.021589253659314,0.00385540984246001,0.00200953396422717,0.000665585986717547,-0.00116956897693088,0.000424010327964376
0.033165135585833,0.00372025279713676,-0.00497537903574155,-0.00140729983380071,0.006827546235282,0.00517560217850321,0.00628133903004542,0.0090841143422375,0.0110930873870935,0.00200953396422717,0.247325137926476,0.00332667211631683,0.00903931662389449,-0.00050147445585618
-0.000760883073365316,-0.000863355938482892,0.000364910631065016,-0.000532943847884077,0.00260213759736719,0.00239418386053119,2.9112398743541e-05,-0.00480894750292517,0.0101078473283669,0.000665585986717547,0.00332667211631683,0.0167443899785496,-0.000304151660739754,0.000206054640317971
0.00423912849343626,-0.000421668072965149,-0.00319757308652146,0.00118329275918788,0.00201929641447194,0.000552981293372824,-0.00102163824497413,-0.00542763681331398,-0.00457684972745263,-0.00116956897693088,0.00903931662389449,-0.000304151660739754,0.008244543561624,-0.000163631229560606
-0.000393551223410013,7.62686919935699e-05,7.33584760307609e-05,0.00037978806157966,0.000548966134134369,0.000238840714542444,-0.000180056392345914,0.00232222857786525,0.00278939087767202,0.000424010327964376,-0.00050147445585618,0.000206054640317971,-0.000163631229560606,0.000592693088313654
