0.215771830220757,0.0141052259550137,0.0034461014809056,-0.00384651493043877,-0.00879596117124892,0.00502990834247968,0.00780406718722871,0.0123651278266558,-0.0149502828686574,0.00254418200412636,0.0207820637391929,-0.0125744649760916,0.00143869458724093,-0.000218745326388958
0.0141052259550137,0.0355728173856782,0.00246410293852992,0.000843290516009048,-0.00739285139407316,0.00669883465360858,0.00816701586233902,0.0224673037576644,0.00542428411958837,0.00170569714819227,0.00490390739383415,0.00161103377990176,-0.000101382655178362,0.000512419856880301
0.0034461014809056,0.00246410293852992,0.0256432749567146,0.00434679211944646,0.00526584094654297,0.00819468426455824,0.00538024398448231,0.0297643462327521,0.0120508623109613,0.00749505575879727,-0.00342086159099734,0.00533385815068279,-0.00415907208782229,0.000358181378053326
-0.00384651493043877,0.000843290516009048,0.00434679211944646,0.0437854341221169,0.00283085866941513,-3.00102407728601e-05,-0.000179530359957903,0.0085743564560792,0.0152434335209191,0.0012931929523409,-0.00335620905186549,-0.000546355716385953,0.000245098669984246,-0.000302491086066427
-0.00879596117124892,-0.00739285139407316,0.00526584094654298,0.00283085866941513,0.0822812711829771,0.0346757835005584,0.00445044607154943,0.044331190331802,0.0225177004847504,0.00229725479744661,0.00864212639862904,0.00559048665746784,0.00347742049579512,0.000701197396141684
0.00502990834247968,0.00669883465360858,0.00819468426455824,-3.00102407728601e-05,0.0346757835005584,0.0687109686262646,0.0114136946048811,0.0350118845372826,0.00332505907495563,0.00349580143774782,0.0284502916838492,0.00467324233091914,0.0038232471808084,0.000883499681824402
0.00780406718722872,0.00816701586233902,0.00538024398448231,-0.000179530359957903,0.00445044607154943,0.0114136946048811,0.0124938866142037,0.023935323685847,0.00922075426688745,0.00166912011984935,0.00868757388432336,-6.61262000840437e-05,0.000442331455912528,2.54421083939925e-06
0.0123651278266558,0.0224673037576644,0.0297643462327521,0.0085743564560792,0.044331190331802,0.0350118845372826,0.023935323685847,0.284445561320608,0.0932231527925018,0.0223583819879316,0.033146001516291,0.00867395887789232,-0.000604078663276075,0.00194633547095771
-0.0149502828686574,0.00542428411958837,0.0120508623109613,0.0152434335209191,0.0225177004847504,0.00332505907495563,0.00922075426688745,0.0932231527925018,0.238846968243113,0.0150379932362227,-0.00532154734844945,0.0257931952844709,-0.00464773210759099,0.000694118008414335
0.00254418200412636,0.00170569714819227,0.00749505575879727,0.0012931929523409,0.00229725479744661,0.00349580143774782,0.00166912011984935,0.0223583819879316,0.0150379932362227,0.00746434121607954,0.0027274577339524,0.0015587653126489,-0.000785773503370271,4.85847946449656e-05
0.0207820637391929,0.00490390739383415,-0.00342086159099734,-0.00335620905186549,0.00864212639862904,0.0284502916838492,0.00868757388432336,0.033146001516291,-0.00532154734844945,0.0027274577339524,0.249157581764598,0.00219273114808359,0.0117436345116041,0.000451155260036428
-0.0125744649760916,0.00161103377990176,0.00533385815068279,-0.000546355716385953,0.00559048665746784,0.00467324233091914,-6.61262000840437e-05,0.00867395887789232,0.0257931952844709,0.0015587653126489,0.00219273114808359,0.0283212919213976,-0.00157213632614649,0.000880953897068194
0.00143869458724093,-0.000101382655178362,-0.00415907208782229,0.000245098669984246,0.00347742049579512,0.0038232471808084,0.000442331455912528,-0.000604078663276075,-0.00464773210759099,-0.000785773503370271,0.0117436345116041,-0.00157213632614649,0.00723422163422693,4.68347411621109e-06
-0.000218745326388958,0.000512419856880301,0.000358181378053326,-0.000302491086066427,0.000701197396141684,0.000883499681824402,2.54421083939925e-06,0.00194633547095771,0.000694118008414336,4.85847946449656e-05,0.000451155260036428,0.000880953897068194,4.68347411621109e-06,0.000411076996205922
