0.0309172840395984,-0.0174428877399822,0.0228774777964611,0.00656588505779993,0.000791998276793909,0.0013383470644367,0.0224024710047174,-0.00653415814572272,0.0144595646808219,0.0108850385805236,0.0139648498960962,0.0245231108659968,0.0133945231007391
-0.0174428877399822,0.227717635525434,-0.00352595552462513,-0.0236235865248786,-0.0148441116046314,0.00582582501047593,0.0450304163120951,-0.00474007441536238,0.0236524960366074,-0.00850708051654471,-0.0293355625812026,0.0185733234205904,0.0165272243560631
0.0228774777964611,-0.00352595552462513,0.0908399846552398,-0.000246926196646344,0.00108370857826633,-0.0131145589143504,0.0169236700619448,-0.0123310047596231,0.0797200881912577,0.0191508959299031,0.0349610982648594,0.0346020707986752,0.0659910386308543
0.00656588505779993,-0.0236235865248786,-0.000246926196646344,0.0283992597752259,0.00246340013315853,0.00692931466595336,0.00252784108580368,-0.00459914209483068,0.000360320803287409,0.00573481780367298,0.00564267000849097,0.00672655463011438,0.00775522786778122
0.000791998276793909,-0.0148441116046314,0.00108370857826633,0.00246340013315854,0.0131110521752072,-0.00538847256537728,0.0105657922994502,0.00285085344639357,0.00241349720525058,-0.0016436369284036,-0.00262998582935335,0.00433068056561078,0.00902332344100775
0.0013383470644367,0.00582582501047593,-0.0131145589143504,0.00692931466595336,-0.00538847256537728,0.104553134129286,-0.00668722492339012,-0.00793124559761967,-0.0342258937587893,0.0013776836558517,-0.010740537118627,-0.0083688512578137,-0.00737758130777361
0.0224024710047174,0.0450304163120951,0.0169236700619448,0.00252784108580368,0.0105657922994502,-0.00668722492339012,0.24047139018162,-0.00615413144306388,0.0204549596139425,0.0268389121462754,0.0528832460060194,0.0624164478008291,-0.00748194003637188
-0.00653415814572272,-0.00474007441536238,-0.0123310047596231,-0.00459914209483068,0.00285085344639357,-0.00793124559761967,-0.00615413144306388,0.0330425155615583,-0.0436169603979307,-0.00919555697430744,-0.0239694918201251,-0.0120954058353254,-0.0311607676950754
0.0144595646808219,0.0236524960366074,0.0797200881912577,0.000360320803287409,0.00241349720525058,-0.0342258937587893,0.0204549596139425,-0.0436169603979307,0.231503876548512,0.0202010611887042,0.060822687196551,0.0270601896044985,0.0894772327114381
0.0108850385805236,-0.00850708051654471,0.0191508959299031,0.00573481780367298,-0.0016436369284036,0.0013776836558517,0.0268389121462754,-0.00919555697430744,0.0202010611887042,0.0360078630312479,0.04569155815512,0.0121108394034974,0.0332625886642524
0.0139648498960962,-0.0293355625812026,0.0349610982648594,0.00564267000849097,-0.00262998582935335,-0.010740537118627,0.0528832460060194,-0.0239694918201251,0.060822687196551,0.04569155815512,0.100390116776828,0.0240188263386646,0.0360545498293448
0.0245231108659968,0.0185733234205904,0.0346020707986752,0.00672655463011438,0.00433068056561078,-0.0083688512578137,0.0624164478008291,-0.0120954058353253,0.0270601896044985,0.0121108394034974,0.0240188263386646,0.115058069452117,0.0476040823475857
0.0133945231007391,0.0165272243560631,0.0659910386308543,0.00775522786778122,0.00902332344100775,-0.00737758130777361,-0.00748194003637188,-0.0311607676950754,0.0894772327114381,0.0332625886642524,0.0360545498293448,0.0476040823475857,0.227258323715749
