0.032100191145262,0,0,0,0,0,0,0,0,0,0,0,0,0,0,0,0,0,0,0,0,0,0,0,0,0,0,0,0,0,0,0,0,0,0,0,0,0,0,0,0,0,0,0,0,0,0,0,0,0,0,0,0,0,0,0,0,0,0,0
0,5565.83164426189,438.313290575169,176.458130821332,0,-34.8476128291523,-80.0691285346781,-153.759613149726,252.147389215704,0,13.2202607382505,480.534325240946,-395.033345457227,-907.114362424168,914.194427431127,-1282.39781023687,-1349.37782319441,0,1566.93583955801,-261.975349742856,1109.41339509572,-263.990935266975,-411.531360393267,321.438789748386,454.684353606803,0,-406.6843398137,897.087707158077,0,410.855061621177,-842.688812351062,1738.12505792747,0,-1189.62625479532,-292.686483226473,-244.428211350655,-482.155567726366,-634.275106891733,92.3217887129002,550.170855907279,0,-647.380508252846,574.443451057201,-812.173845518789,137.123986007175,-159.755593639207,-174.342858073773,-703.748829564556,513.674280193037,-660.805594413954,257.495623122783,937.468968638205,-508.090965914953,-266.206747400249,-484.619302492104,-568.9270854753,0,127.59660939343,-51.9215874722747,104.480685626355
0,438.313290575169,3299.33179592643,-49.3777826407268,0,-166.518557995937,-363.983397587104,-703.97421454262,338.329800647884,0,-330.975035075958,-376.396327593499,46.0451738173615,-525.750924779797,780.261705614278,126.635439348059,654.931082044113,0,-407.692336237593,-91.7786788727242,-580.540174871714,-93.0725676937967,-752.259577681894,-609.981124327165,1135.74845221862,0,2656.46816550873,905.893822644761,0,169.150514506397,-144.883804801288,793.327589125821,0,483.825091358129,214.02604380993,-88.7779539911945,-616.179610994884,309.132005213233,-443.389443719475,-117.930009985405,0,-69.8801583570125,954.691462879474,-179.5896294633,128.219970034633,516.866929721742,-246.520125991322,-365.76319976833,-633.713366909545,615.852701359726,-6.35750341529516,-88.1773421776506,-54.2123352139517,-377.529549971353,-238.692181586481,281.29545471964,0,-449.506377312265,157.891441550435,-314.493531792733
0,176.458130821332,-49.3777826407268,3220.74962657471,0,-561.275816034023,471.771792446424,932.182101372984,-632.03912190998,0,-458.463037243546,251.515083687377,555.534669756204,3.78061730437081,6.39819869717598,-195.550538421579,-685.211468208023,0,-213.733150284662,144.489545721083,-273.53161146491,148.736347341928,1608.4761999443,138.503802036348,320.077540028877,0,-74.0346290947218,-218.693237928185,0,287.84240305099,-377.329682279856,427.693612371979,0,-686.280041474056,-933.109150690863,-1265.85560485787,-210.043661372931,766.283618792272,856.031998202421,-645.04009769592,0,486.084931052078,-442.310212272235,-379.711589363751,361.381485440899,958.234919409787,-153.313040103486,884.218215503205,-186.62570303042,-295.32000652358,-143.271368457071,894.280913820725,85.1786613107069,-236.74813640138,627.994927869299,56.9631974200501,0,-901.005277536628,-91.5360329536625,183.069795533262
0,0,0,0,0.0272897014442275,0,0,0,0,0,0,0,0,0,0,0,0,0,0,0,0,0,0,0,0,0,0,0,0,0,0,0,0,0,0,0,0,0,0,0,0,0,0,0,0,0,0,0,0,0,0,0,0,0,0,0,0,0,0,0
0,-34.8476128291523,-166.518557995937,-561.275816034023,0,3311.34928829731,-927.228167943091,-43.4997236236716,260.210730271262,0,59.818755273918,-300.585345611157,-578.589012295014,174.331352442289,-1019.55566001907,-909.625151286981,1747.35271148347,0,406.208139660172,-122.204058465,-506.039253807802,-1076.82253637658,-233.411215587384,333.448384004942,38.5474148174469,0,-259.086824383514,-14.885764171017,0,32.1161810073914,-986.138294464631,577.393720903945,0,-19.8428070122531,718.08228608626,328.345786779919,119.643888840987,-388.108064186116,-572.453353146415,170.592970347894,0,-445.954280679419,502.387844328089,444.551245873606,-247.487614662433,309.366666635076,155.466116862478,234.079669377713,186.903356900574,165.932102412062,-264.398513561824,-237.39484363998,-625.425717904702,1339.41942508187,-306.381624257165,-137.309875635573,0,749.722918205451,-983.921908147873,104.275409004521
0,-80.0691285346781,-363.983397587104,471.771792446424,0,-927.228167943091,4616.8325001514,802.180795344082,-691.144307704465,0,340.43631441769,-569.611443649261,1163.55995466629,53.7140545970054,-818.829682485001,439.82463750471,-704.734974878374,0,-121.486052881735,-944.018218788372,400.813229353052,290.262008221177,188.723604216363,-306.78006470725,-546.028037010775,0,-570.014462973182,-1203.48930870959,0,-964.093115912286,-359.295045517098,-1069.26531808084,0,353.830291720842,661.263465199972,-880.802758957074,-205.443077483084,574.355023608203,-737.239882964886,-711.470161472357,0,-707.257101784718,-476.215489471934,58.7872776734596,-546.378697079186,365.193682184531,191.413723222443,-623.901753772761,602.001111032211,528.062698853215,321.044840253443,-495.141699537316,169.584446530105,-1126.35334795242,867.511528332828,-173.870337872585,0,113.245901825028,424.939611942536,-190.038267650507
0,-153.759613149726,-703.97421454262,932.182101372984,0,-43.4997236236716,802.180795344082,7404.76264831614,-221.037269802545,0,-463.684604142592,-1606.26045836415,-460.463798922392,613.941992080737,517.510455996423,404.488335115936,-893.273555388918,0,1127.05825044734,1091.48285580213,-860.857772051095,-302.304710643509,240.883019034185,368.332426196156,-668.153519784308,0,-469.747007114149,-1845.14755760129,0,-1132.56458856488,-976.99699087444,64.0179950430551,0,-749.063538259912,970.442089047062,-927.50507032329,116.231901207323,426.133303865299,-2054.99285137963,-315.193059568569,0,1339.54601314861,-395.547440331356,1542.13184740867,-452.732655987864,851.924637124862,143.415542266562,218.221826787069,590.877015500384,611.514718853818,47.0838238055267,345.283386877813,637.199258654504,229.953126611086,-558.710430756313,-292.936056803853,0,-1586.08452883392,-559.185215643623,369.05590725044
0,252.147389215704,338.329800647884,-632.03912190998,0,260.210730271262,-691.144307704465,-221.037269802545,6350.95171591821,0,-168.46395713664,-733.244873019449,309.180488032466,4.3474437404766,1100.12122879787,-915.481000221411,-296.508401852159,0,-299.326298306744,899.940329503066,1778.87307774836,200.34470173467,805.221896684258,1509.49235028594,-755.382177662916,0,-107.940464590883,273.447411366287,0,-131.666660775702,661.386970928864,-40.3677461823559,0,-332.306034232928,-648.483577771362,1501.18732824626,-978.502180492566,-675.15386206241,-432.781062812977,56.1097025952811,0,-374.774288333847,2579.50470413687,-29.4181616899579,-706.30913872133,-752.811723297637,1188.30568006202,206.532565746063,161.969295139567,515.906677740491,53.3348108663182,-231.812150236151,122.377042543662,-328.595048294099,-127.661714254585,-661.827889695021,0,45.9442539645833,-1138.04949261798,2.33645750606138
0,0,0,0,0,0,0,0,0,0.0472546922755399,0,0,0,0,0,0,0,0,0,0,0,0,0,0,0,0,0,0,0,0,0,0,0,0,0,0,0,0,0,0,0,0,0,0,0,0,0,0,0,0,0,0,0,0,0,0,0,0,0,0
0,13.2202607382505,-330.975035075958,-458.463037243546,0,59.818755273918,340.43631441769,-463.684604142592,-168.46395713664,0,4873.326475549,-524.14415125276,427.222102113661,498.02864993715,-733.446272540221,14.7859062927403,15.9435332225898,0,16.761341747217,-880.773749751027,-129.197344282966,-886.408729253193,334.633569690979,1013.99742026502,97.8402638798012,0,-527.833015308188,-1187.49486912539,0,-410.610745923399,270.330603692549,-403.061797269194,0,-696.502795008441,1394.24868731522,-826.597896218228,464.302015846976,-329.565766531,-148.367066823817,663.38285925394,0,-1154.11748066425,56.0330646028172,623.210614139217,628.900556356926,493.605104438979,-43.3221598964488,-63.060942139712,-445.188070491824,-647.227578710436,-66.5186508157621,-485.929950127291,-516.393513598826,-66.9121303230885,81.9101501672357,926.637711972197,0,199.967346508714,84.007546956174,65.3535710709229
0,480.534325240946,-376.396327593499,251.515083687377,0,-300.585345611157,-569.611443649261,-1606.26045836415,-733.244873019449,0,-524.14415125276,6287.49684279104,-513.143416483998,124.361855383107,-835.614095326627,1355.34262694548,-684.711160381591,0,-712.632066413136,-259.887999680945,-148.32247481079,1228.54688770839,1137.47118617352,449.542276277462,-1153.83688921721,0,-593.171981027328,1107.32724865616,0,106.641417881199,936.392337435972,227.055201618975,0,-790.018983191506,-1198.32370750475,-240.290784569379,-181.293191938357,244.1318345146,983.853110265212,250.761327266555,0,361.638109552472,69.1894156050464,181.232692265175,1361.94868067841,-1097.35895631431,689.588476074282,-68.8741678957515,-949.54915811632,726.009523638397,-604.790161000373,-159.780896748822,-590.964568526348,1063.45654995606,1690.33534900359,275.881376729605,0,-236.297309315266,-964.338378822404,72.7485431020241
0,-395.033345457227,46.0451738173615,555.534669756204,0,-578.589012295014,1163.55995466629,-460.463798922392,309.180488032466,0,427.222102113662,-513.143416483998,4757.40411248017,-277.070231373989,-225.927445972763,-566.486269327074,17.8417778991266,0,-617.502439182049,-868.725550798134,534.696428167689,-871.797090051362,997.247949941365,1000.84043737806,1205.62804949747,0,-516.400724760982,-102.213577394684,0,86.8216766721872,-274.926985853005,-996.855788189829,0,1620.21973113478,-442.312237005151,-1418.07515123518,-781.902566965054,-324.208044820057,356.356546363218,-663.636346599424,0,312.496348690921,-918.019227488371,-763.057700112331,68.3590660069381,491.416759314047,-41.4602946256387,-540.723712419697,-828.322245064982,-637.569525773827,396.012107942741,201.646201414257,-133.684219934929,432.122236508754,545.222245657095,241.253706279464,0,596.683143761472,-377.163337119953,-166.970221996532
0,-907.114362424168,-525.750924779796,3.78061730437081,0,174.331352442289,53.7140545970054,613.941992080737,4.3474437404766,0,498.02864993715,124.361855383107,-277.070231373989,3255.30830071247,-851.855355538419,767.551792661235,804.605521734126,0,-294.611455793131,-1137.27398600711,81.2327319807242,-571.98111337529,-1251.87749481041,542.952653876521,-676.253162597461,0,-308.081508561346,-405.287610801579,0,269.469257859634,-57.4685912271971,-665.152813213983,0,585.810364393529,286.221351781724,-528.971539996969,512.298586026718,-22.6870805837876,-344.54073158062,-46.1672715028898,0,863.867660125927,-254.961950902577,-102.43864771681,-291.534309195365,632.222492201141,-185.794164543279,572.24109673733,-224.748683854504,-796.138638068231,-159.227920469744,547.522663184041,5.84991036821357,-726.883667573318,251.699106978031,65.4322746077667,0,-755.816041264164,250.953101187376,111.411025878396
0,914.194427431127,780.261705614278,6.39819869717598,0,-1019.55566001907,-818.829682485,517.510455996423,1100.12122879787,0,-733.446272540221,-835.614095326627,-225.927445972763,-851.855355538419,9278.52045154558,-699.839617922968,-733.830568869457,0,-29.6911120150053,14.8504335279165,977.944399845872,761.499070411016,578.947498835054,-678.57097225137,-481.121088171282,0,1230.929202668,2629.87785414798,0,129.721107023896,-149.760619906634,3090.27642087992,0,-1140.23477798978,-642.498247730655,1395.95423467282,623.795155496839,-1292.43208755946,249.14064124201,888.622478897463,0,566.062370874725,1583.66864785532,-797.294036144568,-115.758351110251,-23.1930677914194,1366.18926631027,381.566770074038,-139.41113514744,365.87244904986,-414.976982536744,239.355159655487,445.486252450647,-170.313906237135,121.355110871952,-998.102545611392,0,-114.182122648977,-409.114783293966,-509.084806169617
0,-1282.39781023687,126.635439348059,-195.550538421579,0,-909.625151286981,439.82463750471,404.488335115936,-915.481000221411,0,14.7859062927403,1355.34262694548,-566.486269327074,767.551792661235,-699.839617922968,11464.1623255978,1359.91350965117,0,-296.830653415399,-371.796475337855,704.301957268587,1360.52937488429,298.810494595527,-1170.45018744048,-827.270701961569,0,196.909610621432,-152.848944237807,0,-81.9537453199371,247.471173993374,-1518.84731866859,0,612.770250125308,1199.71889562188,453.798647454876,-692.243509837906,-2344.76292413188,128.891691971496,787.420518531511,0,1667.84767395007,-487.932625887821,2540.47372970176,936.021973471103,1069.63673718419,-251.739502944446,-1651.57021849888,-823.900333168634,191.942914823812,369.423503570058,-486.564893858465,288.830015195849,-1054.1254102393,544.676511297746,541.875651089691,0,-896.868810223612,-1314.88962050829,149.669980343159
0,-1349.37782319441,654.931082044113,-685.211468208023,0,1747.35271148347,-704.734974878374,-893.273555388919,-296.508401852159,0,15.9435332225898,-684.711160381591,17.8417778991266,804.605521734126,-733.830568869457,1359.91350965117,12642.4971562036,0,-2100.2229283152,-399.309637863155,-1133.43408355528,512.987818440329,-2499.82693044615,-368.397440031577,-88.0432124154373,0,1035.99220037761,-1657.65726607496,0,1312.6756631455,259.819052474391,93.7051234282172,0,2269.5285308135,2112.45399506324,-1221.37435856184,1016.87589513786,-957.990155136433,-1273.80782176722,209.95457723651,0,-986.596326907555,-517.182134891753,719.9942994881,193.850739214966,1119.65468797672,-1170.26941140959,1627.42785587537,-866.983844955029,197.006012932654,-263.787278627353,-991.691808009168,-1298.52397149865,-409.01769150488,-736.094820938632,88.5900356475948,0,-378.855604105765,566.305259642951,-171.908161411361
0,0,0,0,0,0,0,0,0,0,0,0,0,0,0,0,0,0.0748734951821404,0,0,0,0,0,0,0,0,0,0,0,0,0,0,0,0,0,0,0,0,0,0,0,0,0,0,0,0,0,0,0,0,0,0,0,0,0,0,0,0,0,0
0,1566.93583955801,-407.692336237593,-213.733150284662,0,406.208139660172,-121.486052881735,1127.05825044734,-299.326298306744,0,16.761341747217,-712.632066413136,-617.502439182049,-294.611455793131,-29.6911120150053,-296.830653415399,-2100.2229283152,0,13494.8729533058,535.120496562603,-204.307997864939,-1356.20269361077,-644.127699431163,1377.41384101337,-900.906114468623,0,1071.4591695677,1394.74624951702,0,2082.255112453,-520.375330868607,-776.337483960332,0,1514.87059712107,2192.0878463497,495.219866377661,152.429462989334,-203.54747540876,-1313.36984245232,-423.27021350924,0,1808.64602698297,-535.811807481957,741.701181135885,-602.78636645703,-242.919994809065,1134.3636392709,-1796.82206047929,1925.82843649483,-1024.51378611264,-273.001694905996,466.958648846537,860.014935886005,304.794937396618,-1433.15208664935,93.8708594349503,0,199.302721171139,-1428.55346482051,835.934889047336
0,-261.975349742856,-91.7786788727242,144.489545721083,0,-122.204058465,-944.018218788372,1091.48285580213,899.940329503066,0,-880.773749751027,-259.887999680945,-868.725550798134,-1137.27398600711,14.8504335279165,-371.796475337855,-399.309637863155,0,535.120496562603,11759.0937275589,456.823837053068,2207.46465543003,109.543853772519,-643.014451515692,-204.6828921474,0,727.015694907818,-1212.93563527317,0,548.621725777817,84.8388885225179,-69.1359866731125,0,-453.523482968267,1813.90160242024,2040.31705392657,-409.862925514315,-916.789505323102,153.329472630616,-582.115217118586,0,-1231.26260396204,1328.51806089425,-731.491861332226,684.364841169894,-314.848634302429,180.641315448802,265.836623490314,-1508.05100378559,1325.3671753785,70.866021477962,-316.066389848111,724.64600292806,285.984270012854,512.108232364716,607.699078733534,0,656.810075365832,506.786504526103,1.8962688485731
0,1109.41339509572,-580.540174871714,-273.53161146491,0,-506.039253807802,400.813229353052,-860.857772051095,1778.87307774836,0,-129.197344282966,-148.32247481079,534.696428167689,81.2327319807242,977.944399845872,704.301957268587,-1133.43408355528,0,-204.307997864939,456.823837053069,11735.6357948671,2436.73252393793,1321.10954799053,1347.86122984678,-28.6038660229648,0,-1807.02802912975,520.854031037063,0,-24.4102714758762,-576.659788516752,124.657431905434,0,-314.71466232325,134.081016651579,3179.15483811584,607.354099921523,1726.63057937117,1874.22553542451,-464.884569428002,0,348.362682217124,-12.3137957112142,-604.506521956411,-1709.1143296471,-1608.69792051214,-181.981700433507,-272.598976790225,370.108536191872,197.101544729365,516.214205061898,773.577721046882,-881.251781317094,-1039.21448843316,1389.75194911462,-276.086050220991,0,793.155121798429,-22.0464622374478,-304.316730503345
0,-263.990935266975,-93.0725676937967,148.736347341928,0,-1076.82253637658,290.262008221177,-302.304710643509,200.34470173467,0,-886.408729253193,1228.54688770839,-871.797090051362,-571.98111337529,761.499070411016,1360.52937488429,512.987818440329,0,-1356.20269361077,2207.46465543003,2436.73252393793,11900.2481465717,1110.20306349222,1164.66772292304,-1023.9088566898,0,-142.963299725706,-414.715732991844,0,-183.131055839537,899.876980429793,-960.155071241552,0,-2184.08269308036,-895.325205139911,255.870250258872,-419.507327839665,2266.79921299087,899.939268061421,-1242.11271075329,0,205.967904943505,1337.35711316595,1325.43634618101,-141.554279206493,1126.31175957749,-776.669791937055,268.067034850291,799.797592475774,1329.04973043703,-271.071459092952,700.363746056234,727.660870265522,284.245409799549,514.13662936424,1618.60067126477,0,657.546501388078,510.262314287197,-689.882194943347
0,-411.531360393267,-752.259577681894,1608.4761999443,0,-233.411215587384,188.723604216363,240.883019034185,805.221896684258,0,334.633569690979,1137.47118617352,997.247949941365,-1251.87749481041,578.947498835054,298.810494595527,-2499.82693044615,0,-644.127699431163,109.543853772519,1321.10954799053,1110.20306349222,13193.1023687568,1027.59432405616,-2081.8324006094,0,-286.75332937599,-574.147270373837,0,-359.818651925422,1597.70859215055,-1174.8060964431,0,-2390.88588620165,-1963.94876751758,-820.447096666793,-1464.58629945332,466.231316518084,2263.53631051335,612.172993222389,0,-1404.39205112477,-982.381013095636,511.363353371341,1445.70391186552,255.32227057189,1550.13315893892,-1360.75442317428,1274.91749390065,-60.2373103499292,-16.6844677882654,142.390577373807,1223.61618668545,-649.398506189599,1089.43775292671,1531.2092365359,0,-50.4514209416103,-1034.78871173849,-753.705828603947
0,321.438789748386,-609.981124327165,138.503802036348,0,333.448384004942,-306.78006470725,368.332426196156,1509.49235028594,0,1013.99742026502,449.542276277463,1000.84043737806,542.952653876521,-678.57097225137,-1170.45018744048,-368.397440031577,0,1377.41384101337,-643.014451515692,1347.86122984678,1164.66772292304,1027.59432405616,10387.8820727939,-957.806750599509,0,-955.948371644704,-393.565763057091,0,515.966541512227,84.0418067070414,776.56100723111,0,-1234.57271625571,853.381089454903,-599.413373564379,2206.84631581533,1376.59312940865,144.378600852349,-1160.01173548863,0,-481.07765906578,-117.072177330097,595.367543002528,-1682.95072855389,-283.10924694151,622.659962957689,-415.358357734986,747.940468067088,-1713.54665669199,-902.373423631395,176.223515209221,-376.357295723909,1653.60900883552,1130.22361201644,1038.87320855649,0,63.054733670244,-1446.35430572072,326.345630286583
0,454.684353606803,1135.74845221862,320.077540028877,0,38.5474148174469,-546.028037010775,-668.153519784308,-755.382177662916,0,97.8402638798012,-1153.83688921721,1205.62804949747,-676.253162597461,-481.121088171282,-827.27070196157,-88.0432124154373,0,-900.906114468623,-204.6828921474,-28.6038660229648,-1023.9088566898,-2081.8324006094,-957.806750599509,9866.96026837394,0,1037.42542207076,649.716279203061,0,-1197.41364807379,-1015.80783476259,234.152754150343,0,-28.4765175946782,-1065.12691804928,567.818912739759,-1365.84151589104,2043.33791745522,916.271315283462,-1376.96288206566,0,459.027065487428,-1612.52001710394,-986.967680105792,279.643952248792,539.662746575573,-1359.327619077,-816.521270963941,-655.937284404312,-1331.90305277333,423.908972581554,18.9278080670254,-600.765766663452,1678.98776448676,644.102170226507,-234.401988967652,0,-746.790098762018,1235.28116860558,-406.772410707014
0,0,0,0,0,0,0,0,0,0,0,0,0,0,0,0,0,0,0,0,0,0,0,0,0,0.0654177789184088,0,0,0,0,0,0,0,0,0,0,0,0,0,0,0,0,0,0,0,0,0,0,0,0,0,0,0,0,0,0,0,0,0,0
0,-406.6843398137,2656.46816550873,-74.0346290947218,0,-259.086824383514,-570.014462973182,-469.747007114149,-107.940464590883,0,-527.833015308188,-593.171981027328,-516.400724760982,-308.081508561346,1230.929202668,196.909610621432,1035.99220037761,0,1071.4591695677,727.015694907818,-1807.02802912975,-142.963299725706,-286.75332937599,-955.948371644704,1037.42542207076,0,8121.16032591126,703.349235250462,0,936.992310549811,1238.92267523676,433.738707722856,0,767.240158223288,1155.23531626546,-134.280438262757,-128.373766477172,1932.38070387268,-20.00126437292,-776.13978356759,0,544.115626592189,177.145198591818,336.276089176928,947.901365701036,164.319533786196,481.751200343993,-581.157026811948,-988.002391100656,392.01869029639,-635.69720464739,-139.052056611432,427.347378791783,-596.220710144726,249.969560268656,-469.753550436161,0,-168.63395633249,252.224545707653,-183.575740498552
0,897.087707158077,905.893822644761,-218.693237928185,0,-14.885764171017,-1203.48930870959,-1845.14755760129,273.447411366287,0,-1187.49486912539,1107.32724865616,-102.213577394684,-405.287610801579,2629.87785414798,-152.848944237807,-1657.65726607496,0,1394.74624951702,-1212.93563527317,520.854031037064,-414.715732991844,-574.147270373837,-393.565763057091,649.716279203061,0,703.349235250462,7622.11195203151,0,-21.3192407364762,-463.537872819022,-637.236205557961,0,455.347856792131,-1376.98343616499,1083.63135080002,-268.074944515395,77.9916525526668,280.224720853793,162.124226672398,0,2662.8194406974,588.404926926989,-488.732277672678,1356.94460281172,474.734246878882,-537.174302967508,-805.115256684902,303.480374843597,-359.954789970085,-153.833440667605,-217.672672600163,-246.586491417646,992.456924936182,-585.867911965916,-637.149421705199,0,645.214607133052,-1149.0228744424,-241.969982999397
0,0,0,0,0,0,0,0,0,0,0,0,0,0,0,0,0,0,0,0,0,0,0,0,0,0,0,0,0.0580367776117438,0,0,0,0,0,0,0,0,0,0,0,0,0,0,0,0,0,0,0,0,0,0,0,0,0,0,0,0,0,0,0
0,410.855061621177,169.150514506398,287.84240305099,0,32.1161810073914,-964.093115912286,-1132.56458856488,-131.666660775702,0,-410.610745923399,106.641417881199,86.8216766721873,269.469257859634,129.721107023896,-81.9537453199371,1312.6756631455,0,2082.255112453,548.621725777817,-24.4102714758762,-183.131055839537,-359.818651925422,515.966541512227,-1197.41364807379,0,936.992310549811,-21.3192407364762,0,7971.57874331581,-295.852403898627,-466.487711056849,0,1297.69099600397,426.668871466018,-167.670294233647,891.005547854992,-602.65854526179,-316.171129405894,267.798763220519,0,-138.338376082678,-892.560766911227,164.014376780368,-382.797254165306,-68.3555320826176,241.055933913333,360.18944149377,-147.234229036829,-1191.326003487,644.96793647723,19.0077433914317,-541.229395476715,938.219182003141,1103.24978299069,168.076143809085,0,-217.100221548149,-480.190860263855,161.654064789739
0,-842.688812351062,-144.883804801288,-377.329682279856,0,-986.138294464631,-359.295045517098,-976.99699087444,661.386970928864,0,270.330603692549,936.392337435972,-274.926985853005,-57.4685912271971,-149.760619906634,247.471173993374,259.819052474391,0,-520.375330868607,84.8388885225179,-576.659788516752,899.876980429793,1597.70859215055,84.0418067070414,-1015.80783476259,0,1238.92267523676,-463.537872819022,0,-295.852403898627,8808.10106667434,538.272756073759,0,945.269265095646,-847.664253826728,-666.062380741052,-419.917286780918,-288.680246148615,597.993931615442,504.296823703802,0,671.633755974273,1030.6371795922,992.476703184432,-216.976489892523,196.831649702509,56.2063136140387,1880.93522038095,75.2204245009661,-49.2326136064945,-13.1984166224139,-742.738145372281,526.86171484843,-1158.46914077939,306.115260844314,-445.186065012551,0,-40.7374793704285,1465.04810997193,-32.9549477557701
0,1738.12505792747,793.327589125821,427.693612371979,0,577.393720903945,-1069.26531808084,64.0179950430551,-40.3677461823559,0,-403.061797269194,227.055201618975,-996.855788189829,-665.152813213983,3090.27642087992,-1518.84731866859,93.7051234282172,0,-776.337483960331,-69.1359866731125,124.657431905434,-960.155071241552,-1174.8060964431,776.56100723111,234.152754150343,0,433.738707722856,-637.236205557961,0,-466.487711056849,538.272756073759,11122.2648355954,0,-1485.21460113788,-211.399999092313,768.802241721062,-547.623612264062,947.462293846546,478.992125751192,-166.847122342138,0,-718.253462009898,1712.33291693006,331.230962520397,-351.584791858784,-596.450060990906,399.040640393392,595.219961039117,-48.2111621841637,999.959314091821,223.027935776335,71.0867062364487,-36.3392814411186,619.808479711315,-438.336890339841,-1535.23144675659,0,-151.087045875781,-1075.25165113442,-80.8089961155888
0,0,0,0,0,0,0,0,0,0,0,0,0,0,0,0,0,0,0,0,0,0,0,0,0,0,0,0,0,0,0,0,0.0446469921032714,0,0,0,0,0,0,0,0,0,0,0,0,0,0,0,0,0,0,0,0,0,0,0,0,0,0,0
0,-1189.62625479532,483.825091358129,-686.280041474056,0,-19.8428070122531,353.830291720842,-749.063538259912,-332.306034232928,0,-696.502795008441,-790.018983191506,1620.21973113478,585.810364393529,-1140.23477798978,612.770250125308,2269.5285308135,0,1514.87059712107,-453.523482968267,-314.71466232325,-2184.08269308036,-2390.88588620165,-1234.57271625571,-28.4765175946782,0,767.240158223287,455.347856792131,0,1297.69099600397,945.269265095646,-1485.21460113788,0,8950.88129769382,1729.37040043809,-421.670039218287,-292.458162870171,-2045.57195533502,-1023.64467944534,-993.444385304011,0,-338.778221004689,-17.0331534280317,-531.946683058007,-15.1016023146203,-773.681630919321,-159.263648534529,-871.293096867054,-702.235760601799,-954.139922010622,1061.90285270336,-690.291734853323,-265.973186927967,-909.399657890241,-640.158150221251,-693.671498960114,0,691.695128939718,-25.0048132834243,44.2562342739211
0,-292.686483226473,214.02604380993,-933.109150690863,0,718.08228608626,661.263465199972,970.442089047062,-648.483577771362,0,1394.24868731522,-1198.32370750475,-442.312237005151,286.221351781724,-642.498247730655,1199.71889562188,2112.45399506324,0,2192.0878463497,1813.90160242024,134.081016651579,-895.325205139911,-1963.94876751758,853.381089454903,-1065.12691804928,0,1155.23531626546,-1376.98343616499,0,426.668871466018,-847.664253826728,-211.399999092313,0,1729.37040043809,8053.19561405768,14.560786664995,811.563262650989,-33.3569818059837,-1938.98229171535,-73.1283599014172,0,11.7937119300259,277.087249820265,1119.25972651541,-1235.30158664365,-347.908634203139,603.86677335333,-430.8939833385,-887.736817349475,-65.5453879545945,-254.790525485151,-566.564432739235,9.16421270618939,934.414996199486,-251.759063283259,572.811082065781,0,492.625118088578,-249.363356304416,175.552493537962
0,-244.428211350655,-88.7779539911945,-1265.85560485787,0,328.345786779919,-880.802758957074,-927.50507032329,1501.18732824626,0,-826.597896218228,-240.290784569379,-1418.07515123518,-528.971539996969,1395.95423467282,453.798647454876,-1221.37435856184,0,495.219866377661,2040.31705392657,3179.15483811584,255.870250258872,-820.447096666793,-599.413373564379,567.818912739759,0,-134.280438262757,1083.63135080002,0,-167.670294233647,-666.062380741052,768.802241721062,0,-421.670039218287,14.560786664995,10232.4197608903,479.047951278092,622.68333250504,-1937.36423718524,1890.43326299736,0,196.976377183777,1918.19848542148,-683.837292333051,-901.103596995127,-956.452589750895,170.871348550731,-1065.51820369394,743.020359346693,67.0013367983574,64.5445958237657,-770.654383664145,-371.24688655058,-1108.68171242557,481.122744810897,-1306.96971938257,0,1170.05580248895,-805.725874001033,-316.695462244481
0,-482.155567726366,-616.179610994884,-210.043661372931,0,119.643888840987,-205.443077483084,116.231901207323,-978.502180492566,0,464.302015846976,-181.293191938357,-781.902566965054,512.298586026718,623.795155496839,-692.243509837906,1016.87589513786,0,152.429462989334,-409.862925514315,607.354099921523,-419.507327839665,-1464.58629945332,2206.84631581533,-1365.84151589104,0,-128.373766477172,-268.074944515395,0,891.005547854992,-419.917286780918,-547.623612264062,0,-292.458162870171,811.563262650989,479.047951278092,6394.48189557286,598.423585206919,-736.936672861532,286.700998837778,0,-999.642353219133,-810.94785905162,-419.227136499235,-918.128869229231,801.337667130623,-427.203653855306,1416.21240665479,37.9331233734418,-932.558929314654,-337.539994486638,64.2249493368005,-777.694581393272,47.9594581424685,1499.64510844648,469.133054968923,0,1406.48762639832,171.882132076354,640.211252851107
0,-634.275106891733,309.132005213233,766.283618792272,0,-388.108064186116,574.355023608204,426.133303865299,-675.15386206241,0,-329.565766531,244.1318345146,-324.208044820057,-22.6870805837876,-1292.43208755946,-2344.76292413188,-957.990155136433,0,-203.54747540876,-916.789505323102,1726.63057937117,2266.79921299087,466.231316518084,1376.59312940865,2043.33791745522,0,1932.38070387268,77.9916525526668,0,-602.65854526179,-288.680246148615,947.462293846546,0,-2045.57195533502,-33.3569818059837,622.68333250504,598.423585206919,10949.718195932,1341.5417953448,-771.803414682142,0,508.621328129967,-1396.78423211121,1303.73759691604,-220.827753474143,-157.646394196305,971.54480259136,-313.249812204259,693.679340059297,298.698431144133,-232.295571410233,214.265719892286,-67.7509825641235,-326.425661538161,1151.96292270336,907.668312357767,0,283.02351267292,1143.69678310469,-582.248492977294
0,92.3217887129002,-443.389443719475,856.031998202421,0,-572.453353146415,-737.239882964886,-2054.99285137963,-432.781062812977,0,-148.367066823817,983.853110265212,356.356546363218,-344.54073158062,249.14064124201,128.891691971496,-1273.80782176722,0,-1313.36984245232,153.329472630616,1874.22553542451,899.939268061421,2263.53631051335,144.378600852349,916.271315283462,0,-20.00126437292,280.224720853793,0,-316.171129405894,597.993931615442,478.992125751192,0,-1023.64467944534,-1938.98229171535,-1937.36423718524,-736.936672861532,1341.5417953448,8999.85565315666,-533.361150497191,0,-443.691570511878,-1703.7925109719,-158.189487218707,1257.63811389909,-1000.91706886347,348.012500153476,-31.5140819552163,-27.5645719590637,-997.817771179853,449.274743273339,678.175790387972,93.1143295930293,534.733655158475,243.216935098328,-123.31276484093,0,-21.4864915923815,2361.15114142483,-739.579339998333
0,550.170855907279,-117.930009985405,-645.04009769592,0,170.592970347894,-711.470161472357,-315.193059568569,56.1097025952811,0,663.38285925394,250.761327266555,-663.636346599424,-46.1672715028898,888.622478897463,787.420518531511,209.95457723651,0,-423.27021350924,-582.115217118586,-464.884569428002,-1242.11271075329,612.172993222389,-1160.01173548863,-1376.96288206566,0,-776.13978356759,162.124226672398,0,267.798763220519,504.296823703802,-166.847122342138,0,-993.444385304011,-73.1283599014172,1890.43326299736,286.700998837778,-771.803414682142,-533.361150497191,5717.38528650576,0,-438.215024243157,830.339271779465,799.963220764127,946.995722850416,-811.052589195557,43.9948148670324,551.483653830331,-337.256127271271,391.74236627923,-13.1646687125531,-255.394527160267,-343.82250540219,-929.988981886897,251.2119327176,-356.590771476041,0,-35.7153944383061,708.551757488841,-494.952940436889
0,0,0,0,0,0,0,0,0,0,0,0,0,0,0,0,0,0,0,0,0,0,0,0,0,0,0,0,0,0,0,0,0,0,0,0,0,0,0,0,0.0426089972387439,0,0,0,0,0,0,0,0,0,0,0,0,0,0,0,0,0,0,0
0,-647.380508252845,-69.8801583570125,486.084931052078,0,-445.954280679419,-707.257101784718,1339.54601314861,-374.774288333847,0,-1154.11748066425,361.638109552472,312.496348690921,863.867660125927,566.062370874725,1667.84767395007,-986.596326907555,0,1808.64602698297,-1231.26260396204,348.362682217124,205.967904943505,-1404.39205112477,-481.07765906578,459.027065487428,0,544.115626592189,2662.8194406974,0,-138.338376082678,671.633755974273,-718.253462009898,0,-338.778221004689,11.7937119300259,196.976377183777,-999.642353219133,508.621328129967,-443.691570511878,-438.215024243157,0,6642.40062538843,-641.538828805635,-38.5525279590225,517.630439690538,841.743509983586,-577.494937589612,1270.98876700551,600.407723645921,54.0651094020617,-719.34410874287,521.452517131834,122.36145244238,771.77024425248,-644.866394270135,-300.123244418677,0,-398.846240465435,-131.406482966863,262.34436281131
0,574.4434510572,954.691462879474,-442.310212272235,0,502.387844328089,-476.215489471934,-395.547440331356,2579.50470413687,0,56.0330646028172,69.1894156050464,-918.019227488371,-254.961950902577,1583.66864785532,-487.932625887821,-517.182134891753,0,-535.811807481957,1328.51806089425,-12.3137957112142,1337.35711316595,-982.381013095636,-117.072177330097,-1612.52001710394,0,177.145198591818,588.40492692699,0,-892.560766911227,1030.6371795922,1712.33291693006,0,-17.0331534280317,277.087249820265,1918.19848542148,-810.94785905162,-1396.78423211121,-1703.7925109719,830.339271779465,0,-641.538828805635,5645.52555343327,279.949179517754,-463.271150091341,-408.817699718028,398.871606309543,54.163024063119,-390.14381213325,1280.41726942129,251.246346793927,-116.589638536202,-71.1946839999041,-1056.9595365406,-311.550423257485,-394.404035451722,0,-593.14824083921,-318.40888074718,-154.233216653892
0,-812.173845518789,-179.5896294633,-379.711589363751,0,444.551245873606,58.7872776734596,1542.13184740867,-29.4181616899579,0,623.210614139217,181.232692265175,-763.057700112331,-102.43864771681,-797.294036144568,2540.47372970175,719.9942994881,0,741.701181135885,-731.491861332226,-604.506521956411,1325.43634618101,511.363353371341,595.367543002528,-986.967680105792,0,336.276089176928,-488.732277672678,0,164.014376780368,992.476703184432,331.230962520397,0,-531.946683058007,1119.25972651541,-683.837292333051,-419.227136499235,1303.73759691604,-158.189487218707,799.963220764126,0,-38.5525279590225,279.949179517754,6611.62569561712,322.003181417293,565.882958042291,648.99385103792,-47.7333223156852,370.244321317871,1226.18986653657,172.412399728716,-667.161156181266,773.32624722536,1007.12324915687,-1316.9138992991,252.484493360329,0,-542.090754037688,-827.896123291685,182.928617809003
0,137.123986007175,128.219970034633,361.381485440899,0,-247.487614662433,-546.378697079186,-452.732655987864,-706.30913872133,0,628.900556356926,1361.94868067841,68.3590660069381,-291.534309195365,-115.758351110251,936.021973471103,193.850739214966,0,-602.78636645703,684.364841169894,-1709.1143296471,-141.554279206493,1445.70391186552,-1682.95072855389,279.643952248792,0,947.901365701036,1356.94460281172,0,-382.797254165306,-216.976489892523,-351.584791858784,0,-15.1016023146203,-1235.30158664365,-901.103596995127,-918.128869229231,-220.827753474143,1257.63811389909,946.995722850416,0,517.630439690538,-463.271150091341,322.003181417293,7324.65849223179,-1083.29867601325,-369.123195787923,61.1781265529983,553.502149141815,371.807818963283,284.970299286857,-131.306176693581,-566.424661283565,66.931337036035,-357.792796514465,-16.0611860713217,0,-160.068622176835,230.300664967726,-472.082484962537
0,-159.755593639207,516.866929721742,958.234919409787,0,309.366666635076,365.193682184531,851.924637124862,-752.811723297637,0,493.605104438979,-1097.35895631431,491.416759314047,632.222492201141,-23.1930677914194,1069.63673718419,1119.65468797672,0,-242.919994809065,-314.848634302429,-1608.69792051214,1126.31175957749,255.32227057189,-283.10924694151,539.662746575573,0,164.319533786196,474.734246878882,0,-68.3555320826176,196.831649702509,-596.450060990906,0,-773.681630919321,-347.908634203139,-956.452589750895,801.337667130623,-157.646394196305,-1000.91706886347,-811.052589195557,0,841.743509983586,-408.817699718028,565.882958042291,-1083.29867601325,7814.33486373082,149.896313729186,-307.146294213903,182.816351546698,-781.643527249595,-461.612309461827,-24.9268470299913,1076.15569809323,-316.042902128885,-575.074230566027,-301.913653786692,0,597.161464381889,-1089.66055627835,380.174260125624
0,-174.342858073773,-246.520125991322,-153.313040103486,0,155.466116862478,191.413723222443,143.415542266562,1188.30568006202,0,-43.3221598964488,689.588476074282,-41.4602946256387,-185.794164543279,1366.18926631027,-251.739502944446,-1170.26941140959,0,1134.3636392709,180.641315448802,-181.981700433507,-776.669791937055,1550.13315893892,622.659962957689,-1359.327619077,0,481.751200343993,-537.174302967508,0,241.055933913333,56.2063136140387,399.040640393392,0,-159.263648534529,603.86677335333,170.871348550731,-427.203653855306,971.54480259136,348.012500153476,43.9948148670324,0,-577.494937589612,398.871606309543,648.99385103792,-369.123195787923,149.896313729186,3609.08924135988,-996.749347335583,49.2655706097008,358.122828212872,-182.803670968731,211.244954673639,388.414129003426,-299.078710720295,-457.40279275288,-265.23514829829,0,338.51792706766,-800.097391170184,59.9575022492286
0,-703.748829564556,-365.76319976833,884.218215503205,0,234.079669377713,-623.901753772761,218.221826787069,206.532565746063,0,-63.060942139712,-68.8741678957515,-540.723712419697,572.24109673733,381.566770074038,-1651.57021849888,1627.42785587537,0,-1796.82206047929,265.836623490314,-272.598976790225,268.067034850291,-1360.75442317428,-415.358357734986,-816.521270963941,0,-581.157026811948,-805.115256684902,0,360.18944149377,1880.93522038095,595.219961039117,0,-871.293096867054,-430.8939833385,-1065.51820369394,1416.21240665479,-313.249812204259,-31.5140819552163,551.483653830331,0,1270.98876700551,54.163024063119,-47.7333223156852,61.1781265529983,-307.146294213903,-996.749347335583,7965.79462242389,-774.009611292628,531.089493894538,-522.408621072106,687.366691009743,-668.542342232816,95.7762171338671,847.17207579257,-23.2591479400616,0,-376.170244771723,841.820968175982,345.643162678211
0,513.674280193037,-633.713366909545,-186.62570303042,0,186.903356900574,602.001111032211,590.877015500384,161.969295139567,0,-445.188070491823,-949.54915811632,-828.322245064982,-224.748683854504,-139.41113514744,-823.900333168634,-866.983844955029,0,1925.82843649483,-1508.05100378559,370.108536191872,799.797592475774,1274.91749390065,747.940468067087,-655.937284404312,0,-988.002391100656,303.480374843597,0,-147.234229036829,75.2204245009661,-48.2111621841637,0,-702.235760601799,-887.736817349475,743.020359346693,37.9331233734418,693.679340059297,-27.5645719590637,-337.256127271271,0,600.407723645921,-390.14381213325,370.244321317871,553.502149141815,182.816351546698,49.2655706097008,-774.009611292628,5244.79102130387,54.8922236948669,-12.3889843014685,252.225586508568,129.761834891689,-805.463564898734,-964.829919289346,-320.486406113431,0,765.674614384732,1094.84577858614,276.922545618636
0,-660.805594413954,615.852701359726,-295.32000652358,0,165.932102412062,528.062698853214,611.514718853818,515.906677740491,0,-647.227578710436,726.009523638397,-637.569525773827,-796.138638068231,365.872449049861,191.942914823812,197.006012932654,0,-1024.51378611264,1325.3671753785,197.101544729365,1329.04973043703,-60.2373103499292,-1713.54665669199,-1331.90305277333,0,392.01869029639,-359.954789970085,0,-1191.326003487,-49.2326136064945,999.959314091821,0,-954.139922010622,-65.5453879545945,67.0013367983574,-932.558929314654,298.698431144133,-997.817771179853,391.74236627923,0,54.0651094020617,1280.41726942129,1226.18986653657,371.807818963283,-781.643527249595,358.122828212872,531.089493894538,54.8922236948669,5338.1253622702,-462.144883665724,-577.279766692994,40.6440779708502,558.301900830626,-662.126028801046,315.559621462684,0,-424.772332548392,-213.194449718009,-253.850316072742
