0.0369239726105486,-0.000549139842167333,0.00549447508245104,-0.00716942745458515,-0.003414509694985,-0.00135862280236498,0.00435227988532296,0.0261452961743351
-0.000549139842167333,0.0200316595203428,0.00175792430168972,-0.00916415245023832,0.00579220064445427,0.00520663393350651,0.0068626529185415,-0.00267917736568708
0.00549447508245104,0.00175792430168972,0.018549062744328,0.00377911767694397,-0.000361393193113169,0.0014586040420055,0.00205825628075051,0.00853043233932349
-0.00716942745458515,-0.00916415245023832,0.00377911767694397,0.0313224054818206,0.0063768661247258,0.00675761414144237,0.00628830056749704,-0.0114248077927393
-0.003414509694985,0.00579220064445427,-0.000361393193113169,0.0063768661247258,0.0168814607349098,0.000638501502849287,0.00549487226861958,-0.00166984514961758
-0.00135862280236498,0.00520663393350651,0.0014586040420055,0.00675761414144237,0.000638501502849287,0.0132802700020328,0.00280717954295113,-0.000328534208247574
0.00435227988532296,0.0068626529185415,0.00205825628075051,0.00628830056749704,0.00549487226861958,0.00280717954295113,0.0151414530500867,-0.000763856071714788
0.0261452961743351,-0.00267917736568708,0.00853043233932348,-0.0114248077927393,-0.00166984514961758,-0.000328534208247574,-0.000763856071714788,0.0354749761710549
