0.044602558680752,0.0215636414052433,0.00918365103518618,0.00245557733279401,0.00385990078240717,0.0124086862097177,0.00460636480132146,-0.023330325724775,0.054549360487511,0.0097405795717211,0.0456147723511679,0.0146958542880013,0.027488071999968
0.0215636414052433,0.322766375048938,0.00708183538997633,0.0152973299671542,-0.0193003011976508,0.0225284132871467,0.0498838220193219,-0.0253011810387849,0.133897388131964,0.0559124176669271,0.0290904454391321,0.055937260734473,0.126366276477232
0.00918365103518618,0.00708183538997633,0.10606272855511,0.0204148006181107,-0.00115014663906668,-0.0108822671434374,0.030877678862468,-0.029162482781372,0.101722617037893,0.0226447506609702,0.0270535911489981,0.0499948166264226,0.0809340661293348
0.00245557733279401,0.0152973299671542,0.0204148006181107,0.0295287136316187,-2.41696616055708e-05,0.018622124525425,-0.00787818603321763,-0.0135965579509472,0.019949301199257,-0.00240875645570928,-0.00563400186381049,0.0190542369566836,0.0292698484070066
0.00385990078240718,-0.0193003011976508,-0.00115014663906668,-2.41696616055708e-05,0.0104770068820401,0.00150311703698501,0.0129565163894892,-0.00263001482540601,0.00322310145387945,-0.00503407865965368,-0.00743730452487501,0.0110072109235882,-0.0189590736406816
0.0124086862097177,0.0225284132871467,-0.0108822671434374,0.018622124525425,0.00150311703698501,0.0980427219760877,0.0549785435192432,-0.00664449818553479,-0.0117654997134024,0.00304354415924165,-0.000514963502409299,0.0552284226610723,-0.0123524965190181
0.00460636480132146,0.0498838220193219,0.030877678862468,-0.00787818603321763,0.0129565163894892,0.0549785435192432,0.255100224210081,0.010733179777395,0.0254660285494256,0.00734649424786654,-0.0419748317551407,0.0858509757205655,-0.0292693088237671
-0.023330325724775,-0.0253011810387849,-0.029162482781372,-0.0135965579509472,-0.00263001482540601,-0.0066444981855348,0.010733179777395,0.0371494522030955,-0.0637225303899121,-0.0218691518457657,-0.0300519669081785,-0.0198236091538655,-0.00368231702155916
0.054549360487511,0.133897388131964,0.101722617037893,0.019949301199257,0.00322310145387945,-0.0117654997134024,0.0254660285494256,-0.0637225303899121,0.264463504782425,0.0476427034221354,0.0529585382044542,0.0133769727080188,0.0920937169516001
0.0097405795717211,0.0559124176669271,0.0226447506609702,-0.00240875645570928,-0.00503407865965368,0.00304354415924165,0.00734649424786654,-0.0218691518457657,0.0476427034221354,0.0386234052805054,0.0407583082572293,0.0265780629993573,0.0266314201025637
0.0456147723511679,0.0290904454391321,0.0270535911489981,-0.00563400186381049,-0.00743730452487501,-0.000514963502409299,-0.0419748317551407,-0.0300519669081785,0.0529585382044542,0.0407583082572293,0.102926516931987,0.0303029990515069,0.0845807655459581
0.0146958542880013,0.055937260734473,0.0499948166264226,0.0190542369566836,0.0110072109235882,0.0552284226610723,0.0858509757205655,-0.0198236091538655,0.0133769727080188,0.0265780629993573,0.0303029990515069,0.144568004551089,0.0696558875552304
0.027488071999968,0.126366276477232,0.0809340661293348,0.0292698484070066,-0.0189590736406816,-0.0123524965190181,-0.0292693088237671,-0.00368231702155916,0.0920937169516001,0.0266314201025637,0.0845807655459582,0.0696558875552304,0.274642172824229
