0.184578649685367,-0.016404961118716,0.0353272229905391,0.005135141650337,0.0493879248641899,0.0226837364621379,-0.000397962859321454,0.0387640970002124,-0.0329034022638517,0.00258745324575832,-0.0391436995062079,0.00519288506982272,-0.0427444717973168,0.0411833711366266,-0.0199026847740996,-0.0150380344037189,0.0281339044852722,0.0488239853121995,-0.0104838958833024,-0.0102489812750148,0.0149858641224741,0.000674812782249173,-0.0122613854723944,0.0460217960306318
-0.016404961118716,0.0307750912926446,-0.00118537448849129,0.0159488006167245,-1.30830571137676e-05,-0.00211238122984864,0.00285347543295155,0.00877054200584301,0.0331001284423655,-0.00150861649097698,0.00189630964928718,-0.00280504542594879,0.00863132185799244,0.0106808375244728,-0.00402779688354324,-0.0134206891116134,0.0230018357952333,-0.00255356582390223,0.00106063589105122,-0.0060773035494684,-0.00149707134276397,-0.00378900135092,-0.0246122846278308,-0.00506329082746287
0.0353272229905391,-0.00118537448849129,0.0842810640880908,0.00021139601722653,-0.0067656036902464,0.00787886598102455,0.0105475290397467,0.022642273277135,-0.0163055148547505,0.00834866136676237,0.0296205916938078,0.0208976473208835,-0.0114735601346459,0.0511943887325515,-0.00135506133435057,-0.00764545753493956,0.0071403013020255,0.0164809401308831,-0.0038935242565849,-0.012690294032647,0.019709422259663,0.011373760761177,0.024408706337559,-0.0128913474641349
0.005135141650337,0.0159488006167245,0.00021139601722653,0.0176018251885703,0.00160186584872793,0.0014465191127305,0.000842926224864127,0.0115059075402293,0.0183189171573454,0.00550896002735223,0.00139452864778009,0.000802036992453558,0.00540838209750353,0.00778498794662385,-0.00372378192380326,-0.00914622190150278,0.0164744309934774,0.00601189753501862,0.00305635459759945,0.00172250723601456,-0.0109523192820888,0.000494831567924443,-0.0160109187645483,-0.0056868410137042
0.0493879248641899,-1.30830571137676e-05,-0.0067656036902464,0.00160186584872793,0.167129696088876,0.020352748702533,-0.0179274180146666,0.0263770425771696,0.007590961960474,0.00445667792847635,-0.0235585179807665,-0.00146205182625555,0.00881415647143309,-0.0195476771465402,-0.0134634837108221,0.0240616297209075,0.0366698964156671,0.0161858211175373,-0.00800892781563719,-0.0384006720814023,0.0395457138988643,-0.0148893026306478,-0.037220373005248,0.0136817033980539
0.0226837364621379,-0.00211238122984864,0.00787886598102455,0.0014465191127305,0.020352748702533,0.0789586479358682,0.00618762893549188,0.0297554583383328,0.00257637548269594,0.018841292068769,-0.00717538984048567,0.00318267724349344,0.0174003288462051,-0.00751083907853384,0.00442329965603095,-0.0158806223961132,0.00225547572592772,-0.00259784141954656,0.00884137581416367,-0.00463632217512456,-0.00644153569365333,-0.00693357209454702,0.0237685628701948,0.00449372460904945
-0.000397962859321454,0.00285347543295155,0.0105475290397467,0.000842926224864127,-0.0179274180146666,0.00618762893549188,0.0530588708278237,0.0169687077274562,-0.00601970526868794,0.00824943418765324,-0.0268820136989557,0.00541124491267168,0.0122799936590831,0.0363307415050771,0.0074258127388346,-0.00511722782927175,-0.00375628592246536,0.0159891628693513,0.00583544302454633,-0.0134908089373458,0.0105582859468953,0.01010631096662,-0.0201178954087819,0.00164461724488134
0.0387640970002124,0.00877054200584301,0.022642273277135,0.0115059075402293,0.0263770425771696,0.0297554583383328,0.0169687077274562,0.145498466172604,0.00705087942262838,0.0298909544525304,0.000262538868279741,0.00613521730707969,0.00971927132892202,0.014686272344869,-0.0242928526433788,0.000746157517099171,-0.00176142900304333,-0.00043156188291433,-0.0140405505409651,0.0328938226256112,-0.0285430562173787,-0.00245706418719858,-0.00351787836575586,0.0166552368917803
-0.0329034022638517,0.0331001284423655,-0.0163055148547505,0.0183189171573454,0.007590961960474,0.00257637548269594,-0.00601970526868794,0.00705087942262838,0.146381296657957,0.0105005849646202,0.00321940381582757,0.012307520484468,-0.0105494562849917,0.00148627459675713,-0.00095563647398922,0.0229011198094404,0.00539534193092217,0.021752059914859,0.025886476641271,-0.00958829942699946,-0.0456578350824742,-0.0123683136548964,-0.0537170438499535,0.0138137140645693
0.00258745324575832,-0.00150861649097698,0.00834866136676237,0.00550896002735223,0.00445667792847635,0.018841292068769,0.00824943418765324,0.0298909544525304,0.0105005849646202,0.0417117604340182,0.00338269969168863,0.0090828927559089,0.00303611306385779,-0.00924128352527165,-0.00207081109982817,0.000626366005589482,-0.00769505108188778,0.00482791840688342,0.00697157502482009,-0.0292261851752922,0.0169650758492203,0.00323012884465845,0.011541071071756,-0.00296848086004333
-0.0391436995062079,0.00189630964928718,0.0296205916938078,0.00139452864778009,-0.0235585179807665,-0.00717538984048567,-0.0268820136989557,0.000262538868279741,0.00321940381582757,0.00338269969168863,0.152852932877994,0.00528377409737599,0.00739980628650733,-0.00343361437819344,-0.00690288646315345,-0.0203641437237735,0.0196561994805306,0.0209264205607608,0.00381728510761801,-0.00380848884741683,-0.00921344277815572,0.00256540712233213,-0.00455996435597807,0.0204434731034021
0.00519288506982272,-0.00280504542594879,0.0208976473208835,0.000802036992453558,-0.00146205182625555,0.00318267724349344,0.00541124491267168,0.00613521730707969,0.012307520484468,0.0090828927559089,0.00528377409737599,0.0411583320325583,0.0154007778559047,0.0111145322488765,0.000955880950705689,-0.00743358078443001,-0.00538888952472191,0.00141205774737813,-0.00364254026697517,0.00487200349715168,0.00188927033158858,-0.00116318479423031,-0.00478339540120153,0.00566158824639648
-0.0427444717973168,0.00863132185799244,-0.0114735601346459,0.00540838209750353,0.00881415647143309,0.0174003288462051,0.0122799936590831,0.00971927132892201,-0.0105494562849917,0.00303611306385779,0.00739980628650733,0.0154007778559047,0.137001856400239,-0.0167494640203504,0.003784239885008,0.0415891138015636,0.0309224368509207,-0.0199431042509554,-0.0061081978421526,-0.00029233018256643,0.0124884787926464,-0.0129633660297108,0.00632285540500183,-0.00638071617370569
0.0411833711366266,0.0106808375244728,0.0511943887325515,0.00778498794662385,-0.0195476771465402,-0.00751083907853384,0.0363307415050771,0.014686272344869,0.00148627459675713,-0.00924128352527165,-0.00343361437819344,0.0111145322488765,-0.0167494640203503,0.249019355693833,0.00135517578446002,-0.017743036026046,0.0273059119482144,0.00730049943687583,-0.00182884882334913,0.00468934619360819,-0.00587864183751476,0.00434808382491211,-0.0388978134391373,-0.0466419255295233
-0.0199026847740996,-0.00402779688354324,-0.00135506133435057,-0.00372378192380326,-0.0134634837108221,0.00442329965603095,0.0074258127388346,-0.0242928526433788,-0.00095563647398922,-0.00207081109982817,-0.00690288646315345,0.000955880950705689,0.003784239885008,0.00135517578446002,0.0414874416170972,0.00215349488810273,-0.0135656192880766,-0.0262385451674106,0.0288307186758019,0.00483329963774713,-0.0260697852956174,0.00105967519114153,0.007955923530267,-0.0046362776879006
-0.0150380344037189,-0.0134206891116134,-0.00764545753493956,-0.00914622190150278,0.0240616297209075,-0.0158806223961132,-0.00511722782927175,0.000746157517099171,0.0229011198094404,0.000626366005589482,-0.0203641437237735,-0.00743358078443001,0.0415891138015636,-0.017743036026046,0.00215349488810273,0.185107332218864,-0.0315275557152218,-0.00877372539040621,0.0094892474538466,-0.0249380706686023,0.0074878977364864,-0.0148602607665086,-0.0132166469137566,-0.0228734174262475
0.0281339044852722,0.0230018357952333,0.0071403013020255,0.0164744309934774,0.0366698964156671,0.00225547572592772,-0.00375628592246536,-0.00176142900304333,0.00539534193092217,-0.00769505108188778,0.0196561994805306,-0.00538888952472191,0.0309224368509207,0.0273059119482144,-0.0135656192880766,-0.0315275557152218,0.116064939183043,0.013119760902857,0.00718581426015834,-0.0108835788959639,-0.0151733634587179,0.0015750128207959,-0.0365944854100647,0.00957882088677749
0.0488239853121996,-0.00255356582390223,0.0164809401308831,0.00601189753501862,0.0161858211175373,-0.00259784141954656,0.0159891628693513,-0.00043156188291433,0.021752059914859,0.00482791840688342,0.0209264205607608,0.00141205774737813,-0.0199431042509554,0.00730049943687583,-0.0262385451674106,-0.00877372539040621,0.013119760902857,0.0984966318259067,-0.00404462570207889,-0.0124380623737145,0.00118641607145666,0.0109570096726068,-0.0157550598979025,0.00245654116383899
-0.0104838958833024,0.00106063589105122,-0.0038935242565849,0.00305635459759945,-0.00800892781563719,0.00884137581416367,0.00583544302454633,-0.0140405505409651,0.025886476641271,0.00697157502482009,0.00381728510761801,-0.00364254026697517,-0.0061081978421526,-0.00182884882334913,0.0288307186758019,0.0094892474538466,0.00718581426015834,-0.00404462570207889,0.0376358102419786,-0.00282501340689545,-0.0442670799986149,0.00115712378137025,-0.00423973125052894,-0.00905555008110988
-0.0102489812750148,-0.0060773035494684,-0.012690294032647,0.00172250723601456,-0.0384006720814023,-0.00463632217512457,-0.0134908089373458,0.0328938226256112,-0.00958829942699946,-0.0292261851752922,-0.00380848884741683,0.00487200349715168,-0.000292330182566431,0.00468934619360819,0.00483329963774713,-0.0249380706686023,-0.0108835788959639,-0.0124380623737145,-0.00282501340689545,0.156161046630555,-0.149658730521422,-0.00140993074965754,0.0168977502044763,0.0146346542447316
0.0149858641224741,-0.00149707134276397,0.019709422259663,-0.0109523192820888,0.0395457138988643,-0.00644153569365333,0.0105582859468953,-0.0285430562173787,-0.0456578350824742,0.0169650758492203,-0.00921344277815572,0.00188927033158858,0.0124884787926464,-0.00587864183751476,-0.0260697852956174,0.0074878977364864,-0.0151733634587179,0.00118641607145666,-0.0442670799986149,-0.149658730521422,0.214685136899112,0.00202463479250553,0.000127980883673271,-3.66419405279016e-05
0.000674812782249173,-0.00378900135092,0.011373760761177,0.000494831567924443,-0.0148893026306478,-0.00693357209454702,0.01010631096662,-0.00245706418719858,-0.0123683136548964,0.00323012884465844,0.00256540712233213,-0.00116318479423031,-0.0129633660297108,0.00434808382491211,0.00105967519114153,-0.0148602607665086,0.0015750128207959,0.0109570096726068,0.00115712378137025,-0.00140993074965754,0.00202463479250553,0.0120905643774917,0.00811176009540314,-0.00620471566435499
-0.0122613854723944,-0.0246122846278308,0.024408706337559,-0.0160109187645483,-0.037220373005248,0.0237685628701948,-0.0201178954087819,-0.00351787836575586,-0.0537170438499535,0.011541071071756,-0.00455996435597807,-0.00478339540120153,0.00632285540500183,-0.0388978134391373,0.007955923530267,-0.0132166469137566,-0.0365944854100647,-0.0157550598979025,-0.00423973125052894,0.0168977502044763,0.000127980883673271,0.00811176009540314,0.1446378758061,-0.10516029141866
0.0460217960306318,-0.00506329082746287,-0.0128913474641349,-0.0056868410137042,0.0136817033980539,0.00449372460904945,0.00164461724488134,0.0166552368917803,0.0138137140645693,-0.00296848086004333,0.0204434731034021,0.00566158824639648,-0.00638071617370569,-0.0466419255295233,-0.0046362776879006,-0.0228734174262475,0.00957882088677749,0.00245654116383899,-0.00905555008110988,0.0146346542447316,-3.66419405279016e-05,-0.00620471566435499,-0.10516029141866,0.237225428012459
