0.0705390591617166,-0.0211792747458444,0.0343307597404105,-0.0100482568979107,0.00899484220026684,-0.000347185647662142,-0.000768627541312609,-0.00526822587731777,0.0337476122541456,-0.0179022949914663,0.0406384710065251,0.00910482044369904,0.00782878840218188,-0.00895343312673684,0.0249741935156457,0.00370659246397432,0.0101403599916039
-0.0211792747458444,0.129766752759354,0.00209498664758547,0.0818681731651158,-0.00933885338634834,0.0589243208432317,0.0133021481537418,0.0596533219917405,0.00882828381432583,0.0336744731087932,-0.00980331589617017,0.0346652578376721,0.0154367340866702,0.0427217685802244,-0.017926699720884,0.0312709496721199,0.000481302076559561
0.0343307597404105,0.00209498664758547,0.06816226277207,0.0167215718411311,0.0200991684323442,-0.00849883426421255,0.00802755043652331,-0.00944576790367857,-0.00112938809910825,-0.00878242618003552,0.0100636860774256,-0.0356008040885108,0.0308023641140399,-0.0376392292983195,0.0107288184437674,-0.00144345347960571,0.00844014695471222
-0.0100482568979107,0.0818681731651158,0.0167215718411311,0.105511862324679,0.011673551977979,0.0755020247867254,0.0143628101011299,0.041223416123417,-0.000867547979373489,0.0464404435198619,0.000770327021633823,0.0317346232021585,0.016171274757745,0.0255952832687103,0.0133564119053898,0.0396454990421847,0.00110928292138733
0.00899484220026684,-0.00933885338634834,0.0200991684323442,0.011673551977979,0.0544356004197751,0.00436217867605561,0.0119144100806402,0.0047737403571761,0.0143601015862532,0.00637174362282323,0.0161336970713904,-0.0122341390474118,0.0344682763482895,-0.00936530546687468,0.0329085008451613,-0.0107102481515624,0.00271477473124266
-0.000347185647662142,0.0589243208432317,-0.00849883426421255,0.0755020247867254,0.00436217867605561,0.0961687187470638,0.0119534039212579,0.0375541085367982,0.00770447125628214,0.0563163433149835,0.0187137477710066,0.0436305248593416,0.019785910493742,0.0412648084016375,0.0199381675682122,0.03097144023283,-0.00820505758136577
-0.000768627541312609,0.0133021481537418,0.00802755043652331,0.0143628101011299,0.0119144100806402,0.0119534039212579,0.0804489299665047,-0.00224790540219509,0.024231623820535,0.00221857701562531,0.0274620151943764,-0.0108264655304397,0.0172220722424116,-0.0329268059490249,-0.00424784205336097,-0.030355841123402,0.0155184571848987
-0.00526822587731777,0.0596533219917405,-0.00944576790367857,0.041223416123417,0.0047737403571761,0.0375541085367982,-0.00224790540219509,0.0808957096459361,0.0107974322245679,0.0293282812102583,-0.00562406196854989,0.0509425428879719,0.00911396339279217,0.0444262705324966,0.0141448861650968,0.0307707779169811,-0.000588589165766483
0.0337476122541456,0.00882828381432584,-0.00112938809910824,-0.000867547979373489,0.0143601015862532,0.00770447125628214,0.024231623820535,0.0107974322245679,0.0720539354714668,0.00229546922574766,0.0537176004802942,0.00637943299896765,0.0231451608280314,-0.0113328173257911,0.0463798510740921,-0.0154177949775971,0.0358069024341005
-0.0179022949914663,0.0336744731087931,-0.00878242618003552,0.0464404435198619,0.00637174362282323,0.0563163433149835,0.00221857701562531,0.0293282812102583,0.00229546922574766,0.0656912851102294,0.00279957635393212,0.0132129067590588,0.0212257343997696,0.0206862500845849,0.0189097793515111,0.0214490574384781,-0.00972511891867768
0.0406384710065251,-0.00980331589617017,0.0100636860774256,0.000770327021633823,0.0161336970713904,0.0187137477710066,0.0274620151943764,-0.00562406196854989,0.0537176004802942,0.00279957635393212,0.0897753743707055,0.0156588232099009,0.0427953149119712,-0.0223872541184647,0.0328293096287942,-0.0127673311785606,0.0456282895036516
0.00910482044369904,0.0346652578376721,-0.0356008040885108,0.0317346232021585,-0.0122341390474118,0.0436305248593416,-0.0108264655304397,0.0509425428879719,0.00637943299896765,0.0132129067590588,0.0156588232099009,0.0904320563670141,-0.0221487006201835,0.0693666627661238,0.000405528630257331,0.0432136770887913,0.00450831714763424
0.00782878840218188,0.0154367340866702,0.0308023641140399,0.016171274757745,0.0344682763482895,0.019785910493742,0.0172220722424116,0.00911396339279217,0.0231451608280314,0.0212257343997696,0.0427953149119712,-0.0221487006201835,0.0659034689257368,-0.0265571268137379,0.0359955311516447,-0.0204260167404774,0.0256887039758615
-0.00895343312673684,0.0427217685802244,-0.0376392292983195,0.0255952832687103,-0.00936530546687468,0.0412648084016375,-0.0329268059490249,0.0444262705324966,-0.0113328173257911,0.0206862500845849,-0.0223872541184647,0.0693666627661238,-0.0265571268137379,0.0851664582451326,-0.00528077625056174,0.0474753939239093,-0.0181214850750487
0.0249741935156457,-0.017926699720884,0.0107288184437674,0.0133564119053898,0.0329085008451613,0.0199381675682122,-0.00424784205336097,0.0141448861650968,0.0463798510740921,0.0189097793515111,0.0328293096287942,0.000405528630257331,0.0359955311516447,-0.00528077625056174,0.0964618241999046,-0.0165220951535,0.0410708593510957
0.00370659246397432,0.0312709496721199,-0.00144345347960571,0.0396454990421847,-0.0107102481515624,0.03097144023283,-0.030355841123402,0.0307707779169811,-0.0154177949775971,0.0214490574384781,-0.0127673311785606,0.0432136770887913,-0.0204260167404774,0.0474753939239093,-0.0165220951535,0.0629993511107155,-0.0165388427242829
0.0101403599916039,0.000481302076559561,0.00844014695471222,0.00110928292138733,0.00271477473124266,-0.00820505758136577,0.0155184571848987,-0.000588589165766483,0.0358069024341005,-0.00972511891867768,0.0456282895036516,0.00450831714763424,0.0256887039758615,-0.0181214850750487,0.0410708593510957,-0.0165388427242829,0.0619881291476563
