0.0380961713722405,-0.00994728606737418,0.000893414876298658,0.00607403886133089,-0.00103146707646785,0.0148519011053001,-0.003847618967177,-0.016171933899562,0.00880049846269232,0.00906418470133519,0.0152224466663274,0.0256923756817371,0.0325499360754166
-0.00994728606737418,0.212642192630507,-0.00212167687379258,0.00787916111533256,-0.00143077765671837,0.00064493138887853,0.00153789364496816,0.00805963916380474,0.000465901879688452,0.0012782511923959,0.00557209182201322,-0.025199759676212,0.0206350232777304
0.000893414876298658,-0.00212167687379258,0.124668357125782,0.00759644507225372,0.00501481487361703,-0.0323889198490215,-0.00551485485450156,-0.0179744431652311,0.0464009889051144,0.0138705151200978,0.0286014535363803,-0.0273957805035286,0.0703284901898187
0.00607403886133089,0.00787916111533256,0.00759644507225372,0.0303608856620244,0.00549379558377295,0.0120897355348646,0.00675864254101306,0.000365734498817342,0.00737132771529667,0.00316970752822259,0.0118555866943686,-0.00799853068803294,0.0191924573027063
-0.00103146707646785,-0.00143077765671837,0.00501481487361703,0.00549379558377295,0.0106880462116531,-0.00547627253203681,0.0131555657021823,-0.00225040013626061,0.00262441773799785,-0.0021287382121376,-0.000942768739526643,-0.000244444033028702,-0.00281178884370862
0.0148519011053001,0.00064493138887853,-0.0323889198490215,0.0120897355348646,-0.00547627253203681,0.114199749192559,0.000522320490575259,0.00453526175782645,-0.00772540941360765,0.00227510904558456,0.00751462197373464,0.0104090282871151,0.0188441783447221
-0.003847618967177,0.00153789364496816,-0.00551485485450156,0.00675864254101306,0.0131555657021823,0.000522320490575259,0.246969569452962,0.021408812728377,-0.0132071489068837,0.00926263936899208,0.0219551487010245,-0.00924528939358624,-0.00773159480168879
-0.016171933899562,0.00805963916380474,-0.0179744431652311,0.000365734498817342,-0.00225040013626061,0.00453526175782645,0.021408812728377,0.0336754018761897,-0.0154589304666212,-0.013690964660639,-0.0228881237549372,-0.00921588639682298,-0.0301098550140697
0.00880049846269232,0.000465901879688453,0.0464009889051144,0.00737132771529667,0.00262441773799785,-0.00772540941360765,-0.0132071489068837,-0.0154589304666212,0.18587025523046,0.00388697949048685,0.0264868218160646,-0.0222367726670536,0.0536288870555809
0.00906418470133519,0.0012782511923959,0.0138705151200978,0.00316970752822259,-0.0021287382121376,0.00227510904558456,0.00926263936899208,-0.0136909646606389,0.00388697949048685,0.0359941978032804,0.0338423055812652,0.0169173655119125,0.0480843399961231
0.0152224466663274,0.00557209182201322,0.0286014535363803,0.0118555866943686,-0.000942768739526643,0.00751462197373464,0.0219551487010245,-0.0228881237549372,0.0264868218160646,0.0338423055812652,0.0883953895490231,-0.00753280410387864,0.0758374260328638
0.0256923756817371,-0.025199759676212,-0.0273957805035286,-0.00799853068803294,-0.000244444033028702,0.0104090282871151,-0.00924528939358625,-0.00921588639682298,-0.0222367726670536,0.0169173655119125,-0.00753280410387864,0.0799961170613592,0.0183421870742207
0.0325499360754166,0.0206350232777304,0.0703284901898187,0.0191924573027063,-0.00281178884370862,0.0188441783447221,-0.00773159480168879,-0.0301098550140697,0.0536288870555809,0.0480843399961231,0.0758374260328638,0.0183421870742207,0.234924555486826
