4386.43102972789,-6.39516164708694,-606.974148116645,0,656.277507769677,202.598728504129,0,-100.526404442476,-397.778482516757,84.9076344133316,0,-7.9115120503931,0,370.192757445984,0,88.5816415333772,109.54017157029,-1679.34190381438,-403.123407056334,-480.653038327976,0,0,-1851.83655140463,310.094723541519,-662.991171365788,660.313850460277,736.390833022647,101.132926726648,1252.73825410408,-342.843142613081,75.1563871205173,-963.090178242267,-1639.26033871416,1464.67956596768,-103.750096694742,-155.215219749142,-149.666052793838,0,451.59260878428,-327.651455661361,-211.153041252337,472.13220496828,-208.452948129178,-121.757152574732,0,490.245063575779,575.106870471987,0,-73.9069175935854,-181.004472263233,145.973319730435,-211.74722399108,0,0,-425.673323372512,0,0,0,0,253.203540810301
-6.39516164708694,3889.4686125035,-234.079178422957,0,-134.936452132325,528.019555589228,0,-184.320873924586,320.670765282798,-164.297855456582,0,-168.436507391627,0,284.149574124098,0,646.42571714014,-1022.7081183414,77.8973433295644,-1449.17691294035,-2430.11669773261,0,0,1248.11408073223,-370.786147467699,778.777598426437,29.4513458591327,479.356326691217,731.111640203726,-630.208844286502,731.308710743617,354.23819750389,1162.10146393215,459.177780223064,-787.328220177355,767.5293360015,1049.753594177,-1134.03846121117,0,498.555456152459,-277.273348733947,-52.6825857356406,-145.602485832457,404.338561284089,-133.744213845741,0,-205.176532677,557.462314802555,0,-87.9330851664384,608.058556317169,-595.635209361972,196.864587914851,0,0,272.605773978516,0,0,0,0,-346.363329708228
-606.974148116645,-234.079178422957,2794.15413670474,0,300.042005998537,-108.801703552735,0,160.80250511388,114.417066074771,-56.2353922976413,0,-64.746854185275,0,-87.5902320941972,0,-291.462506468089,1212.88213253148,574.673260239783,407.969631316816,-1593.64701732633,0,0,417.833812193389,-204.178565342947,-529.796984191273,122.284928683844,1657.82484175284,-333.909875942899,-431.490767976677,1020.637269899,65.6426444759677,28.6492715680517,189.241414367228,-571.12321225713,445.791309510649,1004.53593642135,-134.18575031987,0,-131.140389907713,678.659628191261,57.6213607201974,-596.04277736151,137.160045322664,-56.4199610360025,0,-533.473739069761,-409.45927410296,0,646.772520336814,-416.665119251195,-41.3419625075463,324.365275426573,0,0,-37.9792850399398,0,0,0,0,-432.166991180067
0,0,0,0.0101264051222569,0,0,0,0,0,0,0,0,0,0,0,0,0,0,0,0,0,0,0,0,0,0,0,0,0,0,0,0,0,0,0,0,0,0,0,0,0,0,0,0,0,0,0,0,0,0,0,0,0,0,0,0,0,0,0,0
656.277507769677,-134.936452132325,300.042005998537,0,3322.15997021208,493.940273014913,0,48.358208602547,-765.98827818357,372.641354402493,0,113.585813950215,0,106.439973445896,0,-822.597865294744,-159.648666936277,-819.135023661747,-589.014761976585,127.215973243039,0,0,1249.65628969299,-669.497911916747,-32.2657127235925,-35.6629238418631,2094.69294084426,-937.046774514463,111.132923085373,602.967667786245,596.991564427811,966.450568296038,-934.753809161389,-55.1555413375209,-362.569350195921,498.395823352318,-345.10511361955,0,-1017.89542854146,-398.170762272886,294.584198142157,1135.02844338543,-921.302105332793,68.6686050282815,0,-448.783226598761,14.932987818379,0,665.912379902969,255.860201050958,160.020792115942,24.482340290321,0,0,-467.100664400421,0,0,0,0,82.4503398119995
202.598728504129,528.019555589228,-108.801703552735,0,493.940273014913,4765.2328585509,0,33.7537757818419,-45.6638781022323,274.572030309224,0,-992.208277299142,0,-883.663633461958,0,-208.467507104503,747.210701378756,-1557.18037501757,-256.977546415413,-35.1218801075896,0,0,-877.580206350683,236.381530358351,-82.4236111013149,344.353736125485,875.278129234232,-682.859828347822,-31.6305912803443,-106.667759130497,1098.60510972142,741.787141645748,756.691298966768,-185.515965989594,258.513153427746,1025.61207185899,-891.157540491141,0,-1332.27029580978,-3.70717314309706,-975.965636700911,82.0947756022375,18.0160503511967,-557.675565273246,0,-40.0138560343153,810.261619633839,0,894.563819424163,255.267751321012,125.643155253707,175.138128994102,0,0,235.359921889126,0,0,0,0,-454.588757468079
0,0,0,0,0,0,0.0167275933005608,0,0,0,0,0,0,0,0,0,0,0,0,0,0,0,0,0,0,0,0,0,0,0,0,0,0,0,0,0,0,0,0,0,0,0,0,0,0,0,0,0,0,0,0,0,0,0,0,0,0,0,0,0
-100.526404442476,-184.320873924586,160.80250511388,0,48.358208602547,33.7537757818419,0,6214.06767363474,760.934416216804,512.90088958157,0,157.906409985139,0,1117.29768548518,0,-651.962564504396,-826.314387046418,1844.1671300863,-213.400852158634,-938.675825193614,0,0,-130.719280569661,492.001486307763,-542.224535546572,1517.41939106373,-1223.93402730529,-740.267206498118,151.626188836416,338.679121192609,336.900307241354,-796.998948350072,625.997532144957,406.271577929207,-1007.60684756132,92.6255406334533,1789.75466171656,0,-1391.99629856805,330.138668676815,-554.361189428417,-186.24510867335,400.236923451679,-726.069938899709,0,681.870694172536,18.3057350104998,0,454.641463872339,735.482733454805,-278.053542658873,33.1716818930809,0,0,-880.035341384806,0,0,0,0,709.149846072955
-397.778482516757,320.670765282798,114.417066074771,0,-765.98827818357,-45.6638781022323,0,760.934416216804,6071.87503752078,-643.475862463894,0,859.982244141499,0,-83.3434855426716,0,663.994211435737,268.797460742262,1035.38814369314,-288.745149058541,-44.8537620906266,0,0,-410.694162638283,707.821510703013,-1490.52913244509,883.528766083365,-660.491995524666,-263.288546484467,-1839.27105323398,-577.154988105226,-121.776014327271,-1160.51193747396,-1823.64707502185,-1122.1044360229,1745.76871854159,-1042.57693938612,586.772141337052,0,-41.8542027688342,-422.552535039373,-206.507326459672,-725.55543361406,411.690901331624,-247.640561791993,0,1174.67214919457,563.218181665328,0,-284.000878353916,288.097327678084,141.056447037968,-689.478654050683,0,0,-189.565109081819,0,0,0,0,-791.765187927391
84.9076344133316,-164.297855456582,-56.2353922976413,0,372.641354402493,274.572030309224,0,512.90088958157,-643.475862463894,5831.66192909487,0,-1343.45589675469,0,600.81250336336,0,-523.757434501736,392.862963294777,-534.586521158614,386.403112425474,-87.7962393341065,0,0,1643.52820660845,-644.83120336026,924.886596602867,58.2982337939831,68.37876489207,-121.840315477358,765.983193411156,126.150783769499,547.063458772888,-719.931991979039,346.208148243522,251.295677732613,648.342373557341,779.028030466659,756.323481411484,0,371.534838510513,-451.909817959243,661.5966096182,839.273816561794,976.696167319291,-695.761746938849,0,277.869269959095,142.297414846697,0,762.583229879779,726.512391968497,-171.749909296229,-574.760981923781,0,0,291.960053297913,0,0,0,0,355.898574927763
0,0,0,0,0,0,0,0,0,0,0.0420680207497615,0,0,0,0,0,0,0,0,0,0,0,0,0,0,0,0,0,0,0,0,0,0,0,0,0,0,0,0,0,0,0,0,0,0,0,0,0,0,0,0,0,0,0,0,0,0,0,0,0
-7.9115120503931,-168.436507391627,-64.746854185275,0,113.585813950215,-992.208277299142,0,157.906409985139,859.982244141499,-1343.45589675469,0,8044.10623787767,0,410.779577099217,0,930.17149713555,-2138.39162030109,2704.03537171526,1789.07542942433,1990.5306799533,0,0,-220.035954796315,-21.3550479127974,-1583.31279433951,-1674.73162723108,690.196170365959,-136.484993066745,-1433.85741982758,-545.534195711686,512.937898096378,-72.6979755437446,1173.53437099093,-1666.20846573814,1105.5865872428,-1047.84809829639,224.605154107248,0,-1556.56028751477,84.8951096722917,2010.24464774897,1218.27698746147,-783.355735122501,258.442862929778,0,58.5814743624067,-12.3231223167876,0,2393.45765146373,-391.505898136183,230.151077586934,-129.329757964541,0,0,-405.775359905575,0,0,0,0,-499.531975660434
0,0,0,0,0,0,0,0,0,0,0,0,0.0351106636689412,0,0,0,0,0,0,0,0,0,0,0,0,0,0,0,0,0,0,0,0,0,0,0,0,0,0,0,0,0,0,0,0,0,0,0,0,0,0,0,0,0,0,0,0,0,0,0
370.192757445984,284.149574124098,-87.5902320941972,0,106.439973445896,-883.663633461958,0,1117.29768548518,-83.3434855426716,600.81250336336,0,410.779577099217,0,5546.4193416815,0,640.57398180509,295.530902735385,1355.27721441997,288.619310210106,1131.35478039942,0,0,287.277344952137,-3.51134387492065,1257.674547924,11.8828134813344,507.154519614549,727.465260774641,1380.92472909315,1359.32951913179,-676.908742251406,-612.488461944367,-1030.62483282439,-292.589027936114,-1306.05000671537,-270.092050915658,692.730932157683,0,616.474789917836,759.899444000334,1715.34881893655,676.815509954967,1314.30136582395,752.939606422857,0,-77.2426423090442,624.392827589853,0,96.7871671143011,-646.269409733677,-219.630753549137,-243.882182291049,0,0,31.9038657850731,0,0,0,0,290.041619598291
0,0,0,0,0,0,0,0,0,0,0,0,0,0,0.0388558178622636,0,0,0,0,0,0,0,0,0,0,0,0,0,0,0,0,0,0,0,0,0,0,0,0,0,0,0,0,0,0,0,0,0,0,0,0,0,0,0,0,0,0,0,0,0
88.5816415333772,646.42571714014,-291.462506468089,0,-822.597865294744,-208.467507104503,0,-651.962564504396,663.994211435737,-523.757434501736,0,930.17149713555,0,640.573981805089,0,10132.631130595,-2212.21249031737,1084.85538923423,778.563905529558,-955.039524223594,0,0,-1495.92157021713,-392.302973680864,217.275385259623,-1071.94629320812,-1193.15067530552,-630.200758800035,1552.9132258346,732.590354409291,125.084705788164,1375.03134803762,-222.641927863037,116.100473397884,-1071.00882253367,-988.33438749189,-251.691133621152,0,2328.04233332525,-341.152855720566,704.462807341461,485.730495450768,1296.10031171837,1418.76755667802,0,-211.175937146807,-781.705420493377,0,-475.708178664085,165.245956113866,741.321663491204,149.214087347294,0,0,536.811056811843,0,0,0,0,-826.151237320854
109.54017157029,-1022.7081183414,1212.88213253148,0,-159.648666936277,747.210701378756,0,-826.314387046418,268.797460742262,392.862963294777,0,-2138.39162030109,0,295.530902735385,0,-2212.21249031737,16253.7382761845,1374.54660115418,-875.912931097937,-1218.18207586818,0,0,1968.51470194555,974.749721837581,2605.56214097893,-539.941178188249,2154.25621525937,1760.9828020828,464.697176090789,-597.82836620981,925.258518514064,-756.034717242255,-1037.0778817813,-610.452142851178,266.121726992274,586.929260451197,-1208.9109535049,0,503.589329703759,-429.433991358877,-1347.43355966119,619.428982284908,986.349922782413,-2059.72565320247,0,245.025978559181,-984.656321422479,0,-1319.9261980079,-390.200636920175,-99.8751626853213,486.750308520217,0,0,-84.70552343312,0,0,0,0,1302.89692546323
-1679.34190381438,77.8973433295644,574.673260239783,0,-819.135023661747,-1557.18037501757,0,1844.1671300863,1035.38814369314,-534.586521158614,0,2704.03537171526,0,1355.27721441997,0,1084.85538923423,1374.54660115418,16310.4427888237,1342.25058200094,-1787.43766998163,0,0,1223.36030656191,-1742.42162000891,-1676.88017578102,-970.160300051332,1614.6521135354,2075.21651565981,-3009.56177136979,1299.99714427525,-193.587515751022,-1895.7641051044,672.780950007251,1157.28973769101,1280.78589527334,3695.66582112631,-3390.88105165115,0,-1664.50244953284,-1361.91696386521,-335.37627881373,-1181.66953523418,1312.30096182603,858.285860695862,0,924.194945632836,348.482327155089,0,958.769165127887,476.81399869393,742.78022431095,901.736570742065,0,0,63.3453315775624,0,0,0,0,-844.313458137554
-403.123407056334,-1449.17691294035,407.969631316816,0,-589.014761976585,-256.977546415413,0,-213.400852158634,-288.745149058541,386.403112425474,0,1789.07542942433,0,288.619310210106,0,778.563905529558,-875.912931097937,1342.25058200094,15490.3119027275,2239.20142011817,0,0,-906.784975895234,-487.04549717598,-1251.09888537861,-526.364653522707,-581.612412440368,54.6206234546291,-282.592962007458,165.358845226592,-1322.65710771334,66.9415856503923,5560.48155433336,-1341.22130760559,-538.691640769586,-1218.54229784034,-2924.49999779987,0,2078.42658245611,-421.233339244568,2332.73380895212,605.560140619918,-2238.75095672241,2382.62633374793,0,-1753.70945680888,-384.314471850808,0,830.323884365732,-977.069599704093,663.723186153354,-680.129203697437,0,0,661.381649594356,0,0,0,0,-103.543248959967
-480.653038327976,-2430.11669773261,-1593.64701732633,0,127.215973243039,-35.1218801075896,0,-938.675825193614,-44.8537620906266,-87.7962393341065,0,1990.5306799533,0,1131.35478039942,0,-955.039524223594,-1218.18207586818,-1787.43766998163,2239.20142011817,15218.9336799997,0,0,151.28659611519,2391.33535201015,2124.85318279688,1475.71124934191,-1723.18616077616,-301.406835124385,599.792527234748,-2106.89987831229,-689.962925984157,811.004585901991,-779.404940449026,1794.0149931111,-365.360694672774,-1426.21092191796,-570.382037941934,0,-1611.82610075474,1533.19380898087,389.258400277621,2022.6168329677,-992.685448688725,2788.4866965231,0,-979.722159373979,280.352963837624,0,746.76305374851,1100.14129310698,208.648716167644,-459.462995878608,0,0,-254.961054167707,0,0,0,0,547.197029351646
0,0,0,0,0,0,0,0,0,0,0,0,0,0,0,0,0,0,0,0,0.0651726291424982,0,0,0,0,0,0,0,0,0,0,0,0,0,0,0,0,0,0,0,0,0,0,0,0,0,0,0,0,0,0,0,0,0,0,0,0,0,0,0
0,0,0,0,0,0,0,0,0,0,0,0,0,0,0,0,0,0,0,0,0,0.0706584897817602,0,0,0,0,0,0,0,0,0,0,0,0,0,0,0,0,0,0,0,0,0,0,0,0,0,0,0,0,0,0,0,0,0,0,0,0,0,0
-1851.83655140463,1248.11408073223,417.833812193389,0,1249.65628969299,-877.580206350683,0,-130.719280569661,-410.694162638283,1643.52820660845,0,-220.035954796315,0,287.277344952137,0,-1495.92157021713,1968.51470194555,1223.36030656191,-906.784975895234,151.28659611519,0,0,19084.5150453474,-909.729562267337,330.497541894273,-2999.71084625034,-550.556803121582,33.8287026930161,129.42011472237,1188.8757083047,-1130.79259585443,-1144.71443128637,892.408911973835,-3933.76957406362,651.122001237572,2599.24405803041,710.341500251354,0,-682.643285161638,723.303942612896,-817.339501342385,-1010.83200236135,-64.3112468347394,184.15508667797,0,-370.050027768708,-117.809419480739,0,225.641899240165,2116.61071901551,-218.850463406493,-62.4163246019667,0,0,648.756706685303,0,0,0,0,792.394405802152
310.094723541519,-370.786147467699,-204.178565342947,0,-669.497911916747,236.381530358351,0,492.001486307763,707.821510703013,-644.83120336026,0,-21.3550479127974,0,-3.51134387492065,0,-392.302973680864,974.749721837581,-1742.42162000891,-487.04549717598,2391.33535201015,0,0,-909.729562267337,10990.5671000198,-793.466998545513,2348.71810251741,1200.62949098146,873.907887704031,-865.37304694926,-1918.46558259653,-1310.39167360494,-740.237650143297,-857.936540870079,-1039.85765068027,-1161.80828698948,34.9505652673431,35.5186446951507,0,330.511792128352,120.701890513038,2468.25759142627,-594.34851182559,1083.46746905101,-254.293649158307,0,-162.175649322782,984.762419472018,0,-724.724387271881,321.432441121916,-98.4932639518123,469.190022885293,0,0,-602.593377924194,0,0,0,0,-12.1625242663752
-662.991171365788,778.777598426437,-529.796984191273,0,-32.2657127235925,-82.4236111013149,0,-542.224535546572,-1490.52913244509,924.886596602867,0,-1583.31279433951,0,1257.674547924,0,217.275385259623,2605.56214097893,-1676.88017578102,-1251.09888537861,2124.85318279688,0,0,330.497541894273,-793.466998545513,10544.4664515148,415.990834904021,1223.43165161423,-447.071381846607,2438.33469050624,904.504371313933,2133.54983248508,2237.118931838,-633.170085210563,945.258393708436,1779.08325827752,-66.8406561407721,-1515.62329408013,0,-20.379911153614,-1369.61992312238,-903.723537155473,-426.564245282597,1459.06498863733,7.77884712434378,0,-1751.80778745702,-630.201462149999,0,-1426.14346033361,308.751972725957,-646.040658903637,942.629797935356,0,0,-911.059036884027,0,0,0,0,408.386669818726
660.313850460277,29.4513458591327,122.284928683844,0,-35.6629238418631,344.353736125485,0,1517.41939106373,883.528766083365,58.2982337939831,0,-1674.73162723108,0,11.8828134813344,0,-1071.94629320812,-539.941178188249,-970.160300051332,-526.364653522707,1475.71124934191,0,0,-2999.71084625034,2348.71810251741,415.990834904021,11781.8338738348,-2676.05843231602,1725.08693317568,628.992547889945,961.531097699553,-1011.37257661744,926.644933989829,-2599.09816502611,343.277953489219,-219.236612549285,-1661.62018156051,-73.4665928599322,0,-2836.41795028034,342.696995653657,981.749870778724,141.967786368761,2111.36942256974,8.96732734745093,0,-972.84807859907,1365.76995889307,0,-1510.00821592874,326.852577453785,664.979174096942,230.400455786283,0,0,-306.005550964891,0,0,0,0,841.582323182013
736.390833022647,479.356326691217,1657.82484175284,0,2094.69294084426,875.278129234232,0,-1223.93402730529,-660.491995524666,68.37876489207,0,690.196170365959,0,507.154519614549,0,-1193.15067530552,2154.25621525937,1614.6521135354,-581.612412440368,-1723.18616077616,0,0,-550.556803121582,1200.62949098146,1223.43165161423,-2676.05843231602,14771.5735277009,-535.263496599978,-23.4193201588736,-395.49886947297,2529.50903218439,233.554711081174,-24.8889781047516,-1095.32401155577,2103.28952430052,2567.88885024164,-2665.83292520391,0,-815.478022111188,-1627.04512313808,-1073.14262344967,155.972403809919,1092.16515762823,-613.036320776743,0,-598.860088316103,388.085249064501,0,1101.15030834878,367.708640549686,-10.9122699513615,829.076419609481,0,0,395.552833531313,0,0,0,0,-877.443125161404
101.132926726648,731.111640203726,-333.909875942899,0,-937.046774514463,-682.859828347822,0,-740.267206498118,-263.288546484467,-121.840315477358,0,-136.484993066745,0,727.465260774641,0,-630.200758800035,1760.9828020828,2075.21651565981,54.6206234546291,-301.406835124385,0,0,33.8287026930161,873.907887704031,-447.071381846607,1725.08693317568,-535.263496599978,13028.9751215613,416.942778724895,-1220.34146262546,-1206.65493123398,-1428.84896412825,-922.71584492953,818.790380074758,-489.04175324903,1347.27976664973,506.375297073179,0,-1005.25747300483,854.776799953556,2814.62848850312,552.747633314338,1469.53934337874,1030.94922524634,0,1131.15310517942,-359.122298097166,0,-1184.90656321406,-1444.01543985224,-556.30090663341,433.829022755999,0,0,1634.20533594282,0,0,0,0,-518.510768349738
1252.73825410408,-630.208844286502,-431.490767976677,0,111.132923085373,-31.6305912803443,0,151.626188836417,-1839.27105323398,765.983193411156,0,-1433.85741982758,0,1380.92472909315,0,1552.9132258346,464.697176090789,-3009.56177136979,-282.592962007458,599.792527234748,0,0,129.42011472237,-865.37304694926,2438.33469050624,628.992547889945,-23.4193201588736,416.942778724895,11237.7350214156,-597.526771985419,1803.57419892734,40.1430281674697,-1259.38888947211,-1465.26401788355,-2875.90915118861,-493.043546838539,3037.83105559092,0,-1375.33509253221,770.966535626623,-259.102235299201,119.265450243097,708.075857410172,-659.166996902799,0,-439.088777995455,-691.519206533498,0,-1074.39200422671,465.826510048844,-27.4541376787554,74.0677338293514,0,0,-826.033716919295,0,0,0,0,-272.731950535192
-342.843142613081,731.308710743617,1020.637269899,0,602.967667786245,-106.667759130497,0,338.679121192609,-577.154988105226,126.150783769499,0,-545.534195711686,0,1359.32951913179,0,732.590354409291,-597.82836620981,1299.99714427525,165.358845226592,-2106.89987831229,0,0,1188.8757083047,-1918.46558259653,904.504371313933,961.531097699553,-395.49886947297,-1220.34146262546,-597.526771985419,9321.52172466512,-501.814855861736,-737.129514297486,1208.79360843039,300.655521123023,-800.928934608084,514.021567033777,-1639.96301474081,0,-646.188581034188,-472.509277851581,-903.684454430511,-411.00464563967,-827.209412292,342.465620574166,0,-110.050213636525,362.839388854538,0,467.630896210851,222.464250132325,210.880199268448,641.832324734693,0,0,-314.807335532287,0,0,0,0,-386.208182463228
75.1563871205173,354.23819750389,65.6426444759677,0,596.991564427811,1098.60510972142,0,336.900307241354,-121.776014327271,547.063458772888,0,512.937898096378,0,-676.908742251406,0,125.084705788164,925.258518514065,-193.587515751022,-1322.65710771334,-689.962925984157,0,0,-1130.79259585443,-1310.39167360494,2133.54983248508,-1011.37257661744,2529.50903218439,-1206.65493123398,1803.57419892734,-501.814855861736,9141.67340105351,2587.05872398483,-591.503765577264,-912.36433585519,2433.39813408539,506.999749608218,1913.89895147628,0,-641.963297957369,-2120.45434577992,-1491.28221043074,136.09998764385,224.113421678314,-174.84730261403,0,-103.509856125491,-1044.72210288979,0,466.88121271742,1675.93023079285,-204.92410679163,398.867799417063,0,0,-311.965203887783,0,0,0,0,-757.604516199949
-963.090178242267,1162.10146393215,28.6492715680517,0,966.450568296038,741.787141645748,0,-796.998948350072,-1160.51193747396,-719.931991979039,0,-72.6979755437445,0,-612.488461944367,0,1375.03134803762,-756.034717242255,-1895.7641051044,66.9415856503923,811.004585901991,0,0,-1144.71443128637,-740.237650143297,2237.118931838,926.644933989829,233.554711081174,-1428.84896412825,40.1430281674697,-737.129514297486,2587.05872398483,9881.81248415965,-616.609778982709,-353.4156441933,2737.747133468,396.378241494233,-1950.11318668675,0,-1385.88454843868,-166.859484155328,-1658.34166341859,1949.89360453039,-1083.25641148791,175.83007487879,0,-1484.59436117387,439.146406945051,0,19.4470509580218,154.161674780571,467.80437322019,387.739793167545,0,0,-40.0140285774182,0,0,0,0,-462.924759405613
-1639.26033871416,459.177780223064,189.241414367228,0,-934.753809161389,756.691298966768,0,625.997532144957,-1823.64707502185,346.208148243522,0,1173.53437099093,0,-1030.62483282439,0,-222.641927863037,-1037.0778817813,672.780950007251,5560.48155433336,-779.404940449026,0,0,892.408911973835,-857.936540870079,-633.170085210563,-2599.09816502611,-24.8889781047516,-922.71584492953,-1259.38888947211,1208.79360843039,-591.503765577264,-616.609778982709,11075.5502047126,-852.546007008031,-309.472990739517,1670.0417776814,-479.943375285457,0,1198.02579552,-860.153501348356,-256.028516039984,-961.329645479457,-841.025520397313,-146.390731434322,0,-31.8911142424557,240.766933387367,0,2902.82417703369,463.190047225424,-639.868243751573,539.468151371942,0,0,680.438300395019,0,0,0,0,834.495440768393
1464.67956596768,-787.328220177355,-571.12321225713,0,-55.1555413375209,-185.515965989594,0,406.271577929207,-1122.1044360229,251.295677732613,0,-1666.20846573814,0,-292.589027936114,0,116.100473397884,-610.452142851178,1157.28973769101,-1341.22130760559,1794.0149931111,0,0,-3933.76957406362,-1039.85765068027,945.258393708436,343.277953489219,-1095.32401155577,818.790380074758,-1465.26401788355,300.655521123023,-912.36433585519,-353.4156441933,-852.546007008031,11116.1782853925,807.287835797324,616.13815529065,-111.77521146925,0,1673.09784702895,-1220.65055474206,-468.885744838387,-1705.21513194208,-618.989208488417,586.446277750078,0,628.901066945637,583.940077017656,0,1122.83060828188,-722.502954963574,119.121100949428,200.486096887006,0,0,-957.569992829496,0,0,0,0,325.018905410323
-103.750096694742,767.5293360015,445.791309510649,0,-362.569350195921,258.513153427746,0,-1007.60684756132,1745.76871854159,648.342373557341,0,1105.5865872428,0,-1306.05000671537,0,-1071.00882253367,266.121726992274,1280.78589527334,-538.691640769586,-365.360694672774,0,0,651.122001237572,-1161.80828698948,1779.08325827752,-219.236612549285,2103.28952430052,-489.04175324903,-2875.90915118861,-800.928934608084,2433.39813408539,2737.747133468,-309.472990739517,807.287835797324,13241.1527764916,29.9747057085265,-1478.67932339541,0,1051.64254098682,-461.481770119875,-1127.24974266349,-75.6052733851688,-1043.2184038008,-278.582568510399,0,-173.136958313452,1081.79310540796,0,432.686240119977,353.880680740271,335.187241064084,-241.348038243491,0,0,-987.361880840916,0,0,0,0,-1616.6488230003
-155.215219749142,1049.753594177,1004.53593642135,0,498.395823352318,1025.61207185899,0,92.6255406334533,-1042.57693938612,779.028030466659,0,-1047.84809829639,0,-270.092050915658,0,-988.33438749189,586.929260451197,3695.6658211263,-1218.54229784034,-1426.21092191796,0,0,2599.24405803041,34.9505652673431,-66.8406561407721,-1661.62018156051,2567.88885024164,1347.27976664973,-493.043546838539,514.021567033777,506.999749608218,396.378241494233,1670.0417776814,616.13815529065,29.9747057085265,14318.5864157122,-713.344411367549,0,-2905.26733482572,-163.84909135493,-2282.41580914784,-1599.25169677365,-653.987358005808,-1100.97878974442,0,-930.805111821273,2298.81064320859,0,-711.711035206788,-58.3758871648553,-424.023489828474,904.859765149802,0,0,136.583523308223,0,0,0,0,-1191.83144530838
-149.666052793838,-1134.03846121117,-134.18575031987,0,-345.10511361955,-891.157540491141,0,1789.75466171656,586.772141337052,756.323481411484,0,224.605154107248,0,692.730932157683,0,-251.691133621152,-1208.9109535049,-3390.88105165115,-2924.49999779987,-570.382037941934,0,0,710.341500251354,35.5186446951507,-1515.62329408013,-73.4665928599322,-2665.83292520391,506.375297073179,3037.83105559092,-1639.96301474081,1913.89895147628,-1950.11318668675,-479.943375285458,-111.77521146925,-1478.67932339541,-713.344411367549,13439.6913833329,0,240.468070156505,1132.82701037922,1991.23403678307,-904.33207879919,1816.55837453217,134.097213198793,0,1005.91959959551,-526.936461001783,0,-8.82845863740898,516.05031452909,-409.08977621945,-229.219901253746,0,0,489.171825970631,0,0,0,0,-710.842422219467
0,0,0,0,0,0,0,0,0,0,0,0,0,0,0,0,0,0,0,0,0,0,0,0,0,0,0,0,0,0,0,0,0,0,0,0,0,0.0484839237632137,0,0,0,0,0,0,0,0,0,0,0,0,0,0,0,0,0,0,0,0,0,0
451.59260878428,498.555456152459,-131.140389907713,0,-1017.89542854146,-1332.27029580978,0,-1391.99629856805,-41.8542027688342,371.534838510513,0,-1556.56028751477,0,616.474789917836,0,2328.04233332525,503.589329703759,-1664.50244953284,2078.42658245611,-1611.82610075474,0,0,-682.643285161638,330.511792128352,-20.379911153614,-2836.41795028034,-815.478022111188,-1005.25747300483,-1375.33509253221,-646.188581034188,-641.963297957369,-1385.88454843868,1198.02579552,1673.09784702895,1051.64254098682,-2905.26733482572,240.468070156505,0,13179.6917737683,-349.081954756552,1001.4353034006,-2216.58834701419,-362.207960689948,-713.896963428856,0,406.783797822263,-1257.67571267664,0,-2401.65896797358,-1062.21013284265,-698.140216738218,-934.537547841319,0,0,413.014714486692,0,0,0,0,910.688340017125
-327.651455661361,-277.273348733947,678.659628191261,0,-398.170762272886,-3.70717314309706,0,330.138668676815,-422.552535039373,-451.909817959243,0,84.8951096722917,0,759.899444000334,0,-341.152855720566,-429.433991358877,-1361.91696386521,-421.233339244568,1533.19380898087,0,0,723.303942612896,120.701890513038,-1369.61992312238,342.696995653657,-1627.04512313808,854.776799953556,770.966535626623,-472.509277851581,-2120.45434577992,-166.859484155328,-860.153501348356,-1220.65055474206,-461.481770119875,-163.84909135493,1132.82701037922,0,-349.081954756552,6483.82100674766,-651.199688943752,298.655856583789,158.264337470891,717.017821918432,0,-372.076269793885,-339.367113849036,0,-1344.34923236751,250.757154065367,-111.473809381716,-265.323026107419,0,0,48.3592671588763,0,0,0,0,404.447854865458
-211.153041252337,-52.6825857356406,57.6213607201974,0,294.584198142157,-975.965636700911,0,-554.361189428417,-206.507326459672,661.5966096182,0,2010.24464774897,0,1715.34881893655,0,704.462807341461,-1347.43355966119,-335.37627881373,2332.73380895212,389.258400277621,0,0,-817.339501342385,2468.25759142627,-903.723537155473,981.749870778724,-1073.14262344967,2814.62848850312,-259.102235299201,-903.684454430511,-1491.28221043074,-1658.34166341859,-256.028516039984,-468.885744838387,-1127.24974266349,-2282.41580914784,1991.23403678307,0,1001.4353034006,-651.199688943752,10721.3959006757,-57.7843560722078,-92.610495123096,1084.25980667312,0,1020.2587931995,-354.18745190537,0,1665.32891421759,-1190.69728130971,-86.7584787643548,-267.76421695372,0,0,560.247837483947,0,0,0,0,-49.4727770770884
472.13220496828,-145.602485832457,-596.04277736151,0,1135.02844338543,82.0947756022375,0,-186.24510867335,-725.55543361406,839.273816561794,0,1218.27698746147,0,676.815509954967,0,485.730495450768,619.428982284908,-1181.66953523418,605.560140619918,2022.6168329677,0,0,-1010.83200236135,-594.34851182559,-426.564245282597,141.967786368761,155.972403809919,552.747633314338,119.265450243097,-411.00464563967,136.099987643851,1949.89360453039,-961.329645479457,-1705.21513194208,-75.6052733851688,-1599.25169677365,-904.33207879919,0,-2216.58834701419,298.655856583789,-57.7843560722078,9100.74143907938,-192.738668770778,891.615705121025,0,-280.67406983421,-475.861392113932,0,272.045850817754,982.152402932389,602.400222704404,-514.156458948903,0,0,-390.694690997849,0,0,0,0,1201.85916430012
-208.452948129178,404.338561284089,137.160045322664,0,-921.302105332793,18.0160503511967,0,400.236923451679,411.690901331624,976.696167319292,0,-783.355735122501,0,1314.30136582395,0,1296.10031171837,986.349922782413,1312.30096182603,-2238.75095672241,-992.685448688725,0,0,-64.3112468347394,1083.46746905101,1459.06498863733,2111.36942256974,1092.16515762823,1469.53934337874,708.075857410172,-827.209412292,224.113421678314,-1083.25641148791,-841.025520397313,-618.989208488417,-1043.2184038008,-653.987358005808,1816.55837453217,0,-362.207960689948,158.264337470891,-92.610495123096,-192.738668770778,6592.81069674752,-53.2238054817162,0,369.546858838232,458.029284911365,0,-389.806232398276,-110.639972545206,-292.093724803459,603.90126933262,0,0,860.722559402877,0,0,0,0,-231.991377374039
-121.757152574732,-133.744213845741,-56.4199610360025,0,68.6686050282815,-557.675565273246,0,-726.069938899709,-247.640561791993,-695.761746938849,0,258.442862929778,0,752.939606422857,0,1418.76755667802,-2059.72565320247,858.285860695862,2382.62633374793,2788.4866965231,0,0,184.15508667797,-254.293649158307,7.77884712434378,8.96732734745093,-613.036320776743,1030.94922524634,-659.166996902799,342.465620574166,-174.84730261403,175.83007487879,-146.390731434322,586.446277750078,-278.582568510399,-1100.97878974442,134.097213198793,0,-713.896963428856,717.017821918432,1084.25980667312,891.615705121025,-53.2238054817162,6119.2641436997,0,124.714270704309,-597.299810295767,0,795.496311715722,418.678045257516,126.327030829507,44.6023533162549,0,0,407.103919071726,0,0,0,0,-764.981820252075
0,0,0,0,0,0,0,0,0,0,0,0,0,0,0,0,0,0,0,0,0,0,0,0,0,0,0,0,0,0,0,0,0,0,0,0,0,0,0,0,0,0,0,0,0.046346996423701,0,0,0,0,0,0,0,0,0,0,0,0,0,0,0
490.245063575779,-205.176532677,-533.473739069761,0,-448.783226598761,-40.0138560343153,0,681.870694172536,1174.67214919457,277.869269959095,0,58.5814743624067,0,-77.2426423090442,0,-211.175937146807,245.025978559181,924.194945632836,-1753.70945680888,-979.722159373979,0,0,-370.050027768708,-162.175649322782,-1751.80778745702,-972.84807859907,-598.860088316103,1131.15310517942,-439.088777995455,-110.050213636525,-103.509856125491,-1484.59436117387,-31.8911142424557,628.901066945637,-173.136958313452,-930.805111821273,1005.91959959551,0,406.783797822263,-372.076269793885,1020.2587931995,-280.67406983421,369.546858838232,124.714270704309,0,4880.0024369532,-758.452124493918,0,2070.91808156418,-391.081857814921,-149.772182695506,-300.320798261728,0,0,-169.851561259361,0,0,0,0,-457.062800995628
575.106870471987,557.462314802555,-409.45927410296,0,14.932987818379,810.261619633839,0,18.3057350104998,563.218181665329,142.297414846697,0,-12.3231223167876,0,624.392827589853,0,-781.705420493377,-984.656321422479,348.482327155089,-384.314471850808,280.352963837624,0,0,-117.809419480739,984.762419472018,-630.201462149999,1365.76995889307,388.085249064501,-359.122298097166,-691.519206533498,362.839388854538,-1044.72210288979,439.146406945051,240.766933387366,583.940077017656,1081.79310540796,2298.81064320859,-526.936461001783,0,-1257.67571267664,-339.367113849036,-354.18745190537,-475.861392113932,458.029284911365,-597.299810295767,0,-758.452124493918,6983.34952500218,0,1655.63283130125,256.970157289367,-78.1032637337171,376.042200935394,0,0,464.782767533951,0,0,0,0,280.943248360565
0,0,0,0,0,0,0,0,0,0,0,0,0,0,0,0,0,0,0,0,0,0,0,0,0,0,0,0,0,0,0,0,0,0,0,0,0,0,0,0,0,0,0,0,0,0,0,0.0351850826560148,0,0,0,0,0,0,0,0,0,0,0,0
-73.9069175935854,-87.9330851664384,646.772520336814,0,665.912379902969,894.563819424163,0,454.641463872339,-284.000878353916,762.583229879779,0,2393.45765146373,0,96.7871671143011,0,-475.708178664085,-1319.9261980079,958.769165127887,830.323884365732,746.76305374851,0,0,225.641899240165,-724.724387271881,-1426.14346033361,-1510.00821592874,1101.15030834878,-1184.90656321406,-1074.39200422671,467.630896210851,466.88121271742,19.4470509580218,2902.82417703369,1122.83060828188,432.686240119977,-711.711035206788,-8.82845863740898,0,-2401.65896797358,-1344.34923236751,1665.32891421759,272.045850817754,-389.806232398276,795.496311715722,0,2070.91808156418,1655.63283130125,0,11008.9614367395,265.074332332897,420.722754811835,-227.047203792655,0,0,219.694011791663,0,0,0,0,-1154.51198572671
-181.004472263233,608.058556317169,-416.665119251195,0,255.860201050958,255.267751321012,0,735.482733454805,288.097327678084,726.512391968497,0,-391.505898136183,0,-646.269409733677,0,165.245956113866,-390.200636920175,476.81399869393,-977.069599704093,1100.14129310698,0,0,2116.61071901551,321.432441121916,308.751972725957,326.852577453785,367.708640549686,-1444.01543985224,465.826510048844,222.464250132325,1675.93023079285,154.161674780571,463.190047225424,-722.502954963574,353.880680740271,-58.3758871648553,516.05031452909,0,-1062.21013284265,250.757154065367,-1190.69728130971,982.152402932389,-110.639972545206,418.678045257516,0,-391.081857814921,256.970157289367,0,265.074332332897,6479.3703925387,327.473300222213,-208.195451530285,0,0,-226.151402921277,0,0,0,0,625.592477848355
145.973319730435,-595.635209361972,-41.3419625075463,0,160.020792115942,125.643155253707,0,-278.053542658873,141.056447037968,-171.749909296229,0,230.151077586934,0,-219.630753549137,0,741.321663491205,-99.8751626853213,742.78022431095,663.723186153354,208.648716167644,0,0,-218.850463406493,-98.4932639518123,-646.040658903637,664.979174096942,-10.9122699513615,-556.30090663341,-27.4541376787554,210.880199268448,-204.92410679163,467.80437322019,-639.868243751573,119.121100949428,335.187241064084,-424.023489828474,-409.08977621945,0,-698.140216738218,-111.473809381716,-86.7584787643548,602.400222704404,-292.093724803459,126.327030829507,0,-149.772182695506,-78.1032637337171,0,420.722754811835,327.473300222213,1340.74623676549,-217.032116275797,0,0,131.671440972507,0,0,0,0,33.9962880548357
-211.74722399108,196.864587914851,324.365275426573,0,24.482340290321,175.138128994102,0,33.1716818930809,-689.478654050683,-574.760981923781,0,-129.329757964541,0,-243.882182291049,0,149.214087347294,486.750308520217,901.736570742065,-680.129203697437,-459.462995878608,0,0,-62.4163246019667,469.190022885293,942.629797935356,230.400455786283,829.076419609481,433.829022755999,74.0677338293514,641.832324734693,398.867799417063,387.739793167545,539.468151371942,200.486096887006,-241.348038243491,904.859765149802,-229.219901253746,0,-934.537547841319,-265.323026107419,-267.76421695372,-514.156458948903,603.90126933262,44.6023533162549,0,-300.320798261728,376.042200935394,0,-227.047203792655,-208.195451530285,-217.032116275797,1489.54783714441,0,0,164.007809986903,0,0,0,0,-236.484233121857
0,0,0,0,0,0,0,0,0,0,0,0,0,0,0,0,0,0,0,0,0,0,0,0,0,0,0,0,0,0,0,0,0,0,0,0,0,0,0,0,0,0,0,0,0,0,0,0,0,0,0,0,0.022127899148048,0,0,0,0,0,0,0
0,0,0,0,0,0,0,0,0,0,0,0,0,0,0,0,0,0,0,0,0,0,0,0,0,0,0,0,0,0,0,0,0,0,0,0,0,0,0,0,0,0,0,0,0,0,0,0,0,0,0,0,0,0.0369287762688158,0,0,0,0,0,0
-425.673323372512,272.605773978516,-37.9792850399398,0,-467.100664400421,235.359921889126,0,-880.035341384806,-189.565109081819,291.960053297913,0,-405.775359905575,0,31.9038657850731,0,536.811056811843,-84.70552343312,63.3453315775624,661.381649594356,-254.961054167707,0,0,648.756706685303,-602.593377924194,-911.059036884027,-306.005550964891,395.552833531313,1634.20533594282,-826.033716919295,-314.807335532287,-311.965203887783,-40.0140285774182,680.438300395019,-957.569992829496,-987.361880840916,136.583523308223,489.171825970631,0,413.014714486692,48.3592671588763,560.247837483947,-390.694690997849,860.722559402877,407.103919071726,0,-169.851561259361,464.782767533951,0,219.694011791663,-226.151402921277,131.671440972507,164.007809986903,0,0,2678.921271135,0,0,0,0,-288.230111981391
0,0,0,0,0,0,0,0,0,0,0,0,0,0,0,0,0,0,0,0,0,0,0,0,0,0,0,0,0,0,0,0,0,0,0,0,0,0,0,0,0,0,0,0,0,0,0,0,0,0,0,0,0,0,0,0.0111562020237928,0,0,0,0
0,0,0,0,0,0,0,0,0,0,0,0,0,0,0,0,0,0,0,0,0,0,0,0,0,0,0,0,0,0,0,0,0,0,0,0,0,0,0,0,0,0,0,0,0,0,0,0,0,0,0,0,0,0,0,0,0.0182028986256354,0,0,0
0,0,0,0,0,0,0,0,0,0,0,0,0,0,0,0,0,0,0,0,0,0,0,0,0,0,0,0,0,0,0,0,0,0,0,0,0,0,0,0,0,0,0,0,0,0,0,0,0,0,0,0,0,0,0,0,0,0.0151830673439299,0,0
0,0,0,0,0,0,0,0,0,0,0,0,0,0,0,0,0,0,0,0,0,0,0,0,0,0,0,0,0,0,0,0,0,0,0,0,0,0,0,0,0,0,0,0,0,0,0,0,0,0,0,0,0,0,0,0,0,0,0.0369315324895886,0
253.203540810301,-346.363329708228,-432.166991180067,0,82.4503398119995,-454.588757468079,0,709.149846072955,-791.765187927391,355.898574927763,0,-499.531975660434,0,290.041619598291,0,-826.151237320854,1302.89692546323,-844.313458137554,-103.543248959967,547.197029351646,0,0,792.394405802152,-12.1625242663752,408.386669818726,841.582323182013,-877.443125161404,-518.510768349738,-272.731950535192,-386.208182463228,-757.604516199949,-462.924759405613,834.495440768393,325.018905410323,-1616.6488230003,-1191.83144530838,-710.842422219467,0,910.688340017125,404.447854865458,-49.4727770770884,1201.85916430012,-231.991377374039,-764.981820252075,0,-457.062800995628,280.943248360565,0,-1154.51198572671,625.592477848355,33.9962880548357,-236.484233121857,0,0,-288.230111981391,0,0,0,0,4044.14596185533
