0.0379527855763634,-0.00665574852156169,0.00559226994041623,0.00869966387717742,0.00482513199899057,0.00894163809532972,0.020268625073443,-0.0196833487564055,0.0114283612334382,0.0126023192094857,0.0203073663351489,0.0221970128367671,0.0157357296472337
-0.00665574852156169,0.205142027750856,0.0072976025968052,0.004791937173755,-0.00902752185390747,0.00107142833114073,-0.0156646785513537,0.00861732107374095,0.0483463900804973,0.00272888308325614,0.00189499815879384,0.0123822770799529,0.0785302903594697
0.00559226994041623,0.0072976025968052,0.0933555596003475,-0.00847948516145712,0.00396976085989466,-0.011104295845944,0.0314633488868521,-0.0200718971059877,0.0388322990748691,0.0066765710823822,0.00871210499223131,0.0236426669770359,0.0400859517211619
0.00869966387717742,0.004791937173755,-0.00847948516145712,0.0285377445303725,0.0015773422264582,0.00586834280378593,0.0158242248280451,-0.000292656592193551,0.00350676793892238,0.00475026150754613,0.00732839560259205,0.00437565783906681,0.0117001495675498
0.00482513199899057,-0.00902752185390747,0.00396976085989466,0.0015773422264582,0.0165290291810725,-0.00412557255485164,0.0242524165041611,-0.00162364422500785,0.0102416409222129,0.000890189106813367,0.00241290391391485,0.00273597861204526,0.0157374790770987
0.00894163809532972,0.00107142833114073,-0.011104295845944,0.00586834280378593,-0.00412557255485164,0.119728250071009,-0.0204875362164352,0.00294362484152541,-0.021664856788756,-0.00697596709821497,-0.00046519231851552,0.0294037967608066,-0.00849778412243065
0.020268625073443,-0.0156646785513537,0.0314633488868521,0.0158242248280451,0.0242524165041611,-0.0204875362164352,0.251423841737683,-0.00744982713069669,0.0499362263004352,0.0162856393175621,0.00946959665010945,0.047539653693328,0.0213491413630324
-0.0196833487564055,0.00861732107374095,-0.0200718971059877,-0.000292656592193551,-0.00162364422500785,0.00294362484152541,-0.00744982713069669,0.0368954186349394,-0.0282614369885782,-0.00909645340664896,-0.02526247567462,-0.0120676497499472,-0.0146014684286398
0.0114283612334382,0.0483463900804973,0.0388322990748691,0.00350676793892238,0.0102416409222129,-0.021664856788756,0.0499362263004352,-0.0282614369885782,0.210823208624496,0.0222285693186594,0.0381723647009436,0.016124526469996,0.0808155284841927
0.0126023192094857,0.00272888308325614,0.0066765710823822,0.00475026150754613,0.000890189106813367,-0.00697596709821497,0.0162856393175621,-0.00909645340664896,0.0222285693186594,0.0348379291629234,0.0300047341666457,0.0106177161758279,0.0110876495862456
0.0203073663351489,0.00189499815879384,0.00871210499223131,0.00732839560259205,0.00241290391391485,-0.00046519231851552,0.00946959665010945,-0.02526247567462,0.0381723647009436,0.0300047341666457,0.087857628145016,-0.000191841850350624,0.0318642110083615
0.0221970128367671,0.0123822770799529,0.0236426669770359,0.00437565783906681,0.00273597861204526,0.0294037967608066,0.047539653693328,-0.0120676497499472,0.016124526469996,0.0106177161758279,-0.000191841850350624,0.102060112328993,0.0271707238892185
0.0157357296472337,0.0785302903594697,0.0400859517211619,0.0117001495675498,0.0157374790770987,-0.00849778412243065,0.0213491413630324,-0.0146014684286398,0.0808155284841927,0.0110876495862456,0.0318642110083615,0.0271707238892185,0.239158283501526
