0.195296574951311,0.0393452807096852,0.0188732347079438,0.0201527357834576,0.000981789018280984,0.0387585163073116,0.0174846212325103,0.108532107167288,0.0733696407303876,0.00656681410981313,-0.048014518200718,0.00926524490982123,-0.022731085987981,0.00271789554259169
0.0393452807096852,0.0249487460734075,0.00277594238321608,0.000594448174670139,-0.00164932605230295,-0.00127578009457894,0.00338848113769436,0.0152916591165282,0.00710732884227185,-0.000856100440383872,0.0196457718863314,0.000480439108778179,-0.00442528297333263,-0.000402701509638599
0.0188732347079438,0.00277594238321608,0.0345336693109393,0.0119597373125063,-0.00320847517697237,0.0108318119955025,0.00433594953914888,0.000215420645255047,0.0146714085405076,-0.00111278955100309,-0.0143316739775466,0.00896992302568347,-0.00511929462361514,0.00240012039382726
0.0201527357834576,0.000594448174670139,0.0119597373125063,0.0549413502998056,-0.0244625571345826,0.0299430415050296,0.0133097438189759,0.0223992617968141,0.0550476313826258,0.0047602535633179,0.0491688664469283,0.0223606903774284,-0.00528534027320448,0.0023698613306362
0.000981789018280984,-0.00164932605230295,-0.00320847517697237,-0.0244625571345826,0.0792233886762416,0.0197831936113138,9.69538274172017e-06,0.0708050808928958,0.0123122305257011,-0.00145350397907185,0.0422416041850339,-0.00813317695958041,0.00911502210970094,0.00318208535641877
0.0387585163073116,-0.00127578009457894,0.0108318119955025,0.0299430415050296,0.0197831936113138,0.0636812240194711,0.00769556197785189,0.0597532868187358,0.0110064824865609,0.000966611462898727,0.0433558023517286,0.0195716851094752,-0.00212060678955917,0.00363974751455748
0.0174846212325103,0.00338848113769436,0.00433594953914888,0.0133097438189759,9.69538274172017e-06,0.00769556197785189,0.00879050733969109,0.0120147099790029,0.0434552227371289,0.00314440491793682,0.00354942829788516,0.0134197068149935,-0.00224570010630906,0.0013249286644776
0.108532107167288,0.0152916591165282,0.000215420645255047,0.0223992617968141,0.0708050808928958,0.0597532868187358,0.0120147099790029,0.24697183905639,0.124638623142955,0.00904675956159821,0.0986942303699987,-0.0304603090971953,-0.00321111838068855,0.00467545083499821
0.0733696407303876,0.00710732884227185,0.0146714085405076,0.0550476313826258,0.0123122305257011,0.0110064824865609,0.0434552227371289,0.124638623142955,0.294046917371283,0.0219446380354084,0.0126268572868001,0.0349503681915515,-0.00831306124344339,0.00601919848003445
0.00656681410981313,-0.000856100440383872,-0.00111278955100309,0.0047602535633179,-0.00145350397907185,0.000966611462898727,0.00314440491793682,0.00904675956159821,0.0219446380354084,0.00208410242236682,-0.00297562515925107,0.00251722974837043,-0.000863756839477927,0.000282885185383614
-0.048014518200718,0.0196457718863314,-0.0143316739775466,0.0491688664469283,0.0422416041850339,0.0433558023517286,0.00354942829788516,0.0986942303699987,0.0126268572868001,-0.00297562515925107,0.262728895513479,-0.00739834187489649,0.0134077263349646,0.00223970883873449
0.00926524490982123,0.000480439108778179,0.00896992302568347,0.0223606903774284,-0.00813317695958041,0.0195716851094752,0.0134197068149935,-0.0304603090971953,0.0349503681915515,0.00251722974837043,-0.00739834187489649,0.0393235688959243,-0.00257080037011352,0.00216953385062529
-0.022731085987981,-0.00442528297333263,-0.00511929462361514,-0.00528534027320448,0.00911502210970094,-0.00212060678955917,-0.00224570010630906,-0.00321111838068855,-0.00831306124344339,-0.000863756839477927,0.0134077263349646,-0.00257080037011352,0.0039515229444987,-0.000112030991070672
0.00271789554259169,-0.000402701509638599,0.00240012039382726,0.0023698613306362,0.00318208535641877,0.00363974751455748,0.0013249286644776,0.00467545083499821,0.00601919848003445,0.000282885185383614,0.00223970883873449,0.00216953385062528,-0.000112030991070672,0.000526752380407956
