0.0374961418011073,0.00541045180953014,0.0046755525307778,-0.000454639304859136,-0.000304656471577806,0.000332216436034333,-0.000136158975099802,0.0202816115630818
0.00541045180953014,0.0245727993426227,0.0039676524736614,0.00145555795956981,0.00779358438788307,0.00358270697695196,0.00429204600221264,0.00787028083942109
0.0046755525307778,0.0039676524736614,0.0242678415120989,0.00496325024404141,0.00191150379033987,0.00614505880029072,0.00109196097341964,0.00734698302021385
-0.000454639304859136,0.00145555795956981,0.00496325024404141,0.0262626018698578,0.010239808659199,0.00914949693453582,0.00699256618062734,-0.000731123811310515
-0.000304656471577806,0.00779358438788307,0.00191150379033987,0.010239808659199,0.0231780301064593,0.00425902032116254,0.0070324474414571,-0.000494077210931154
0.000332216436034333,0.00358270697695196,0.00614505880029072,0.00914949693453582,0.00425902032116254,0.0148481138613884,0.00521397033886726,0.000595380517194114
-0.000136158975099802,0.00429204600221264,0.00109196097341964,0.00699256618062734,0.0070324474414571,0.00521397033886726,0.0217530829610857,-0.000619173318729251
0.0202816115630818,0.00787028083942109,0.00734698302021385,-0.000731123811310515,-0.000494077210931154,0.000595380517194114,-0.000619173318729251,0.0360740940842053
