0.195522101325563,0.00312626849640694,-0.0268015748407271,-0.0115524467060258,0.00576683801937651,0.0331386828013817,0.0188936024568026,0.0990912386344199,-0.0634936503446891,-0.0106580343403225,0.0773526827373722,-0.015984393934134,0.0236328788441127,-0.00138656237383765
0.00312626849640694,0.030330473187706,0.0115724872825148,-0.0229750128416482,-0.000449293551935313,0.0133775589999055,0.018874196416723,-0.00607059667918583,-0.00512406094848187,-0.00214183546473009,0.00762030063022867,0.00310823928059673,0.00492474334290355,0.000431975994625714
-0.0268015748407271,0.0115724872825148,0.0195203793841444,0.00485554760895844,-0.00685645059942098,0.00690903221943227,0.0119740875073644,0.0184680325381088,0.0334183474933148,0.00416727729237349,0.0139938541415023,0.00211434708411261,-0.00303278314195969,0.00058102409716215
-0.0115524467060258,-0.0229750128416482,0.00485554760895844,0.0567240324409189,0.0122284543750703,0.00606744321722631,-0.00496268571255277,0.011674806328349,0.00188688248184912,0.00472479540518257,0.0236267290573076,-0.0119791065876467,-0.00647848259868752,-0.000153258911178275
0.00576683801937651,-0.000449293551935313,-0.00685645059942098,0.0122284543750703,0.0702272244353923,0.00529382709260466,-0.00445418591586004,-0.0558741399217946,-0.0112338782959358,-0.00167525892697365,-0.0718542933480554,0.00429067908722542,0.00814851176783568,0.000198497014060785
0.0331386828013817,0.0133775589999055,0.00690903221943227,0.00606744321722631,0.00529382709260466,0.0818027573638895,0.018530057522475,0.0338351232543728,0.036658828907616,-0.000970522469776436,-0.0299955781037143,-0.0265005631193294,0.00611686176225266,0.000639557738406526
0.0188936024568026,0.018874196416723,0.0119740875073644,-0.00496268571255277,-0.00445418591586004,0.018530057522475,0.0205803631653718,0.040702049385282,0.02128616856139,0.000863729377476591,0.0208638238079522,-0.00021043787997726,0.00540767332678577,0.000521964517448624
0.0990912386344199,-0.00607059667918583,0.0184680325381088,0.011674806328349,-0.0558741399217946,0.0338351232543728,0.040702049385282,0.290119769465863,0.180777213088104,0.0132378043095093,0.0736168107461054,0.00209434166858483,0.0131613917986058,0.00146428295898179
-0.0634936503446891,-0.00512406094848187,0.0334183474933148,0.00188688248184912,-0.0112338782959358,0.036658828907616,0.02128616856139,0.180777213088104,0.31262390530371,0.0223650701824325,-0.123250156967754,0.0207090439909365,0.00414585177370443,0.00357794370573851
-0.0106580343403225,-0.00214183546473009,0.00416727729237349,0.00472479540518257,-0.00167525892697365,-0.000970522469776436,0.000863729377476591,0.0132378043095093,0.0223650701824325,0.00240068226939136,-0.00326294965731267,0.00195462110021286,-0.00118053983038317,0.000248101776166754
0.0773526827373722,0.00762030063022867,0.0139938541415023,0.0236267290573076,-0.0718542933480554,-0.0299955781037143,0.0208638238079522,0.0736168107461054,-0.123250156967754,-0.00326294965731267,0.257302145648955,-0.0117523878552068,-0.00729376568090857,-0.0020574498958042
-0.015984393934134,0.00310823928059673,0.00211434708411261,-0.0119791065876467,0.00429067908722542,-0.0265005631193294,-0.00021043787997726,0.00209434166858483,0.0207090439909365,0.00195462110021286,-0.0117523878552068,0.0165364365725644,0.00149401792238617,0.00033206778118436
0.0236328788441127,0.00492474334290355,-0.00303278314195969,-0.00647848259868752,0.00814851176783568,0.00611686176225266,0.00540767332678577,0.0131613917986058,0.00414585177370443,-0.00118053983038317,-0.00729376568090857,0.00149401792238617,0.00595078651501531,0.000121411941857158
-0.00138656237383765,0.000431975994625714,0.00058102409716215,-0.000153258911178275,0.000198497014060785,0.000639557738406526,0.000521964517448624,0.00146428295898179,0.00357794370573851,0.000248101776166754,-0.0020574498958042,0.00033206778118436,0.000121411941857158,6.12055129641904e-05
