0.00758537962483926,0.050262874535462,-0.636561893153625,0.0752560513138598,0.261368904076652,-0.444704392472854,0.202128106573345,0.213401948472597,0.127067732339171,-1.9379490946364,0.223461202314191,0.263636160302751,0.22802884917353,0.65163604451156,0.27027514752313,0.152844559380939,0.403177789569828,0.353049807732731,0.300247337492754,-0.83295142766752,0.266025682289505,0.859808711501928,0.243897805274524,0.930667187592656,-0.808930682656139,0.00930218077852121,0.250404574245668,0.246578080212297,0.196327185046336,0.291449720373094,1.50695460828873,0.240116762390989,0.221986995535206,0.153333171019974,0.191900542413874,0.152916863734047,0.200964863784015,0.114516405999216,0.15419313361876,0.249947377129206,0.340805557536002,0.191235991547093,0.251697132809277,-0.00722969475397718,0.248199746175516,0.187198093414373,0.251558432781416,0.135953330644029,0.130997608888803,0.202607241241675,0.000279035744864378,0.162224174270569,0.216564812781659,0.184777364222751,0.164013198259958,0.153941282470673,0.0716293532570386,0.130338750203112,0.120582634887897,0.146837753210886
0.050262874535462,432.77708734029,-44.1828732054692,-31.6192642843457,98.6738625950299,-64.1145056064744,-79.3613153057316,143.145528311573,153.265688726346,-57.5652782977082,166.413805759336,184.68735726833,-76.7401362627847,183.628188746382,-95.0447739787405,-50.5097290813755,-138.201062504396,-115.93796505628,-100.091301748065,-137.467087859806,-91.2553192462157,-180.410528987985,-89.2257868467358,-58.6103421492797,250.707450299097,0.0555024061894063,-102.429118162733,-102.457225137761,-72.2273100118143,224.958098655966,245.487501225487,-99.9406766593087,-91.4370071549603,-54.2181197244951,-79.5292925213625,-79.4672081350517,-95.1844770606804,-49.9193258337262,-61.9328101487497,-96.686203897971,151.235562664858,-78.1355275160248,-102.108643955372,-0.0142014325751123,-97.1345922498863,-67.5770991704531,-93.6072057701046,-55.6678553197439,-55.4964037225938,-71.823061794171,0.023737632297301,-65.6877496628692,172.968037651161,-70.2490402959864,-57.9197967172079,-56.1101865267166,-26.2969755003628,99.162924273806,-50.1291916083878,128.715360180793
-0.636561893153625,-44.1828732054692,1072.23482807538,-85.3823770168115,-73.8089526499287,69.038259742834,4.53961744212716,3.34542832759777,80.7680823340649,333.664044928348,-218.185237713853,-242.474856635608,93.4883654642491,97.3747189096282,-254.331984937691,-132.925864133085,8.38903952127968,-312.269084240515,-267.500028359903,749.91859164642,113.957581963369,-138.928133971513,-238.311436927738,155.287742275607,-222.400357406356,-0.627116159329601,348.706712337771,667.105297020454,-197.209243085323,370.635117354296,-190.606891984925,36.7295149562269,31.7927936288226,-145.631037871445,-216.979041998769,-217.201467004544,68.4051417855163,138.740242993434,-166.942948748034,269.484159767377,-361.989172392675,93.1275966715172,-273.54931532302,0.534244201025975,619.398795684563,-181.503079838192,-252.308975830269,231.264808470166,-147.811259156527,-14.0549547099916,0.0439141867777769,4.12135249788318,29.4456753245566,-190.137597092596,20.3489697107823,-150.095457740884,-72.0354186417167,-131.318494969641,-136.944700561852,-142.06880512392
0.0752560513138598,-31.6192642843457,-85.3823770168115,778.258775586063,-1.71140023135478,-120.920534495012,269.533293993385,496.595452274715,-82.1762728494877,-108.594529572893,-155.318545459028,-172.468115351633,-144.956009466201,-96.7328550990091,98.7042465116687,-93.8759295494206,103.207483930842,-221.180890997943,140.550960421537,95.9413710729431,-176.718375993084,-11.5124227826631,125.3954243773,-113.412313666264,-170.422445965104,0.105504286720974,105.925741890995,107.297696356921,-142.369424489958,-213.013696716275,-136.907067574282,401.009329482767,-173.296833784817,184.825121712472,-153.803385573341,-152.980035693558,449.117451841545,-95.6126949720794,-117.626589760394,-185.956665649798,568.59545666087,437.043208044387,-194.846680329181,-0.0172282003803751,-184.633423442102,125.875358027428,202.004348582717,-107.961536286044,-106.099335696455,-138.792542512089,0.0412365030624895,227.192066763717,86.5683024669085,131.463147905484,60.3199810848611,-107.419592616425,-51.3580010317353,-94.040480660664,-97.9122843130515,-100.724722070001
0.261368904076652,98.6738625950299,-73.8089526499287,-1.71140023135478,3076.29419684481,249.178320516757,380.320994264943,393.733809731845,519.287126838125,-25.6764882948961,157.370199604462,176.347119263197,-469.341195176095,623.523972093138,185.966340264229,146.580664190174,-348.672084002302,1175.48561479151,-161.922841556184,142.368105033855,-89.688188334224,-652.429897070423,-552.990753142547,-362.699113544484,344.664795272758,0.319734177457936,-218.946121496817,-217.697144357179,-5.0547443876444,-677.779450662319,-17.5921420950449,604.397158939301,544.062089211098,61.5817307832693,-76.775525896863,-495.328919606407,-149.853646467523,-309.798674696789,-2.69997255051839,-599.123642572083,309.559060500456,-71.899558726664,-5.50793403054932,-0.0539223148895014,186.826517505047,641.429609885745,212.58207353988,420.165702619894,521.352836819993,34.4705902462554,0.132253456970227,76.682152047416,-174.997280157614,-64.683416276014,-123.376239924875,-117.048671188341,-163.253761244566,-299.648869076556,-311.365238205189,156.637237685335
-0.444704392472854,-64.1145056064744,69.038259742834,-120.920534495012,249.178320516757,2492.78795515711,-305.40639251562,46.3646036528787,467.216993106084,-220.196513937492,-314.890616900469,-348.58416803674,-295.651844153442,180.961167930756,-366.624716243402,353.866281341908,81.8222275408313,122.884354469974,-386.588981233097,-530.884818951137,-354.96139243374,1015.07386657694,147.183506342515,-225.927439073033,-346.137684189309,2.50052616161056,-400.694957722413,-400.935857763117,-284.561802119543,-424.996099335401,-275.332787737439,-390.68905596701,92.9576772666436,272.609166247611,-314.33714308314,194.865037769402,157.978406401976,248.996886973231,678.479419427972,-377.680270526844,-59.0777147654862,-299.277393203133,-18.4254528581918,-0.919346047280865,-374.997171979106,593.075647241841,-363.667989560324,91.3915323771089,480.466976072386,-280.655156285557,-0.61197054964305,332.971957650734,87.2552484504996,176.294963462204,-223.311319187677,331.313863925085,-102.142488589206,50.1491208729004,176.534140488169,87.9848699277029
0.202128106573345,-79.3613153057316,4.53961744212716,269.533293993385,380.320994264944,-305.40639251562,2786.4714041015,589.439267902166,-208.135822638586,81.8306885026687,330.732527440505,365.748093704694,-367.758651291064,96.2671268606226,805.283715511173,-237.248684900123,442.545596282847,995.966918270275,-479.225183009881,420.555972054332,82.0760562084847,-367.329601946504,15.0030575554519,174.765469072587,59.4782244383706,0.23787292164782,-40.2014575629962,-38.7991242082634,134.908818642379,-42.9674593789745,-344.855515607637,-38.6382669344082,768.041600509617,607.537013022484,70.8557234498109,-389.268745648227,965.025359504791,-240.600516559549,-300.7879385072,-79.3585857141315,595.688291465769,70.7524736457023,-490.936885088579,-0.0368748920892243,-37.131212811286,63.0080366029062,125.892452870143,-269.018558297242,48.5304980064308,176.248410036595,0.106826486592132,-321.637000843583,-30.2717388250151,-338.50659182254,236.683857845484,-266.743932490191,-129.047545659042,-19.8629111171147,-243.964447925173,10.7523729468904
0.213401948472597,143.145528311573,3.34542832759777,496.595452274715,393.733809731845,46.3646036528787,589.439267902166,2988.77889046279,81.1857587182265,84.729054295052,-31.5486176438849,-33.8001058498503,70.7695083475897,-253.733247128565,-36.4261229541995,263.212757966228,-115.315653034526,1028.15482196811,18.89689461104,-126.949108359321,-460.085266148254,-897.906329114052,478.329572668415,180.377113721781,61.3641102216739,0.253942162067023,-40.436146577429,-38.63973514303,643.259684934644,-549.907727941593,-355.809664078115,422.117978642732,-452.307593214287,179.347889095746,-404.170694791196,72.6415709311548,1000.25770907383,-249.769912647867,-311.596302628442,-485.296652579566,186.953233394775,529.821185894056,-157.155344611948,-0.0436809177574255,-37.8587526507278,463.611981286004,129.067355426847,9.02939335458771,-274.30069523571,-89.1613387663255,0.113595469474924,-330.978231217359,354.140975067156,-351.440730971839,513.035054647787,-277.880830925935,143.800284685575,-19.945186673962,-251.43741005983,-260.843338656315
0.127067732339171,153.265688726346,80.7680823340649,-82.1762728494877,519.287126838125,467.216993106084,-208.135822638586,81.1857587182265,1439.25930493865,-148.819583810967,-214.147290626683,124.215694461417,-201.446496352186,484.162861164696,132.122860170016,-128.183632894755,-359.215802084329,-304.817103161408,-260.657656083315,-356.860976956576,-239.211563359355,-466.750828664698,171.509078896108,259.630229591978,-235.733284861633,0.129771755207043,-270.508063489962,-269.209259468676,247.861865810618,-286.833625882279,-186.48313481861,-264.595737915283,126.316182952571,-141.362385332321,208.840970705703,-209.024783684378,-244.174430983315,-130.672338434143,211.196827565944,96.3676155566391,22.5105951509301,-202.134038150435,-270.307580428182,-0.028147136586217,-253.017755765723,170.327269553289,275.630343000546,104.994246826513,140.633114168174,48.5279309255988,0.0629791235327815,66.4849302701676,-219.643622842868,-183.621695913672,81.7712451889625,77.8775358360022,-70.1690686858157,-127.687587560541,-132.414631117591,101.324009377471
-1.9379490946364,-57.5652782977082,333.664044928348,-108.594529572893,-25.6764882948961,-220.196513937492,81.8306885026687,84.729054295052,-148.819583810967,2257.92526888368,122.044176840114,-312.848752295143,-263.654039886127,198.35782853308,616.511265164788,-171.688047165993,-479.459016163287,176.57148157384,-346.649451670184,741.683471218521,-317.33685293663,-618.734511425609,-306.670898248082,-200.888061631847,-309.118667708404,-4.93020536802052,159.501882070814,-352.755983037037,296.076398913232,717.124000203349,-243.682355688224,-345.488195014762,141.444971742174,301.28203632781,-278.819498404437,-276.760309248504,738.643209501658,277.055110417663,-216.32234340442,101.03372023708,-465.46965614524,228.963848698843,-355.188892040073,3.06984797902438,147.888812784991,-236.20291759741,324.418005263054,-192.445489953942,164.3566252525,-248.250657098297,0.0432732204661495,68.2328556249086,128.956393938387,-244.329846583074,-202.290224303425,-192.695930631301,-94.2290391299408,-168.925295135126,201.648714330484,-181.633737604281
0.223461202314191,166.413805759336,-218.185237713853,-155.318545459028,157.370199604462,-314.890616900469,330.732527440505,-31.5486176438849,-214.147290626683,122.044176840114,3289.71024730119,466.691875677499,614.515598019865,-250.406813482176,-468.724643535941,-243.498816296834,-681.537684780492,602.268308203097,641.378603263537,-60.3981905766302,741.541163266847,-314.408739405513,-440.356547467778,-289.648358575795,-442.234757874658,0.274683616440954,-507.458265550725,-509.705916505733,192.75154242606,11.7066826154926,693.044725955072,-499.322514785462,465.63023377021,-270.478680008758,-400.859147196518,-398.247989547257,73.1474308746091,209.636460351956,-307.966399182483,-479.107101384962,-191.63774338964,624.603235327764,267.841716903414,-0.0586057389135254,11.6104642930901,103.526785333105,-134.920250733128,40.8711137951012,-271.375097710252,-57.3643005374195,0.107411912458011,-330.142930042593,11.4136711030105,-347.887247740775,7.10789624201684,-273.855126577784,-132.99229815726,-240.261744443495,132.346955875507,-259.428741189345
0.263636160302751,184.68735726833,-242.474856635608,-172.468115351633,176.347119263197,-348.58416803674,365.748093704694,-33.8001058498503,124.215694461417,-312.848752295143,466.691875677499,4059.43889509169,683.591195064291,154.482783829308,-520.965157241143,352.429106619879,-59.4303218339806,15.2037601312573,84.39998192029,-69.7418820464883,-502.25218115195,-352.91152130543,-491.747278716676,832.332958614991,130.15305302752,0.324243025190369,-565.544790869569,-570.072991423412,-402.321649276589,14.9054366280349,-387.729865913184,-552.28675287768,-497.052666699809,-296.652078653616,729.082158548241,139.848751312685,-512.461050542223,-271.548345025476,183.530410128753,448.023057949708,1362.04082719317,-422.222754231408,298.064650629439,-0.0801876782968414,-525.909799925484,118.030412839778,-511.842218034256,45.7204329776558,94.9087453695199,-64.0382866349468,0.116717753412197,-30.7661060861787,-457.475235995162,630.445759336734,6.63339710938663,11.231816446438,-146.493525047004,-267.603149107887,-276.398619784605,377.695958463149
0.22802884917353,-76.7401362627847,93.4883654642491,-144.956009466201,-469.341195176095,-295.651844153442,-367.758651291064,70.7695083475897,-201.446496352186,-263.654039886127,614.515598019865,683.591195064291,3842.04055767073,-236.241806911713,135.862611574466,-230.521409839083,-640.989167040914,171.29274259762,219.352938466736,104.879225973681,297.537300981163,-142.829430903394,-414.993770854353,354.117885570486,-415.827991416869,0.281207634672563,-477.453855993208,1422.08167751697,-342.907706347787,157.686525572119,-330.778255815067,760.596469964303,129.811214879077,-255.199682966754,262.842600706359,-373.754566338197,-437.577501151785,869.918897183777,-291.264654703947,81.4360419779494,-53.9766703147538,248.538068352569,460.068667371539,-0.0731459944959409,-448.217699409034,-316.104846261848,-435.512912831857,-258.129544210695,175.40130341556,-335.850849187823,0.0985542455430529,56.7513783728045,124.613224994706,-326.808406932144,83.9582019393375,84.4728573567618,245.858580762572,-224.771191992794,-234.394432434329,119.810061382134
0.65163604451156,183.628188746382,97.3747189096282,-96.7328550990091,623.523972093138,180.961167930755,96.2671268606226,-253.733247128565,484.162861164696,198.35782853308,-250.406813482176,154.482783829308,-236.241806911713,2053.24396867897,613.150088177608,-154.079837013771,-427.806878721005,1317.48877277036,226.35219636738,-425.238409193413,-284.413107311764,525.250368341258,-276.060559002987,-180.91610201399,-275.783613117467,1.37655619137211,-318.368661558706,178.00580664637,-225.900224528179,-340.613732665141,-218.893099738915,-310.915808806731,153.379162443008,300.242196786277,251.216773742636,-247.900839427323,-289.831213787603,709.100095853046,-191.564232059057,117.929049441179,35.6272204824076,-239.677475703127,-315.428749291131,-0.753892728515066,162.22159976354,207.541816413069,331.63279499745,-173.37138321163,168.445200329071,58.9396856207367,-0.0416834831932462,368.403243714482,-257.459147717387,-214.500814508802,-179.879488040228,95.8879372420702,-82.2576206836588,82.5385140794306,206.59541035597,405.949577870568
0.27027514752313,-95.0447739787405,-254.331984937691,98.7042465116687,185.966340264229,-366.624716243402,805.283715511173,-36.4261229541995,132.122860170016,616.511265164788,-468.724643535941,-520.965157241143,135.862611574466,613.150088177608,4477.09951396568,-287.124008096429,1407.46856844686,16.8268729045807,-575.139116457844,-70.6044882777081,166.078209759052,-1035.16986557045,77.7694220648007,-337.102291406776,136.919042448998,0.31433294668522,621.51301088122,15.6357930014711,871.687482554408,11.8892563414793,-411.503337823081,-580.83231448943,9.14709399330575,1414.40413287028,148.448394848774,145.115429281013,711.567320310583,-291.103027268925,-359.037582881049,470.838335565193,327.016205025281,140.784674347022,-138.298810157469,-0.0728936506338438,10.0677941465148,-390.879747067802,607.539678116053,-323.510513674186,98.5658182472541,-416.173909647684,0.132612048177938,-30.3413887031974,13.3649265869252,-403.633967607874,6.73362916970678,-321.409323542948,-155.582409613701,292.445230975835,153.759406495192,45.8135380050535
0.152844559380939,-50.5097290813755,-132.925864133085,-93.8759295494206,146.580664190174,353.866281341908,-237.248684900123,263.212757966228,-128.183632894755,-171.688047165993,-243.498816296834,352.429106619879,-230.521409839083,-154.079837013771,-287.124008096429,2907.22218893859,-419.638933306819,-354.153921793365,-304.397026261909,-415.755103276145,534.552141150714,238.409168434787,423.992483870318,531.929178018584,-267.650708331061,0.178263904044599,399.886444357661,-307.719824642544,-220.334836967766,-332.947325381277,-212.044908783979,395.816706295173,353.421960037677,-163.461512663764,-240.605361984424,467.435506286737,-283.679648759616,-152.621911429065,459.183524522057,310.078418178086,-402.191543150297,-231.231748840927,-306.178135334885,-0.0514044774094459,-288.332248357578,398.989703119104,-279.99731321378,1129.39518091002,-165.095987217679,190.991527156542,0.07143199590301,-199.798486647566,-253.236634474985,414.26746043453,-175.775240220393,-167.992387056295,-82.3183252069943,-147.67294485744,-155.16399689556,-159.650892980964
0.403177789569828,-138.201062504396,8.38903952127968,103.207483930842,-348.672084002302,81.8222275408313,442.545596282847,-115.315653034526,-359.215802084329,-479.459016163287,-681.537684780492,-59.4303218339806,-640.989167040914,-427.806878721005,1407.46856844686,-419.638933306819,8523.5466961859,-989.344302391328,29.3781302809591,-1158.22736897258,-778.733154005594,234.710982181246,22.0943820083871,-494.495057844963,101.984627837076,0.431637372220054,729.842551283928,-871.322015638168,235.624945317261,-73.5895791677317,-597.97752169078,-845.296395527833,-765.286775414926,1060.19438227204,938.233135306587,925.030026192664,28.7922858900304,-425.154728881342,200.930753538595,-820.964402084121,312.856246065571,119.367660801139,325.069581211655,-0.0960012043627341,680.612237914608,780.035336628299,216.72051283633,-472.762930448456,81.894270768568,-611.671978754459,0.197456729936722,-94.9278062397776,-54.4641033372839,110.612620989441,412.977796158364,-37.5642216197922,242.26638043876,343.325011144198,750.046507510874,475.261463520073
0.353049807732731,-115.93796505628,-312.269084240515,-221.180890997943,1175.48561479151,122.884354469974,995.966918270275,1028.15482196811,-304.817103161408,176.57148157384,602.268308203097,15.2037601312573,171.29274259762,1317.48877277036,16.8268729045807,-354.153921793365,-989.344302391328,6818.23099426264,923.55552160684,798.228762373812,-653.221507241948,-457.190236334398,96.8195300257677,-417.942363115229,164.821295266253,0.374884546125211,14.3022972816253,18.890556725013,1079.04511311586,-781.674502401925,-505.561813251262,749.816609453727,674.618300556682,326.060260436555,188.003934288887,177.400812197713,-672.26904604919,957.308107609045,238.980924508239,-691.09600050765,-272.365511992273,-543.779174472406,390.442375822012,-0.0910943090089156,17.7860509177008,787.68061767021,278.295373523844,514.36028172847,639.076926145575,346.52158119633,0.16406777688413,-35.548938753502,16.0907417201879,-496.593968921341,858.056928200208,415.47683711204,250.207887771432,9.06452286623291,194.379816027006,59.5614556022549
0.300247337492754,-100.091301748065,-267.500028359903,140.550960421537,-161.922841556184,-386.588981233097,-479.225183009881,18.89689461104,-260.657656083315,-346.649451670184,641.378603263537,84.39998192029,219.352938466736,226.35219636738,-575.139116457845,-304.397026261909,29.3781302809591,923.55552160684,5659.18717854202,-830.142094272916,-561.102258109872,-306.997195952477,161.515407444199,-355.570006074874,-542.243902906598,0.362228282273739,97.1668901337744,-629.726925870196,323.427610657811,99.6316262352239,1014.40464326045,91.5015307446478,-547.393919989764,-328.598243587603,240.7823436377,954.743140281401,-570.985674387759,324.596793027013,-375.646408883934,-589.628364095379,-815.458006306649,-467.12487974912,986.005149552597,-0.0949974053050426,89.3659298664934,197.517139638169,336.795135583602,535.331140683076,-332.852846245431,387.119581237287,0.126747417525732,16.1717670396434,76.6407913591912,-425.21132505342,-350.16918019386,441.328630874016,-159.940981755247,46.7601256333357,224.040316501937,94.9712497288402
-0.83295142766752,-137.467087859806,749.91859164642,95.9413710729431,142.368105033855,-530.884818951137,420.555972054332,-126.949108359321,-356.860976956576,741.683471218521,-60.3981905766302,-69.7418820464883,104.879225973681,-425.238409193413,-70.6044882777081,-415.755103276145,-1158.22736897258,798.228762373812,-830.142094272916,8118.89733081194,-761.058751862212,1928.76699387066,1549.10786302099,287.719582959606,-715.094003619028,-2.15802569802893,701.201001413685,705.091458692067,1052.52024703865,1579.21410688516,189.073102743448,686.582151458929,624.416504519483,294.627211369512,-668.464668959052,115.803959631529,-780.434221520053,268.008021898743,193.420074195755,1183.71544388184,299.752313078607,865.695050970288,-268.721286723649,1.36650863997081,657.398863525771,92.9441740395128,-784.119103060046,9.54952023281423,612.844316076215,-153.931809264791,0.366481777519496,-557.942988888827,-61.090040964645,-587.323750788001,-486.600708663294,-39.4364070371181,-226.036502826294,-404.88977741055,-423.603732918292,9.37822651908853
0.266025682289505,-91.2553192462156,113.957581963369,-176.718375993084,-89.688188334224,-354.96139243374,82.0760562084847,-460.085266148254,-239.211563359355,-317.336852936631,741.541163266847,-502.25218115195,297.537300981163,-284.413107311764,166.078209759052,534.552141150714,-778.733154005594,-653.221507241948,-561.102258109872,-761.058751862212,5551.50165123306,654.921737469928,238.494404175998,-332.408827902513,310.554659054182,0.304308952091128,178.938369555413,943.892652706037,398.949964078461,-615.365056031494,-399.521529040513,177.174191760015,827.518803281321,-303.204542822047,315.094201909301,305.163871786631,256.723369509186,384.235206151428,343.625504611339,742.370591862453,-748.694822625873,300.516086927996,-567.071950464649,-0.0691207164486691,877.080549809455,-376.958768004227,-46.0042324214543,610.531204049045,-305.608943087936,901.729286238214,0.123320173406357,67.0068727403503,-468.1723901814,271.592937175495,-323.013243785715,-306.625611447202,-152.12785551917,86.1013993062712,-283.831060672308,-292.966026713204
0.859808711501928,-180.410528987985,-138.928133971513,-11.5124227826631,-652.429897070423,1015.07386657694,-367.329601946504,-897.906329114052,-466.750828664698,-618.734511425609,-314.408739405513,-352.91152130543,-142.829430903393,525.250368341258,-1035.16986557045,238.409168434787,234.710982181246,-457.190236334398,-306.997195952477,1928.76699387066,654.921737469928,9247.61480841475,1853.91531146237,-641.774614732005,-980.366491629077,5.93592799149001,-406.828314464264,323.187002050098,-803.719631426974,341.368244296568,-53.4539771892672,1023.63398506034,285.783937891136,95.420948541273,583.180503275892,571.82525736156,-282.124057812253,721.576622155055,636.484550700212,166.377748490924,497.364637529591,553.481116856922,-1114.73097267612,-2.79461790616344,300.725299278979,-130.291310509402,-571.716230955569,-171.089706281481,391.456606569634,871.550458461203,-0.934577944069745,537.348101314128,-324.660348751123,-132.317783608831,-634.978387807221,-213.997488595168,-292.877721334888,-188.153526423302,1046.91129629354,256.572959040999
0.243897805274524,-89.2257868467358,-238.311436927738,125.3954243773,-552.990753142547,147.183506342515,15.0030575554519,478.329572668414,171.509078896108,-306.670898248082,-440.356547467778,-491.747278716676,-414.993770854353,-276.060559002987,77.7694220648008,423.992483870318,22.0943820083871,96.8195300257677,161.515407444199,1549.10786302099,238.494404175998,1853.91531146237,4559.12931031128,-318.397821925351,204.704212532238,0.31704617767421,-563.182595671058,86.9455001851902,977.588923898178,92.0042902517185,258.63336825766,714.518536108422,76.0996405137393,-292.286912687629,214.906330024192,856.645776770068,156.50044721199,-270.035757848355,835.648842960716,21.1248222454157,-148.474104038871,207.169353205297,-553.471950538911,-0.0713939822168719,84.0465483470914,-367.408504747041,303.271941668406,481.923241817295,587.480583305702,718.635752184668,0.119583364601802,-358.240975074408,72.0584628790305,-379.856263778182,-314.545646026354,-301.447951253716,-145.881187860565,-262.2182597615,-275.442694276857,84.0125694687378
0.930667187592655,-58.6103421492797,155.287742275607,-113.412313666264,-362.699113544484,-225.927439073033,174.765469072587,180.377113721781,259.630229591978,-200.888061631847,-289.648358575795,832.332958614991,354.117885570486,-180.91610201399,-337.102291406776,531.929178018584,-494.495057844963,-417.942363115229,-355.570006074874,287.719582959606,-332.408827902513,-641.774614732005,-318.397821925351,3083.92609311589,393.013407806981,-0.085851927385075,-365.266679829049,296.009840053563,443.5910451404,-381.918644671495,-234.76522868433,-354.334209233989,-322.178550184017,-191.035171275599,-285.879981103032,375.415202078035,-332.538299663853,401.59178358055,-218.448306626221,1891.48743009079,-481.246829446579,-273.239572253984,126.802748025187,-0.331514104751018,-337.789916652504,-238.865786556186,-329.968168389273,202.036209710084,-193.482338084649,121.68500063815,0.342148441757168,-235.109051588887,238.005035731629,907.738881382636,538.609350999123,-195.332162748757,-95.5059460637067,-170.047974976066,-178.248066833082,-187.58052472279
-0.808930682656139,250.707450299097,-222.400357406356,-170.422445965104,344.664795272758,-346.137684189309,59.4782244383706,61.3641102216739,-235.733284861633,-309.118667708404,-442.234757874658,130.15305302752,-415.827991416869,-275.783613117467,136.919042448998,-267.650708331061,101.984627837076,164.821295266253,-542.243902906598,-715.094003619028,310.554659054183,-980.366491629077,204.704212532238,393.013407806981,4919.79321582127,-0.865914040165267,-560.368327678356,148.239863728431,355.941715690242,-590.786199101922,325.158528082313,142.563619036948,-497.490589018214,-295.599674449636,276.217365744787,-436.806123102658,954.666573031779,-270.887393337332,306.237547256629,74.3161375034967,-737.766489437366,-415.922117779621,1024.39980227357,0.554246876477351,140.7183763328,-367.954716157177,-62.08395610045,-303.244114594495,-298.260682121906,827.749033112583,0.612455239290906,50.726765564273,122.068502738732,866.829271911051,485.84372197882,82.8705874466567,270.135321816939,407.759867270793,-274.512104998681,-286.505291504251
0.00930218077852121,0.0555024061894063,-0.627116159329601,0.105504286720974,0.319734177457936,2.50052616161056,0.23787292164782,0.253942162067023,0.129771755207043,-4.93020536802052,0.274683616440954,0.324243025190369,0.281207634672563,1.37655619137211,0.31433294668522,0.178263904044599,0.431637372220054,0.374884546125211,0.362228282273739,-2.15802569802893,0.304308952091128,5.93592799149001,0.31704617767421,-0.085851927385075,-0.865914040165267,0.0287221562019076,0.334159698918275,0.316707443121409,0.227325847066226,0.341698412756392,1.06823327639284,0.251206480440899,0.242690709169982,0.130637958241097,0.207585249833851,0.218406611744768,0.259005072506238,0.114562260940062,0.195052156964338,0.295381169890759,0.44440752236166,0.258500745699172,0.312816778627213,-0.0168232006317296,0.28219497302816,0.214783638860568,0.283805075087596,0.142964776157218,0.118874622614166,0.231314603897285,-0.00259635898509935,0.216480348679662,0.304021896323187,0.221428458759196,0.203444158026935,0.197701904097073,0.0887641061122022,0.147018577799888,0.152198285893512,0.164800529638123
0.250404574245668,-102.429118162733,348.706712337771,105.925741890995,-218.946121496817,-400.694957722413,-40.2014575629962,-40.436146577429,-270.508063489962,159.501882070814,-507.458265550725,-565.544790869569,-477.453855993208,-318.368661558706,621.51301088122,399.886444357661,729.842551283928,14.3022972816253,97.1668901337744,701.201001413685,178.938369555413,-406.828314464264,-563.182595671058,-365.266679829049,-560.368327678356,0.334159698918275,5304.4279535829,-649.442519279785,245.583181853258,1427.95972890064,880.525833305191,14.7298890354343,591.335173515696,287.384684590212,-511.676575408303,156.715710070584,90.7701682489123,265.432770086527,208.802415308069,-45.6849582011854,349.712074489284,790.285274975018,340.602276166811,-0.0528594012288982,1249.4346486262,-424.43080625358,-168.962481572213,454.377017909121,108.031782112353,-452.369665673278,0.127081404961383,-417.577703290839,13.7599875061482,-441.805384668378,755.657199213481,9.29924835510501,-168.920125021502,9.97250721787459,170.498989719139,49.171095154944
0.246578080212297,-102.457225137761,667.105297020454,107.297696356921,-217.697144357179,-400.935857763117,-38.7991242082634,-38.63973514303,-269.209259468676,-352.755983037037,-509.705916505733,-570.072991423412,1422.08167751697,178.00580664637,15.6357930014711,-307.719824642544,-871.322015638168,18.890556725013,-629.726925870196,705.091458692067,943.892652706037,323.187002050098,86.9455001851902,296.009840053563,148.239863728431,0.316707443121409,-649.442519279785,5377.93982561304,-463.89137344964,-691.124770134322,-450.314054399617,668.00378374691,15.0014440107633,291.857563735696,-510.796441757815,-500.892364153588,782.113252706156,270.502076345044,-392.352621581329,519.516179440065,-852.712547382821,-484.827819215665,-148.543704289574,-0.0414369978290159,636.271570906741,-423.403551239589,-167.674992290209,55.8785491527064,111.683234462933,691.18784248797,0.126093601991004,356.841852780632,556.058970899148,727.238804561777,9.69769056275461,-347.980777957829,222.383334909691,-303.542947690516,-315.614376614202,437.552262100876
0.196327185046336,-72.2273100118143,-197.209243085323,-142.369424489958,-5.0547443876444,-284.561802119543,134.908818642379,643.259684934644,247.861865810618,296.076398913232,192.75154242606,-402.321649276589,-342.907706347787,-225.900224528179,871.687482554408,-220.334836967766,235.624945317261,1079.04511311586,323.427610657811,1052.52024703865,398.949964078461,-803.719631426974,977.588923898179,443.5910451404,355.941715690242,0.227325847066226,245.583181853258,-463.89137344964,4181.17764256765,263.072371806856,-318.173870855356,-448.265873286553,836.771196991591,427.602011003631,353.602834866617,350.477271225905,-421.26644951349,-219.758736497734,362.373242602116,166.94948354833,38.5096512007156,-341.122244956205,67.4564850507298,-0.0411351753553904,886.572323703618,-298.42576144245,28.0628387472855,609.596062804622,240.956542631634,487.458300047076,0.0879128500873128,-293.669718020463,199.110761844795,-311.766091350999,139.506514234588,132.78991051201,-120.060468071012,-214.031288846755,-223.541870071087,-233.626736168841
0.291449720373094,224.958098655966,370.635117354296,-213.013696716275,-677.779450662319,-424.996099335401,-42.9674593789745,-549.907727941593,-286.833625882279,717.124000203349,11.7066826154926,14.9054366280349,157.686525572119,-340.613732665141,11.8892563414793,-332.947325381277,-73.5895791677317,-781.674502401925,99.6316262352239,1579.21410688516,-615.365056031494,341.368244296568,92.0042902517185,-381.918644671495,-590.786199101922,0.341698412756392,1427.95972890064,-691.124770134322,263.072371806856,6026.47950971748,940.191937140014,-670.373287134543,16.0406653710379,307.259695365212,169.728172089044,-535.373095402215,-635.644128702866,280.47994987252,-422.344896039917,544.184799521553,-906.122163082707,839.594883642521,-682.479741827011,-0.0615495482343587,11.0804976762627,-451.049390068471,-182.66265534677,-373.992975458708,115.513493656644,-78.5444726880022,0.137341911140857,-33.8898856936163,585.746211800343,-472.995546719341,406.963099625361,6.51715878877696,-182.210199284252,8.56342380498555,180.649745873821,460.240724453904
1.50695460828873,245.487501225487,-190.606891984925,-136.907067574282,-17.5921420950449,-275.332787737439,-344.855515607637,-355.809664078115,-186.48313481861,-243.682355688224,693.044725955072,-387.729865913184,-330.778255815067,-218.893099738915,-411.503337823081,-212.044908783979,-597.97752169078,-505.561813251262,1014.40464326045,189.073102743448,-399.521529040513,-53.4539771892672,258.63336825766,-234.76522868433,325.158528082313,1.06823327639284,880.525833305191,-450.314054399617,-318.173870855356,940.191937140014,3705.56805189438,213.204476498341,-391.796727912474,-234.855977140501,-354.008447395702,319.471308445326,274.734821435522,-215.048745349946,-271.602372550634,-417.764134098296,-586.282120925905,-332.741254109767,1036.00916442481,-1.12404702654271,821.675682642291,-291.569909554143,12.056880734528,163.637247724175,-237.586116339863,-312.478672786971,0.0937665783832467,-284.51200853124,717.987774242297,-301.749809404373,125.325538469717,115.216425718032,-115.207257440113,103.951386296183,-215.892235315975,154.238494802911
0.240116762390989,-99.9406766593087,36.7295149562269,401.009329482767,604.397158939301,-390.68905596701,-38.6382669344082,422.117978642732,-264.595737915283,-345.488195014762,-499.322514785462,-552.28675287768,760.596469964303,-310.915808806731,-580.83231448943,395.816706295173,-845.296395527833,749.816609453727,91.5015307446478,686.582151458929,177.174191760015,1023.63398506034,714.518536108422,-354.334209233989,142.563619036948,0.251206480440899,14.7298890354343,668.00378374691,-448.265873286553,-670.373287134543,213.204476498341,5051.81532703615,-552.318189673025,-332.443222159136,-497.09003790104,159.543297639922,-576.161668822236,-301.492973897659,205.573030836703,-591.612800518859,-825.832782316318,152.932540549913,-145.346434783669,-0.0143099199176821,16.3925421125008,131.561006204466,-166.20173502151,54.868899157257,106.277695452077,300.236507258324,0.131265039105238,-29.6224929011393,12.530643235825,-427.427140542199,371.391627381581,-341.248815884535,213.842846570086,-296.799202910876,169.291756194496,-318.491647034046
0.221986995535206,-91.4370071549603,31.7927936288226,-173.296833784817,544.062089211098,92.9576772666436,768.041600509616,-452.307593214287,126.316182952571,141.444971742174,465.63023377021,-497.052666699809,129.811214879077,153.379162443008,9.14709399330575,353.421960037677,-765.286775414926,674.618300556682,-547.393919989764,624.416504519483,827.518803281321,285.783937891136,76.0996405137393,-322.178550184017,-497.490589018214,0.242690709169982,591.335173515696,15.0014440107633,836.771196991591,16.0406653710379,-391.796727912474,-552.318189673025,4088.28729272652,-300.312277248482,-448.202867079086,-441.269617112601,-522.840780522973,234.563254878081,184.113858510521,-531.940587186901,-216.311825550541,136.094144833042,301.145529888749,-0.0235024942596988,554.249962954177,-372.364759380058,-150.828637050234,753.576952275949,890.017558679901,267.83948480994,0.115325179478132,-365.593748299404,-460.646272443828,125.311526881556,7.73307378564944,7.08642921292608,-148.547845692412,279.027249736314,-280.275619301247,42.3093101034013
0.153333171019974,-54.2181197244951,-145.631037871445,184.825121712472,61.5817307832693,272.609166247611,607.537013022484,179.347889095746,-141.362385332321,301.28203632781,-270.478680008758,-296.652078653616,-255.199682966754,300.242196786277,1414.40413287028,-163.461512663764,1060.19438227204,326.060260436555,-328.598243587603,294.627211369512,-303.204542822047,95.420948541273,-292.286912687629,-191.035171275599,-295.599674449636,0.130637958241097,287.384684590212,291.857563735696,427.602011003631,307.259695365212,-234.855977140501,-332.443222159136,-300.312277248482,2793.56799784569,-268.389102777532,-263.2439239928,983.250353806805,383.759084385657,-206.422545305823,213.715251912337,124.80823274852,350.450025209235,-335.423453398499,-0.0155309581130477,-320.082323936217,835.979538438078,-310.758183448119,-184.118230701735,-181.439101507768,-238.725151842527,0.0734505622872341,146.841386293885,234.415144560188,-231.1822622895,162.001066401281,-183.787409478058,-88.3165490458266,-161.426119351711,294.396743699249,909.156390940434
0.191900542413874,-79.5292925213625,-216.979041998769,-153.803385573341,-76.775525896863,-314.33714308314,70.8557234498109,-404.170694791196,208.840970705703,-278.819498404437,-400.859147196518,729.082158548241,262.842600706359,251.216773742636,148.448394848774,-240.605361984424,938.233135306587,188.003934288887,240.7823436377,-668.464668959053,315.094201909301,583.180503275892,214.906330024192,-285.879981103032,276.217365744787,0.207585249833851,-511.676575408303,-510.796441757814,353.602834866617,169.728172089044,-354.008447395702,-497.09003790104,-448.202867079086,-268.389102777532,4345.6029099114,-395.911864942943,-473.1983509679,336.971253115088,-309.673649557072,656.717949683259,545.704811980631,-382.863538439884,-503.269375713689,-0.0147539735022701,-477.959702343278,234.968220330043,-39.3729846013667,-273.726124792745,188.043668365091,28.5124267407274,0.109660720876937,454.965915002345,-413.328912627878,-346.217323151024,-287.146366607096,810.376484558464,-129.940375631347,75.1515540257868,-249.786220381768,125.020170493469
0.152916863734047,-79.4672081350517,-217.201467004544,-152.980035693558,-495.328919606407,194.865037769402,-389.268745648227,72.6415709311548,-209.024783684378,-276.760309248504,-398.247989547257,139.848751312685,-373.754566338197,-247.900839427323,145.115429281013,467.435506286737,925.030026192664,177.400812197713,954.743140281401,115.803959631529,305.163871786631,571.82525736156,856.645776770068,375.415202078035,-436.806123102658,0.218406611744768,156.715710070584,-500.892364153588,350.477271225905,-535.373095402215,319.471308445326,159.543297639922,-441.269617112601,-263.2439239928,-395.911864942943,4247.53569866302,-463.095179496293,-243.970215710764,297.086895949523,648.04733075891,-657.593398898702,263.779028295244,-493.083980912453,-0.00577860770099637,148.182562521779,-324.928263351018,378.358584798982,533.236098083424,187.67115160721,408.022094274122,0.101734265656735,66.7032355628939,129.456530969044,822.895874138191,-283.551390320224,442.530790127668,259.927022609135,698.798543052737,-245.486764969759,124.741452597037
0.200964863784015,-95.1844770606804,68.4051417855163,449.117451841545,-149.853646467523,157.978406401976,965.025359504791,1000.25770907383,-244.174430983315,738.643209501658,73.1474308746091,-512.461050542223,-437.577501151786,-289.831213787603,711.567320310583,-283.679648759616,28.7922858900304,-672.269046049189,-570.985674387759,-780.434221520053,256.723369509186,-282.124057812253,156.50044721199,-332.538299663853,954.666573031779,0.259005072506238,90.7701682489123,782.113252706156,-421.26644951349,-635.644128702866,274.734821435522,-576.161668822236,-522.840780522973,983.250353806805,-473.1983509679,-463.095179496293,5109.32131731009,-290.692908478975,-357.935637722724,-555.998843068404,463.263231556364,212.337026885704,-77.2230355468195,-0.0165478762467245,724.171494774031,-388.934968801971,751.619504198728,-320.553060980992,-315.870718173334,-25.3435840127618,0.125141833309022,-381.653135750322,1183.60093463855,195.702168748073,50.8146768338263,415.501504295835,-153.465879907257,40.8185953690124,211.922208817352,89.9514596672578
0.114516405999216,-49.9193258337262,138.740242993434,-95.6126949720794,-309.798674696789,248.996886973231,-240.600516559549,-249.769912647867,-130.672338434143,277.055110417663,209.636460351956,-271.548345025476,869.918897183777,709.100095853046,-291.103027268925,-152.621911429065,-425.154728881342,957.308107609045,324.596793027013,268.008021898743,384.235206151428,721.576622155055,-270.035757848355,401.59178358055,-270.887393337332,0.114562260940062,265.432770086527,270.502076345044,-219.758736497734,280.47994987252,-215.048745349946,-301.492973897659,234.563254878081,383.759084385657,336.971253115088,-243.970215710764,-290.692908478975,2382.32293165353,-190.835182298926,197.992048013701,-410.977121956279,878.74318499176,-309.627859965038,-0.000910998156342525,-291.32086063939,283.725371701033,-286.684997675581,-170.397908432012,-166.814349567577,-217.977719190169,0.0720190767768378,134.108678393484,685.759072775435,-212.671294763418,-175.986636827183,142.477417814227,-79.9373121822773,124.491195774165,272.779226647542,172.747332838582
