0.080389649159181,-0.0298449183484881,0.0498481706719161,-0.00621575417020006,-0.0300909616208076,-0.00751700358221929,-0.00793347494848806,-0.0299384169006078,-0.0357299036713823,-0.0359174271930615,-0.0230218492072886,-0.0225061128863173,-0.0183951822344262,-0.0439560681560202,-0.010112762328077,0.0240663802705666,0.0131792270922491,-0.0271091108686216,-0.0244424512050016,-0.0132393241831771,0.00558341071518215,-0.0431278669955062
-0.0298449183484881,0.100934283698393,-0.0350085724708043,-0.0140172867073903,0.00398400905934903,-0.0171300114716452,-0.0258962150149777,-0.028862385437005,-0.0090674672580695,-0.00645001509652866,-0.00845156377187455,-0.00215260398070139,-0.000793704944125055,-0.0146165083669319,-0.0365277621068593,0.00753800851912013,-0.0412987950826681,0.0320201146289255,0.0157648748838302,0.0551839828116914,-0.0294592496998044,0.0345918970293242
0.0498481706719161,-0.0350085724708043,0.0720807263968626,-0.00882345178319583,-0.0239877404409265,-0.0106333438186489,-0.0115783917471449,-0.0166616853164699,-0.0225858413763984,-0.0226941898067595,-0.015605015439691,-0.0218711207788322,-0.0135253725260874,-0.0267345890583488,-0.0101447841972664,0.0227748884180544,0.00578974923423155,-0.0010825682217634,-0.0381023351484218,-0.0475394956091004,0.00561663143978283,-0.0400378529120034
-0.00621575417020006,-0.0140172867073904,-0.00882345178319583,0.00520942585822733,0.00493475637089995,0.00714219409453229,0.00870504336019937,0.010850138617264,0.00838664067914369,0.00762301171392017,0.00647043195125358,0.00541635606977238,0.00379150368220612,0.0106497119918401,0.0110343180255321,-0.00808298026569329,0.00799552879270317,-0.00624480922519176,0.00593132623241301,-0.00138028917932555,0.00467452730717377,0.00197214865258399
-0.0300909616208076,0.00398400905934903,-0.0239877404409265,0.00493475637089995,0.0134802961311636,0.00542330878581919,0.00682016316010918,0.0153773002917181,0.0156644690935032,0.015597388471498,0.0103928386707103,0.0113029187321608,0.00806584660022955,0.0195240130843181,0.00818723371076361,-0.011672455500581,-0.000821060278168074,0.00601094488889302,0.0121602552115155,0.00622494727520522,0.000510842805615812,0.0168964327034828
-0.00751700358221929,-0.0171300114716452,-0.0106333438186489,0.00714219409453229,0.00542330878581919,0.0224129433933681,0.0180171566493395,0.0188298394134854,0.020528220810592,0.0168666107165416,0.0185386976057128,0.00684027915422768,0.00962576876261553,0.0241838669463415,0.0242179515045236,-0.0246931290731771,0.0228753200613829,-0.0191684372253554,0.0195892091385276,0.00531915626704333,0.0019261815004106,0.00482066367537019
-0.00793347494848806,-0.0258962150149777,-0.0115783917471449,0.00870504336019937,0.00682016316010918,0.0180171566493395,0.0187148460846827,0.021306635305298,0.0181284613291916,0.0157072005465194,0.0152790640535731,0.00961270162876723,0.00838553800080155,0.022835168332259,0.0243904212397382,-0.0196225952321812,0.0218537746638161,-0.0195586298123328,0.0142986900344467,-0.00153121794882853,0.0079512150552293,0.00301681281942306
-0.0299384169006078,-0.028862385437005,-0.0166616853164699,0.010850138617264,0.0153773002917181,0.0188298394134854,0.021306635305298,0.0332465253008007,0.0286383732668299,0.0264984767357544,0.0215234811237434,0.0160296961254154,0.0133014137709581,0.0365967871074768,0.028533803674449,-0.0243687502984153,0.0199215289462711,-0.00993436489560413,0.0150565496330274,-0.00994360119706517,0.00989490743589898,0.0113098234909149
-0.0357299036713823,-0.0090674672580695,-0.0225858413763984,0.0083866406791437,0.0156644690935032,0.020528220810592,0.0181284613291916,0.0286383732668299,0.0304230125819282,0.0276292930138144,0.0236813747331433,0.014247502676788,0.0146504307387118,0.0370867418910161,0.0245485536463579,-0.0281786590539196,0.0151271595453827,-0.00519852177844142,0.0219868698557703,0.00283075228576342,0.0016258460416615,0.0180202465885003
-0.0359174271930615,-0.00645001509652866,-0.0226941898067595,0.00762301171392017,0.015597388471498,0.0168666107165416,0.0157072005465194,0.0264984767357544,0.0276292930138144,0.0255381926775986,0.0209112425866793,0.0140965059974684,0.013415559952139,0.0339833720860575,0.0210895043380219,-0.0244281645707771,0.0114384367186437,-0.0022894347028184,0.0193527455678882,0.00238677657066549,0.00183666053346582,0.018165543002884
-0.0230218492072886,-0.00845156377187455,-0.015605015439691,0.00647043195125358,0.0103928386707103,0.0185386976057128,0.0152790640535731,0.0215234811237434,0.0236813747331433,0.0209112425866793,0.0192962137466312,0.00985178084684526,0.0113634995754614,0.0284825509137211,0.0207791063771458,-0.0237683001768499,0.0151743039462687,-0.00818355587348562,0.0187438658756847,0.00381863013317597,0.000658892800904296,0.0121884367121462
-0.0225061128863173,-0.00215260398070139,-0.0218711207788322,0.00541635606977238,0.0113029187321608,0.00684027915422768,0.00961270162876723,0.0160296961254154,0.014247502676788,0.0140965059974684,0.00985178084684526,0.01208229424548,0.00751532801094515,0.0185512353907994,0.0113807317575243,-0.0117152322093649,0.00533773194261951,-0.0036697500805383,0.0123863981609528,0.00580736876650642,0.00380393458567157,0.0138654216753455
-0.0183951822344262,-0.000793704944125055,-0.0135253725260874,0.00379150368220612,0.00806584660022955,0.00962576876261553,0.00838553800080155,0.0133014137709581,0.0146504307387118,0.013415559952139,0.0113634995754614,0.00751532801094515,0.00729120111264946,0.0178338982581587,0.011077599567721,-0.0137848921194295,0.00653577661791844,-0.00253058284365762,0.0120885686517833,0.00443607914173297,3.89568709948278e-05,0.0105900692680849
-0.0439560681560202,-0.0146165083669319,-0.0267345890583488,0.0106497119918401,0.0195240130843181,0.0241838669463415,0.022835168332259,0.0365967871074768,0.0370867418910161,0.0339833720860575,0.0284825509137211,0.0185512353907994,0.0178338982581587,0.0458519039643205,0.0307936471610248,-0.0333888617282682,0.0192606545033496,-0.0073408671678944,0.0252049333284065,0.000297240698396208,0.00420837772309109,0.0214323313865695
-0.010112762328077,-0.0365277621068593,-0.0101447841972664,0.0110343180255321,0.00818723371076361,0.0242179515045236,0.0243904212397382,0.028533803674449,0.0245485536463579,0.0210895043380219,0.0207791063771458,0.0113807317575243,0.011077599567721,0.0307936471610248,0.0325004793781506,-0.0260784461367291,0.0293846554013369,-0.024426000916779,0.0169304770210801,-0.00631854697188484,0.0102902001273254,0.00216001683905722
0.0240663802705666,0.00753800851912013,0.0227748884180544,-0.00808298026569329,-0.011672455500581,-0.0246931290731771,-0.0196225952321812,-0.0243687502984153,-0.0281786590539196,-0.0244281645707771,-0.0237683001768499,-0.0117152322093649,-0.0137848921194295,-0.0333888617282682,-0.0260784461367291,0.0307336018008603,-0.0205195399826747,0.0146183903204706,-0.0268401244020244,-0.0117023916286061,0.000439731455629094,-0.0152733826721425
0.0131792270922491,-0.0412987950826681,0.00578974923423155,0.00799552879270317,-0.000821060278168074,0.0228753200613829,0.0218537746638161,0.0199215289462711,0.0151271595453827,0.0114384367186437,0.0151743039462687,0.00533773194261951,0.00653577661791844,0.0192606545033496,0.0293846554013369,-0.0205195399826747,0.0349673327700884,-0.0340006391429781,0.0116430047409818,-0.00815452183683917,0.0106196155789687,-0.008404705147687
-0.0271091108686216,0.0320201146289255,-0.0010825682217634,-0.00624480922519176,0.00601094488889302,-0.0191684372253554,-0.0195586298123328,-0.00993436489560413,-0.00519852177844142,-0.0022894347028184,-0.00818355587348562,-0.0036697500805383,-0.00253058284365762,-0.0073408671678944,-0.024426000916779,0.0146183903204706,-0.0340006391429781,0.0439187835275297,-0.0127851914506488,-0.00443113801861111,-0.0105422230396053,0.0105510682649264
-0.0244424512050016,0.0157648748838302,-0.0381023351484218,0.00593132623241301,0.0121602552115155,0.0195892091385276,0.0142986900344467,0.0150565496330273,0.0219868698557703,0.0193527455678882,0.0187438658756847,0.0123863981609528,0.0120885686517833,0.0252049333284065,0.0169304770210801,-0.0268401244020244,0.0116430047409818,-0.0127851914506488,0.0326451213244892,0.032026916952167,-0.00572917793690344,0.0230699023754867
-0.0132393241831771,0.0551839828116914,-0.0475394956091004,-0.00138028917932555,0.00622494727520522,0.00531915626704333,-0.00153121794882853,-0.00994360119706517,0.00283075228576342,0.00238677657066549,0.00381863013317597,0.00580736876650642,0.00443607914173297,0.000297240698396208,-0.00631854697188484,-0.0117023916286061,-0.00815452183683917,-0.00443113801861111,0.032026916952167,0.0583013029514882,-0.0164604929542708,0.0270543868621036
0.00558341071518215,-0.0294592496998044,0.00561663143978283,0.00467452730717377,0.000510842805615812,0.0019261815004106,0.0079512150552293,0.00989490743589898,0.0016258460416615,0.00183666053346582,0.000658892800904296,0.00380393458567157,3.89568709948277e-05,0.00420837772309109,0.0102902001273254,0.000439731455629094,0.0106196155789687,-0.0105422230396053,-0.00572917793690344,-0.0164604929542708,0.0118347428344472,-0.00812799908188379
-0.0431278669955062,0.0345918970293242,-0.0400378529120034,0.00197214865258399,0.0168964327034828,0.00482066367537019,0.00301681281942306,0.0113098234909149,0.0180202465885003,0.018165543002884,0.0121884367121462,0.0138654216753455,0.0105900692680849,0.0214323313865695,0.00216001683905722,-0.0152733826721426,-0.008404705147687,0.0105510682649264,0.0230699023754867,0.0270543868621036,-0.00812799908188379,0.0313388881003013
