0.0458401671766784,0.0299440353455225,0.00257008655500425,-0.0234383180523693,0.00451482010160922,-0.0281223581438122,-0.0492131456493459,-0.025375755820946,-0.00398427744683403,0.00447816785773366,-0.0157149978492622,-0.00226324354269166,0.0403159439294143,-0.0361644474948437,0.0193016143713459,-0.0355622457754901,0.048528305585869
0.0299440353455225,0.0592681098033381,-0.0011781723080777,-0.0152617461691616,0.00212408630699084,-0.0541775682074263,-0.028588840254976,-0.0182966861583294,-0.00622521538878264,-0.000800492222672059,-0.0408224696423488,0.0171958583728385,0.00820835209102024,-0.0181133397598524,-0.0204744271918986,-0.0152992885825959,0.0369470565496328
0.00257008655500425,-0.0011781723080777,0.038209871158893,-0.044557335782899,0.0320714034972316,-0.00134854502622212,0.000157252112653623,-0.0357169245094901,0.0312574906499775,-0.0309634127673635,0.0272075293459648,-0.0507794972241972,-0.00195150442550826,-0.040892691034356,0.0146098737547211,-0.00790151429112329,0.011954312186487
-0.0234383180523693,-0.0152617461691616,-0.044557335782899,0.0916338998785234,-0.0437032923044278,0.0427396803049733,0.019782368896275,0.0854834198108403,-0.0361894935733258,0.0521517347453333,-0.00155077020609093,0.0824085757935239,-0.00253064643879863,0.097913180391436,-0.00513416845072509,0.0574304517972564,-0.0368748696802439
0.00451482010160922,0.00212408630699085,0.0320714034972316,-0.0437032923044278,0.0523281723047425,0.0169797861887999,-0.0029927385082811,-0.041000660519306,0.0570050129189994,-0.00262160796113177,0.0195637800308603,-0.0398531875135928,-0.0199447509199242,-0.0491054081824978,0.00229112813194272,-0.022418273383247,0.0138452049505505
-0.0281223581438122,-0.0541775682074263,-0.00134854502622212,0.0427396803049733,0.0169797861887999,0.103624898852011,0.0233823662485117,0.0426805234347025,0.0330424368972932,0.0513153354770761,0.0506282832088498,0.0187198084094312,-0.0139087703542371,0.0397429900096235,0.02795349507984,0.031285348182121,-0.0326261959705666
-0.0492131456493459,-0.028588840254976,0.000157252112653623,0.019782368896275,-0.0029927385082811,0.0233823662485117,0.053694688499051,0.02252909617647,0.00549569259916954,-0.0107860007813615,0.015663327072082,-0.0022306502404346,-0.0456743112369942,0.0347100353861992,-0.0238895383515513,0.0373026365768998,-0.051156490273907
-0.025375755820946,-0.0182966861583294,-0.0357169245094901,0.0854834198108403,-0.041000660519306,0.0426805234347025,0.02252909617647,0.0825830946257693,-0.0338829104181006,0.0416130770227571,0.00857688058948494,0.0712195611618013,-0.00087176484736665,0.0951428543460086,0.000667672780447327,0.0623398728712583,-0.0374371535699098
-0.00398427744683403,-0.00622521538878264,0.0312574906499775,-0.0361894935733258,0.0570050129189994,0.0330424368972932,0.00549569259916954,-0.0338829104181006,0.0654890405023834,0.00521796662603906,0.0270029327267264,-0.0366037742488634,-0.0299725400513001,-0.0408697552412226,0.000333749257293552,-0.0154788241439516,0.00424421096518395
0.00447816785773366,-0.000800492222672059,-0.0309634127673635,0.0521517347453333,-0.00262160796113177,0.0513153354770761,-0.0107860007813615,0.0416130770227571,0.00521796662603906,0.0723863176944784,-0.00984577089645804,0.0643936124902998,0.000704105603172819,0.0393231537427705,0.00182026322199232,0.00820677694152222,-0.00100341319981779
-0.0157149978492622,-0.0408224696423488,0.0272075293459647,-0.00155077020609093,0.0195637800308603,0.0506282832088498,0.015663327072082,0.00857688058948494,0.0270029327267264,-0.00984577089645804,0.0637776881546289,-0.0327654339408259,0.000705661118522185,0.0066674035510517,0.0354255157821263,0.0259446896380716,-0.0166216033894843
-0.00226324354269166,0.0171958583728385,-0.0507794972241972,0.0824085757935239,-0.0398531875135928,0.0187198084094312,-0.0022306502404346,0.0712195611618013,-0.0366037742488634,0.0643936124902998,-0.0327654339408259,0.0973398295559979,0.00329212447727292,0.0803142930885581,-0.0167284585379069,0.0358193499212777,-0.0116568800159351
0.0403159439294143,0.00820835209102024,-0.00195150442550826,-0.00253064643879863,-0.0199447509199242,-0.0139087703542371,-0.0456743112369942,-0.00087176484736665,-0.0299725400513001,0.000704105603172819,0.000705661118522185,0.00329212447727292,0.0631405493498101,-0.0108115763954785,0.0433934279371388,-0.0161448158868411,0.0388828623118248
-0.0361644474948437,-0.0181133397598524,-0.040892691034356,0.097913180391436,-0.0491054081824978,0.0397429900096235,0.0347100353861992,0.0951428543460086,-0.0408697552412226,0.0393231537427705,0.0066674035510517,0.0803142930885581,-0.0108115763954785,0.113265451661786,-0.00988531649866995,0.0773304522722613,-0.0499915887189079
0.0193016143713459,-0.0204744271918986,0.0146098737547211,-0.00513416845072509,0.00229112813194271,0.02795349507984,-0.0238895383515513,0.000667672780447327,0.000333749257293552,0.00182026322199232,0.0354255157821263,-0.0167284585379069,0.0433934279371388,-0.00988531649866995,0.0523031062996325,-0.00294849108828359,0.0191945527496207
-0.0355622457754901,-0.0152992885825959,-0.00790151429112329,0.0574304517972564,-0.022418273383247,0.031285348182121,0.0373026365768998,0.0623398728712583,-0.0154788241439516,0.00820677694152222,0.0259446896380716,0.0358193499212777,-0.0161448158868411,0.0773304522722613,-0.00294849108828359,0.0709636312588912,-0.0407515152575837
0.048528305585869,0.0369470565496328,0.011954312186487,-0.0368748696802439,0.0138452049505505,-0.0326261959705666,-0.051156490273907,-0.0374371535699098,0.00424421096518395,-0.00100341319981779,-0.0166216033894843,-0.0116568800159351,0.0388828623118248,-0.0499915887189079,0.0191945527496207,-0.0407515152575837,0.0556571060838661
