0.0871714836268128,0.0659559347911073,-0.016121646325299,-0.0378617676072769,-0.0152901947721019,-0.0148985972243358,-0.0102169227059891,-0.0361700998950991,-0.0374164512331466,-0.0255046522093727,-0.0426620068136058,-0.0355231490678779,-0.0224585230425625,-0.0302118912326304,-0.00514213235336073,0.00139902950202188,-0.0291085990535409,-0.0557292858999517,-0.0424816169631003,-0.0432815139992853,-0.00630911680396275,-0.0506562462447717
0.0659559347911073,0.0847983260255922,-0.0281090782510041,-0.0158178182593686,0.00413420127644353,-0.00198259209040595,-3.65900732559628e-05,-0.0115566733849118,-0.0128555792576332,-0.00495597033597748,-0.0167082300965571,-0.0114198417936998,-0.00906357985047626,-0.00376157968455434,0.00117599797262559,-0.0110530345372468,-0.009998902407327,-0.0675068307997949,-0.0260862859419354,-0.0295860844512595,0.0138329461465595,-0.0286262233312867
-0.016121646325299,-0.0281090782510041,0.0419303838408241,0.00423911126159075,-0.011099713056397,-0.00323787297859239,-0.00155672152725226,-0.0023529538503638,0.00233498880369054,0.00594420018906302,0.00870070959784101,-0.000985261787910833,0.00259412055501106,0.0102167770816754,-0.00223278860819541,-0.00509793472505583,0.0297224368406344,0.0253478762318641,-0.00774443914410369,0.00822114089500459,-0.0320736204320531,-0.00944878359553228
-0.0378617676072769,-0.0158178182593686,0.00423911126159075,0.0226541626201391,0.0107665993693942,0.0101942675127698,0.00777301563943337,0.0207975672789926,0.0234977479150925,0.0191981650478991,0.0270642685756088,0.0213951634063101,0.0137868631413617,0.023617703724788,0.00339495470187158,-0.00830719282393153,0.0193534745335653,0.0206649973785017,0.0190067940949651,0.0171800485901159,0.00502440013845343,0.0232859588117343
-0.0152901947721019,0.00413420127644353,-0.011099713056397,0.0107665993693942,0.0127365338126422,0.00616975449403989,0.00473090464277527,0.0151884938538441,0.0112767546698632,0.00714260584768091,0.010955718004738,0.0127849772173796,0.00579294382595597,0.00892988040191394,0.00389510442643107,-0.000652860438699686,0.0061864862853709,-0.00791186310231321,0.0117405640854169,0.0122867646381048,0.0150008826688204,0.0160083951774865
-0.0148985972243358,-0.00198259209040595,-0.00323787297859239,0.0101942675127698,0.00616975449403989,0.00596096694935513,0.00411972182392141,0.00940054420276784,0.0117065184216952,0.00900478498463309,0.0119785797108139,0.0107687228496409,0.00684890413706717,0.0107555358736108,0.0020600073856654,-0.00488614563237668,0.00473494950351778,0.00551934882709371,0.011163420825271,0.00580778217833748,0.0088683863614426,0.0129995102790501
-0.0102169227059891,-3.65900732559628e-05,-0.00155672152725226,0.00777301563943337,0.00473090464277527,0.00411972182392141,0.00324135573959713,0.0072344742480084,0.00847577686681872,0.00708938304538063,0.00925556044883925,0.00778485895089789,0.00490955451759231,0.00869305874386462,0.00156390060298437,-0.00397458146492857,0.00569213282371569,0.00293849082668409,0.00659210688179586,0.0044452565086421,0.0044997508341776,0.00811013459357182
-0.0361700998950991,-0.0115566733849118,-0.0023529538503638,0.0207975672789926,0.0151884938538441,0.00940054420276784,0.0072344742480084,0.0238218645234504,0.0208093197855246,0.0151428230463052,0.0232186573230513,0.0211553206758946,0.0115434814918719,0.01900407577983,0.00465798054873632,-0.00302688832169339,0.0180905747188702,0.00814254898327006,0.0188943099656764,0.0221425339418271,0.0105700986322064,0.0248321972747885
-0.0374164512331466,-0.0128555792576332,0.00233498880369054,0.0234977479150925,0.0112767546698632,0.0117065184216952,0.00847577686681872,0.0208093197855246,0.0256734248725077,0.0207550416666023,0.0283227776064961,0.0230706973111252,0.0151840911259118,0.0254011372327016,0.00372556220834855,-0.0106578836261908,0.0175774549355513,0.019875439770424,0.0216070197360494,0.0154415249798748,0.00992368204713923,0.025612931980569
-0.0255046522093727,-0.00495597033597748,0.00594420018906302,0.0191981650478991,0.00714260584768091,0.00900478498463309,0.00708938304538063,0.0151428230463052,0.0207550416666023,0.0192102509667894,0.024529500826617,0.0174803258143254,0.0123530663870457,0.0240379716871498,0.00227889896770921,-0.0125696605606068,0.0186558503005238,0.0169120183466291,0.0121096830101435,0.00841910357079427,0.00111234778712178,0.0145221432906845
-0.0426620068136058,-0.0167082300965571,0.00870070959784101,0.0270642685756088,0.010955718004738,0.0119785797108139,0.00925556044883925,0.0232186573230513,0.0283227776064961,0.024529500826617,0.0333912666435005,0.0248462267865274,0.0167668070363703,0.0305067484504747,0.00344259056026224,-0.0128044978751343,0.0255318503978984,0.0266313649288472,0.0199042315011668,0.0175937601891156,0.00204678829924033,0.0242273939527681
-0.0355231490678779,-0.0114198417936998,-0.000985261787910833,0.0213951634063101,0.0127849772173796,0.0107687228496409,0.00778485895089789,0.0211553206758946,0.0230706973111252,0.0174803258143254,0.0248462267865274,0.0218466114072196,0.0133787485279679,0.0214576097522063,0.00421876522930072,-0.00715128275701677,0.0156100069043007,0.0132246334272947,0.0212587454121161,0.0175196838523505,0.0126557650131519,0.0258891847023627
-0.0224585230425625,-0.00906357985047626,0.00259412055501106,0.0137868631413617,0.00579294382595597,0.00684890413706717,0.00490955451759231,0.0115434814918719,0.0151840911259118,0.0123530663870457,0.0167668070363703,0.0133787485279679,0.00910561721858186,0.0150463222131179,0.00200030668373016,-0.00661282907625498,0.01022006343303,0.0135782923472906,0.0129412015173435,0.00862640826553269,0.00519922949086571,0.0150320076447596
-0.0302118912326304,-0.00376157968455434,0.0102167770816754,0.023617703724788,0.00892988040191394,0.0107555358736108,0.00869305874386462,0.01900407577983,0.0254011372327016,0.0240379716871498,0.0305067484504747,0.0214576097522063,0.0150463222131179,0.0307797744252825,0.00302481507295457,-0.016223556912941,0.0271525846277331,0.0174777250008561,0.0127975633158038,0.0113349466176994,-0.000556146362036497,0.01588172018665
-0.00514213235336073,0.00117599797262559,-0.00223278860819541,0.00339495470187158,0.00389510442643107,0.0020600073856654,0.00156390060298437,0.00465798054873632,0.00372556220834855,0.00227889896770921,0.00344259056026224,0.00421876522930072,0.00200030668373016,0.00302481507295457,0.00147389920335002,-0.000427921405396774,0.00301205586047268,-0.00369185947990549,0.00417158867500136,0.0045644445241759,0.00519780717043498,0.0054867743063264
0.00139902950202188,-0.0110530345372468,-0.00509793472505583,-0.00830719282393153,-0.000652860438699686,-0.00488614563237668,-0.00397458146492857,-0.00302688832169339,-0.0106578836261908,-0.0125696605606068,-0.0128044978751343,-0.00715128275701677,-0.00661282907625498,-0.016223556912941,-0.000427921405396774,0.013723358924204,-0.0106199280562823,-0.00477712199166949,-0.000716779678522944,0.00515712674690937,0.00151752367093018,-2.15138942201116e-05
-0.0291085990535409,-0.009998902407327,0.0297224368406344,0.0193534745335653,0.0061864862853709,0.00473494950351778,0.00569213282371569,0.0180905747188702,0.0175774549355513,0.0186558503005238,0.0255318503978984,0.0156100069043007,0.01022006343303,0.0271525846277331,0.00301205586047268,-0.0106199280562823,0.0460776440227693,0.00794014404398695,0.000464989552178667,0.0215583549137725,-0.0187224525291618,0.00432722888250581
-0.0557292858999517,-0.0675068307997949,0.0253478762318641,0.0206649973785017,-0.00791186310231321,0.00551934882709371,0.00293849082668409,0.00814254898327006,0.019875439770424,0.0169120183466291,0.0266313649288472,0.0132246334272947,0.0135782923472906,0.0174777250008561,-0.00369185947990549,-0.00477712199166949,0.00794014404398695,0.0822179336283103,0.0208018614465995,0.0101300432393135,-0.0207837193902011,0.0203545142900828
-0.0424816169631003,-0.0260862859419354,-0.00774443914410369,0.0190067940949651,0.0117405640854169,0.011163420825271,0.00659210688179586,0.0188943099656764,0.0216070197360494,0.0121096830101435,0.0199042315011668,0.0212587454121161,0.0129412015173435,0.0127975633158038,0.00417158867500136,-0.000716779678522944,0.000464989552178667,0.0208018614465995,0.0319841725649293,0.0191036872745111,0.0237312000923909,0.0363047355989159
-0.0432815139992853,-0.0295860844512595,0.00822114089500459,0.0171800485901159,0.0122867646381048,0.00580778217833748,0.0044452565086421,0.0221425339418271,0.0154415249798748,0.00841910357079427,0.0175937601891156,0.0175196838523505,0.00862640826553269,0.0113349466176994,0.0045644445241759,0.00515712674690937,0.0215583549137725,0.0101300432393135,0.0191036872745111,0.0313950822669243,0.00518499669637749,0.0254007375319274
-0.00630911680396275,0.0138329461465595,-0.0320736204320531,0.00502440013845343,0.0150008826688204,0.0088683863614426,0.0044997508341776,0.0105700986322064,0.00992368204713923,0.00111234778712178,0.00204678829924033,0.0126557650131519,0.00519922949086571,-0.000556146362036497,0.00519780717043498,0.00151752367093018,-0.0187224525291618,-0.0207837193902011,0.0237312000923909,0.00518499669637749,0.0441326391379658,0.0270721037665629
-0.0506562462447717,-0.0286262233312866,-0.00944878359553228,0.0232859588117343,0.0160083951774865,0.0129995102790501,0.00811013459357182,0.0248321972747886,0.025612931980569,0.0145221432906845,0.0242273939527681,0.0258891847023627,0.0150320076447596,0.01588172018665,0.0054867743063264,-2.15138942201116e-05,0.00432722888250581,0.0203545142900828,0.0363047355989159,0.0254007375319274,0.0270721037665629,0.0423590967934633
