0.0601098860979457,0.0138630251004479,0.0282242924767179,-0.00770566491615319,-0.0157496370803119,-0.00611531174639284,-0.00778554012316725,-0.00611737875552947,-0.00816671309136003,-0.0065355223821887,-0.0100093636854927,-0.00638420183799471,-0.00446566257394334,-0.0100072157697677,-0.00347582422345387,0.00830208249412286,-0.0201632455517494,-0.0287312549037299,-0.0229940280705982,-0.0162252144761249,0.00956211713350528,-0.0183303600232368
0.0138630251004479,0.043995764706947,-0.0063962308708548,0.00520634910987543,0.00266824045073199,0.00501177888077868,0.00392910924615436,0.00501004478624119,-0.000726120489909114,0.00020960348580377,-0.00048690204558785,-0.00147499389851927,-0.00109374044724829,-0.000488071433315379,0.00698573409879286,-0.00105818966385051,-0.000875146293969471,-0.0271705012148025,-0.00145419256218969,-0.00362024223321911,0.00735496925565745,-0.000497057514594769
0.0282242924767179,-0.0063962308708548,0.0533022553455171,-0.00595329116768312,-0.00883979226338908,-0.00459465355475143,-0.00408762215996313,-0.00460041816902208,-0.00618999830105897,-0.00525552847935047,-0.0069718423124197,-0.00399546602373435,-0.00346502307816127,-0.00696684745579484,-0.00369765823603893,0.0138547579323397,-0.014026977722688,0.00424707116933774,-0.0217468580952398,-0.0127756483298623,-0.00468813244647181,-0.0181221226780455
-0.00770566491615319,0.00520634910987543,-0.00595329116768312,0.0267934981543313,0.0235135957501322,0.0245038595632041,0.025290399964754,0.0245007321105891,0.0226117103043147,0.0215052154433298,0.0250831265082073,0.0200673862204071,0.0170778626418266,0.0250801223702106,0.0219597673317858,-0.0201487452626565,0.0142731607906881,-0.00325890575416005,0.0233366705398095,0.00368137461663664,0.00919302281309288,0.0227444000774511
-0.0157496370803119,0.00266824045073199,-0.00883979226338908,0.0235135957501322,0.0230971887634207,0.0215359146496732,0.0219355221274018,0.0215339695315692,0.0193115181642418,0.0180138819674029,0.0220099951885071,0.0165961318122178,0.0132941897782166,0.0220074447018772,0.0190396878788805,-0.0174953444474246,0.01492549717921,3.29266000350673e-05,0.023112844521658,0.00680366547839896,0.00598992024755137,0.0215915382486524
-0.00611531174639284,0.00501177888077868,-0.00459465355475143,0.0245038595632041,0.0215359146496732,0.0228356723250652,0.023108279183732,0.0228324057837978,0.0211163505041991,0.019916038976285,0.0236387670759079,0.018628896555898,0.0156583792387858,0.0236359515904061,0.0203819959320954,-0.0185219473032769,0.0127570773536283,-0.00389742233738818,0.0204264514610557,0.00186182325539715,0.00814637783949179,0.0197016853110519
-0.00778554012316725,0.00392910924615436,-0.00408762215996313,0.025290399964754,0.0219355221274018,0.023108279183732,0.0252774182802431,0.023105002135893,0.022754433105466,0.0217459163328204,0.025000083576307,0.0211508601560859,0.0177746726447098,0.0249972985857863,0.0201394591287731,-0.0195439061917937,0.0130009494869699,0.00142824481627066,0.0229215166736471,0.00281995769429844,0.00780216889490003,0.0235817912793562
-0.00611737875552947,0.00501004478624119,-0.00460041816902208,0.0245007321105891,0.0215339695315692,0.0228324057837978,0.023105002135893,0.0228291574866102,0.0211133295028696,0.0199131480985382,0.0236359397380476,0.0186261708793179,0.015655043968824,0.0236331245694673,0.0203795994640307,-0.0185199217757518,0.0127546651128658,-0.00390049328120667,0.0204278076242096,0.00186471908819932,0.00814743476069789,0.0197032663422505
-0.00816671309136003,-0.000726120489909114,-0.00618999830105897,0.0226117103043147,0.0193115181642418,0.0211163505041991,0.022754433105466,0.0211133295028696,0.0319277927789336,0.0292151908169458,0.0358045429982909,0.0295010742437422,0.0235644470149542,0.035799166868681,0.0184115908809592,-0.0237816107832098,0.016946634251073,0.00114347906670197,0.0227262998529361,0.00450233807414271,0.00945383771021961,0.0223843145274414
-0.0065355223821887,0.00020960348580377,-0.00525552847935047,0.0215052154433298,0.0180138819674029,0.019916038976285,0.0217459163328204,0.0199131480985382,0.0292151908169458,0.0272080233042823,0.0324587005085515,0.0271868657002089,0.0220473259312648,0.0324540021266557,0.0175183647138391,-0.021581850546501,0.0145333055677863,0.000925275421029364,0.0210251128934611,0.00340415503389154,0.00884957757465434,0.0209150858472815
-0.0100093636854927,-0.00048690204558785,-0.0069718423124197,0.0250831265082073,0.0220099951885071,0.0236387670759079,0.025000083576307,0.0236359397380476,0.0358045429982909,0.0324587005085515,0.0411859940096011,0.0327312904472688,0.025134107127744,0.0411799123624965,0.020574548689615,-0.0266722165288364,0.0177554562553357,0.00127602452632538,0.0238865471090256,0.0047757996893054,0.00908398265821309,0.0232793731882679
-0.00638420183799471,-0.00147499389851927,-0.00399546602373435,0.0200673862204071,0.0165961318122178,0.018628896555898,0.0211508601560859,0.0186261708793179,0.0295010742437422,0.0271868657002089,0.0327312904472688,0.0282779558840252,0.0224477830303805,0.0327264407078471,0.0159560336542351,-0.0219001573183036,0.0143777252942212,0.00411446420909515,0.0206815545691948,0.00321791646915254,0.00882580263368847,0.0211370202984383
-0.00446566257394334,-0.00109374044724829,-0.00346502307816127,0.0170778626418266,0.0132941897782166,0.0156583792387858,0.0177746726447098,0.015655043968824,0.0235644470149542,0.0220473259312648,0.025134107127744,0.0224477830303805,0.0196052938295189,0.0251304766999684,0.0137718259383859,-0.017579746396556,0.0137169061615106,0.00225472243904715,0.0181118404564612,0.00234786120891405,0.00827726200071672,0.018637123662932
-0.0100072157697677,-0.000488071433315379,-0.00696684745579484,0.0250801223702106,0.0220074447018772,0.0236359515904061,0.0249972985857863,0.0236331245694673,0.035799166868681,0.0324540021266557,0.0411799123624965,0.0327264407078471,0.0251304766999684,0.0411738343382051,0.0205721969080099,-0.0266671102710131,0.0177504481558278,0.00127765927392453,0.0238824867072518,0.00477320106278822,0.00908204869040496,0.0232759956377472
-0.00347582422345387,0.00698573409879286,-0.00369765823603893,0.0219597673317858,0.0190396878788805,0.0203819959320954,0.0201394591287731,0.0203795994640307,0.0184115908809592,0.0175183647138391,0.020574548689615,0.0159560336542351,0.0137718259383859,0.0205721969080099,0.0199579014950302,-0.0167607846074479,0.011043992229103,-0.00970197218771313,0.0166052185395967,0.00120301651749431,0.00853577583480315,0.0163832321238574
0.00830208249412286,-0.00105818966385051,0.0138547579323397,-0.0201487452626565,-0.0174953444474246,-0.0185219473032769,-0.0195439061917937,-0.0185199217757518,-0.0237816107832098,-0.021581850546501,-0.0266722165288364,-0.0219001573183036,-0.017579746396556,-0.0266671102710131,-0.0167607846074479,0.0276747896547484,-0.022408027120851,0.00426900331840655,-0.0226201520250542,-0.00387990129786711,-0.0101229318489604,-0.022621006428051
-0.0201632455517494,-0.000875146293969471,-0.014026977722688,0.0142731607906881,0.01492549717921,0.0127570773536283,0.0130009494869699,0.0127546651128658,0.016946634251073,0.0145333055677862,0.0177554562553357,0.0143777252942212,0.0137169061615106,0.0177504481558278,0.011043992229103,-0.022408027120851,0.0495344730980509,-0.00480885709500589,0.0273108201797921,0.0176952162594337,0.00361738027264926,0.0255198848978648
-0.0287312549037299,-0.0271705012148025,0.00424707116933774,-0.00325890575416005,3.29266000350673e-05,-0.00389742233738818,0.00142824481627066,-0.00390049328120667,0.00114347906670197,0.000925275421029364,0.00127602452632538,0.00411446420909515,0.00225472243904715,0.00127765927392453,-0.00970197218771313,0.00426900331840655,-0.00480885709500589,0.0632301274791617,7.39194925680852e-05,0.00235081274538985,-0.0146085586105084,0.00378252039262118
-0.0229940280705982,-0.00145419256218969,-0.0217468580952398,0.0233366705398095,0.023112844521658,0.0204264514610557,0.0229215166736471,0.0204278076242096,0.0227262998529361,0.0210251128934611,0.0238865471090256,0.0206815545691948,0.0181118404564612,0.0238824867072518,0.0166052185395967,-0.0226201520250542,0.0273108201797921,7.39194925680852e-05,0.0472647096501736,0.0222764719656811,0.0162546157449124,0.0413138921407442
-0.0162252144761249,-0.00362024223321911,-0.0127756483298623,0.00368137461663664,0.00680366547839896,0.00186182325539715,0.00281995769429844,0.00186471908819932,0.00450233807414271,0.00340415503389154,0.0047757996893054,0.00321791646915254,0.00234786120891405,0.00477320106278822,0.00120301651749431,-0.00387990129786711,0.0176952162594337,0.00235081274538985,0.0222764719656811,0.0374508827446297,0.0126031243329432,0.0199783740928964
0.00956211713350528,0.00735496925565745,-0.00468813244647181,0.00919302281309288,0.00598992024755137,0.00814637783949179,0.00780216889490003,0.00814743476069789,0.00945383771021961,0.00884957757465434,0.00908398265821309,0.00882580263368847,0.00827726200071672,0.00908204869040496,0.00853577583480316,-0.0101229318489604,0.00361738027264926,-0.0146085586105084,0.0162546157449124,0.0126031243329432,0.0247941941657017,0.0153170518755889
-0.0183303600232368,-0.000497057514594769,-0.0181221226780455,0.0227444000774511,0.0215915382486524,0.0197016853110519,0.0235817912793562,0.0197032663422505,0.0223843145274414,0.0209150858472815,0.0232793731882679,0.0211370202984383,0.018637123662932,0.0232759956377472,0.0163832321238574,-0.022621006428051,0.0255198848978648,0.00378252039262118,0.0413138921407442,0.0199783740928964,0.0153170518755889,0.0412211655692014
