0.000553411415623439,0.000985665665241331,0.000614407491592778,0.000125498043964972,-0.00121731169450783,-0.000107535463734761,0.000416138647457859,-0.000971798450407026,0.000390214669767609,7.19839611136124e-06
0.000985665665241331,0.112643851112909,0.0802254520023102,0.0575723816849111,0.0601412460054171,0.0426162152892247,0.0876842949824525,0.0543094161508051,0.0623398586239064,0.0269026891881839
0.000614407491592778,0.0802254520023102,0.136170407229193,0.100439470218416,0.0747261979723312,0.0798777147910416,0.140707629557108,0.0627004485607122,0.0615969535872438,0.0351069796460784
0.000125498043964972,0.0575723816849111,0.100439470218416,0.0942232907714613,0.0514805786100863,0.0569141731222606,0.111093739789139,0.0529421991593172,0.0727926303176816,0.0327930426225584
-0.00121731169450783,0.0601412460054171,0.0747261979723312,0.0514805786100863,0.0939047742657073,0.0381655084855989,0.0946156162013267,0.052890622883124,0.0376578202890955,0.0290172147415061
-0.000107535463734761,0.0426162152892247,0.0798777147910416,0.0569141731222606,0.0381655084855989,0.0669916243961582,0.084685538424067,0.0393276387580461,0.0493224444105418,0.0189452716625914
0.000416138647457859,0.0876842949824525,0.140707629557108,0.111093739789139,0.0946156162013267,0.084685538424067,0.190801382845419,0.0883052594521852,0.104352628465019,0.0290313265500417
-0.000971798450407026,0.0543094161508052,0.0627004485607122,0.0529421991593172,0.052890622883124,0.0393276387580461,0.0883052594521852,0.0644393227147195,0.0534405795352206,0.00720967272542137
0.000390214669767609,0.0623398586239064,0.0615969535872438,0.0727926303176816,0.0376578202890955,0.0493224444105418,0.104352628465019,0.0534405795352206,0.120193000178941,0.0307249825020247
7.19839611136124e-06,0.0269026891881839,0.0351069796460784,0.0327930426225584,0.0290172147415061,0.0189452716625914,0.0290313265500417,0.00720967272542137,0.0307249825020247,0.0483788800776798
