0.0383640209907055,0.00223070850078487,0.00481191902654967,4.46999621730418e-05,-0.000934554089986973,-0.000773162709539301,-0.000789757793533773,0.018722716226773
0.00223070850078487,0.0279454320471993,0.00171189025628977,0.00266552112634152,0.00920994930124724,0.00397990997841302,0.00508050443108121,0.00776224085602331
0.00481191902654967,0.00171189025628977,0.0201455261009015,0.00255970725900667,0.000229512930231106,0.00348345795659726,-0.00143027758759117,0.00612393519502982
4.46999621730418e-05,0.00266552112634152,0.00255970725900667,0.0247185523934881,0.0107274227244647,0.0060464659907352,0.00208522045034515,-0.00324290779169197
-0.000934554089986973,0.00920994930124724,0.000229512930231106,0.0107274227244647,0.0212120822391017,0.00255700497517634,0.00451665639502164,-0.00119103402646129
-0.000773162709539301,0.00397990997841302,0.00348345795659726,0.0060464659907352,0.00255700497517634,0.0127817541991793,0.000942314471179033,0.00246301844220307
-0.000789757793533773,0.00508050443108121,-0.00143027758759117,0.00208522045034515,0.00451665639502164,0.000942314471179033,0.0190760547737935,0.00240413983541974
0.018722716226773,0.00776224085602331,0.00612393519502982,-0.00324290779169197,-0.00119103402646129,0.00246301844220307,0.00240413983541974,0.0319353583075742
