0.221911630710932,-3.73759178157434e-06,0.00270403608447649,-0.00782412285052527,-0.00480041776627486,0.0128105380743908,0.00375470148120089,0.000235256950291877,-0.0225169061201654,-0.0016954386191077,0.00221560540654687,-0.0112359477486478,0.00613753850190463,-0.000262251559836576
-3.73759178157434e-06,0.0339985311354085,0.00428414428244098,0.000110469284741871,-0.00791550435197898,0.000217828806360514,0.0071516121501883,0.0241421503555505,0.00238174394505577,0.00222226431558442,0.00461917043114661,0.00401088938717855,-0.00226295509108948,0.000288219794059605
0.00270403608447649,0.00428414428244098,0.0298564517301024,0.00137268525516414,0.000514053337839231,0.00732823320290321,0.00387457878798208,0.0267012425577041,0.0158481882227,0.0021377927430889,0.00897942861295063,0.0025308296098258,-0.0050697702150485,0.000206202145121711
-0.00782412285052527,0.000110469284741871,0.00137268525516414,0.0436933457790809,0.00697639154678628,0.00114411833606709,0.00365399161716275,0.0125595369641023,0.00533332850238076,-0.000241325970686241,-0.0017967509682036,-0.00150535828491561,-0.00217656526209964,-0.000185277191066733
-0.00480041776627486,-0.00791550435197898,0.000514053337839231,0.00697639154678628,0.0805485587633593,0.0329349295703116,0.0021916329961706,0.0371745154035913,0.0160543441850819,0.00116467684390104,0.00278938061355779,0.00160864731523549,0.00216487719490633,0.000768314846742268
0.0128105380743908,0.000217828806360514,0.00732823320290321,0.00114411833606709,0.0329349295703116,0.0618852860682068,0.00609244108962621,0.0370554841409372,0.0191466279654834,0.00316280548775476,0.0167207799975123,0.00211065981337104,-0.000752051087979132,0.000461328463886482
0.00375470148120089,0.0071516121501883,0.00387457878798208,0.00365399161716275,0.0021916329961706,0.00609244108962621,0.012553522150898,0.0191711544808087,0.00953089722727566,0.00198476004776581,0.00865423848508423,-0.00089094699685396,-0.000978896916691972,0.000165584654641646
0.000235256950291877,0.0241421503555505,0.0267012425577041,0.0125595369641023,0.0371745154035913,0.0370554841409372,0.0191711544808087,0.259286251857167,0.0897812802004719,0.0128291399179702,0.00804755980961682,0.00407243200092617,-0.00378797191589407,0.00306950381484178
-0.0225169061201654,0.00238174394505577,0.0158481882227,0.00533332850238076,0.0160543441850819,0.0191466279654834,0.00953089722727566,0.0897812802004719,0.236890299184767,0.0181612700970103,0.0251562042265711,0.0185600619804558,-0.0012747350684655,0.00155086983202507
-0.0016954386191077,0.00222226431558442,0.0021377927430889,-0.000241325970686241,0.00116467684390104,0.00316280548775476,0.00198476004776581,0.0128291399179702,0.0181612700970103,0.005555381103842,-0.00292751832684973,0.00141956251631294,-0.000915664495752362,0.000258103209686526
0.00221560540654687,0.00461917043114661,0.00897942861295063,-0.0017967509682036,0.00278938061355779,0.0167207799975123,0.00865423848508423,0.00804755980961682,0.0251562042265711,-0.00292751832684973,0.250241705774731,0.00342604789757935,0.00118170012649887,-0.000249724727798488
-0.0112359477486478,0.00401088938717855,0.0025308296098258,-0.00150535828491561,0.00160864731523549,0.00211065981337104,-0.00089094699685396,0.00407243200092617,0.0185600619804558,0.00141956251631294,0.00342604789757935,0.0259088350925915,-0.00413083552371229,0.000254468643582546
0.00613753850190463,-0.00226295509108948,-0.0050697702150485,-0.00217656526209964,0.00216487719490633,-0.000752051087979132,-0.000978896916691972,-0.00378797191589407,-0.0012747350684655,-0.000915664495752363,0.00118170012649887,-0.00413083552371229,0.011066466129249,0.000236107484655478
-0.000262251559836576,0.000288219794059605,0.000206202145121711,-0.000185277191066733,0.000768314846742268,0.000461328463886482,0.000165584654641646,0.00306950381484178,0.00155086983202507,0.000258103209686526,-0.000249724727798488,0.000254468643582546,0.000236107484655478,0.000478259990967957
