0.181795928882527,-0.00595094985181489,0.00407810799804464,-0.0383310760060259,0.0392193584138136,0.0193313454672741,-0.00890392056219418,0.0214424446518564,-0.0783589081571294,-0.00312986367171053,-0.0536682390131747,0.0334390011099136,0.0537685882222263,0.0226997192094035,0.0163030234409171,0.0406990556091427,0.0360534054232101,-0.0194261894241637,0.0163256549086511,0.00954822197647857,0.0287538389005712,-0.00467976372612723,0.0429593407629752,-0.0232542578525771
-0.00595094985181489,0.0279493826390785,-0.0266432684674899,0.0026928275380203,-0.0140282887977834,-0.0150142599673291,-0.00503859940771376,0.00657102174006098,-0.00540024210792635,-0.00553091523689446,0.0185976576588596,-0.00404368984525524,-0.00790728431583036,0.00479900465796428,-0.0073366266586627,-0.0183060445714574,-0.0122830983510397,-0.00733494353768887,0.00837259737143227,-0.00339876169740068,0.0137785939399441,-0.00235828658186441,-0.00111426040303557,-0.00608308271634253
0.00407810799804464,-0.0266432684674899,0.0711741502596456,-0.00703826790490027,-0.0127878787235187,0.00701677232516026,0.0161553630723121,0.00450603319236646,-0.035839327203786,-0.0100835482226717,-0.0269889686703604,0.0233756605195393,-0.0136204713318182,0.0132316464306396,0.0136356915574274,0.0340202562593381,0.0185187295542732,0.00246592614661549,-0.00377940215665219,-0.00302725187501197,-0.0213363395791309,-0.0206631701471211,0.00399553294594593,0.0139039660999687
-0.0383310760060259,0.0026928275380203,-0.00703826790490027,0.022405676875106,0.0171521307323347,-0.0193677580268786,-0.00885915206725027,-0.00268048028455226,0.0386183244776193,0.010321049758646,6.01348623246589e-05,-0.00118109335760253,-0.0119305494436341,0.00926574614634646,-0.00475214169202077,-0.0118487144975538,0.000135010100135657,-0.00325445569680027,0.0036221063065756,0.0176021416155583,-0.0241243142621194,-0.00251586485896678,-0.00738537251489596,0.0145095063185554
0.0392193584138136,-0.0140282887977834,-0.0127878787235187,0.0171521307323347,0.122182917131665,0.0303734210869746,-0.00517255009507968,-0.00225697949465661,0.0618473754101037,0.0401576153550011,-0.0395927469674149,0.0141589456316945,0.036925373573802,0.0369771086814772,0.00047714532214291,0.00120632275547138,0.0269387322126527,-0.000725012174256581,-0.000820315384192182,-0.011371067757273,0.0184143955377372,-0.0078785588886111,-0.0162354554421773,0.0574856293512171
0.0193313454672741,-0.0150142599673291,0.00701677232516026,-0.0193677580268786,0.0303734210869746,0.112618238660889,0.0185729127392134,-0.00415265332940396,0.00607424496612374,-0.000413001663882148,0.0135230743325858,-0.0039226301031121,-0.00273095399120114,-0.0375578737182229,-0.0233935927362128,-0.0584507567270661,-0.00850284951784047,0.0195730906301638,-0.0169389487742384,-0.0408762560785009,0.0586244278102315,-0.0131520860066304,-0.00294671923295921,0.00103062654798973
-0.00890392056219418,-0.00503859940771376,0.0161553630723121,-0.00885915206725027,-0.00517255009507968,0.0185729127392134,0.0474833452268243,-0.00687477953618895,-0.00155224109290561,-0.0040670957963816,-0.00793547956825146,0.000295785817322487,0.021441115546947,0.0215001994674564,0.0109800337294539,0.0273909948698704,0.00481734577884706,-0.00920406323934598,0.0082916992701397,-0.0506238389486499,0.0341626264968568,0.00258991081127309,-0.000176438769333634,-0.0405621633771155
0.0214424446518564,0.00657102174006098,0.00450603319236646,-0.00268048028455226,-0.00225697949465661,-0.00415265332940396,-0.00687477953618895,0.158608784404126,-0.0108960223046819,0.0364906298113864,-0.0179815555817431,0.029378226979597,-0.0294709441883933,0.0904671987479194,-0.0062692216521951,-0.0156683216871981,0.0113413092492792,0.049791956827574,-0.0498990318954198,0.0324847610956929,-0.0803172700522555,0.0154634350938861,-0.00250938603898842,-0.0401199351817173
-0.0783589081571294,-0.00540024210792635,-0.035839327203786,0.0386183244776193,0.0618473754101037,0.00607424496612374,-0.00155224109290561,-0.0108960223046819,0.139324441824589,0.0368093479750844,-0.00204623708530977,-0.0180704911715131,0.0186909081399683,0.00959691282457202,-0.011105392295278,-0.0277129939946686,0.00116931306266178,0.00801512865564425,-0.00660305634141739,0.00418984059748635,-0.033936353621421,0.0115965616120399,-0.0412819866600045,0.0248581997126751
-0.00312986367171053,-0.00553091523689446,-0.0100835482226717,0.010321049758646,0.0401576153550011,-0.000413001663882148,-0.0040670957963816,0.0364906298113864,0.0368093479750844,0.0459807761178884,-0.0183066168203651,-0.00656926030823081,0.0169739154156494,0.0111422751869934,0.00467151379173246,0.0116846573595346,0.0117334508020261,0.0264195243655492,-0.0278642385517419,-0.00428451208813486,-0.0244426262869925,0.0146987763716063,0.0130965785904939,-0.0068207195295065
-0.0536682390131747,0.0185976576588596,-0.0269889686703604,6.01348623246589e-05,-0.0395927469674149,0.0135230743325858,-0.00793547956825146,-0.0179815555817431,-0.00204623708530977,-0.0183066168203651,0.145740083469068,-0.0451324965655894,-0.0165672285041784,-0.0191196582386213,0.00360266337553668,0.00899887228613128,-0.0977987877966504,0.0315273791392544,-0.0296500949832644,-0.0037108161474789,0.0204051088137396,0.00269015249352743,-8.5952334755305e-05,-0.0110090439337657
0.0334390011099136,-0.00404368984525524,0.0233756605195393,-0.00118109335760253,0.0141589456316945,-0.0039226301031121,0.000295785817322487,0.0293782269795969,-0.0180704911715131,-0.00656926030823081,-0.0451324965655894,0.0412007869315069,-0.000958167204332156,0.032791814087799,-0.00269974690235614,-0.00675156655861132,0.0309519519795394,-0.0102975905701251,0.0103126985539927,0.0187294675610709,-0.0333280133531496,-0.0191830158848571,-0.000919790075871558,0.0115233648556419
0.0537685882222263,-0.00790728431583036,-0.0136204713318182,-0.0119305494436341,0.036925373573802,-0.00273095399120114,0.021441115546947,-0.0294709441883933,0.0186909081399683,0.0169739154156494,-0.0165672285041784,-0.000958167204332157,0.117782036241828,-0.0280116059039159,0.0352820212872321,0.088105251011293,0.0108603242322762,0.0137681936762037,-0.016571339211568,-0.0373656918304837,-0.0170240092416921,0.00585625306886295,0.0302817833721339,-0.0309512898213647
0.0226997192094035,0.00479900465796428,0.0132316464306396,0.00926574614634646,0.0369771086814772,-0.0375578737182229,0.0215001994674564,0.0904671987479194,0.00959691282457202,0.0111422751869934,-0.0191196582386213,0.032791814087799,-0.0280116059039159,0.259967040623873,0.0210736494264423,0.0525919031395979,0.0112090934187183,-0.0586533371288364,0.0548517163052368,-0.0042165423036106,0.0290598130097975,0.0180658178620267,-0.081301800622246,0.0257235963313372
0.0163030234409171,-0.0073366266586627,0.0136356915574274,-0.00475214169202077,0.00047714532214291,-0.0233935927362128,0.0109800337294539,-0.0062692216521951,-0.011105392295278,0.00467151379173246,0.00360266337553668,-0.00269974690235614,0.0352820212872321,0.0210736494264423,0.0290454792228684,0.072525095003657,-0.0029226203620395,0.00334829303484051,-0.00612531772985256,-0.0140932673396094,-0.0058300369989165,0.00625907712113748,0.00672912939843333,-0.00803961534803056
0.0406990556091427,-0.0183060445714574,0.0340202562593381,-0.0118487144975538,0.00120632275547138,-0.0584507567270661,0.0273909948698704,-0.0156683216871981,-0.0277129939946686,0.0116846573595346,0.00899887228613128,-0.00675156655861132,0.088105251011293,0.0525919031395979,0.072525095003657,0.181091629878812,-0.00729964292905344,0.00835452733351387,-0.0152891705473967,-0.0351668615204639,-0.0145798934528416,0.0156307594997486,0.0168432596672079,-0.0200772713562508
0.0360534054232101,-0.0122830983510397,0.0185187295542732,0.000135010100135657,0.0269387322126527,-0.00850284951784048,0.00481734577884706,0.0113413092492792,0.00116931306266178,0.0117334508020261,-0.0977987877966504,0.0309519519795394,0.0108603242322762,0.0112090934187183,-0.0029226203620395,-0.00729964292905344,0.0656943572966831,-0.0209809933633876,0.0198025206298919,0.00294244622165658,-0.0143180095561805,-0.00314769484194324,0.000243688004142407,0.00882642256826262
-0.0194261894241637,-0.00733494353768887,0.00246592614661549,-0.00325445569680027,-0.000725012174256581,0.0195730906301638,-0.00920406323934598,0.049791956827574,0.00801512865564425,0.0264195243655492,0.0315273791392544,-0.0102975905701251,0.0137681936762037,-0.0586533371288364,0.00334829303484051,0.00835452733351387,-0.0209809933633876,0.096093184659196,-0.0953553647797361,-0.00185057337612015,-0.0606204917649131,0.00416640277183464,-0.00012084895726881,0.0064953754955423
0.0163256549086511,0.00837259737143227,-0.00377940215665219,0.0036221063065756,-0.000820315384192182,-0.0169389487742384,0.0082916992701397,-0.0498990318954198,-0.00660305634141739,-0.0278642385517419,-0.0296500949832644,0.0103126985539927,-0.016571339211568,0.0548517163052368,-0.00612531772985256,-0.0152891705473967,0.0198025206298919,-0.0953553647797361,0.0950349296415264,0.00307033664174206,0.0598941377028999,-0.00541853942343636,-0.000981158749130236,-0.00558621550505539
0.00954822197647857,-0.00339876169740068,-0.00302725187501197,0.0176021416155583,-0.011371067757273,-0.0408762560785009,-0.0506238389486499,0.0324847610956929,0.00418984059748635,-0.00428451208813485,-0.0037108161474789,0.0187294675610709,-0.0373656918304837,-0.0042165423036106,-0.0140932673396094,-0.0351668615204639,0.00294244622165658,-0.00185057337612015,0.00307033664174206,0.10925931430036,-0.101097359611035,-0.00356489978971688,0.0268131175865159,-0.0116093199204638
0.0287538389005712,0.0137785939399441,-0.0213363395791309,-0.0241243142621194,0.0184143955377372,0.0586244278102315,0.0341626264968568,-0.0803172700522555,-0.033936353621421,-0.0244426262869925,0.0204051088137396,-0.0333280133531496,-0.0170240092416921,0.0290598130097975,-0.0058300369989165,-0.0145798934528416,-0.0143180095561805,-0.0606204917649131,0.0598941377028999,-0.101097359611035,0.221317954161008,0.00800225429624823,-0.048602276282363,0.0429688328658484
-0.00467976372612723,-0.00235828658186441,-0.0206631701471211,-0.00251586485896678,-0.0078785588886111,-0.0131520860066304,0.00258991081127309,0.0154634350938861,0.0115965616120399,0.0146987763716063,0.00269015249352743,-0.0191830158848571,0.00585625306886295,0.0180658178620267,0.00625907712113748,0.0156307594997486,-0.00314769484194324,0.00416640277183464,-0.00541853942343636,-0.00356489978971688,0.00800225429624823,0.0336704498877651,-0.00636630953988852,-0.0262363805847036
0.0429593407629752,-0.00111426040303557,0.00399553294594593,-0.00738537251489596,-0.0162354554421773,-0.00294671923295921,-0.000176438769333634,-0.00250938603898842,-0.0412819866600045,0.0130965785904939,-8.5952334755305e-05,-0.000919790075871558,0.0302817833721339,-0.081301800622246,0.00672912939843333,0.0168432596672079,0.000243688004142407,-0.00012084895726881,-0.000981158749130236,0.0268131175865159,-0.048602276282363,-0.00636630953988852,0.149484090025663,-0.134996019641873
-0.0232542578525771,-0.00608308271634253,0.0139039660999687,0.0145095063185554,0.0574856293512171,0.00103062654798973,-0.0405621633771155,-0.0401199351817173,0.0248581997126751,-0.0068207195295065,-0.0110090439337657,0.0115233648556419,-0.0309512898213647,0.0257235963313372,-0.00803961534803056,-0.0200772713562508,0.00882642256826262,0.0064953754955423,-0.00558621550505539,-0.0116093199204638,0.0429688328658484,-0.0262363805847036,-0.134996019641873,0.240032060442345
