0.0318485027786728,-0.00111880124135698,0.00320621687463163,0.0126205799627472,0.00312546526580462,0.00680871908294266,0.0146029332734071,-0.0138314135394973,0.00326695702422006,0.00626987590798894,0.00655664354181625,0.0303449205178205,0.013196523828602
-0.00111880124135698,0.204158142744554,-0.00983094150869856,-0.00300931294209075,-0.00773449981335667,0.0193376236045306,-0.0152460182099254,-0.0157377745790329,0.0270323588355617,-0.000521626234193514,-0.00447047744742195,-0.00251099734706223,0.0690990430976876
0.00320621687463163,-0.00983094150869856,0.0999777434108352,0.000439900969284282,0.010925337736832,-0.0056576109085987,0.0119029378621723,-0.0172609768861912,0.0331893903373557,0.0182261842482724,0.0293824632874404,0.0256965676474546,0.0605402877614087
0.0126205799627472,-0.00300931294209075,0.000439900969284282,0.0242250007918204,0.00118312246198102,0.00820866561604019,0.0177285585627803,-0.00565600298016458,0.000912908815340258,0.00341235305228102,0.00277693314032395,0.0120644941215533,0.00848313196157334
0.00312546526580462,-0.00773449981335667,0.010925337736832,0.00118312246198102,0.0131713195022785,-0.000166497685144144,0.00546188406735755,-0.00181891861944896,0.00635198291944698,-0.00206430473655081,-0.00100325708809997,0.00929224005170097,0.00332098557290997
0.00680871908294266,0.0193376236045306,-0.0056576109085987,0.00820866561604019,-0.000166497685144144,0.101952184647133,0.0082617543307324,0.00611805888028804,-0.0113728986444848,-0.00510661146972305,-0.000246747828537496,0.0127866707376563,0.00332276064088723
0.0146029332734071,-0.0152460182099254,0.0119029378621723,0.0177285585627803,0.00546188406735755,0.0082617543307324,0.252425247083487,-0.0113141470129554,0.00815577774983619,0.014360786233661,0.0278525347148879,0.0259788104604522,-0.0118763554725977
-0.0138314135394973,-0.0157377745790329,-0.0172609768861912,-0.00565600298016458,-0.00181891861944896,0.00611805888028804,-0.0113141470129554,0.032307031761896,-0.0390087731733353,-0.0100038415062883,-0.0174837146397682,-0.0143605963425705,-0.0312824553284203
0.00326695702422006,0.0270323588355617,0.0331893903373557,0.000912908815340258,0.00635198291944698,-0.0113728986444848,0.00815577774983619,-0.0390087731733353,0.231680857405313,0.0196465925088661,0.0308131648826579,0.0145911910551248,0.0550810296804726
0.00626987590798894,-0.000521626234193514,0.0182261842482724,0.00341235305228102,-0.00206430473655081,-0.00510661146972305,0.014360786233661,-0.0100038415062883,0.0196465925088661,0.0381370853721215,0.0354064548427246,0.0217539263493609,0.0382531254655499
0.00655664354181625,-0.00447047744742195,0.0293824632874404,0.00277693314032395,-0.00100325708809997,-0.000246747828537496,0.0278525347148879,-0.0174837146397682,0.0308131648826579,0.0354064548427246,0.0979242674199988,0.0218570414160781,0.0405075393578806
0.0303449205178205,-0.00251099734706223,0.0256965676474546,0.0120644941215533,0.00929224005170097,0.0127866707376563,0.0259788104604522,-0.0143605963425705,0.0145911910551248,0.0217539263493609,0.0218570414160781,0.109839581444443,0.0531383395267796
0.013196523828602,0.0690990430976876,0.0605402877614087,0.00848313196157334,0.00332098557290997,0.00332276064088723,-0.0118763554725977,-0.0312824553284203,0.0550810296804727,0.0382531254655499,0.0405075393578806,0.0531383395267796,0.237344709457373
