0.0377920761886567,0.00441031303675549,0.00403448330742208,-0.00307557650720351,-0.00253409620465141,0.000538213243925958,-0.00108836681042361,0.021027554948008
0.00441031303675549,0.025634842239899,0.00461160051554579,-0.000404036580799822,0.00555266404073855,0.00341368174400881,0.00301580404723231,0.00776213907590968
0.00403448330742208,0.00461160051554579,0.0203279318497999,0.00473214290851484,0.000197711554286675,0.00326890822562481,0.000900943541789412,0.00654800008446387
-0.00307557650720351,-0.000404036580799822,0.00473214290851484,0.0242017507343983,0.00787953134423955,0.00667028459860154,0.0024430716342683,-0.00136515335770874
-0.00253409620465141,0.00555266404073855,0.000197711554286675,0.00787953134423955,0.0135760960923339,0.00212645477430831,0.00251305428993412,-0.00131555771035191
0.000538213243925958,0.00341368174400881,0.00326890822562481,0.00667028459860154,0.00212645477430831,0.0143597165488378,0.00131813470010294,0.00149462311915951
-0.00108836681042361,0.00301580404723231,0.000900943541789412,0.0024430716342683,0.00251305428993412,0.00131813470010294,0.0210008138403913,0.00300197770822705
0.021027554948008,0.00776213907590968,0.00654800008446387,-0.00136515335770874,-0.00131555771035191,0.00149462311915951,0.00300197770822705,0.0347194311767253
