0.221560515638985,0.0266203381432799,0.00773151418762296,-0.00357163668457861,0.00370358098278107,0.0124868291217628,0.0145345265621074,0.0553299924619681,0.00236226401880074,0.000386264631230563,0.0692875378715821,-0.00827607457363529,0.00861399522116026,-0.000513993567210154
0.0266203381432799,0.0305312411630174,-0.00432781190658338,0.00951330378431963,-0.00105958982959574,-0.00487293936955603,0.0127993365418317,0.00130597161825342,-0.0121714243011264,0.000380135506100649,-0.00181556009004254,-0.00310872605176129,-0.00137289108964412,-0.000309268503094913
0.00773151418762296,-0.00432781190658338,0.0308520871711969,0.00332942239908326,0.000991524606487695,0.0136338435635594,0.00396903562438919,0.00979436804685791,0.0109635952688599,0.00202453798436125,-0.0140220216463192,0.000756893240508963,-0.00393666973632382,-0.000390375140340154
-0.00357163668457861,0.00951330378431963,0.00332942239908326,0.0488355628429347,-0.00087712684495313,-0.00134955258236812,0.00486124995536671,0.0176545874716023,0.0292773511929896,0.00170308358114978,0.00847328296061867,-0.000702210488350992,0.00470075663233771,0.000543459919521223
0.00370358098278106,-0.00105958982959574,0.000991524606487695,-0.00087712684495313,0.0629347922199086,0.0375233517840476,0.00383619885819125,0.0312431311370552,0.0320805335582006,0.00070656612777486,-0.00803137367667888,0.00328469534842468,0.00413923086411317,-0.000138874084568471
0.0124868291217628,-0.00487293936955603,0.0136338435635594,-0.00134955258236812,0.0375233517840476,0.0639423327643788,0.0094096926176655,0.0372999731136607,0.0156107908688514,0.000865450883930566,0.0136441802328349,0.00258553341378623,-0.000839815048830233,-0.000495178667635883
0.0145345265621074,0.0127993365418317,0.00396903562438919,0.00486124995536671,0.00383619885819125,0.0094096926176655,0.0156318770613365,0.0201570738557062,0.0231884987973783,0.00208412670357696,0.0121665555583683,-0.000115481869614785,-0.00131946837430754,-1.82987028121167e-05
0.0553299924619681,0.00130597161825342,0.00979436804685791,0.0176545874716023,0.0312431311370552,0.0372999731136607,0.0201570738557062,0.243679724539841,0.126315937276764,0.0104143803490556,0.0295671623807823,5.26532375084959e-05,-0.0011312476959943,-0.000311093159918594
0.00236226401880074,-0.0121714243011264,0.0109635952688599,0.0292773511929896,0.0320805335582006,0.0156107908688514,0.0231884987973783,0.126315937276764,0.301532311137676,0.0247156150661008,0.022829285717494,0.0134803742909701,-0.00463443045679097,0.00928171949773395
0.000386264631230563,0.000380135506100649,0.00202453798436125,0.00170308358114978,0.00070656612777486,0.000865450883930567,0.00208412670357696,0.0104143803490556,0.0247156150661008,0.00312451478876829,0.000731592404357402,0.00153852446421956,-0.00114088967753867,0.000877771618914742
0.0692875378715821,-0.00181556009004254,-0.0140220216463192,0.00847328296061867,-0.00803137367667888,0.0136441802328349,0.0121665555583683,0.0295671623807823,0.022829285717494,0.000731592404357402,0.246616739247114,0.00942870977077756,0.0079865365526595,0.000837972544041908
-0.00827607457363529,-0.00310872605176129,0.000756893240508963,-0.000702210488350991,0.00328469534842468,0.00258553341378623,-0.000115481869614785,5.26532375084959e-05,0.0134803742909701,0.00153852446421956,0.00942870977077756,0.0195461770095521,0.00113692897012936,0.000302881536584791
0.00861399522116026,-0.00137289108964412,-0.00393666973632382,0.00470075663233771,0.00413923086411317,-0.000839815048830233,-0.00131946837430754,-0.0011312476959943,-0.00463443045679097,-0.00114088967753867,0.0079865365526595,0.00113692897012936,0.00652178358308777,-0.000241632948570785
-0.000513993567210154,-0.000309268503094913,-0.000390375140340154,0.000543459919521223,-0.000138874084568471,-0.000495178667635883,-1.82987028121167e-05,-0.000311093159918594,0.00928171949773395,0.000877771618914742,0.000837972544041908,0.000302881536584791,-0.000241632948570785,0.000816867302969992
