0.189799943089309,0.0167823044136389,-0.0236299818471566,-0.0575771877805256,0.00241355544143391,0.0425796623309873,-0.000770288745430784,0.0584673871658809,-0.0196595341720012,0.00902693363430919,-0.0584567124481714,-0.00675486140056169,0.00519750866548655,0.00181989546638892
0.0167823044136389,0.0335964271881547,0.0136796191644825,0.00215933712266095,0.0138869607662999,-0.00906380391421757,0.0138038818332539,0.00128205065611139,0.0607175445614137,0.00548590085198471,0.0263012737309102,-0.0136111198205303,0.00364160165922029,-0.00038542930921022
-0.0236299818471566,0.0136796191644825,0.0336989052506211,0.00961699581635499,0.0178805164951728,-0.0237919977742166,0.0103869082657802,0.0408392638632466,0.0603494081311809,0.00170102934506629,0.0164000952863496,0.0104773022632289,-0.00680984823974687,0.000534207376012159
-0.0575771877805256,0.00215933712266095,0.00961699581635499,0.0593432928342773,0.0151675749642891,-0.0254197809459175,0.00802316268490359,0.0310002109233266,-0.0211296791277108,-0.00350097744696809,0.0697730863425931,-0.0183412700695012,0.0039349776797542,-0.00122828716949652
0.00241355544143391,0.0138869607662999,0.0178805164951728,0.0151675749642891,0.0972393035105704,-0.0803168397930538,0.00387812550121668,0.0530356148209518,0.0215200501588561,0.0106181283288191,0.0142391332802802,-0.00123858354378287,-0.00107002143498769,0.00190555807265664
0.0425796623309873,-0.00906380391421757,-0.0237919977742166,-0.0254197809459175,-0.0803168397930538,0.0779521334153124,-0.00456972106726403,-0.0306394044612543,-0.031774561667812,-0.0068287331993254,-0.02608610190502,-0.00199420823051808,0.00281687774355954,-0.000990216577014918
-0.000770288745430784,0.0138038818332539,0.0103869082657802,0.00802316268490359,0.00387812550121668,-0.00456972106726403,0.00934926073935863,0.00137139550562476,0.0180477621606421,0.00108175238645653,0.00402388077642366,-0.00966576434679855,0.000338142270875196,-0.000472246105982696
0.0584673871658809,0.00128205065611139,0.0408392638632466,0.0310002109233266,0.0530356148209518,-0.0306394044612543,0.00137139550562476,0.274984975659861,0.0253266999343663,0.00321824547673605,0.0913323921165326,0.0361282216314953,-0.00893748251399505,0.00468142037208668
-0.0196595341720012,0.0607175445614137,0.0603494081311809,-0.0211296791277108,0.0215200501588561,-0.031774561667812,0.0180477621606421,0.0253266999343663,0.259877828785882,0.0109931849873279,0.103040577666468,0.0338318232473651,-0.00498782403282165,-0.000232532725219074
0.00902693363430919,0.00548590085198471,0.00170102934506629,-0.00350097744696809,0.0106181283288191,-0.0068287331993254,0.00108175238645653,0.00321824547673605,0.0109931849873279,0.00220093943281774,0.000225766044209899,-0.000445957378152897,0.000375083887247265,0.000260390505895913
-0.0584567124481714,0.0263012737309102,0.0164000952863496,0.0697730863425931,0.0142391332802802,-0.02608610190502,0.00402388077642366,0.0913323921165326,0.103040577666468,0.000225766044209899,0.244096851907538,0.00453919131836455,0.0129219797607611,-0.00162317093365629
-0.00675486140056169,-0.0136111198205303,0.0104773022632289,-0.0183412700695012,-0.00123858354378287,-0.00199420823051808,-0.00966576434679855,0.0361282216314953,0.0338318232473651,-0.000445957378152897,0.00453919131836455,0.0348910788006385,-0.00777211491500677,0.00150938488414854
0.00519750866548655,0.00364160165922029,-0.00680984823974687,0.0039349776797542,-0.00107002143498769,0.00281687774355954,0.000338142270875196,-0.00893748251399505,-0.00498782403282165,0.000375083887247265,0.0129219797607611,-0.00777211491500677,0.0037714972648469,-0.000473306003300066
0.00181989546638892,-0.00038542930921022,0.000534207376012159,-0.00122828716949652,0.00190555807265664,-0.000990216577014918,-0.000472246105982696,0.00468142037208668,-0.000232532725219074,0.000260390505895913,-0.00162317093365629,0.00150938488414854,-0.000473306003300066,0.000266670501342921
