6458.383128337,951.743514073815,418.28394156868,365.887253803409,0,550.085263726136,0,0,0,-5.54560163170637,391.809349040973,-331.157622188349,670.739874073738,993.123730327532,563.615295321212,0,-1000.15264999766,3223.34395348165,313.442137340824,310.137648990753,365.737429928905,-454.025834675397,-631.29628712159,-1332.14844644919,0,1590.33602625552,0,118.279503699408,251.813475080422,-154.569294497403,0,-268.380512524768,-748.469767311117,-182.711302901618,-156.434877455861,267.964753658887,-887.275009985751,-898.063016870708,707.780343841826,0,-24.9993501714276,-812.31868521719,0,523.05737820586,86.1253884706429,0,-375.350158793876,-766.188373973129,176.495635365368,359.009965141434,0,0,-993.578635828858,738.932622579587,-343.979544634308,0,-703.151010006438,907.140998382109,0,430.804985512764
951.743514073815,5306.114240182,505.677883034874,-141.706613331613,0,668.098891086813,0,0,0,-1402.00182027193,137.038042061083,-1595.81546147071,336.403999185927,151.087550511421,155.098094504338,0,-98.2448528502512,806.991167089438,-902.039148218538,-1024.87686358761,19.7775783551974,-316.636749734749,-1273.56398518205,1225.89249585426,0,-166.753921362533,0,-1197.39175681827,2583.51593552668,428.949506479993,0,-915.702186960105,-514.635852426503,-657.545560488509,761.429743154835,1264.03797029361,-612.518951963496,477.127351852056,-125.346850269243,0,814.404188756054,-43.3093165705281,0,-93.8608689412141,716.595221050867,0,-555.461720526937,-1675.00919369576,-98.8656050766854,-140.062984899679,0,0,-15.0911948523689,-304.795187399483,-751.159959252454,0,-714.593554413247,-392.398279056268,0,120.358864191906
418.28394156868,505.677883034874,4458.10271856337,603.223413091705,0,-7.58935232017656,0,0,0,-8.41462163395367,-365.462459758906,-276.739167282729,557.100376219559,-105.962918797828,833.714590051286,0,-374.457766719754,-758.045684243255,-1853.46609249795,737.482237627977,302.653626808076,-375.688990947155,-2108.43627382131,-1106.18250990959,0,1321.54255893728,0,560.973806708918,600.972086010206,292.614907770454,0,186.755089353048,183.247814975196,-602.238955096991,-1114.42363272247,705.92056764922,-1695.47824002964,-343.156282534376,-624.082356916481,0,327.042654538999,865.894165671721,0,-1354.98217879926,492.852742949678,0,103.60096692265,-636.242965487502,794.840011916167,1189.03621186896,0,0,-417.035648054863,-613.309813607478,63.4755001855213,0,-19.4339227720834,141.691923966787,0,-880.158556495517
365.887253803409,-141.706613331613,603.223413091705,5801.23138786714,0,296.93307141303,0,0,0,-636.178656644235,-118.214782389902,-499.9727681305,2114.00888761812,224.803946094307,303.673825498431,0,3.84256137968024,984.512038474113,848.345701987762,-898.853758650017,1032.78653011701,785.535994420593,-68.7325680903043,543.386979047846,0,-568.127730575555,0,759.00781285475,-729.159823001815,136.090963865571,0,-433.532288274642,809.177834150596,-134.782177619766,-41.6192973589979,1477.21065506574,-999.363614397813,-655.860663400972,-427.84210059006,0,-478.894686420309,-1493.2475162962,0,-315.705073702921,-419.538289993003,0,334.085606651716,210.216934241593,-1005.15186766593,565.223860254532,0,0,111.68190201034,658.822209582315,-1064.78254577212,0,-968.957629175357,302.649284850983,0,191.186021143716
0,0,0,0,0.0240648058586706,0,0,0,0,0,0,0,0,0,0,0,0,0,0,0,0,0,0,0,0,0,0,0,0,0,0,0,0,0,0,0,0,0,0,0,0,0,0,0,0,0,0,0,0,0,0,0,0,0,0,0,0,0,0,0
550.085263726136,668.098891086813,-7.58935232017656,296.93307141303,0,3187.12923718636,0,0,0,696.498020628978,-628.860466890283,215.83532119755,-160.193811713049,-345.694406249267,-183.569615782687,0,354.43373124006,416.781999921424,-52.6729938593135,-1266.34571547689,-217.990791440902,285.881821554763,109.008233591805,-117.230594462234,0,29.9191277338419,0,-84.7883152488205,-717.769932313973,-538.510659374299,0,347.07743845014,25.102899051445,558.996410453541,-1094.30801744355,-353.837172969898,-726.596850908708,58.9833559518042,-932.441487031159,0,-88.9075211499041,173.97560355867,0,18.5136118882684,652.075764776625,0,-348.415470624266,163.004858597275,-1003.69645179836,62.1206469114223,0,0,152.980522414952,280.318826824465,543.048968005017,0,376.01965874047,-708.506111253991,0,189.311156811435
0,0,0,0,0,0,0.0254461301909395,0,0,0,0,0,0,0,0,0,0,0,0,0,0,0,0,0,0,0,0,0,0,0,0,0,0,0,0,0,0,0,0,0,0,0,0,0,0,0,0,0,0,0,0,0,0,0,0,0,0,0,0,0
0,0,0,0,0,0,0,0.0322664498795367,0,0,0,0,0,0,0,0,0,0,0,0,0,0,0,0,0,0,0,0,0,0,0,0,0,0,0,0,0,0,0,0,0,0,0,0,0,0,0,0,0,0,0,0,0,0,0,0,0,0,0,0
0,0,0,0,0,0,0,0,0.0287972720727268,0,0,0,0,0,0,0,0,0,0,0,0,0,0,0,0,0,0,0,0,0,0,0,0,0,0,0,0,0,0,0,0,0,0,0,0,0,0,0,0,0,0,0,0,0,0,0,0,0,0,0
-5.54560163170637,-1402.00182027193,-8.41462163395367,-636.178656644235,0,696.498020628978,0,0,0,7647.62822293406,-136.803399868558,-526.892832394787,550.589521468,-1668.84784716766,-731.963528528208,0,-574.460566549672,-549.079167922284,-90.2582096418259,975.042722467247,201.866718038258,1026.73541183287,2112.35507311754,362.931919348435,0,-611.576843019692,0,436.502986404258,-1115.72169627664,195.500357986541,0,37.8955191749658,-1439.02498234091,315.075523752654,99.6526389661518,43.3491077949003,630.301195758114,92.6126445371044,35.1457074930035,0,-137.397487251692,-1144.92493495742,0,393.000627344053,499.989013722324,0,470.181662043612,630.617685441596,424.011364551722,460.050361774002,0,0,735.391265103999,-1067.63035262748,-9.76177786669447,0,578.418293504816,-718.109230673081,0,546.65935801035
391.809349040973,137.038042061083,-365.462459758906,-118.214782389902,0,-628.860466890283,0,0,0,-136.803399868558,6264.96025425479,-28.6905102113425,-214.296894957859,-560.999035544181,-42.1068216962832,0,1028.70337321606,106.565891909651,716.082388428001,86.787812412575,-1303.307220733,-41.8825094083249,1654.71579835493,1134.21210493295,0,117.25801479558,0,-36.5637537490617,-1755.032274193,1199.47619435831,0,82.7769284086331,-386.453871536087,-293.448450015049,-334.893707128384,101.562872641394,100.878355682094,-494.317153202302,-387.8277552725,0,-130.425548483223,-938.196533692633,0,409.677038967746,-515.848766668945,0,40.2398188886887,-116.352945899315,-311.831625685387,-1153.16515912555,0,0,798.133434484411,81.5294160352507,-1244.68469145536,0,224.953868417616,65.8983903139101,0,822.407795368135
-331.157622188349,-1595.81546147071,-276.739167282729,-499.972768130501,0,215.83532119755,0,0,0,-526.892832394787,-28.6905102113425,7191.16673405913,252.163633937063,294.541047852477,759.665093963272,0,-429.549321067913,-970.566361929266,115.4679605165,599.187941957479,335.620533361023,-536.494035446713,-874.102263056543,1638.48372651977,0,2164.46618190316,0,586.786235528915,21.0177048697381,-179.998581025367,0,1632.14308691531,1616.97343434263,1499.91211642714,-1480.73857998353,202.042819366465,1345.35780540288,-304.379476832504,-795.407924200925,0,-448.660906812458,2262.31455697883,0,124.967896755146,-889.467996910183,0,544.269339903477,1078.73406976775,524.56059171932,573.035490558529,0,0,-110.220085395467,-393.814734095723,505.942479354185,0,315.735912865297,-238.796697960236,0,-373.469963271635
670.739874073738,336.403999185927,557.100376219559,2114.00888761812,0,-160.193811713049,0,0,0,550.589521468,-214.296894957859,252.163633937063,5908.8361058936,79.1370660606109,205.101230558582,0,356.657869315938,494.667856467667,-1864.74269653356,-1728.2251480016,-407.862300532838,1931.98977955984,-993.922552138213,398.70596472976,0,1145.44254774008,0,327.235727965032,782.750011545304,-391.261502904563,0,-951.308061707635,1305.94308922779,-388.633200806562,-487.983619350654,1034.38266915794,1016.71904059245,-1007.7691466334,-44.7847735334738,0,168.594200002945,251.258628254414,0,-31.8004286834432,329.83570409775,0,-35.2121421845028,-882.008958328807,328.115739243196,764.744266914157,0,0,172.126140127986,-73.3227963122532,-117.531323624479,0,-812.12350150522,-378.03450827784,0,-205.420732650648
993.123730327532,151.087550511421,-105.962918797828,224.803946094307,0,-345.694406249267,0,0,0,-1668.84784716766,-560.999035544181,294.541047852477,79.1370660606109,4596.955578467,1556.64174271882,0,800.556392085156,1042.04514442904,80.8106253908503,645.231021437493,568.679676224088,-1106.67198820494,-716.73848324675,605.699784594433,0,-561.061209129106,0,867.099374378495,939.817432777257,-789.642002210359,0,-1281.54582615136,854.337757700782,519.85755790575,-1360.80308079634,7.904874392051,1013.82457461728,227.377807598345,7.08810841569223,0,-204.306046319861,-31.0300792889251,0,-629.404068842122,-149.967816731477,0,-624.975533283254,-180.655303912964,344.568777152065,220.232958166897,0,0,-176.840581036069,64.8490313046056,610.320375861646,0,432.213336792662,652.400408772968,0,-355.86942034684
563.615295321212,155.098094504338,833.714590051286,303.673825498431,0,-183.569615782687,0,0,0,-731.963528528208,-42.1068216962832,759.665093963272,205.101230558582,1556.64174271882,8891.43947790794,0,1861.93171620514,75.4661773037645,-1589.97670443443,1818.1430456091,1364.82789778553,1620.36406456504,-1430.81424698931,2823.19836283036,0,86.3446687792427,0,1569.21997563353,509.851788834408,-1821.78635548785,0,575.056148884893,568.939563581635,592.636460404923,1208.22949615024,1890.47750819028,-1106.5579191508,-583.713124869823,64.7301949944014,0,-38.2327057501736,-379.916869072457,0,-696.276700381091,-1408.58101238441,0,150.806018901418,346.34674290965,50.7922227342354,-434.211907206174,0,0,-2852.74424818811,808.887121258101,988.132119856382,0,1020.35811982464,49.5320883246728,0,-1028.21047692724
0,0,0,0,0,0,0,0,0,0,0,0,0,0,0,0.0501586586243884,0,0,0,0,0,0,0,0,0,0,0,0,0,0,0,0,0,0,0,0,0,0,0,0,0,0,0,0,0,0,0,0,0,0,0,0,0,0,0,0,0,0,0,0
-1000.15264999766,-98.2448528502512,-374.457766719754,3.84256137968024,0,354.43373124006,0,0,0,-574.460566549672,1028.70337321606,-429.549321067913,356.657869315938,800.556392085156,1861.93171620514,0,10750.117968168,-1934.66908873923,1224.19224347085,-348.680802513565,-2234.27492964366,907.568711892545,-1628.46049149535,2470.91117208645,0,-1290.20332272761,0,869.165800980799,-280.097233198137,-1506.13933514918,0,-1601.97453785858,2167.94470320406,1160.43810493087,-205.889095893381,-402.4011984296,-406.266035764363,718.869028331065,283.538349006176,0,-1114.33246366877,1347.20959256831,0,-1643.18586797884,-529.886614916383,0,480.365817646998,-33.1063014064714,-274.552160889133,-456.042125434889,0,0,1253.24954992927,-321.450019936156,99.2517957820657,0,851.938649533392,-261.290944520361,0,233.572728354908
3223.34395348165,806.991167089438,-758.045684243255,984.512038474113,0,416.781999921424,0,0,0,-549.079167922284,106.565891909651,-970.566361929266,494.667856467667,1042.04514442904,75.4661773037645,0,-1934.66908873923,13624.255687999,-425.964093029251,-1285.07558033145,661.613545613408,278.063419740695,848.795410396915,-1197.20890334886,0,-1239.02072553411,0,-2042.99585198647,925.496019810915,-774.887443792669,0,-256.581824163955,423.634932485935,-737.890336400702,650.552171178326,-2734.09627213117,-1095.65368711236,384.444763906623,424.222856777086,0,1852.26268122287,-2418.77803245587,0,1310.34513584806,-377.525641553509,0,-1555.86192306105,1637.17616186244,-202.8714113102,-21.5668684752414,0,0,-632.86390425349,2413.21273956519,-316.180782680858,0,-861.487515545145,321.035409637021,0,-70.5632251660534
313.442137340824,-902.039148218538,-1853.46609249795,848.345701987762,0,-52.6729938593135,0,0,0,-90.2582096418259,716.082388428001,115.4679605165,-1864.74269653356,80.8106253908503,-1589.97670443443,0,1224.19224347085,-425.964093029251,17339.6284433147,-66.9595870396155,-125.221926290821,-3261.88677947328,2456.219387638,1550.1364018971,0,-460.428428704363,0,1821.50104249445,-2170.16243700726,-117.83662240894,0,-3283.20175106209,2551.30681103512,-688.132028974783,-403.958634119689,454.180025225108,446.373126986575,-149.282413914475,1835.23320782222,0,-1143.77235391541,-77.1869550958636,0,280.494587037806,-376.864862381,0,1945.70900097528,2869.30331533264,-282.562550578406,-234.522460079991,0,0,-93.3260965755565,161.258978103242,-943.4988125468,0,-938.520251462616,289.074089902803,0,202.028736796558
310.137648990753,-1024.87686358761,737.482237627977,-898.853758650017,0,-1266.34571547689,0,0,0,975.042722467247,86.787812412575,599.187941957479,-1728.2251480016,645.231021437493,1818.1430456091,0,-348.680802513565,-1285.07558033145,-66.9595870396155,15307.8815896207,-874.938630993194,-2317.72660561288,1012.16497070548,-429.566205154301,0,355.745378811853,0,779.660458073046,1555.32035815045,540.652157310531,0,-1059.4901924851,-1707.63168067687,2413.63985047645,-1374.2911916786,327.354717964181,-1241.26211550359,-639.76164967504,940.633652685247,0,1235.32011827848,975.807231120113,0,-777.462747162505,-1687.3187618432,0,310.480009773656,-426.516782061916,2339.57075362173,569.35077892114,0,0,-3567.31942148278,-55.3167351146471,-262.039406347441,0,1470.51643685847,207.468559717515,0,438.117754276821
365.737429928905,19.7775783551974,302.653626808076,1032.78653011701,0,-217.990791440902,0,0,0,201.866718038258,-1303.307220733,335.620533361023,-407.862300532838,568.679676224088,1364.82789778553,0,-2234.27492964366,661.613545613408,-125.221926290821,-874.938630993194,10520.2623408099,-960.17877504848,-1326.12060234323,-810.285367127169,0,-73.7293707701429,0,3174.77856352998,-126.856896549043,106.165953867844,0,544.85302187457,-58.121226582213,821.820976765004,81.0584977948619,1373.27377401568,644.38338449121,-143.6295220501,543.16038597537,0,-290.479578125111,-1960.98975923343,0,-487.305560440797,-1429.07883402283,0,-976.436242729334,-1178.815228986,-1492.25622673492,136.54456213659,0,0,-373.354173070064,1123.36074001678,360.965563888443,0,603.423015837862,2244.66105594502,0,-886.200514408325
-454.025834675397,-316.636749734749,-375.688990947155,785.535994420593,0,285.881821554763,0,0,0,1026.73541183287,-41.8825094083249,-536.494035446713,1931.98977955984,-1106.67198820494,1620.36406456504,0,907.568711892545,278.063419740695,-3261.88677947328,-2317.72660561288,-960.17877504848,13187.0181984094,-1189.47254404822,755.720240701269,0,1189.07274082224,0,-698.976249875743,-613.337152913915,437.664256294227,0,2212.58182571384,230.760962017563,-154.113500042242,1177.87592419118,1062.00078391302,-2054.4554605266,-1728.12864689377,-432.021866269728,0,1088.71135787689,-682.844188192627,0,168.23235019073,-1209.56729763439,0,-945.753122607921,1464.07011461373,-343.62092254782,-1148.39690768086,0,0,512.736058174272,-541.196712873167,1250.96939091007,0,-492.596951259939,671.759056358409,0,829.108616789521
-631.29628712159,-1273.56398518205,-2108.43627382131,-68.7325680903043,0,109.008233591805,0,0,0,2112.35507311754,1654.71579835493,-874.102263056543,-993.922552138213,-716.73848324675,-1430.81424698931,0,-1628.46049149535,848.795410396915,2456.219387638,1012.16497070548,-1326.12060234323,-1189.47254404822,18022.8379132183,133.39012043741,0,-1966.53028431359,0,-313.826792617055,-3410.75368801734,1758.96488666768,0,-33.1031861992681,-28.1710884225898,-244.996726104097,-2735.690708834,-2658.00589769875,832.432406494655,-435.569782487324,-1487.62371993699,0,-218.142795045496,148.549585378543,0,1058.01615017359,11.9108506121645,0,585.002013630595,1480.72864618172,-23.2777824501927,-1141.73280081612,0,0,3143.60403556664,1896.22418219947,8.48412556817065,0,-170.485803497462,-22.4891486592023,0,1085.61600479844
-1332.14844644919,1225.89249585426,-1106.18250990959,543.386979047846,0,-117.230594462234,0,0,0,362.931919348435,1134.21210493295,1638.48372651977,398.70596472976,605.699784594433,2823.19836283036,0,2470.91117208645,-1197.20890334886,1550.1364018971,-429.566205154301,-810.28536712717,755.720240701269,133.39012043741,13403.5041977414,0,-1313.71939851237,0,-1387.85551971767,2054.19167204394,-2084.76440942349,0,252.978720792442,870.38552958705,2258.12748977511,-1280.14506051745,312.506102269154,308.307969429905,1872.68114764809,-985.474173612139,0,-982.922334214334,-858.011726662084,0,644.124331580491,340.74800419708,0,926.232185092691,547.217715799085,-786.592773343039,76.6900528304318,0,0,-831.579900106047,1830.27746261612,-784.570230742719,0,-800.719662508894,-747.892236890682,0,-540.650753315446
0,0,0,0,0,0,0,0,0,0,0,0,0,0,0,0,0,0,0,0,0,0,0,0,0.0655847324828809,0,0,0,0,0,0,0,0,0,0,0,0,0,0,0,0,0,0,0,0,0,0,0,0,0,0,0,0,0,0,0,0,0,0,0
1590.33602625552,-166.753921362533,1321.54255893728,-568.127730575555,0,29.9191277338419,0,0,0,-611.576843019692,117.25801479558,2164.46618190316,1145.44254774008,-561.061209129106,86.3446687792427,0,-1290.20332272761,-1239.02072553411,-460.428428704363,355.745378811853,-73.7293707701429,1189.07274082224,-1966.53028431359,-1313.71939851237,0,16410.5889347997,0,300.937435821478,-1865.50248708766,1470.55895736288,0,1212.58208695986,-1015.79128051488,8.39383336418584,3415.41967697783,2337.71340141993,-324.022868526481,-1808.06162975295,1940.4547550685,0,-1160.96005492035,2295.57826361414,0,-206.849085080726,1875.10268299588,0,578.421505296297,670.240897800353,-218.846255883077,1610.31281716695,0,0,-1436.15696245988,-1111.81884386213,930.202339723407,0,1655.79875958593,353.733187774198,0,-76.6029044025384
0,0,0,0,0,0,0,0,0,0,0,0,0,0,0,0,0,0,0,0,0,0,0,0,0,0,0.0743600772387756,0,0,0,0,0,0,0,0,0,0,0,0,0,0,0,0,0,0,0,0,0,0,0,0,0,0,0,0,0,0,0,0,0
118.279503699408,-1197.39175681827,560.973806708918,759.00781285475,0,-84.7883152488205,0,0,0,436.502986404258,-36.5637537490617,586.786235528915,327.235727965032,867.099374378495,1569.21997563353,0,869.165800980799,-2042.99585198647,1821.50104249445,779.660458073046,3174.77856352998,-698.976249875743,-313.826792617055,-1387.85551971767,0,300.937435821478,0,12322.7182227011,-598.682273277179,-2218.50850816954,0,-2325.59542306744,-1041.82755505929,558.433478601612,-3477.94922718277,269.508067887171,1012.18509117451,-397.13805861127,1483.28721492174,0,-1676.00671558782,-654.796459285575,0,-1708.13321447634,-1164.14798533994,0,-260.680997519652,450.02273387771,686.387326430694,1216.2525170529,0,0,-783.735420893402,-521.60723340286,120.113396618627,0,3079.4605955343,-314.610682622452,0,-168.072055242708
251.813475080422,2583.51593552668,600.972086010206,-729.159823001815,0,-717.769932313973,0,0,0,-1115.72169627664,-1755.032274193,21.0177048697381,782.750011545304,939.817432777257,509.851788834408,0,-280.097233198137,925.496019810915,-2170.16243700726,1555.32035815045,-126.856896549043,-613.337152913915,-3410.75368801734,2054.19167204394,0,-1865.50248708766,0,-598.682273277179,10128.8880555631,-125.23373763268,0,-1949.60152063622,-849.942190853149,171.25722420857,-466.557871111014,910.476747384545,259.548435095454,551.130819691527,762.235237903826,0,1928.10255287707,-747.603611997794,0,-636.255103808971,292.105685125489,0,-299.851419623968,-2403.38048626038,608.657368504371,67.2469568123895,0,0,-2907.80004017386,1046.19263245322,245.22791160688,0,-696.877212175582,169.747023433756,0,-743.474010387043
-154.569294497403,428.949506479993,292.614907770454,136.090963865571,0,-538.510659374299,0,0,0,195.500357986541,1199.47619435831,-179.998581025367,-391.261502904563,-789.642002210359,-1821.78635548785,0,-1506.13933514918,-774.887443792669,-117.83662240894,540.652157310531,106.165953867844,437.664256294227,1758.96488666768,-2084.76440942349,0,1470.55895736288,0,-2218.50850816954,-125.23373763268,9810.79231154308,0,-644.691070774889,-634.829245692879,-1142.77468282692,2188.3636421243,3426.58991279231,-2130.10354767982,-139.162480225568,-57.162630065898,0,716.567157853732,1983.42476513514,0,-42.5106483567298,418.029514166533,0,251.411524446286,-248.800993283485,-511.550344430813,-715.069259583011,0,0,219.082152521045,-2450.58200646427,-151.149511491986,0,-639.231601273527,840.922984752982,0,918.71780850052
0,0,0,0,0,0,0,0,0,0,0,0,0,0,0,0,0,0,0,0,0,0,0,0,0,0,0,0,0,0,0.03276339388116,0,0,0,0,0,0,0,0,0,0,0,0,0,0,0,0,0,0,0,0,0,0,0,0,0,0,0,0,0
-268.380512524768,-915.702186960105,186.755089353048,-433.532288274642,0,347.07743845014,0,0,0,37.8955191749658,82.7769284086331,1632.14308691531,-951.308061707635,-1281.54582615136,575.056148884893,0,-1601.97453785858,-256.581824163955,-3283.20175106209,-1059.4901924851,544.85302187457,2212.58182571384,-33.1031861992681,252.978720792442,0,1212.58208695986,0,-2325.59542306744,-1949.60152063622,-644.691070774889,0,9363.74461406169,904.565059779628,7.10471838232698,-141.516646360873,1093.11868698105,-249.119625075963,-246.713896662433,-772.063791787406,0,85.6332944040876,-403.275677003304,0,669.365063302307,1420.78454865958,0,434.733557001248,504.751980267137,-616.45134770076,-10.7457995343749,0,0,38.4744316090377,858.466496139219,1187.05052722329,0,-317.537289792144,-1011.89563358109,0,-631.766343631164
-748.469767311117,-514.635852426503,183.247814975196,809.177834150596,0,25.102899051445,0,0,0,-1439.02498234091,-386.453871536087,1616.97343434263,1305.94308922779,854.337757700782,568.939563581635,0,2167.94470320406,423.634932485935,2551.30681103512,-1707.63168067687,-58.121226582213,230.760962017563,-28.1710884225898,870.38552958705,0,-1015.79128051488,0,-1041.82755505929,-849.942190853149,-634.829245692879,0,904.565059779628,9187.17002947933,10.9216524530404,-812.52385333239,-248.773127405872,-1557.65314015243,-796.99961946567,-1316.68262375004,0,-392.305679779243,1182.50692769489,0,-1381.58937685205,-884.039584801077,0,714.845189050375,1345.79450163952,-612.728639141751,-419.684595530909,0,0,596.661468187504,1419.03482100938,1170.33638889014,0,-1093.85816953269,-1001.45897704221,0,-60.3445505485593
-182.711302901618,-657.545560488509,-602.238955096991,-134.782177619766,0,558.996410453541,0,0,0,315.075523752654,-293.448450015049,1499.91211642714,-388.633200806562,519.85755790575,592.636460404923,0,1160.43810493087,-737.890336400702,-688.132028974783,2413.63985047645,821.820976765004,-154.113500042242,-244.996726104097,2258.12748977511,0,8.39383336418584,0,558.433478601612,171.25722420857,-1142.77468282692,0,7.10471838232698,10.9216524530404,9675.83788301008,-1979.4533870512,-2219.86964000337,-1452.14212824153,325.90108370409,-609.164498926502,0,-296.060441072713,-44.5616706185367,0,-450.546282726659,1057.16142106624,0,-590.710577948768,-262.30163005582,3.52409618909312,320.845530618358,0,0,-892.125728754441,2600.35505024245,1412.49447561408,0,629.472906341937,944.93943041298,0,-200.779227011288
-156.434877455861,761.429743154835,-1114.42363272247,-41.6192973589979,0,-1094.30801744355,0,0,0,99.6526389661518,-334.893707128384,-1480.73857998353,-487.983619350654,-1360.80308079634,1208.22949615024,0,-205.889095893381,650.552171178326,-403.958634119689,-1374.2911916786,81.0584977948619,1177.87592419118,-2735.690708834,-1280.14506051745,0,3415.41967697783,0,-3477.94922718277,-466.557871111014,2188.3636421243,0,-141.516646360873,-812.52385333239,-1979.4533870512,14647.7352252611,3081.66371611149,-972.382669442667,-688.015512378883,-142.730276851993,0,-920.970093192825,-501.451203245016,0,895.378862220777,-888.629377789283,0,534.234860976337,1248.19929473994,971.273328439364,-537.121777917225,0,0,-576.918793815561,-1001.96190614233,1009.69615269382,0,-272.861131677671,-107.791846880687,0,635.512149869404
267.964753658887,1264.03797029361,705.92056764922,1477.21065506574,0,-353.837172969898,0,0,0,43.3491077949003,101.562872641394,202.042819366465,1034.38266915794,7.904874392051,1890.47750819028,0,-402.4011984296,-2734.09627213117,454.180025225108,327.354717964181,1373.27377401568,1062.00078391302,-2658.00589769875,312.506102269154,0,2337.71340141993,0,269.508067887171,910.476747384544,3426.58991279231,0,1093.11868698105,-248.773127405872,-2219.86964000337,3081.66371611149,13356.0448066589,-1885.4565648258,-955.725513544602,418.696574627725,0,680.618495220397,1425.55140534686,0,-186.104342376443,315.664866117117,0,176.115932563403,-930.320495182109,1405.634866103,965.606758463753,0,0,723.843707510175,-2363.91993963388,-315.767487525979,0,-384.750174250205,-699.578774973999,0,-411.058143535725
-887.275009985751,-612.518951963496,-1695.47824002964,-999.363614397813,0,-726.596850908708,0,0,0,630.301195758114,100.878355682094,1345.35780540288,1016.71904059245,1013.82457461728,-1106.5579191508,0,-406.266035764363,-1095.65368711236,446.373126986575,-1241.26211550359,644.38338449121,-2054.4554605266,832.432406494655,308.307969429905,0,-324.022868526481,0,1012.18509117451,259.548435095454,-2130.10354767982,0,-249.119625075963,-1557.65314015243,-1452.14212824153,-972.382669442667,-1885.4565648258,12956.3112813099,-286.714445407942,-246.145544279456,0,98.7978746213324,772.570713822066,0,1280.92586548915,-364.448479446653,0,177.548028444532,90.6573098379984,-1781.2255767853,-499.648106549094,0,0,1373.08892171682,-994.732433046341,-877.951710493655,0,-378.566931949893,313.175655964433,0,-69.8203110064608
-898.063016870708,477.127351852056,-343.156282534376,-655.860663400972,0,58.9833559518042,0,0,0,92.6126445371044,-494.317153202302,-304.379476832504,-1007.7691466334,227.377807598345,-583.713124869823,0,718.869028331065,384.444763906623,-149.282413914475,-639.76164967504,-143.6295220501,-1728.12864689377,-435.569782487324,1872.68114764809,0,-1808.06162975295,0,-397.13805861127,551.130819691527,-139.162480225568,0,-246.713896662433,-796.99961946567,325.90108370409,-688.015512378883,-955.725513544602,-286.714445407942,7165.84520273587,1428.83805150661,0,456.707615267398,-212.64170653488,0,-178.439835566307,82.180960317949,0,227.66056672386,-19.6545748081055,-192.107035683275,-238.593332832931,0,0,1222.6226840736,1014.42943887857,1022.21505902498,0,-407.594536210022,240.357541134513,0,-852.286289695889
707.780343841826,-125.346850269243,-624.082356916481,-427.84210059006,0,-932.441487031159,0,0,0,35.1457074930035,-387.8277552725,-795.407924200925,-44.7847735334738,7.08810841569223,64.7301949944014,0,283.538349006176,424.222856777086,1835.23320782222,940.633652685247,543.16038597537,-432.021866269728,-1487.62371993699,-985.474173612139,0,1940.4547550685,0,1483.28721492174,762.235237903826,-57.162630065898,0,-772.063791787406,-1316.68262375004,-609.164498926502,-142.730276851993,418.696574627725,-246.145544279456,1428.83805150661,9247.5992129513,0,1051.00009139228,-1460.67524043275,0,-973.364786585456,1408.29843983204,0,719.5056878533,-345.789682818476,277.911407462913,-828.302823770474,0,0,1162.46534757105,858.703829552393,-743.595804210195,0,68.7839399152151,266.637788991632,0,1077.81572352543
0,0,0,0,0,0,0,0,0,0,0,0,0,0,0,0,0,0,0,0,0,0,0,0,0,0,0,0,0,0,0,0,0,0,0,0,0,0,0,0.0319734071347544,0,0,0,0,0,0,0,0,0,0,0,0,0,0,0,0,0,0,0,0
-24.9993501714276,814.404188756054,327.042654538999,-478.894686420309,0,-88.9075211499041,0,0,0,-137.397487251692,-130.425548483223,-448.660906812458,168.594200002945,-204.306046319861,-38.2327057501736,0,-1114.33246366877,1852.26268122287,-1143.77235391541,1235.32011827848,-290.479578125111,1088.71135787689,-218.142795045496,-982.922334214334,0,-1160.96005492035,0,-1676.00671558782,1928.10255287707,716.567157853732,0,85.6332944040876,-392.305679779243,-296.060441072713,-920.970093192826,680.618495220397,98.7978746213324,456.707615267398,1051.00009139228,0,6484.06519733331,419.466279882614,0,-289.177988756076,-521.580872444757,0,-203.705702977071,-845.478429305031,71.3670374716993,-116.498726011015,0,0,-162.415614351578,80.20905765587,386.717242067125,0,-775.385619962005,65.3075894667195,0,101.368369912472
-812.31868521719,-43.3093165705281,865.894165671721,-1493.2475162962,0,173.97560355867,0,0,0,-1144.92493495742,-938.196533692633,2262.31455697883,251.258628254414,-31.0300792889251,-379.916869072457,0,1347.20959256831,-2418.77803245587,-77.1869550958636,975.807231120113,-1960.98975923343,-682.844188192627,148.549585378543,-858.011726662084,0,2295.57826361414,0,-654.796459285575,-747.603611997793,1983.42476513514,0,-403.275677003304,1182.50692769489,-44.5616706185367,-501.451203245016,1425.55140534686,772.570713822066,-212.64170653488,-1460.67524043275,0,419.466279882614,9365.90697938332,0,94.8791944718556,137.472406646665,0,-28.8140938382667,-441.032352968032,1802.31475454407,1246.76441816411,0,0,302.023790049851,-2209.13148730754,569.229707587713,0,713.703271933703,-711.792066580156,0,-480.339524112044
0,0,0,0,0,0,0,0,0,0,0,0,0,0,0,0,0,0,0,0,0,0,0,0,0,0,0,0,0,0,0,0,0,0,0,0,0,0,0,0,0,0,0.0306420016861668,0,0,0,0,0,0,0,0,0,0,0,0,0,0,0,0,0
523.05737820586,-93.8608689412141,-1354.98217879926,-315.705073702921,0,18.5136118882684,0,0,0,393.000627344053,409.677038967746,124.967896755146,-31.8004286834432,-629.404068842122,-696.276700381091,0,-1643.18586797884,1310.34513584806,280.494587037806,-777.462747162505,-487.305560440797,168.23235019073,1058.01615017359,644.124331580491,0,-206.849085080726,0,-1708.13321447634,-636.255103808971,-42.5106483567298,0,669.365063302306,-1381.58937685205,-450.546282726659,895.378862220777,-186.104342376443,1280.92586548915,-178.439835566307,-973.364786585456,0,-289.177988756076,94.8791944718556,0,5048.86452745011,196.48441406659,0,320.990030374558,371.028506937149,536.334976572205,289.220231621885,0,0,-383.630035343207,-1456.08820143758,-1254.2409808248,0,-235.886840312991,-117.65127674781,0,-42.3933716537493
86.1253884706429,716.595221050867,492.852742949678,-419.538289993003,0,652.075764776625,0,0,0,499.989013722324,-515.848766668945,-889.467996910183,329.83570409775,-149.967816731477,-1408.58101238441,0,-529.886614916384,-377.525641553509,-376.864862381,-1687.3187618432,-1429.07883402283,-1209.56729763439,11.9108506121645,340.74800419708,0,1875.10268299588,0,-1164.14798533994,292.105685125489,418.029514166533,0,1420.78454865958,-884.039584801077,1057.16142106624,-888.629377789283,315.664866117117,-364.448479446653,82.180960317949,1408.29843983204,0,-521.580872444757,137.472406646665,0,196.48441406659,9003.86284334554,0,-146.729404327519,-902.424372123544,-712.679981028659,1268.69521035671,0,0,1150.02063698019,-297.006822330614,1075.70937028042,0,382.170995115186,200.150892925735,0,-75.9260418409069
0,0,0,0,0,0,0,0,0,0,0,0,0,0,0,0,0,0,0,0,0,0,0,0,0,0,0,0,0,0,0,0,0,0,0,0,0,0,0,0,0,0,0,0,0,0.0381377081478234,0,0,0,0,0,0,0,0,0,0,0,0,0,0
-375.350158793876,-555.461720526937,103.60096692265,334.085606651716,0,-348.415470624266,0,0,0,470.181662043612,40.2398188886887,544.269339903477,-35.2121421845028,-624.975533283254,150.806018901418,0,480.365817646998,-1555.86192306105,1945.70900097528,310.480009773656,-976.436242729334,-945.753122607921,585.002013630595,926.232185092691,0,578.421505296297,0,-260.680997519652,-299.851419623968,251.411524446286,0,434.733557001248,714.845189050375,-590.710577948768,534.234860976337,176.115932563403,177.548028444532,227.66056672386,719.5056878533,0,-203.705702977071,-28.8140938382667,0,320.990030374558,-146.729404327519,0,2670.87204533341,691.352799709131,-109.602875117025,537.355118850152,0,0,-326.075084241735,-516.154058252151,-369.541812857159,0,-366.649082016109,-1188.75890412279,0,-66.9318960919323
-766.188373973129,-1675.00919369576,-636.242965487502,210.216934241593,0,163.004858597275,0,0,0,630.617685441596,-116.352945899315,1078.73406976775,-882.008958328807,-180.655303912964,346.34674290965,0,-33.1063014064714,1637.17616186244,2869.30331533264,-426.516782061916,-1178.815228986,1464.07011461373,1480.72864618172,547.217715799085,0,670.240897800353,0,450.02273387771,-2403.38048626038,-248.800993283485,0,504.751980267137,1345.79450163952,-262.30163005582,1248.19929473994,-930.320495182109,90.6573098379984,-19.6545748081055,-345.789682818476,0,-845.478429305031,-441.032352968032,0,371.028506937149,-902.424372123544,0,691.352799709131,5090.52713454782,60.2875228331706,-104.644289748947,0,0,1578.50657153344,-1219.7041382706,346.127429386445,0,203.707063727592,-263.219898779928,0,-126.956196958112
176.495635365368,-98.8656050766854,794.840011916167,-1005.15186766593,0,-1003.69645179836,0,0,0,424.011364551722,-311.831625685387,524.56059171932,328.115739243196,344.568777152065,50.7922227342354,0,-274.552160889134,-202.8714113102,-282.562550578406,2339.57075362173,-1492.25622673492,-343.62092254782,-23.2777824501927,-786.592773343039,0,-218.846255883077,0,686.387326430694,608.657368504371,-511.550344430813,0,-616.45134770076,-612.728639141751,3.52409618909312,971.273328439364,1405.634866103,-1781.2255767853,-192.107035683275,277.911407462913,0,71.3670374716993,1802.31475454407,0,536.334976572205,-712.679981028659,0,-109.602875117025,60.2875228331705,5942.27473033316,1296.36016551463,0,0,-417.924283442728,-1125.39741474676,-594.143381119279,0,52.976404488811,-126.33366516116,0,-502.040797470617
359.009965141434,-140.062984899679,1189.03621186896,565.223860254532,0,62.1206469114223,0,0,0,460.050361774002,-1153.16515912555,573.035490558529,764.744266914157,220.232958166897,-434.211907206174,0,-456.042125434889,-21.5668684752414,-234.522460079991,569.35077892114,136.54456213659,-1148.39690768086,-1141.73280081612,76.6900528304318,0,1610.31281716695,0,1216.2525170529,67.2469568123894,-715.069259583011,0,-10.7457995343749,-419.684595530909,320.845530618358,-537.121777917225,965.606758463752,-499.648106549094,-238.593332832931,-828.302823770474,0,-116.498726011015,1246.76441816411,0,289.220231621885,1268.69521035671,0,537.355118850152,-104.644289748947,1296.36016551463,5628.43828277677,0,0,-716.459641197748,-1834.20897269485,707.097904785875,0,762.887561946574,-630.86646973293,0,-1264.92001746676
0,0,0,0,0,0,0,0,0,0,0,0,0,0,0,0,0,0,0,0,0,0,0,0,0,0,0,0,0,0,0,0,0,0,0,0,0,0,0,0,0,0,0,0,0,0,0,0,0,0,0.0247729411212228,0,0,0,0,0,0,0,0,0
0,0,0,0,0,0,0,0,0,0,0,0,0,0,0,0,0,0,0,0,0,0,0,0,0,0,0,0,0,0,0,0,0,0,0,0,0,0,0,0,0,0,0,0,0,0,0,0,0,0,0,0.0327203463645441,0,0,0,0,0,0,0,0
-993.578635828858,-15.0911948523689,-417.035648054863,111.68190201034,0,152.980522414952,0,0,0,735.391265103999,798.133434484411,-110.220085395467,172.126140127986,-176.840581036069,-2852.74424818811,0,1253.24954992927,-632.86390425349,-93.3260965755565,-3567.31942148278,-373.354173070064,512.736058174272,3143.60403556664,-831.579900106047,0,-1436.15696245988,0,-783.735420893402,-2907.80004017386,219.082152521045,0,38.4744316090377,596.661468187504,-892.125728754441,-576.918793815561,723.843707510175,1373.08892171682,1222.6226840736,1162.46534757105,0,-162.415614351578,302.023790049851,0,-383.630035343207,1150.02063698019,0,-326.075084241735,1578.50657153344,-417.924283442728,-716.459641197748,0,0,9922.79053154661,-1217.00343842022,-981.527803730253,0,-524.249068710926,460.327659165745,0,906.16273218364
738.932622579587,-304.795187399483,-613.309813607478,658.822209582314,0,280.318826824465,0,0,0,-1067.63035262748,81.5294160352507,-393.814734095723,-73.3227963122532,64.8490313046056,808.887121258101,0,-321.450019936156,2413.21273956519,161.258978103242,-55.3167351146471,1123.36074001678,-541.196712873166,1896.22418219947,1830.27746261612,0,-1111.81884386213,0,-521.60723340286,1046.19263245322,-2450.58200646427,0,858.466496139219,1419.03482100938,2600.35505024245,-1001.96190614233,-2363.91993963388,-994.732433046341,1014.42943887857,858.703829552393,0,80.20905765587,-2209.13148730754,0,-1456.08820143758,-297.006822330614,0,-516.154058252151,-1219.7041382706,-1125.39741474676,-1834.20897269485,0,0,-1217.00343842022,10429.5134891573,726.588333142725,0,68.6032318707195,221.085142933104,0,157.491594342582
-343.979544634308,-751.159959252454,63.4755001855213,-1064.78254577212,0,543.048968005017,0,0,0,-9.76177786669447,-1244.68469145536,505.942479354185,-117.531323624479,610.320375861646,988.132119856382,0,99.2517957820657,-316.180782680858,-943.4988125468,-262.039406347441,360.965563888443,1250.96939091007,8.48412556817065,-784.570230742719,0,930.202339723407,0,120.113396618627,245.22791160688,-151.149511491986,0,1187.05052722329,1170.33638889014,1412.49447561408,1009.69615269382,-315.767487525979,-877.951710493655,1022.21505902498,-743.595804210195,0,386.717242067125,569.229707587713,0,-1254.2409808248,1075.70937028042,0,-369.541812857159,346.127429386445,-594.143381119279,707.097904785875,0,0,-981.527803730253,726.588333142725,6260.84832893859,0,656.491333020972,-198.285300916402,0,-552.127971921769
0,0,0,0,0,0,0,0,0,0,0,0,0,0,0,0,0,0,0,0,0,0,0,0,0,0,0,0,0,0,0,0,0,0,0,0,0,0,0,0,0,0,0,0,0,0,0,0,0,0,0,0,0,0,0,0.0214486789978797,0,0,0,0
-703.151010006438,-714.593554413247,-19.4339227720834,-968.957629175357,0,376.01965874047,0,0,0,578.418293504817,224.953868417616,315.735912865297,-812.12350150522,432.213336792663,1020.35811982464,0,851.938649533392,-861.487515545145,-938.520251462616,1470.51643685847,603.423015837862,-492.596951259939,-170.485803497462,-800.719662508894,0,1655.79875958593,0,3079.4605955343,-696.877212175582,-639.231601273527,0,-317.537289792144,-1093.85816953269,629.472906341937,-272.861131677671,-384.750174250205,-378.566931949893,-407.594536210022,68.7839399152151,0,-775.385619962005,713.703271933703,0,-235.886840312991,382.170995115186,0,-366.649082016109,203.707063727592,52.976404488811,762.887561946574,0,0,-524.249068710926,68.6032318707195,656.491333020972,0,4297.55767394036,-837.672125741194,0,-113.965525923228
907.140998382109,-392.398279056268,141.691923966787,302.649284850983,0,-708.506111253991,0,0,0,-718.109230673081,65.8983903139101,-238.796697960236,-378.03450827784,652.400408772968,49.5320883246728,0,-261.290944520361,321.035409637021,289.074089902803,207.468559717515,2244.66105594502,671.759056358409,-22.4891486592023,-747.892236890683,0,353.733187774198,0,-314.610682622452,169.747023433756,840.922984752982,0,-1011.89563358109,-1001.45897704221,944.93943041298,-107.791846880687,-699.578774973999,313.175655964433,240.357541134513,266.637788991632,0,65.3075894667195,-711.792066580156,0,-117.65127674781,200.150892925735,0,-1188.75890412279,-263.219898779927,-126.333665161159,-630.86646973293,0,0,460.327659165745,221.085142933104,-198.285300916402,0,-837.672125741194,5352.59211640548,0,-260.311677556083
0,0,0,0,0,0,0,0,0,0,0,0,0,0,0,0,0,0,0,0,0,0,0,0,0,0,0,0,0,0,0,0,0,0,0,0,0,0,0,0,0,0,0,0,0,0,0,0,0,0,0,0,0,0,0,0,0,0,0.0325928121886721,0
430.804985512764,120.358864191906,-880.158556495517,191.186021143716,0,189.311156811435,0,0,0,546.65935801035,822.407795368135,-373.469963271635,-205.420732650648,-355.86942034684,-1028.21047692724,0,233.572728354908,-70.5632251660534,202.028736796558,438.117754276821,-886.200514408325,829.108616789521,1085.61600479844,-540.650753315446,0,-76.6029044025384,0,-168.072055242708,-743.474010387043,918.71780850052,0,-631.766343631163,-60.3445505485593,-200.779227011288,635.512149869404,-411.058143535725,-69.8203110064609,-852.286289695889,1077.81572352543,0,101.368369912472,-480.339524112044,0,-42.3933716537493,-75.926041840907,0,-66.9318960919323,-126.956196958112,-502.040797470617,-1264.92001746676,0,0,906.16273218364,157.491594342582,-552.127971921769,0,-113.965525923228,-260.311677556083,0,2583.81316155604
