0.0395651523392373,-7.15925366883449e-05,0.00688431566045706,0.000986519407682553,-0.000926975808984605,-0.000849168922843581,-0.00198044514711816,0.0213348367134555
-7.15925366883449e-05,0.0250596429852565,0.00465135895351941,0.00305591340383492,0.0106701917487271,0.00609676393813192,0.00169355442591883,0.00968771989487717
0.00688431566045706,0.00465135895351941,0.0214183597672799,0.00291396513176336,0.00157236730626523,0.00369333254618695,0.00325771942742852,0.00646597171138109
0.000986519407682553,0.00305591340383492,0.00291396513176336,0.0244147664146179,0.00986769839616219,0.00260489357600675,0.00198098472407213,-0.00371175288791654
-0.000926975808984605,0.0106701917487271,0.00157236730626523,0.00986769839616219,0.0214544493921271,0.00351388698482694,0.00335683086061025,-0.00218886661114909
-0.000849168922843581,0.00609676393813192,0.00369333254618695,0.00260489357600675,0.00351388698482694,0.0143617331212357,-0.00248335226223482,0.00572059973028057
-0.00198044514711816,0.00169355442591883,0.00325771942742852,0.00198098472407213,0.00335683086061025,-0.00248335226223482,0.0158991137716741,0.00109926779068729
0.0213348367134555,0.00968771989487717,0.00646597171138109,-0.00371175288791654,-0.00218886661114909,0.00572059973028057,0.00109926779068729,0.0380599471462985
