0.0605064282838909,0.0130035422982348,0.0189304886707525,-0.00922512217142546,-0.0159034761038584,-0.00772265712869241,-0.00797883795557633,-0.00771270928532405,-0.00612227420722675,-0.00608737119624117,-0.00744075697085372,-0.00471648777992431,-0.00327621262762895,-0.00743070725261333,-0.00466623332811993,0.00596713141619081,-0.0180595292692078,-0.0144225362943997,-0.0243676581075995,-0.0107367088149074,0.00677924505890785,-0.0177325991480206
0.0130035422982348,0.038635904033383,0.00129631720399435,0.00573813411307537,0.00249919437281907,0.00434738476763147,0.00408721408762233,0.00433925315328032,0.00238503086784615,0.0033466691945684,0.0019506793198602,0.00252991485849005,0.000541235198425038,0.00194476487891198,0.00462515942466984,-0.00351697716373564,-0.00246749259708988,-0.0147525502388635,-0.0028404821010678,0.00547899646342991,0.0141334898981818,-0.00684559986876636
0.0189304886707525,0.00129631720399435,0.0527558647134768,-0.0027603320055863,-0.00301374200511118,-0.00195245621994751,0.00134988549858206,-0.00194901018806716,0.000298222849767435,0.00092047475183772,-0.00142442946136148,0.00280127891265633,0.000661909335885538,-0.00139395730117854,-0.00374997507683998,0.00578922619030615,-0.0236319006151918,0.0113107636584346,-0.00766981098437376,-0.00339907721043426,-0.00137927912783234,-7.24700752633416e-05
-0.00922512217142546,0.00573813411307537,-0.0027603320055863,0.0123698262329427,0.0112383182885692,0.0108231808491045,0.0103944582895185,0.0108147496009203,0.0103173864858739,0.00990522102870655,0.0114403187195591,0.00962418063758087,0.00701059431050114,0.0114748300369146,0.00671080666659684,-0.0125286433403789,0.0101306698375271,0.00457577341128571,0.0139892957623086,0.00758682097593652,0.00633364293243064,0.0117000798423447
-0.0159034761038584,0.00249919437281907,-0.00301374200511118,0.0112383182885692,0.0120660991809236,0.00983723564562392,0.00968383093480631,0.00983084404518077,0.00889734408109344,0.00871520213998651,0.0100583823282506,0.0081151483742304,0.00562662405577901,0.0100794138934005,0.0055176689047236,-0.00999984649558305,0.0104474392560597,0.00553374709089953,0.0151796285407562,0.00699688484245688,0.00282275806828717,0.0130000489287309
-0.00772265712869241,0.00434738476763147,-0.00195245621994751,0.0108231808491045,0.00983723564562392,0.00985259161457415,0.00903268430194428,0.00984467271354989,0.00916894363423183,0.00875739663971039,0.0102954831888627,0.00846392203557354,0.00613952518622246,0.0103251352110238,0.0057364559517274,-0.0107019151562913,0.00788441973842593,0.0036884698824603,0.0118246311057059,0.00529606683038632,0.00509529367668136,0.00965712053420264
-0.00797883795557633,0.00408721408762233,0.00134988549858206,0.0103944582895185,0.00968383093480631,0.00903268430194428,0.00986788146112567,0.009027050312066,0.0104082677830222,0.0101873077324407,0.0112994322646126,0.0103451329555661,0.00722631422019051,0.0113322994203781,0.00494670628391645,-0.0108858822734856,0.00742252500962217,0.0071665525227028,0.0131988500545872,0.00638429763643348,0.00362851503006488,0.0122855319019877
-0.00771270928532405,0.00433925315328032,-0.00194901018806716,0.0108147496009203,0.00983084404518078,0.00984467271354989,0.009027050312066,0.00983677963797353,0.00916474531380129,0.00875310758073381,0.010290616790834,0.00846121289801161,0.00613685999964495,0.0103202579580385,0.00573160710739775,-0.0106971986466471,0.00788180834425509,0.00368906167537188,0.0118173553488767,0.00528826647466558,0.00508893342557618,0.00965574584696847
-0.00612227420722675,0.00238503086784615,0.000298222849767435,0.0103173864858739,0.00889734408109344,0.00916894363423183,0.0104082677830222,0.00916474531380129,0.0212614963582908,0.0195123015872215,0.0242955673360672,0.0206114640340699,0.0140594563326895,0.0243363122501715,0.0060589861767376,-0.0162480372031137,0.0136165246540482,0.00958277186258745,0.0152694868165309,0.00844602163350502,0.00858621399445461,0.0148576113618208
-0.00608737119624117,0.0033466691945684,0.00092047475183772,0.00990522102870655,0.00871520213998651,0.00875739663971039,0.0101873077324407,0.00875310758073381,0.0195123015872215,0.0183000214567137,0.0221437274474292,0.0190870285495527,0.0128645562505218,0.0221814936314881,0.00541812980206631,-0.014331532635257,0.0109693476824785,0.00885227396933547,0.014221028338568,0.00771918552041968,0.00696474826204854,0.0138623726354794
-0.00744075697085372,0.0019506793198602,-0.00142442946136148,0.0114403187195591,0.0100583823282506,0.0102954831888627,0.0112994322646126,0.010290616790834,0.0242955673360672,0.0221437274474292,0.0284418360831235,0.0232357902700428,0.0153166411003055,0.0284779684011383,0.00682349249875654,-0.0187426289704712,0.0163120350827642,0.0110526687269274,0.016298127705014,0.00769174341049549,0.00822546684143558,0.0155807148493422
-0.00471648777992431,0.00252991485849004,0.00280127891265633,0.00962418063758087,0.0081151483742304,0.00846392203557354,0.0103451329555661,0.00846121289801161,0.0206114640340699,0.0190870285495527,0.0232357902700428,0.0205100454629625,0.0137829961576448,0.0232771073049581,0.00540372943999941,-0.0155027370783351,0.0111751742010162,0.0103769717665958,0.0145421522306029,0.00789341734488755,0.00741306105873805,0.0147772826410572
-0.00327621262762895,0.000541235198425038,0.000661909335885538,0.00701059431050114,0.00562662405577901,0.00613952518622246,0.00722631422019051,0.00613685999964495,0.0140594563326895,0.0128645562505218,0.0153166411003055,0.0137829961576448,0.0105528177756724,0.015361096473479,0.00414476007141113,-0.0108872161812354,0.00978875821103328,0.00682563666909201,0.0118563815151449,0.00845422493024294,0.00810626178667283,0.0118600996105971
-0.00743070725261333,0.00194476487891198,-0.00139395730117854,0.0114748300369146,0.0100794138934005,0.0103251352110238,0.0113322994203781,0.0103202579580385,0.0243363122501715,0.0221814936314881,0.0284779684011383,0.0232771073049581,0.015361096473479,0.0285145609168842,0.00684575195622407,-0.0187830709599155,0.016325104401709,0.0110841107644996,0.0163348658788463,0.00772306288154546,0.00826926273683283,0.0156262681304594
-0.00466623332811993,0.00462515942466984,-0.00374997507683998,0.00671080666659684,0.0055176689047236,0.0057364559517274,0.00494670628391645,0.00573160710739775,0.0060589861767376,0.00541812980206631,0.00682349249875654,0.00540372943999941,0.00414476007141113,0.00684575195622407,0.00561969967549712,-0.00876284844071923,0.00949635659314202,-0.00353160136541989,0.0068487152140308,0.004843662022105,0.00599279916773132,0.00409186622296212
0.00596713141619081,-0.00351697716373564,0.00578922619030615,-0.0125286433403789,-0.00999984649558305,-0.0107019151562913,-0.0108858822734856,-0.0106971986466471,-0.0162480372031137,-0.014331532635257,-0.0187426289704712,-0.0155027370783351,-0.0108872161812354,-0.0187830709599155,-0.00876284844071923,0.0226815014244156,-0.0213190113470758,-0.00417130782413913,-0.0151417753211204,-0.00895906561693463,-0.0111309722114371,-0.0135503469607176
-0.0180595292692078,-0.00246749259708988,-0.0236319006151918,0.0101306698375271,0.0104474392560597,0.00788441973842593,0.00742252500962217,0.00788180834425509,0.0136165246540482,0.0109693476824785,0.0163120350827642,0.0111751742010162,0.00978875821103328,0.016325104401709,0.00949635659314202,-0.0213190113470758,0.0585913889968873,-0.0042093366533845,0.0250760392121712,0.0208542655961308,0.00893057998554385,0.0195627025795088
-0.0144225362943997,-0.0147525502388635,0.0113107636584346,0.00457577341128571,0.00553374709089953,0.0036884698824603,0.0071665525227028,0.00368906167537188,0.00958277186258745,0.00885227396933547,0.0110526687269274,0.0103769717665958,0.00682563666909201,0.0110841107644996,-0.00353160136541989,-0.00417130782413913,-0.0042093366533845,0.0507008658782069,0.0110444021870321,0.00377635032714368,-0.00684199807867436,0.0176975305118529
-0.0243676581075995,-0.0028404821010678,-0.00766981098437376,0.0139892957623086,0.0151796285407562,0.0118246311057059,0.0131988500545872,0.0118173553488767,0.0152694868165309,0.014221028338568,0.016298127705014,0.0145421522306029,0.0118563815151449,0.0163348658788463,0.0068487152140308,-0.0151417753211204,0.0250760392121712,0.0110444021870321,0.0379868854597099,0.0235193188146919,0.0113455901208293,0.0322137792347614
-0.0107367088149074,0.00547899646342991,-0.00339907721043426,0.00758682097593652,0.00699688484245688,0.00529606683038632,0.00638429763643348,0.00528826647466558,0.00844602163350502,0.00771918552041968,0.00769174341049549,0.00789341734488755,0.00845422493024294,0.00772306288154546,0.004843662022105,-0.00895906561693463,0.0208542655961308,0.00377635032714368,0.0235193188146919,0.0379684851396561,0.0219541070222105,0.0200835521678711
0.00677924505890785,0.0141334898981818,-0.00137927912783234,0.00633364293243064,0.00282275806828717,0.00509529367668136,0.00362851503006488,0.00508893342557618,0.00858621399445461,0.00696474826204854,0.00822546684143558,0.00741306105873804,0.00810626178667283,0.00826926273683283,0.00599279916773132,-0.0111309722114371,0.00893057998554385,-0.00684199807867436,0.0113455901208294,0.0219541070222105,0.0338149638103428,0.0078397555382885
-0.0177325991480206,-0.00684559986876636,-7.24700752633416e-05,0.0117000798423447,0.0130000489287309,0.00965712053420264,0.0122855319019877,0.00965574584696847,0.0148576113618208,0.0138623726354794,0.0155807148493422,0.0147772826410572,0.0118600996105971,0.0156262681304594,0.00409186622296212,-0.0135503469607176,0.0195627025795088,0.0176975305118529,0.0322137792347614,0.0200835521678711,0.0078397555382885,0.031724597324706
