0.0400771702719578,-0.0381402273450228,-0.0028396487573637,0.0133187447142842,0.00830981756837232,0.0436419888112579,-0.00649371764040778,-0.0169415723125936,0.000631488516067251,0.00531102052360523,0.0226190445824474,0.042453632019041,0.00534939816755473
-0.0381402273450228,0.216282057510392,-0.0675705830281904,0.0226579960101757,0.00419419414336762,-0.0653788133350503,0.0313126036385165,0.0516613606730547,0.00499915048785223,-0.00751867302853138,0.00183527607243598,-0.0225484613299669,0.161742596918042
-0.0028396487573637,-0.0675705830281904,0.131458291884833,-0.0514617670659146,-0.00468087318699065,0.0145185192031243,-0.0417634667036046,-0.039747588097849,0.0156344142351151,0.0470980540951487,-0.0223255536822374,-0.0296146349404316,-0.075157761451382
0.0133187447142842,0.0226579960101757,-0.0514617670659146,0.0290502013814534,0.00756865832600516,-0.0111531270181884,-0.0109701269331563,0.00600956890428661,0.0118596819119178,-0.00834890166283793,0.0206003409663553,0.020857075573891,0.0429144638277408
0.00830981756837232,0.00419419414336761,-0.00468087318699065,0.00756865832600516,0.00584591460273744,-0.00681087899664016,-0.0259451017190103,-0.00107515379312421,0.00466522492691228,0.00539225284754522,0.0012441145264496,-0.000489373012049911,0.0122045924368781
0.0436419888112579,-0.0653788133350503,0.0145185192031243,-0.0111531270181884,-0.00681087899664016,0.171035208957704,0.0684197528062636,-0.0138136946955784,-0.0709583878513079,-0.0384115633335846,-0.00338419704942795,0.0902788182115418,-0.00403940858761173
-0.00649371764040778,0.0313126036385165,-0.0417634667036046,-0.0109701269331563,-0.0259451017190103,0.0684197528062636,0.288477638030868,0.0295308428580273,-0.083685978825085,-0.0236434427302316,0.0751793947951245,0.0810035952674755,-0.0212055994336156
-0.0169415723125936,0.0516613606730547,-0.039747588097849,0.00600956890428661,-0.00107515379312421,-0.0138136946955784,0.0295308428580273,0.0335344310666416,-0.0464756016776581,-0.0180677357904808,-0.0106721030973198,-0.012057265901808,0.0184189706618931
0.000631488516067251,0.00499915048785223,0.0156344142351151,0.0118596819119178,0.00466522492691227,-0.0709583878513079,-0.083685978825085,-0.0464756016776581,0.211623420890615,0.0184343298088461,-0.00944511587349642,-0.0522600996940943,0.0509698079344206
0.00531102052360523,-0.00751867302853138,0.0470980540951487,-0.00834890166283793,0.00539225284754522,-0.0384115633335846,-0.0236434427302316,-0.0180677357904808,0.0184343298088461,0.0472404517880243,0.0265498645322586,-0.0072778769129507,-0.0189088640417462
0.0226190445824474,0.00183527607243598,-0.0223255536822374,0.0206003409663553,0.0012441145264496,-0.00338419704942795,0.0751793947951245,-0.0106721030973198,-0.00944511587349642,0.0265498645322586,0.0952809652433387,0.0775593836468465,0.0112211122847801
0.042453632019041,-0.0225484613299669,-0.0296146349404316,0.020857075573891,-0.000489373012049911,0.0902788182115418,0.0810035952674755,-0.012057265901808,-0.0522600996940943,-0.0072778769129507,0.0775593836468465,0.12252937694974,0.0276780757702977
0.00534939816755473,0.161742596918042,-0.075157761451382,0.0429144638277408,0.0122045924368781,-0.00403940858761173,-0.0212055994336156,0.0184189706618931,0.0509698079344206,-0.0189088640417462,0.0112211122847801,0.0276780757702977,0.191205641057343
