0.0389215616005981,-0.0159147188108825,-0.0042201476001013,-0.00580418988621363,-0.0014668369813904,-0.0106886296795134,0.0169542391078029,0.0317780673856209
-0.0159147188108825,0.0332742600443242,0.00571695682627296,-0.0110844467149525,0.0069240550108057,0.00725096015817186,-0.00440539783954895,-0.00972766646529408
-0.0042201476001013,0.00571695682627295,0.0272218320496175,0.0107039915640385,-0.000564111281004256,0.0106216599759416,0.00108994105629669,0.0151447783620817
-0.00580418988621363,-0.0110844467149525,0.0107039915640385,0.0234567702992125,0.0064169809014959,0.0107094125137799,-0.0052299510543444,0.000711596698095958
-0.0014668369813904,0.0069240550108057,-0.000564111281004256,0.0064169809014959,0.0148594861592808,0.00635016044300519,0.00250646830268654,-0.00238110334822785
-0.0106886296795134,0.00725096015817186,0.0106216599759416,0.0107094125137799,0.00635016044300519,0.0108742605984755,-0.00717219466871284,-0.00308084830057446
0.0169542391078029,-0.00440539783954895,0.00108994105629669,-0.0052299510543444,0.00250646830268654,-0.00717219466871284,0.0258370506128324,0.0175157493035401
0.0317780673856209,-0.00972766646529408,0.0151447783620817,0.000711596698095958,-0.00238110334822785,-0.00308084830057446,0.0175157493035401,0.0394420370950396
