0.0608455612441387,0.00560834971524111,0.0452316076405738,0.0219421346660918,0.00887563913114264,0.0265996633865953,-0.0708110706997199,-0.0159722490371401,0.0358957606745525,0.00800813128546262,0.0321982809479364,0.0358628940665787,0.0470734154459657
0.00560834971524111,0.214598355326912,-0.0184946772656269,0.0157982544818386,-0.0192271466016833,-0.0201298168395575,-0.0145749088586185,-0.006075156492111,0.106147728642334,-0.00658128988511791,0.0145628133875837,0.0336711947369741,0.0549005621591359
0.0452316076405738,-0.0184946772656269,0.077023963190623,-0.00540170004356696,0.0104617744914448,0.0159459111372249,0.00203151791924968,-0.0214834295106132,0.00551480423867529,0.0179762343683713,0.0237735972535981,0.0458698810602567,0.0225419866525861
0.0219421346660918,0.0157982544818386,-0.00540170004356696,0.0298460621904664,0.00461979131672694,0.0273062645582275,-0.0261390540206608,-0.00841187677441814,0.0505455527747187,-0.00367416535348153,0.00718177642614579,0.0147272720973119,0.0124171348595651
0.00887563913114264,-0.0192271466016833,0.0104617744914448,0.00461979131672694,0.00984170581588604,-0.00940424624782769,-0.00831932876144341,0.000233973834347353,-0.000102879445349995,0.00326847553064461,-0.0123510319588457,0.0140303827158361,-0.00976340809814643
0.0265996633865953,-0.0201298168395575,0.0159459111372249,0.0273062645582275,-0.00940424624782769,0.127162936574869,0.0401329599884643,-0.0207980422820109,0.0361051363518673,0.000484382726146923,0.0508001852412792,-0.000200447910203143,0.00418281803065096
-0.0708110706997199,-0.0145749088586185,0.00203151791924968,-0.0261390540206608,-0.00831932876144341,0.0401329599884643,0.302011605818714,-0.00715862957403431,0.0264930769981339,0.0350853666478349,-0.00193594352770358,0.035190332306773,-0.0112112842277736
-0.0159722490371401,-0.006075156492111,-0.0214834295106132,-0.00841187677441814,0.000233973834347353,-0.0207980422820109,-0.00715862957403431,0.041153686903699,-0.0579351315296608,0.0069127983692038,-0.0310990901965732,-0.0149930883709783,-0.0448578398312115
0.0358957606745525,0.106147728642334,0.00551480423867529,0.0505455527747187,-0.000102879445349995,0.0361051363518673,0.0264930769981339,-0.0579351315296608,0.201128492526712,0.0056178364079712,0.0584230807133155,0.0446270789985477,0.114067825403563
0.00800813128546262,-0.00658128988511791,0.0179762343683713,-0.00367416535348153,0.00326847553064461,0.000484382726146923,0.0350853666478349,0.0069127983692038,0.0056178364079712,0.0237248574947644,0.0116053081409433,0.0159907004458728,0.0242448060589799
0.0321982809479364,0.0145628133875837,0.0237735972535981,0.00718177642614579,-0.0123510319588457,0.0508001852412792,-0.00193594352770358,-0.0310990901965732,0.0584230807133155,0.0116053081409433,0.0796597912106146,0.000103720576782585,0.105618686628018
0.0358628940665787,0.0336711947369741,0.0458698810602567,0.0147272720973119,0.0140303827158361,-0.000200447910203143,0.035190332306773,-0.0149930883709783,0.0446270789985477,0.0159907004458728,0.000103720576782585,0.119168041077763,0.0649232722185926
0.0470734154459657,0.0549005621591359,0.0225419866525861,0.0124171348595651,-0.00976340809814643,0.00418281803065096,-0.0112112842277736,-0.0448578398312115,0.114067825403563,0.0242448060589799,0.105618686628018,0.0649232722185926,0.244382698852779
