0.030156611252163,0,0,0,0,0,0,0,0,0,0,0,0,0,0,0,0,0,0,0,0,0,0,0,0,0,0,0,0,0,0,0,0,0,0,0,0,0,0,0,0,0,0,0,0,0,0,0,0,0,0,0,0,0,0,0,0,0,0,0
0,2440.90179986838,-14.7217556661519,-617.098993705828,0,0,371.301085686726,539.774008497461,131.76001935109,0,0,0,-452.145695625322,520.00087352927,674.201056035053,0,-255.767436638816,-957.71426882659,0,0,-512.217099338529,185.438821222352,-407.050554541496,0,754.316042367778,-402.66748660894,934.383750438881,0,0,0,0,755.086002151606,359.56135006923,-821.425462694883,-265.283035890272,-235.973828112578,0,287.026490530665,-412.660335462458,0,-1179.71025849441,-798.718183520664,61.2360207337017,98.8218242500483,-207.299684977627,154.255781996709,-413.202537022642,31.8436851499082,-38.1765089519996,1198.41268738664,18.8913169786692,227.199745622555,190.925834624878,0,138.592945145246,105.987151276682,492.658713389493,181.92522743543,0,29.1669572755636
0,-14.7217556661519,8449.0799876579,-319.675507931742,0,0,649.015417158163,-624.051779930266,139.538065690231,0,0,0,-897.585144154122,-42.9828574656023,-410.41374822508,0,-1054.81675639277,794.569979962307,0,0,-417.251104090082,-311.160980512146,2036.16445192508,0,230.15552525696,-2738.97787116664,-1535.10125406386,0,0,0,0,225.589526184585,-739.922912576573,-2192.4919359264,1713.84242176204,147.555228445042,0,1315.9981436535,-2113.46293356105,0,1186.02361257627,-24.0966773488441,521.447604871505,501.404273118859,-529.262238349801,160.919669610809,778.895769953923,-710.596268745082,-179.338333966876,2501.99558480684,552.06042550674,398.49469172505,-846.984121743102,0,461.794621294349,254.724001284622,-756.79847345575,1065.66199808248,0,-958.589202155986
0,-617.098993705828,-319.675507931742,4751.3770242449,0,0,-439.55562097429,-404.880159374853,726.732585370973,0,0,0,97.8553861454431,120.804371398669,-384.586855015963,0,-129.406060487201,180.814992428505,0,0,603.339639708478,-218.885916741538,1278.63767364118,0,1815.20083563417,967.698118562575,-1005.90379893363,0,0,0,0,-12.7483082641066,-344.44490152407,365.080688592133,-818.027165531699,683.165239191766,0,-987.315960943772,-385.022906156567,0,-166.098510651668,545.687978318071,-72.7838104464778,12.2419836970425,-626.390049360321,1143.89047794754,-400.034711022161,-498.558570919757,796.780059695787,-460.449324339334,-24.3705258077691,124.156880966552,897.474627698635,0,-271.016974291531,-907.967698259507,498.80169253887,-339.136501529869,0,-449.02144793364
0,0,0,0,0.0284829215522154,0,0,0,0,0,0,0,0,0,0,0,0,0,0,0,0,0,0,0,0,0,0,0,0,0,0,0,0,0,0,0,0,0,0,0,0,0,0,0,0,0,0,0,0,0,0,0,0,0,0,0,0,0,0,0
0,0,0,0,0,0.0156454955431181,0,0,0,0,0,0,0,0,0,0,0,0,0,0,0,0,0,0,0,0,0,0,0,0,0,0,0,0,0,0,0,0,0,0,0,0,0,0,0,0,0,0,0,0,0,0,0,0,0,0,0,0,0,0
0,371.301085686726,649.015417158163,-439.55562097429,0,0,5991.68224146257,134.30794431938,345.260849095959,0,0,0,667.894699162847,-206.482018985105,-848.784580707737,0,927.731897714495,2350.15215306297,0,0,991.825272852493,-423.935517268407,-1582.3160741599,0,-168.665580106036,179.792601989596,692.845096992411,0,0,0,0,-1516.30441393512,15.003234171145,1078.25169083476,1359.11321625612,149.49970367684,0,667.333471630951,485.357661063871,0,77.8573050430425,-368.33981706653,212.33148765723,915.900727766544,258.052266536307,102.881679784652,-583.097557751532,-966.958174230945,-181.723290028439,696.797269318977,-101.768129469634,271.245895913959,142.816888191766,0,97.4874962453606,-218.528093358667,-21.8399410815676,-579.828422825437,0,477.231320321387
0,539.774008497461,-624.051779930266,-404.880159374853,0,0,134.30794431938,4062.59698282661,606.764663996248,0,0,0,-807.067549807882,346.170138256078,-488.657381209335,0,-447.904636492744,-773.04372541987,0,0,36.7600191996802,-923.18052344603,-1219.10490547231,0,10.6593742219822,377.820273441017,-878.009163450766,0,0,0,0,980.986197104727,275.824440054071,592.482427360813,551.093057421713,-1174.52995546289,0,422.011885619408,742.286532576345,0,609.496620707857,-156.861533507487,269.558204641244,-92.5409066098002,32.1202902527326,-268.473872641001,-670.238205117154,336.075544577538,-479.588024497081,644.990699137914,218.574890420477,525.206328240606,218.526049034969,0,-463.079287300595,-98.3054706536554,-146.624284368133,-302.573699834957,0,-139.061065082833
0,131.76001935109,139.538065690231,726.732585370973,0,0,345.260849095959,606.764663996248,4228.29047371671,0,0,0,-159.777770539182,318.419496018589,-540.209575901695,0,-140.826697709495,-85.6745978900981,0,0,-949.396306240508,394.631733947407,117.979554193208,0,743.712960707057,68.3165308239385,510.531916245466,0,0,0,0,770.212944821471,-147.632324443249,245.467370512755,-1048.21829324542,375.170175987612,0,1146.17332110234,189.11006325088,0,308.38715253859,237.453304153102,197.428377049823,-179.020552513483,62.8669731176446,1340.4714923605,313.453206514233,-124.489596590957,-204.41804407176,97.6314813221939,377.158274861491,-23.0402134264,346.159566999798,0,38.9112035677164,-607.300356063296,-54.4509437471543,-401.999161962028,0,-579.030712843829
0,0,0,0,0,0,0,0,0,0.0189987959184066,0,0,0,0,0,0,0,0,0,0,0,0,0,0,0,0,0,0,0,0,0,0,0,0,0,0,0,0,0,0,0,0,0,0,0,0,0,0,0,0,0,0,0,0,0,0,0,0,0,0
0,0,0,0,0,0,0,0,0,0,0.0267387753440675,0,0,0,0,0,0,0,0,0,0,0,0,0,0,0,0,0,0,0,0,0,0,0,0,0,0,0,0,0,0,0,0,0,0,0,0,0,0,0,0,0,0,0,0,0,0,0,0,0
0,0,0,0,0,0,0,0,0,0,0,0.0347001635754909,0,0,0,0,0,0,0,0,0,0,0,0,0,0,0,0,0,0,0,0,0,0,0,0,0,0,0,0,0,0,0,0,0,0,0,0,0,0,0,0,0,0,0,0,0,0,0,0
0,-452.145695625322,-897.585144154122,97.8553861454431,0,0,667.894699162847,-807.067549807882,-159.777770539182,0,0,0,9101.95848551541,-429.423849660864,1160.48492759262,0,795.417584289259,925.240702360554,0,0,-1801.82775657001,140.730096686565,479.804260205612,0,719.205079270617,994.513967250917,-972.892079101675,0,0,0,0,-1847.3882710592,-2242.99541968675,-1104.66203255243,-711.664470597762,2905.30557236013,0,-68.7289644673096,-856.396478360861,0,-405.883116399272,-1239.4594291283,-364.373017133791,-1297.40889759008,-1121.45500193015,-183.651180966513,264.278575512227,1861.06495700634,187.193331511079,-884.392591848179,227.33154843385,64.2660121485127,292.944962806942,0,181.759039723305,-471.100298523469,867.973839694315,-457.283334736396,0,-393.637605586868
0,520.00087352927,-42.9828574656023,120.804371398669,0,0,-206.482018985105,346.170138256078,318.419496018589,0,0,0,-429.423849660864,5081.7986936606,1505.58736322469,0,-3259.77854495732,-1870.32892863954,0,0,-589.002210072935,-1350.10849225723,-11.5167773440839,0,-158.259083173058,1108.00279571406,1106.36483993263,0,0,0,0,-631.536872477493,807.519908288322,987.051041303204,-1461.34710292124,1107.85537832452,0,959.732955749978,451.186051694803,0,-301.583879464537,-656.754652213729,-98.6075482521576,-602.871489869119,241.429202240323,97.6232122598566,522.209602385125,762.824358257625,607.711694962597,69.0579083237346,-399.619757383737,39.766185293224,127.577640062264,0,836.210170952092,239.383583662591,842.440469443302,648.089377972365,0,-555.462928301043
0,674.201056035053,-410.41374822508,-384.586855015963,0,0,-848.784580707737,-488.657381209335,-540.209575901695,0,0,0,1160.48492759262,1505.58736322469,7751.07059199388,0,-2712.39732601014,-2402.87156929587,0,0,2148.73128257147,1820.17890133538,2278.418564182,0,1769.12444377481,-468.928086026062,-467.984597501211,0,0,0,0,-379.505368510797,-753.609362210786,-1098.04686839835,1503.91590765339,840.006088787777,0,-196.188153687828,818.949418870254,0,-538.547425015274,-859.026116972507,-794.146733605519,339.303564211865,202.55837406784,-634.904932653878,218.69629851655,919.940830365183,80.3905582936708,971.481226217592,591.988699331353,-572.936555599406,532.243758309049,0,1052.97326439622,1230.36514474338,1093.59860046959,344.788583357408,0,-140.171876639607
0,0,0,0,0,0,0,0,0,0,0,0,0,0,0,0.0670694555999845,0,0,0,0,0,0,0,0,0,0,0,0,0,0,0,0,0,0,0,0,0,0,0,0,0,0,0,0,0,0,0,0,0,0,0,0,0,0,0,0,0,0,0,0
0,-255.767436638816,-1054.81675639277,-129.406060487201,0,0,927.731897714495,-447.904636492744,-140.826697709495,0,0,0,795.417584289259,-3259.77854495732,-2712.39732601014,0,21202.8621276335,2888.40924166354,0,0,265.086980459067,3491.8335306082,1420.6430751668,0,1979.19255905467,1666.08493246063,-1241.85309169352,0,0,0,0,-1010.19344752683,5152.781261702,-2677.01854630558,1032.44075242705,-1207.25860206721,0,-628.925278451082,1202.31099689617,0,3466.80264497107,839.358884009578,3077.7685442,-1491.32808959711,1225.31258007522,974.068765282741,-851.373818224374,638.132217759901,911.016166400534,-1958.35417679306,264.911052208663,-1060.52989621288,-58.4406394080904,0,-656.881800498596,-684.564086457953,-1598.03392840402,1533.51901508735,0,1594.78789020926
0,-957.71426882659,794.569979962307,180.814992428505,0,0,2350.15215306297,-773.04372541987,-85.6745978900981,0,0,0,925.240702360554,-1870.32892863954,-2402.87156929587,0,2888.40924166354,21020.2293292951,0,0,790.552520650475,1774.50738888728,742.558895231845,0,743.487970915488,1734.17028067281,-1123.80097612552,0,0,0,0,-1674.9788459155,2257.88289454773,1885.38400740005,291.88038743706,-4154.88019962539,0,-1872.08715117626,173.38570550447,0,2121.39710702823,1466.56455372786,2846.74124563479,123.625098428774,869.477226370435,1011.34919585923,-125.637677828325,-371.067543795492,-613.107520396735,-983.770306073887,-221.901894733708,-491.039804744181,-2165.99250259987,0,-88.0267508757889,136.281390310898,-976.134173619165,-498.077405975237,0,1167.47917462007
0,0,0,0,0,0,0,0,0,0,0,0,0,0,0,0,0,0,0.0704460913520336,0,0,0,0,0,0,0,0,0,0,0,0,0,0,0,0,0,0,0,0,0,0,0,0,0,0,0,0,0,0,0,0,0,0,0,0,0,0,0,0,0
0,0,0,0,0,0,0,0,0,0,0,0,0,0,0,0,0,0,0,0.0835880230505894,0,0,0,0,0,0,0,0,0,0,0,0,0,0,0,0,0,0,0,0,0,0,0,0,0,0,0,0,0,0,0,0,0,0,0,0,0,0,0,0
0,-512.217099338529,-417.251104090082,603.339639708478,0,0,991.825272852493,36.7600191996802,-949.396306240508,0,0,0,-1801.82775657001,-589.002210072935,2148.73128257147,0,265.086980459067,790.552520650475,0,0,20479.4800143778,1792.05377430467,495.625803440093,0,-691.586463682993,-952.853207168683,-955.723499635471,0,0,0,0,-11.8834179703104,2947.86015343831,-39.1657202024483,-522.207924367723,760.50964231179,0,-1091.97362458217,605.93291967894,0,2134.22955781802,3509.25009248454,148.068637408235,285.564267642896,251.694949253395,1102.80558140452,-1314.93842881517,-322.225818823066,-524.629570798747,-2387.77010512977,-14.4943653157919,-895.621964170586,1088.57206383273,0,494.621980646797,303.629719343102,-3139.01800031434,-478.343081892004,0,1207.19890848085
0,185.438821222352,-311.160980512146,-218.885916741538,0,0,-423.935517268407,-923.18052344603,394.631733947407,0,0,0,140.730096686565,-1350.10849225723,1820.17890133538,0,3491.8335306082,1774.50738888728,0,0,1792.05377430467,17219.5645956482,3877.40146140465,0,1363.53696230737,-2833.0266554931,-1012.99139003359,0,0,0,0,645.840166356958,935.465349908665,-1178.39733303922,-1552.47562020871,-2026.15564743453,0,-1853.361557093,2161.99407823213,0,395.60180651594,323.912528463869,864.428206064088,343.487328656505,1028.65450186552,-66.8274614881931,1111.0751578494,-2006.35724634425,-1054.53501723759,109.508649583102,445.7901567409,626.575723318561,1087.40175803244,0,-57.7597107578148,-1330.25574313914,-255.023391272367,1070.39109414815,0,1538.72619546663
0,-407.050554541496,2036.16445192508,1278.63767364118,0,0,-1582.3160741599,-1219.10490547231,117.979554193208,0,0,0,479.804260205612,-11.5167773440839,2278.418564182,0,1420.6430751668,742.558895231845,0,0,495.625803440093,3877.40146140465,19053.0949061373,0,3945.06204292225,-1567.44701346255,-1569.5419694368,0,0,0,0,1666.06023461028,1595.28541488792,40.9713741920091,-1116.29329804226,1644.99196769403,0,-847.20136514873,1878.42727195364,0,2996.53490928781,2306.16797030626,-322.584325283299,-42.2588493245385,754.557928529864,1207.34511872268,1325.21160217288,-142.637980814574,-365.100035023083,1085.0049118926,606.932336375491,1276.96018191512,-321.590062920009,0,603.112859605988,-473.72166262428,998.025006915102,1424.50105678855,0,-131.746169815515
0,0,0,0,0,0,0,0,0,0,0,0,0,0,0,0,0,0,0,0,0,0,0,0.0539350871344046,0,0,0,0,0,0,0,0,0,0,0,0,0,0,0,0,0,0,0,0,0,0,0,0,0,0,0,0,0,0,0,0,0,0,0,0
0,754.316042367778,230.15552525696,1815.20083563417,0,0,-168.665580106036,10.6593742219822,743.712960707057,0,0,0,719.205079270617,-158.259083173058,1769.12444377481,0,1979.19255905467,743.487970915488,0,0,-691.586463682993,1363.53696230737,3945.06204292225,0,17163.7387470764,-248.143249613902,-251.646444926291,0,0,0,0,503.444564061763,257.664349681764,2161.98848626143,97.7662745781324,-1974.15311626095,0,-3127.49406833908,494.157259447709,0,-1695.85018799203,174.888472538107,-1598.86981585693,183.058632343575,199.348905495342,875.133526259183,-1741.21983152787,1081.67989938052,-1092.99177654838,1405.0737471809,238.851079912684,977.975532402531,-49.488158473424,0,-597.617150566017,-215.207496928144,688.268405514427,-436.903524134284,0,58.5173420740688
0,-402.66748660894,-2738.97787116664,967.698118562574,0,0,179.792601989596,377.820273441017,68.3165308239385,0,0,0,994.513967250917,1108.00279571406,-468.928086026062,0,1666.08493246063,1734.17028067281,0,0,-952.853207168683,-2833.0266554931,-1567.44701346255,0,-248.143249613902,17099.0865445956,-2528.49564345931,0,0,0,0,-2052.10795690055,-1046.34281675648,3595.45283002204,-1261.34650765121,-1080.42544558321,0,-317.357223691291,982.844947385572,0,2025.23729689302,468.339120347636,-161.483657102056,-361.657125656313,-338.68544612246,603.192026991991,628.789526172582,2865.87709562893,1049.62650895047,-1969.90925053256,180.012901241635,740.455455867195,1174.08126481537,0,-868.785964233685,28.282291295259,2062.69096332362,673.310262927475,0,1183.36436432104
0,934.383750438881,-1535.10125406386,-1005.90379893363,0,0,692.845096992411,-878.009163450766,510.531916245466,0,0,0,-972.892079101675,1106.36483993263,-467.984597501211,0,-1241.85309169352,-1123.80097612552,0,0,-955.723499635471,-1012.99139003359,-1569.5419694368,0,-251.646444926291,-2528.49564345931,17073.4702349324,0,0,0,0,2281.14117704864,2690.38128891035,-289.296458629772,-2957.5729715372,1658.13176325779,0,987.956928229305,-226.732815471425,0,-3596.24809298184,-2502.3527351003,-159.942698749684,32.7561218842829,1518.26849026078,604.700565641149,132.920001803033,269.690858653794,563.708823545667,-349.719633511303,-105.925155207311,-443.464232852881,1178.18665259015,0,-1338.4282714107,-389.308318337328,-108.735144366883,302.23527673958,0,-226.304113003976
0,0,0,0,0,0,0,0,0,0,0,0,0,0,0,0,0,0,0,0,0,0,0,0,0,0,0,0.0518401828732459,0,0,0,0,0,0,0,0,0,0,0,0,0,0,0,0,0,0,0,0,0,0,0,0,0,0,0,0,0,0,0,0
0,0,0,0,0,0,0,0,0,0,0,0,0,0,0,0,0,0,0,0,0,0,0,0,0,0,0,0,0.0482896370100269,0,0,0,0,0,0,0,0,0,0,0,0,0,0,0,0,0,0,0,0,0,0,0,0,0,0,0,0,0,0,0
0,0,0,0,0,0,0,0,0,0,0,0,0,0,0,0,0,0,0,0,0,0,0,0,0,0,0,0,0,0.0529242713155323,0,0,0,0,0,0,0,0,0,0,0,0,0,0,0,0,0,0,0,0,0,0,0,0,0,0,0,0,0,0
0,0,0,0,0,0,0,0,0,0,0,0,0,0,0,0,0,0,0,0,0,0,0,0,0,0,0,0,0,0,0.0464977674298567,0,0,0,0,0,0,0,0,0,0,0,0,0,0,0,0,0,0,0,0,0,0,0,0,0,0,0,0,0
0,755.086002151606,225.589526184585,-12.7483082641066,0,0,-1516.30441393512,980.986197104726,770.212944821471,0,0,0,-1847.3882710592,-631.536872477493,-379.505368510797,0,-1010.19344752683,-1674.9788459155,0,0,-11.8834179703104,645.840166356958,1666.06023461028,0,503.444564061763,-2052.10795690055,2281.14117704864,0,0,0,0,11178.6430630594,366.92390628356,-2121.17201096967,359.885310010642,-3091.26182207755,0,1336.18090203905,-671.599369640682,0,-69.3066752913912,-100.510772837334,322.976703882302,337.006480095318,851.224301453471,910.816103950247,109.082182837635,217.885296011979,62.3767748454517,151.975443343105,145.413675916772,-359.167783458378,-224.142068829515,0,-702.021642949472,-650.314333537577,-529.435781876199,246.383508198657,0,955.507450228304
0,359.56135006923,-739.922912576573,-344.44490152407,0,0,15.003234171145,275.824440054071,-147.632324443249,0,0,0,-2242.99541968675,807.519908288322,-753.609362210787,0,5152.781261702,2257.88289454773,0,0,2947.86015343831,935.465349908665,1595.28541488792,0,257.664349681764,-1046.34281675648,2690.38128891035,0,0,0,0,366.92390628356,11148.8959371379,-379.542997334246,2077.04688788507,-2415.13404998673,0,-42.2777439783597,2230.56066000927,0,130.553289842609,143.135192948734,1563.53814008755,-434.360464192208,1978.59045169676,-612.901117067505,-378.12274459486,-37.0231804181934,1060.87622002281,-1785.44523083278,-143.369782582199,-255.201780487197,-416.334615371211,0,-157.48772592777,-470.273548570025,-1233.68684091735,1193.73204630529,0,753.830149037807
0,-821.425462694883,-2192.4919359264,365.080688592133,0,0,1078.25169083476,592.482427360813,245.467370512755,0,0,0,-1104.66203255243,987.051041303204,-1098.04686839835,0,-2677.01854630558,1885.38400740005,0,0,-39.1657202024483,-1178.39733303922,40.9713741920091,0,2161.98848626143,3595.45283002204,-289.296458629772,0,0,0,0,-2121.17201096967,-379.542997334246,13913.6784126561,54.3575767202834,-575.248875777739,0,-1103.53560500396,1849.8384485498,0,-295.734189266003,93.1714489790683,-562.127804590396,442.153097168127,-376.898250496782,-621.71999110795,-844.162085917396,484.740385540674,1118.25944664479,-282.058726538573,631.687660900457,178.405994774967,1154.99302930325,0,665.359176043016,103.258648118367,1507.93132075823,-234.898200320796,0,30.0639755099884
0,-265.283035890272,1713.84242176204,-818.027165531699,0,0,1359.11321625612,551.093057421713,-1048.21829324542,0,0,0,-711.664470597762,-1461.34710292124,1503.91590765339,0,1032.44075242705,291.88038743706,0,0,-522.207924367723,-1552.47562020871,-1116.29329804226,0,97.7662745781324,-1261.34650765121,-2957.5729715372,0,0,0,0,359.885310010642,2077.04688788507,54.3575767202834,15337.132849683,276.888505231205,0,1791.5965635871,-1113.9170984426,0,813.178472316689,660.247151236166,-467.081245330819,918.575614132407,-128.478254232781,-2237.07549298994,-132.162935124879,-70.7640519617563,706.027877999287,913.288882909758,847.487562552113,82.6779007034766,-1007.91791779251,0,677.912747439335,1381.25327189209,602.829258733398,-1304.53030885113,0,388.220237388418
0,-235.973828112579,147.555228445042,683.165239191766,0,0,149.49970367684,-1174.52995546289,375.170175987612,0,0,0,2905.30557236013,1107.85537832452,840.006088787777,0,-1207.25860206721,-4154.88019962539,0,0,760.50964231179,-2026.15564743453,1644.99196769403,0,-1974.15311626095,-1080.42544558321,1658.13176325779,0,0,0,0,-3091.26182207755,-2415.13404998673,-575.248875777739,276.888505231205,19440.6525904149,0,2899.48486203927,-1061.89960250955,0,604.419595524328,193.588748933956,-1827.40323417358,-278.112952829776,1320.37672283884,-91.82869143952,403.586623336064,-891.170623253935,411.037596071126,-2047.40611851502,379.780556062301,337.488841468773,897.620696091514,0,-88.483712073967,-1153.93172904205,3518.04835916543,-478.172996471516,0,-1769.31325233547
0,0,0,0,0,0,0,0,0,0,0,0,0,0,0,0,0,0,0,0,0,0,0,0,0,0,0,0,0,0,0,0,0,0,0,0,0.0641347293447956,0,0,0,0,0,0,0,0,0,0,0,0,0,0,0,0,0,0,0,0,0,0,0
0,287.026490530665,1315.9981436535,-987.315960943772,0,0,667.333471630951,422.011885619408,1146.17332110234,0,0,0,-68.7289644673096,959.732955749978,-196.188153687828,0,-628.925278451082,-1872.08715117626,0,0,-1091.97362458217,-1853.361557093,-847.20136514873,0,-3127.49406833908,-317.357223691291,987.956928229305,0,0,0,0,1336.18090203905,-42.2777439783597,-1103.53560500396,1791.5965635871,2899.48486203927,0,9061.94342897917,-407.085406290897,0,629.086288136108,949.355396115315,-359.95746914427,-721.716749114153,-91.9282203430742,-562.331882022687,-99.1713375659121,-436.364659540566,542.799318589941,704.125188119577,863.807365412251,-804.243005290048,-65.1839601928006,0,177.682468628092,-774.212123947638,467.276105808454,-185.029379407489,0,-1769.46419248597
0,-412.660335462458,-2113.46293356105,-385.022906156567,0,0,485.357661063871,742.286532576345,189.11006325088,0,0,0,-856.396478360861,451.186051694803,818.949418870253,0,1202.31099689617,173.38570550447,0,0,605.93291967894,2161.99407823213,1878.42727195364,0,494.157259447709,982.844947385572,-226.732815471425,0,0,0,0,-671.599369640682,2230.56066000927,1849.8384485498,-1113.9170984426,-1061.89960250955,0,-407.085406290897,8397.79349318322,0,-229.59623954749,-331.32765124485,-1571.75406167434,603.34852135735,1905.19638434283,-131.069667926228,359.655451137446,-679.019641112209,-455.168241344604,-950.1139895629,686.24922536084,-664.203973655611,895.867956692688,0,-117.973234288133,-198.349133582457,67.9694809792065,322.121567291496,0,1295.23390590668
0,0,0,0,0,0,0,0,0,0,0,0,0,0,0,0,0,0,0,0,0,0,0,0,0,0,0,0,0,0,0,0,0,0,0,0,0,0,0,0.0374064274822839,0,0,0,0,0,0,0,0,0,0,0,0,0,0,0,0,0,0,0,0
0,-1179.71025849441,1186.02361257627,-166.098510651668,0,0,77.8573050430425,609.496620707857,308.38715253859,0,0,0,-405.883116399272,-301.583879464537,-538.547425015274,0,3466.80264497107,2121.39710702823,0,0,2134.22955781802,395.60180651594,2996.53490928781,0,-1695.85018799203,2025.23729689302,-3596.24809298184,0,0,0,0,-69.3066752913912,130.553289842609,-295.734189266003,813.178472316689,604.419595524328,0,629.086288136108,-229.59623954749,0,10275.5692884922,1188.81334030579,1110.38767188128,-41.1785400862251,-665.326810220661,1183.29385739801,1250.55901483836,496.909770939537,335.418635530671,-342.134227240839,-565.469187026264,-139.58027381199,-684.201376276559,0,1068.06190427363,1598.99237794783,-623.414613326379,534.805131596493,0,77.4081062891838
0,-798.718183520664,-24.0966773488441,545.687978318071,0,0,-368.33981706653,-156.861533507487,237.453304153102,0,0,0,-1239.4594291283,-656.754652213729,-859.026116972507,0,839.358884009578,1466.56455372786,0,0,3509.25009248454,323.91252846387,2306.16797030626,0,174.888472538107,468.339120347636,-2502.3527351003,0,0,0,0,-100.510772837334,143.135192948734,93.1714489790683,660.247151236166,193.588748933956,0,949.355396115315,-331.32765124485,0,1188.81334030579,7722.42271554218,1230.86363302088,-865.485976682197,-61.6173509323954,974.972058749875,-731.467386774178,750.263981008851,-395.724311256346,-381.231550105051,613.590522777281,-381.304795665063,-308.457469183024,0,-378.097032781217,-368.291418432413,-934.28536212059,325.905083095903,0,678.548782233625
0,61.2360207337017,521.447604871505,-72.7838104464778,0,0,212.33148765723,269.558204641244,197.428377049823,0,0,0,-364.373017133791,-98.6075482521576,-794.146733605519,0,3077.7685442,2846.74124563479,0,0,148.068637408235,864.428206064088,-322.584325283299,0,-1598.86981585693,-161.483657102056,-159.942698749684,0,0,0,0,322.976703882302,1563.53814008755,-562.127804590396,-467.081245330819,-1827.40323417358,0,-359.95746914427,-1571.75406167434,0,1110.38767188128,1230.86363302088,6994.56628170058,-1585.23896071899,126.212919540349,1208.27652997166,-179.414199412351,1339.47351118311,-1000.78755092726,-1461.72871129922,-29.5099689767656,130.404415222165,-336.031462899211,0,-673.422112102081,122.855857042132,-239.583225319529,1111.93499996545,0,623.088242420198
0,98.8218242500483,501.404273118859,12.2419836970425,0,0,915.900727766544,-92.5409066098002,-179.020552513483,0,0,0,-1297.40889759008,-602.871489869119,339.303564211865,0,-1491.32808959711,123.625098428774,0,0,285.564267642896,343.487328656505,-42.2588493245385,0,183.058632343575,-361.657125656313,32.7561218842829,0,0,0,0,337.006480095318,-434.360464192208,442.153097168127,918.575614132407,-278.112952829776,0,-721.716749114153,603.34852135735,0,-41.1785400862251,-865.485976682197,-1585.23896071899,3381.89740300304,382.905542546204,-442.0867553331,-24.2815134647885,-1255.19103274451,229.894809084182,1196.9517318929,-341.755577143142,664.842174508375,-576.200572775085,0,-191.197106572242,-203.418183249001,161.384438415901,-114.51486138407,0,300.098926063141
0,-207.299684977627,-529.262238349801,-626.390049360321,0,0,258.052266536307,32.1202902527326,62.8669731176446,0,0,0,-1121.45500193015,241.429202240323,202.55837406784,0,1225.31258007522,869.477226370435,0,0,251.694949253395,1028.65450186552,754.557928529864,0,199.348905495342,-338.68544612246,1518.26849026078,0,0,0,0,851.224301453471,1978.59045169676,-376.898250496781,-128.478254232781,1320.37672283884,0,-91.9282203430742,1905.19638434283,0,-665.326810220661,-61.6173509323954,126.212919540349,382.905542546204,4976.57366471268,344.086099801526,-883.630740283871,-341.264474218165,-947.694675232864,-286.87659825827,-291.992008965282,-577.637045879235,591.657099520303,0,-1403.87344275314,-457.504829816192,-335.874012621203,-45.2166736536354,0,663.660746106665
0,154.255781996709,160.919669610809,1143.89047794754,0,0,102.881679784652,-268.473872641001,1340.4714923605,0,0,0,-183.651180966513,97.6232122598565,-634.904932653878,0,974.068765282741,1011.34919585923,0,0,1102.80558140452,-66.8274614881931,1207.34511872268,0,875.133526259183,603.192026991991,604.700565641149,0,0,0,0,910.816103950247,-612.901117067506,-621.71999110795,-2237.07549298994,-91.82869143952,0,-562.331882022687,-131.069667926228,0,1183.29385739801,974.972058749875,1208.27652997166,-442.0867553331,344.086099801526,5853.31556507152,-509.48992017064,-146.110716891125,-813.756078235492,-836.826187586749,105.208631028676,200.78325316351,-159.63602117701,0,320.801426903141,16.0599684174839,-383.668975511092,-476.404441959962,0,-684.575620248932
0,-413.202537022642,778.895769953923,-400.034711022161,0,0,-583.097557751532,-670.238205117154,313.453206514233,0,0,0,264.278575512227,522.209602385125,218.69629851655,0,-851.373818224374,-125.637677828325,0,0,-1314.93842881517,1111.0751578494,1325.21160217288,0,-1741.21983152787,628.789526172582,132.920001803033,0,0,0,0,109.082182837635,-378.12274459486,-844.162085917396,-132.162935124879,403.586623336064,0,-99.1713375659121,359.655451137446,0,1250.55901483836,-731.467386774178,-179.414199412351,-24.2815134647885,-883.630740283871,-509.48992017064,5757.40892269809,-80.9050077456909,892.150155532898,293.97540132699,171.223063055083,258.104080029089,95.2082952110448,0,334.766834985323,207.430169033999,550.968149861458,575.314145136561,0,-72.8953724026706
0,31.8436851499082,-710.596268745082,-498.558570919757,0,0,-966.958174230945,336.075544577538,-124.489596590957,0,0,0,1861.06495700634,762.824358257625,919.940830365183,0,638.132217759901,-371.067543795492,0,0,-322.225818823066,-2006.35724634425,-142.637980814574,0,1081.67989938052,2865.87709562893,269.690858653794,0,0,0,0,217.885296011979,-37.0231804181934,484.740385540674,-70.7640519617563,-891.170623253935,0,-436.364659540566,-679.019641112209,0,496.909770939537,750.263981008851,1339.47351118311,-1255.19103274451,-341.264474218165,-146.110716891125,-80.9050077456909,5718.87312503163,432.641684676629,-1014.04843399486,-157.482114592678,-408.711950553266,-50.7556528695703,0,416.73390175874,113.158519000126,-580.857219181509,71.1760532101043,0,236.171376179868
0,-38.1765089519996,-179.338333966876,796.780059695787,0,0,-181.723290028439,-479.588024497081,-204.41804407176,0,0,0,187.193331511079,607.711694962597,80.3905582936708,0,911.016166400534,-613.107520396735,0,0,-524.629570798747,-1054.53501723759,-365.100035023083,0,-1092.99177654838,1049.62650895047,563.708823545667,0,0,0,0,62.3767748454517,1060.87622002281,1118.25944664479,706.027877999287,411.037596071126,0,542.799318589941,-455.168241344604,0,335.418635530671,-395.724311256346,-1000.78755092726,229.894809084182,-947.694675232864,-813.756078235492,892.150155532898,432.641684676629,5110.14036188862,-190.396529577706,415.177162869891,-886.666038930663,908.475120634086,0,296.576104295347,242.754590697869,1131.41129877684,369.201839626319,0,-894.108187180428
0,1198.41268738664,2501.99558480684,-460.449324339334,0,0,696.797269318977,644.990699137914,97.6314813221938,0,0,0,-884.392591848179,69.0579083237346,971.481226217592,0,-1958.35417679306,-983.770306073888,0,0,-2387.77010512977,109.508649583102,1085.0049118926,0,1405.0737471809,-1969.90925053256,-349.719633511303,0,0,0,0,151.975443343105,-1785.44523083278,-282.058726538573,913.288882909758,-2047.40611851502,0,704.125188119577,-950.1139895629,0,-342.134227240839,-381.231550105051,-1461.72871129922,1196.9517318929,-286.87659825827,-836.826187586749,293.97540132699,-1014.04843399486,-190.396529577706,6593.4381244741,244.797522586831,283.256327611748,441.854789451727,0,97.3172733066462,525.365343455653,632.955111511316,-384.424674139358,0,-349.208217826642
0,18.8913169786692,552.06042550674,-24.3705258077691,0,0,-101.768129469634,218.574890420477,377.158274861491,0,0,0,227.33154843385,-399.619757383737,591.988699331353,0,264.911052208663,-221.901894733708,0,0,-14.4943653157919,445.7901567409,606.932336375491,0,238.851079912684,180.012901241635,-105.925155207311,0,0,0,0,145.413675916772,-143.369782582199,631.687660900457,847.487562552113,379.780556062301,0,863.807365412251,686.24922536084,0,-565.469187026264,613.590522777281,-29.5099689767656,-341.755577143142,-291.992008965282,105.208631028676,171.223063055083,-157.482114592678,415.177162869891,244.797522586831,1920.50665215198,-61.4973776436228,-42.3464468322538,0,95.5806408852272,38.7248516864946,558.763870016617,33.1900415372281,0,-140.915400694113
0,227.199745622555,398.49469172505,124.156880966552,0,0,271.245895913959,525.206328240606,-23.0402134264,0,0,0,64.2660121485127,39.766185293224,-572.936555599406,0,-1060.52989621288,-491.039804744181,0,0,-895.621964170586,626.575723318561,1276.96018191512,0,977.975532402531,740.455455867195,-443.464232852881,0,0,0,0,-359.167783458378,-255.201780487197,178.405994774967,82.6779007034766,337.488841468774,0,-804.243005290048,-664.203973655611,0,-139.58027381199,-381.304795665063,130.404415222165,664.842174508375,-577.637045879235,200.78325316351,258.104080029089,-408.711950553266,-886.666038930663,283.256327611748,-61.4973776436228,3229.85889585517,-810.153710200834,0,-234.008087531402,-208.666777395653,128.170315562614,135.304764979393,0,43.0127840926727
0,190.925834624878,-846.984121743102,897.474627698635,0,0,142.816888191766,218.526049034969,346.159566999798,0,0,0,292.944962806942,127.577640062264,532.243758309049,0,-58.4406394080903,-2165.99250259988,0,0,1088.57206383273,1087.40175803244,-321.590062920009,0,-49.488158473424,1174.08126481537,1178.18665259015,0,0,0,0,-224.142068829515,-416.334615371211,1154.99302930325,-1007.91791779251,897.620696091514,0,-65.1839601928006,895.867956692688,0,-684.201376276559,-308.457469183024,-336.031462899211,-576.200572775085,591.657099520303,-159.63602117701,95.2082952110448,-50.7556528695703,908.475120634086,441.854789451727,-42.3464468322538,-810.153710200834,5168.10125691895,0,620.118530308839,289.148012994182,1194.23460929098,766.872671650022,0,210.315442952881
0,0,0,0,0,0,0,0,0,0,0,0,0,0,0,0,0,0,0,0,0,0,0,0,0,0,0,0,0,0,0,0,0,0,0,0,0,0,0,0,0,0,0,0,0,0,0,0,0,0,0,0,0,0.0480460517796843,0,0,0,0,0,0
0,138.592945145246,461.794621294349,-271.016974291531,0,0,97.4874962453606,-463.079287300595,38.9112035677164,0,0,0,181.759039723305,836.210170952092,1052.97326439622,0,-656.881800498596,-88.0267508757889,0,0,494.621980646797,-57.7597107578148,603.112859605988,0,-597.617150566017,-868.785964233686,-1338.4282714107,0,0,0,0,-702.021642949472,-157.48772592777,665.359176043016,677.912747439335,-88.483712073967,0,177.682468628092,-117.973234288133,0,1068.06190427363,-378.097032781217,-673.422112102081,-191.197106572242,-1403.87344275314,320.801426903141,334.766834985323,416.73390175874,296.576104295347,97.3172733066462,95.5806408852272,-234.008087531402,620.118530308839,0,4754.78191806429,1335.02743155767,228.019718902226,551.910682801247,0,-368.208459005215
0,105.987151276682,254.724001284622,-907.967698259507,0,0,-218.528093358667,-98.3054706536554,-607.300356063296,0,0,0,-471.100298523469,239.383583662591,1230.36514474338,0,-684.564086457953,136.281390310898,0,0,303.629719343102,-1330.25574313914,-473.72166262428,0,-215.207496928144,28.282291295259,-389.308318337328,0,0,0,0,-650.314333537578,-470.273548570025,103.258648118367,1381.25327189209,-1153.93172904205,0,-774.212123947638,-198.349133582457,0,1598.99237794782,-368.291418432413,122.855857042132,-203.418183249001,-457.504829816192,16.0599684174839,207.430169033999,113.158519000126,242.754590697869,525.365343455653,38.7248516864946,-208.666777395653,289.148012994182,0,1335.02743155767,3876.7047545957,171.301334517926,572.964371148949,0,-334.786129674895
0,492.658713389493,-756.79847345575,498.80169253887,0,0,-21.8399410815676,-146.624284368133,-54.4509437471543,0,0,0,867.973839694315,842.440469443302,1093.59860046959,0,-1598.03392840402,-976.134173619165,0,0,-3139.01800031434,-255.023391272367,998.025006915102,0,688.268405514427,2062.69096332362,-108.735144366883,0,0,0,0,-529.435781876199,-1233.68684091735,1507.93132075823,602.829258733398,3518.04835916543,0,467.276105808454,67.9694809792065,0,-623.414613326379,-934.28536212059,-239.583225319529,161.384438415901,-335.874012621203,-383.668975511092,550.968149861458,-580.857219181509,1131.41129877684,632.955111511316,558.763870016617,128.170315562614,1194.23460929098,0,228.019718902226,171.301334517926,6434.43438864511,522.071427942855,0,-523.992206164625
0,181.92522743543,1065.66199808248,-339.136501529869,0,0,-579.828422825438,-302.573699834957,-401.999161962028,0,0,0,-457.283334736396,648.089377972365,344.788583357408,0,1533.51901508735,-498.077405975238,0,0,-478.343081892004,1070.39109414815,1424.50105678855,0,-436.903524134284,673.310262927475,302.23527673958,0,0,0,0,246.383508198657,1193.73204630529,-234.898200320796,-1304.53030885113,-478.172996471516,0,-185.029379407489,322.121567291496,0,534.805131596493,325.905083095903,1111.93499996545,-114.514861384069,-45.2166736536354,-476.404441959962,575.314145136561,71.1760532101043,369.201839626319,-384.424674139358,33.1900415372281,135.304764979393,766.872671650022,0,551.910682801247,572.964371148949,522.071427942855,3208.08846636052,0,259.367015529579
0,0,0,0,0,0,0,0,0,0,0,0,0,0,0,0,0,0,0,0,0,0,0,0,0,0,0,0,0,0,0,0,0,0,0,0,0,0,0,0,0,0,0,0,0,0,0,0,0,0,0,0,0,0,0,0,0,0,0.0298664856773467,0
0,29.1669572755636,-958.589202155986,-449.02144793364,0,0,477.231320321387,-139.061065082833,-579.030712843829,0,0,0,-393.637605586868,-555.462928301043,-140.171876639607,0,1594.78789020926,1167.47917462007,0,0,1207.19890848085,1538.72619546663,-131.746169815515,0,58.5173420740688,1183.36436432104,-226.304113003976,0,0,0,0,955.507450228304,753.830149037807,30.0639755099884,388.220237388418,-1769.31325233547,0,-1769.46419248597,1295.23390590668,0,77.4081062891838,678.548782233625,623.088242420198,300.098926063141,663.660746106665,-684.575620248932,-72.8953724026706,236.171376179868,-894.108187180428,-349.208217826642,-140.915400694113,43.0127840926727,210.315442952881,0,-368.208459005215,-334.786129674895,-523.992206164625,259.367015529579,0,4666.65726906409
