0.210444989089242,0.0083792383897295,0.0203823510349516,-0.0175905963356031,-0.00223160822464963,0.00521740188642921,0.0131828413048562,-0.0336549865810282,-0.0572144426784935,-0.000959288975538844,0.0587380167711598,-0.00272212650287247,0.00500068771300842,-0.00017567409808364
0.0083792383897295,0.0306157398321654,0.00503794697043658,-0.0125101052400091,-0.00771525078132305,-0.00573842695477956,0.0128492795250665,0.0172684550940412,-0.00252014223658533,0.00190944227641911,0.0103923457020274,0.00995290743844214,-0.0022286223641836,-0.000425608353417483
0.0203823510349516,0.00503794697043658,0.033530426184798,0.00132519722033362,0.0140854362333249,0.010726597303465,0.00707003629798165,0.00275061446332312,0.0071897588633641,0.00203707115050189,0.0159346756658743,0.00744443704246546,-0.00486671282377332,-0.000267343643060465
-0.0175905963356031,-0.0125101052400091,0.00132519722033362,0.0474234080165584,0.00643565806569911,-0.0135911751976961,0.00582164794971575,0.000735137205107576,0.0250981547620778,0.00272618106169831,-0.0265608078064846,-0.0122103118773485,-0.00424883715734947,0.000226833188239632
-0.00223160822464963,-0.00771525078132305,0.0140854362333249,0.00643565806569911,0.0866230035977928,0.0302448803589715,0.0102138284495711,0.0141315922079555,0.0350554638314139,0.000555250537780183,0.0234720137326705,0.00746484611122921,0.00578622572305368,-0.00128141649130322
0.00521740188642921,-0.00573842695477956,0.010726597303465,-0.0135911751976961,0.0302448803589715,0.064311879000883,-0.00201503232309116,0.00389401859940483,-0.0068044083450916,-0.00370034254421404,0.015300949940083,-0.00459587792972085,0.00129104632603398,-0.001051849726991
0.0131828413048562,0.0128492795250665,0.00707003629798165,0.00582164794971575,0.0102138284495711,-0.00201503232309116,0.0211640155314091,0.0161283184032025,-0.00396941645041716,0.00147340220809263,0.0158343831301735,0.00715199581563795,-0.0020096436637684,7.41331719139402e-05
-0.0336549865810282,0.0172684550940412,0.00275061446332312,0.000735137205107576,0.0141315922079555,0.00389401859940483,0.0161283184032025,0.232222908166375,0.151095856475628,0.0131221399064387,-0.0617121006564297,0.0066894614015706,-0.00356371975613268,0.000828447033264105
-0.0572144426784935,-0.00252014223658533,0.0071897588633641,0.0250981547620778,0.0350554638314139,-0.0068044083450916,-0.00396941645041716,0.151095856475628,0.262210466457013,0.0225609358141815,-0.0174730964421663,0.00906129120779494,-0.00366434030472225,0.00122251200598745
-0.000959288975538844,0.00190944227641911,0.00203707115050189,0.00272618106169831,0.000555250537780183,-0.00370034254421404,0.00147340220809263,0.0131221399064387,0.0225609358141815,0.00322686630062459,0.000827885622224209,0.000269949475827375,-0.000190865920280046,0.000181254791991281
0.0587380167711597,0.0103923457020274,0.0159346756658743,-0.0265608078064846,0.0234720137326705,0.015300949940083,0.0158343831301735,-0.0617121006564297,-0.0174730964421663,0.000827885622224209,0.25646811229163,-0.0190087504293155,0.000711981947274219,-0.000981441314359986
-0.00272212650287247,0.00995290743844214,0.00744443704246546,-0.0122103118773485,0.00746484611122921,-0.00459587792972085,0.00715199581563795,0.0066894614015706,0.00906129120779494,0.000269949475827375,-0.0190087504293155,0.0274762004425852,-0.000440992763710853,0.000297808297642548
0.00500068771300842,-0.0022286223641836,-0.00486671282377332,-0.00424883715734947,0.00578622572305368,0.00129104632603398,-0.0020096436637684,-0.00356371975613268,-0.00366434030472225,-0.000190865920280046,0.000711981947274219,-0.000440992763710853,0.00529423842768684,-3.12498378200628e-05
-0.00017567409808364,-0.000425608353417483,-0.000267343643060465,0.000226833188239632,-0.00128141649130322,-0.001051849726991,7.41331719139402e-05,0.000828447033264105,0.00122251200598745,0.000181254791991281,-0.000981441314359986,0.000297808297642548,-3.12498378200628e-05,0.000145883479830697
