0.0598590668922236,0.012837604617286,0.0207601463607662,0.00325909842624245,0.0193269768031627,-0.0102903651817898,0.0194469888764545,0.0042377492500645,0.0262257788325581,-0.0094022722541777,0.0267312292647774,0.00434646221324781,-0.00187097991139291,-0.0011956396215115,0.018206346105858,0.00047910424745327,-0.00778227639446986
0.012837604617286,0.100446246265531,0.00664648514785424,0.0711446973376784,0.0096125315002603,0.0555197183833168,0.0046117931861221,0.067164370334543,0.0202672664296627,0.0346037736052524,0.0262427097750699,0.0506117940297063,0.00835487243278161,0.0321311902255863,0.0172225938062755,0.0362086333608006,-0.00248038176652183
0.0207601463607662,0.00664648514785424,0.0656741919442169,0.00364146637352505,0.0260276542622891,-0.00270890111998512,0.0168447255248481,-0.000647603878497519,0.0189300654800165,-0.0111370961171883,0.0146490837404014,-0.0117410953201357,0.0325672461818792,-0.018477597375654,0.0115995740786363,-0.00395905289269038,0.00957774133092696
0.00325909842624245,0.0711446973376784,0.00364146637352505,0.105292727302774,-0.00284931342506346,0.0786016708832485,0.0104822925767268,0.0567563047673474,0.0215847974355399,0.0356121984822282,0.0236307603819051,0.0473376382729232,0.0203497986561343,0.0476144653972527,0.0063630174771146,0.0523939025639562,-0.00309984877724305
0.0193269768031627,0.0096125315002603,0.0260276542622891,-0.00284931342506346,0.0644389728699425,0.0158163025161143,0.0241236359900679,0.00915770394159626,0.0330769743318766,-0.000972538501019684,0.0383840748753652,-0.0126789210063826,0.0211473497940773,-0.00314281177863086,0.0193453576518618,-0.00874703207939156,-0.0016732868660203
-0.0102903651817898,0.0555197183833168,-0.00270890111998512,0.0786016708832485,0.0158163025161143,0.121830374784774,-0.0176612399550904,0.0414893185092215,0.0354945880647907,0.0373505847477614,0.032737715134607,0.0491172380310553,0.0195608823471337,0.0602387567159018,0.00883573357475377,0.0369434537055239,0.00449527944393484
0.0194469888764545,0.0046117931861221,0.0168447255248481,0.0104822925767268,0.0241236359900679,-0.0176612399550904,0.0703965352003111,0.00225470245448479,0.0120206765599373,-0.000983709378721723,0.0254444704308791,-0.0116710927405411,0.0176839641912288,-0.00621650012173269,0.00540432944600623,-0.00810063627713089,0.00477328778798341
0.0042377492500645,0.067164370334543,-0.000647603878497519,0.0567563047673474,0.00915770394159626,0.0414893185092215,0.00225470245448479,0.0938769205386702,0.00960197936986578,0.0426422614229565,0.0107498929102169,0.0591747692489225,-0.00666935798666196,0.0378570171093187,0.0161334685437779,0.0397508602471804,0.00955393140364781
0.0262257788325581,0.0202672664296627,0.0189300654800165,0.0215847974355399,0.0330769743318766,0.0354945880647907,0.0120206765599373,0.00960197936986578,0.0626316901292346,0.00471753850155455,0.0371565374130776,0.00798353974626697,0.0180336843235261,0.00257431630085746,0.0158499571424708,-0.00567058333694284,0.0116016184002527
-0.0094022722541777,0.0346037736052524,-0.0111370961171883,0.0356121984822282,-0.000972538501019684,0.0373505847477614,-0.000983709378721723,0.0426422614229565,0.00471753850155455,0.0622314395205598,0.0133203630624848,0.0352014450692571,0.00898542259555919,0.0293292160363113,0.0125942585058545,0.0244908478883869,0.00777478464496827
0.0267312292647774,0.0262427097750699,0.0146490837404014,0.0236307603819051,0.0383840748753652,0.032737715134607,0.025444470430879,0.0107498929102169,0.0371565374130776,0.0133203630624848,0.0695489007706259,0.0078155289456221,0.0230632618092055,0.0144559963143394,0.0288807875562166,0.00448916342413773,0.00398129491012144
0.00434646221324781,0.0506117940297063,-0.0117410953201357,0.0473376382729232,-0.0126789210063826,0.0491172380310553,-0.0116710927405411,0.0591747692489225,0.00798353974626697,0.0352014450692571,0.0078155289456221,0.0877821715007888,-0.00531981773786913,0.0477031941985114,-0.00428153583391335,0.0462413076428225,0.00838799434537113
-0.00187097991139291,0.00835487243278161,0.0325672461818792,0.0203497986561343,0.0211473497940773,0.0195608823471337,0.0176839641912288,-0.00666935798666196,0.0180336843235261,0.00898542259555919,0.0230632618092055,-0.00531981773786913,0.0684475101844189,-0.00213523194643085,0.0158067589648327,-0.00464544724297327,0.0156649277122774
-0.0011956396215115,0.0321311902255863,-0.018477597375654,0.0476144653972527,-0.00314281177863086,0.0602387567159018,-0.00621650012173269,0.0378570171093187,0.00257431630085746,0.0293292160363113,0.0144559963143394,0.0477031941985114,-0.00213523194643085,0.0832423913640163,-0.00355946731974337,0.0487488808455653,-0.00980242356114561
0.018206346105858,0.0172225938062755,0.0115995740786363,0.0063630174771146,0.0193453576518618,0.00883573357475377,0.00540432944600623,0.0161334685437779,0.0158499571424708,0.0125942585058545,0.0288807875562166,-0.00428153583391335,0.0158067589648327,-0.00355946731974337,0.0636239141505822,-0.00862923276893966,0.0258202384488885
0.00047910424745327,0.0362086333608006,-0.00395905289269038,0.0523939025639562,-0.00874703207939156,0.0369434537055239,-0.00810063627713089,0.0397508602471804,-0.00567058333694284,0.0244908478883869,0.00448916342413773,0.0462413076428225,-0.00464544724297327,0.0487488808455653,-0.00862923276893966,0.0656604255809408,-0.0112687173622806
-0.00778227639446986,-0.00248038176652183,0.00957774133092697,-0.00309984877724305,-0.0016732868660203,0.00449527944393484,0.0047732877879834,0.00955393140364781,0.0116016184002527,0.00777478464496827,0.00398129491012144,0.00838799434537113,0.0156649277122774,-0.00980242356114561,0.0258202384488885,-0.0112687173622806,0.050504455459815
