0.0309687567172712,0.00237673746500991,0.00351945343355624,0.011068107179322,0.00286654434969508,0.0158860865791725,-0.00747252446218718,-0.00988163981712329,-0.000317609303611635,0.00385018565476641,0.0136717327531307,0.0120445339361946,0.0156402462906114
0.00237673746500991,0.226285809353254,0.00186870587581146,0.00805469404036258,0.00310837443384595,-0.0182118256162386,0.00669213299478225,-0.00751502802799305,0.0139016054310091,-0.0160065949028939,-0.0149720993831206,-0.000429360494050444,0.0990168641568644
0.00351945343355624,0.00186870587581146,0.104079004711235,-0.0132438424537938,-0.00400312937402558,-0.00453706176220894,-0.0117075979461659,-0.0173411895507908,0.0468550742373589,0.0222671146888515,0.0260678968329955,-0.0168518244857879,0.0577757370130081
0.011068107179322,0.00805469404036258,-0.0132438424537938,0.0230385486235875,0.000618946527140542,0.0153100336309655,0.0186775987543754,-0.00281047200140429,0.00311583890166262,0.00237113764637342,0.00739774684104375,0.00503935779120727,0.0219788152746678
0.00286654434969508,0.00310837443384595,-0.00400312937402558,0.000618946527140542,0.0135527582258734,0.00937054061979988,0.004770795696783,-3.18582840019267e-06,0.00860944322418284,-0.00279898342543979,0.000485465423529219,0.00171177441572966,-0.00455425876336253
0.0158860865791725,-0.0182118256162386,-0.00453706176220894,0.0153100336309655,0.00937054061979988,0.119431356649932,-0.0102044880275463,-0.00645830374442571,0.0148529759585213,0.00199443960202869,0.0137022847055868,0.0239810732333415,0.000549335082111208
-0.00747252446218718,0.00669213299478225,-0.0117075979461659,0.0186775987543754,0.004770795696783,-0.0102044880275463,0.266866059883097,0.0179797740135417,-0.0247950663966751,0.0153895617730781,0.0379103450460411,-0.0135439429213505,0.0456764496301859
-0.00988163981712329,-0.00751502802799305,-0.0173411895507908,-0.00281047200140429,-3.18582840019267e-06,-0.00645830374442571,0.0179797740135417,0.0297244507311249,-0.0287768369096934,-0.0168991338272802,-0.0228751962145572,-0.00365756909648025,-0.0262155799766566
-0.000317609303611635,0.0139016054310091,0.0468550742373589,0.00311583890166262,0.00860944322418284,0.0148529759585213,-0.0247950663966751,-0.0287768369096934,0.194859510147625,0.0181238937233279,0.0484017181045445,0.0253739868387454,0.052667781876546
0.00385018565476641,-0.0160065949028939,0.0222671146888515,0.00237113764637342,-0.00279898342543979,0.00199443960202869,0.0153895617730781,-0.0168991338272802,0.0181238937233279,0.045818635732238,0.0554843948756206,0.0157506118766381,0.0310592842714275
0.0136717327531307,-0.0149720993831206,0.0260678968329955,0.00739774684104375,0.000485465423529219,0.0137022847055868,0.0379103450460411,-0.0228751962145572,0.0484017181045445,0.0554843948756206,0.0956958607419647,0.0267956866461561,0.0525099355110444
0.0120445339361946,-0.000429360494050444,-0.0168518244857879,0.00503935779120727,0.00171177441572967,0.0239810732333415,-0.0135439429213505,-0.00365756909648025,0.0253739868387454,0.0157506118766381,0.0267956866461561,0.0966926790776702,0.0415371062439134
0.0156402462906114,0.0990168641568644,0.0577757370130081,0.0219788152746678,-0.00455425876336253,0.000549335082111208,0.0456764496301859,-0.0262155799766566,0.052667781876546,0.0310592842714275,0.0525099355110444,0.0415371062439134,0.245813901501799
