0.000453584091421828,-0.00087279721747413,-3.43140431804542e-05,-0.000495731901285411,-0.00102306968048686,-0.000117395815992347,-0.00146260294076287,-0.00054585052126229,-0.000318213711304856,-6.62651330397195e-05
-0.00087279721747413,0.0937094757427736,0.0635137102606809,0.0577454578585488,0.0527200416663343,0.0374818252390227,0.073650811498854,0.0480374936378923,0.0409612342517932,0.0187090623533474
-3.43140431804542e-05,0.0635137102606809,0.1178098553405,0.0997069963031686,0.0795046896194483,0.0625092770989589,0.10259968318213,0.072464779013504,0.0758054891201791,0.0268389373422015
-0.000495731901285411,0.0577454578585488,0.0997069963031686,0.105806436861961,0.0746171344848153,0.0576272879030007,0.0962404349503448,0.0669682913995984,0.0653888967165301,0.0259956951481767
-0.00102306968048686,0.0527200416663343,0.0795046896194483,0.0746171344848153,0.108320910582812,0.0526126994158211,0.103471093032712,0.0652677311397887,0.0648772596081739,0.0297907329310911
-0.000117395815992347,0.0374818252390227,0.0625092770989589,0.0576272879030007,0.0526126994158211,0.059902425797583,0.0595897774407721,0.0441414617743775,0.0447642383696549,0.0212090637319607
-0.00146260294076287,0.0736508114988539,0.10259968318213,0.0962404349503448,0.103471093032712,0.0595897774407721,0.171969086366275,0.0845035723242542,0.0677968156614033,0.0293561331756007
-0.00054585052126229,0.0480374936378923,0.072464779013504,0.0669682913995984,0.0652677311397887,0.0441414617743775,0.0845035723242542,0.073478881353774,0.0577124780580531,0.0210589626969689
-0.000318213711304856,0.0409612342517932,0.0758054891201791,0.0653888967165301,0.0648772596081739,0.0447642383696549,0.0677968156614033,0.0577124780580531,0.101575209492301,0.0256055668592497
-6.62651330397195e-05,0.0187090623533474,0.0268389373422015,0.0259956951481767,0.0297907329310911,0.0212090637319607,0.0293561331756007,0.0210589626969689,0.0256055668592497,0.038850379726274
