0.0300949787011648,0.00514231186624966,0.00905695496587671,-0.00133874806274962,-0.0053206834318208,-0.00322178780948715,-0.00324972229582849,0.0194066843589945
0.00514231186624966,0.0197707774572652,-0.00207720914481207,0.00301458300055062,0.00605481990135364,-0.000451420471237779,0.00417556186164371,0.00548408872384892
0.00905695496587671,-0.00207720914481207,0.0219196681793767,0.0155216570107681,-0.00127781169833725,0.00665251513741685,-0.00145758784465568,0.0133294141844981
-0.00133874806274962,0.00301458300055062,0.0155216570107681,0.0253694933476874,0.00410523113085161,0.00771153995150164,0.00409886567027791,0.000839638517765617
-0.0053206834318208,0.00605481990135364,-0.00127781169833725,0.00410523113085161,0.0125630059113445,-0.000318894035397779,0.00407954627996948,-0.00192102966857826
-0.00322178780948715,-0.000451420471237779,0.00665251513741685,0.00771153995150164,-0.000318894035397779,0.0116406457314639,0.000566229359462217,0.00424519660655286
-0.00324972229582849,0.00417556186164371,-0.00145758784465568,0.00409886567027791,0.00407954627996948,0.000566229359462217,0.0155163509796303,0.00572617423746351
0.0194066843589945,0.00548408872384892,0.0133294141844981,0.000839638517765617,-0.00192102966857826,0.00424519660655286,0.00572617423746351,0.0334829335029982
