0.037101148889816,0.00212712974203207,-0.00829980674083826,-0.00450790728240386,-0.00467844965093678,-0.00154884380393806,-0.00077968530658888,0.0215760275863571
0.00212712974203207,0.020249510057507,0.00351687812551811,0.00155224331648758,0.00588203053171878,0.00325340924775413,0.00553209775438043,0.00764371202614328
-0.00829980674083826,0.00351687812551811,0.027640003654938,0.00187795028900626,-0.000748702780245943,0.00231759068816804,0.000819439217370847,0.0115626806370458
-0.00450790728240386,0.00155224331648758,0.00187795028900626,0.0240823938605472,0.00454217977059149,0.00381829491474285,0.00310871834161811,-0.00230547115592739
-0.00467844965093678,0.00588203053171878,-0.000748702780245944,0.00454217977059149,0.0110536335936676,0.00314795208205828,-0.00056087431723853,0.00466106761255877
-0.00154884380393806,0.00325340924775413,0.00231759068816804,0.00381829491474285,0.00314795208205828,0.0136251128396194,0.00109910018045513,0.00362536049192539
-0.00077968530658888,0.00553209775438043,0.000819439217370847,0.00310871834161811,-0.00056087431723853,0.00109910018045513,0.0227496980421859,0.00278473486915306
0.0215760275863571,0.00764371202614328,0.0115626806370458,-0.00230547115592739,0.00466106761255877,0.00362536049192539,0.00278473486915306,0.0334049015784227
