0.00828739153891313,0.00686242543200817,-0.000629550450301985,-0.00880954027019592,-0.00041654144012122,0.000423182496606365,-0.0160273594257914,-0.0167349879855553,0.000611907282187325,0.00127697054735896
0.00686242543200817,0.0929386124515376,0.0521453914022731,0.0581757117061611,0.0598766711562814,0.0334857745404305,0.0510395658388282,0.0330147190081844,0.062922702695274,0.0322782144674037
-0.000629550450301985,0.0521453914022731,0.118568591608216,0.113496977567091,0.106132080786634,0.0672691623320692,0.104433436567773,0.0718017968051508,0.0935369300891809,0.0426475052465464
-0.00880954027019592,0.0581757117061611,0.113496977567091,0.127837028113075,0.110767082739846,0.0611751690198281,0.112027983012498,0.0815357513277559,0.0921183954178139,0.0380207585540766
-0.00041654144012122,0.0598766711562814,0.106132080786634,0.110767082739846,0.124052651297489,0.0608168032004463,0.0720626499728342,0.0613164864637465,0.103383849772334,0.0477398828398879
0.000423182496606365,0.0334857745404305,0.0672691623320692,0.0611751690198281,0.0608168032004463,0.0560584474518168,0.0461649975863459,0.0452211216481354,0.0662053960018496,0.0332937044044506
-0.0160273594257914,0.0510395658388282,0.104433436567773,0.112027983012498,0.0720626499728342,0.0461649975863459,0.182461784491408,0.107819606276011,0.0815622388206041,0.0226926032985592
-0.0167349879855553,0.0330147190081844,0.0718017968051508,0.0815357513277559,0.0613164864637465,0.0452211216481354,0.107819606276011,0.0960184021360995,0.0590212365768174,0.0237871797402033
0.000611907282187325,0.062922702695274,0.0935369300891809,0.0921183954178139,0.103383849772334,0.0662053960018496,0.0815622388206041,0.0590212365768174,0.125456185396051,0.0522017158119845
0.00127697054735896,0.0322782144674037,0.0426475052465464,0.0380207585540766,0.0477398828398879,0.0332937044044506,0.0226926032985592,0.0237871797402033,0.0522017158119845,0.0519802350666968
