0.0755433380936742,0.0276128140683884,0.0514837901275886,-0.00987948702079217,-0.0183281248169078,-0.00604324629088633,-0.00786240406692061,-0.00604835156404146,-0.0122838933107561,-0.0112856726354863,-0.013263343910839,-0.0106349160858986,-0.00977258239051179,-0.014734992283354,-0.00275067392717977,0.00569608435909782,-0.0156885600507164,-0.0337865192647458,-0.0174440577016311,-0.0177006330739329,0.00741284690309365,-0.0185918202712633
0.0276128140683884,0.0243770931308483,0.0191173532110765,0.00276180185798603,-0.0031024523633402,0.00309493068190953,0.00244136136379486,0.00308971926790947,0.00673820792345593,0.00641579838900873,0.0088794103594138,0.00582333760978078,0.00412590807804147,0.00852936571354291,0.00549665998438451,-0.0048788620634974,-0.0045007449818035,-0.0079595063562008,-0.00143207461059694,0.00284365522407728,0.00662264183931913,0.00342612586478585
0.0514837901275886,0.0191173532110765,0.0770225638263143,-0.00559694294143983,-0.0110381206279874,-0.00356610829018923,-0.00458399690384249,-0.00355847330151798,-0.00210710024500114,-0.00200119131534639,-0.00152606837457589,-0.00267032090303499,-0.00321649294132436,-0.00159176809829003,-0.00518277795771271,0.0028617936904827,-0.014113745545084,-0.0120815410390201,-0.018516444732406,-0.0066366008584577,0.00397058876938413,-0.0176252787308319
-0.00987948702079217,0.00276180185798603,-0.00559694294143983,0.00940774808069132,0.00883509429401224,0.00851116489884599,0.00810232233355549,0.00850772964679857,0.0107416110102988,0.0107371517016794,0.0115717355073125,0.00944392277088046,0.00881465445519852,0.0129895719360415,0.00586402681903515,-0.0111764776370868,0.00970933355932268,0.00577073497437346,0.012731578452021,0.0098072107525986,0.00724316176119173,0.0148043655954531
-0.0183281248169078,-0.0031024523633402,-0.0110381206279874,0.00883509429401224,0.0101542649733752,0.00764268503991566,0.00782539081684618,0.0076417694735342,0.00938156995849098,0.00944538167370932,0.00982083222196585,0.00828570610797968,0.00729995436122199,0.0111326039374862,0.005126449447245,-0.0100990003517305,0.0120428474166527,0.00704938983986761,0.0129246554009584,0.0108446913892761,0.00455218279114145,0.0140624580645375
-0.00604324629088633,0.00309493068190953,-0.00356610829018923,0.00851116489884599,0.00764268503991566,0.0082085074837316,0.00759303457866162,0.00820431193029164,0.00980177687267142,0.00971969722684137,0.0104106975662527,0.00872985797223828,0.0079617656750021,0.0117677026548135,0.00541892467982227,-0.0105398844420746,0.00747121815770208,0.00477661068933895,0.0118621848476061,0.00604069731729186,0.00721401823960648,0.0134117561864152
-0.00786240406692061,0.00244136136379486,-0.00458399690384249,0.00810232233355549,0.00782539081684618,0.00759303457866162,0.00774153833080202,0.00759211765089226,0.0100969318011344,0.00993450148982692,0.0107621545131277,0.00910715802371363,0.007337997311269,0.0118981545643977,0.00586791398189303,-0.0109957166058997,0.00794941760379685,0.00566295444715383,0.0112528897941175,0.00739674037056557,0.00553640404075117,0.0126860567191517
-0.00604835156404146,0.00308971926790947,-0.00355847330151798,0.00850772964679857,0.0076417694735342,0.00820431193029164,0.00759211765089226,0.00820014628273616,0.00980202552207009,0.0097201436021449,0.0104101985101761,0.00873033170425265,0.00795886832699871,0.0117670075814924,0.00541887866124394,-0.0105368251633662,0.0074729343052405,0.00478170337766942,0.0118519600112568,0.00603561042672997,0.00720053768195144,0.0134022260508949
-0.0122838933107561,0.00673820792345593,-0.00210710024500114,0.0107416110102988,0.00938156995849098,0.00980177687267142,0.0100969318011344,0.00980202552207009,0.0259414247644189,0.023208625728472,0.0296625572218679,0.0237536044009909,0.0176764645508508,0.0313615681909725,0.00837817833372974,-0.0246813278396127,0.0128210147105908,0.0122753953619723,0.0172948192730514,0.0176872022004544,0.01361464520207,0.0183009368652594
-0.0112856726354863,0.00641579838900873,-0.00200119131534639,0.0107371517016794,0.00944538167370932,0.00971969722684137,0.00993450148982692,0.0097201436021449,0.023208625728472,0.0212351369611258,0.026267946565699,0.0211971591944166,0.0161564315533339,0.0279285252966263,0.0082344468792891,-0.0226510708671751,0.0142497910720417,0.011880723272932,0.0166937485091165,0.0169757385735979,0.0122570728838693,0.0180258748947593
-0.013263343910839,0.0088794103594138,-0.00152606837457589,0.0115717355073125,0.00982083222196585,0.0104106975662527,0.0107621545131277,0.0104101985101761,0.0296625572218679,0.026267946565699,0.0344041215914797,0.0270918069961888,0.0197744296390635,0.0361531461781642,0.00908693479407419,-0.0274894565261912,0.011729736606685,0.0131262710828129,0.017619894014441,0.0201534586527414,0.015083959214867,0.0190794270317816
-0.0106349160858986,0.00582333760978078,-0.00267032090303499,0.00944392277088045,0.00828570610797968,0.00872985797223828,0.00910715802371363,0.00873033170425265,0.0237536044009909,0.0211971591944166,0.0270918069961888,0.0219027002252749,0.0159851568469198,0.0285735810984584,0.00776826098656847,-0.0233629574935121,0.0124289343172926,0.0110136181813898,0.016030928385891,0.0159462458596814,0.0127065513260003,0.0164698185689767
-0.00977258239051179,0.00412590807804147,-0.00321649294132436,0.00881465445519852,0.00729995436122199,0.0079617656750021,0.007337997311269,0.00795886832699871,0.0176764645508508,0.0161564315533339,0.0197744296390635,0.0159851568469198,0.0146122864938929,0.021404508051782,0.00593537062951621,-0.0172404498121188,0.0129014166316303,0.0095557082059346,0.0161530507838697,0.0146465457948685,0.0132982132171709,0.0172543217871088
-0.014734992283354,0.00852936571354291,-0.00159176809829003,0.0129895719360415,0.0111326039374862,0.0117677026548135,0.0118981545643977,0.0117670075814924,0.0313615681909725,0.0279285252966263,0.0361531461781642,0.0285735810984584,0.021404508051782,0.0382923748408455,0.00950102282552719,-0.0292289287261656,0.0126403747455832,0.0143665278737748,0.0193653617672556,0.0207232868226995,0.016524290148747,0.0208892366710866
-0.00275067392717977,0.00549665998438451,-0.00518277795771271,0.00586402681903515,0.005126449447245,0.00541892467982227,0.00586791398189302,0.00541887866124394,0.00837817833372974,0.0082344468792891,0.00908693479407419,0.00776826098656847,0.00593537062951622,0.00950102282552719,0.00687640915003628,-0.0101399751578618,0.0110828959629833,-0.000682850518887042,0.00943594252233534,0.00771257913968944,0.00577545678848704,0.0115531447917828
0.00569608435909782,-0.0048788620634974,0.0028617936904827,-0.0111764776370868,-0.0100990003517305,-0.0105398844420746,-0.0109957166058997,-0.0105368251633662,-0.0246813278396127,-0.0226510708671751,-0.0274894565261912,-0.0233629574935121,-0.0172404498121188,-0.0292289287261656,-0.0101399751578618,0.0349254002947549,-0.0251010643454072,-0.00449373967941408,-0.021730994739591,-0.0253680683682592,-0.0232485594450138,-0.0197307367393209
-0.0156885600507164,-0.0045007449818035,-0.014113745545084,0.00970933355932268,0.0120428474166527,0.00747121815770208,0.00794941760379685,0.0074729343052405,0.0128210147105908,0.0142497910720417,0.011729736606685,0.0124289343172926,0.0129014166316303,0.0126403747455832,0.0110828959629833,-0.0251010643454072,0.0665089323322915,-0.0100170172479543,0.033383955770944,0.0399974714083558,0.0207702271180578,0.0310667162899207
-0.0337865192647458,-0.0079595063562008,-0.0120815410390201,0.00577073497437346,0.00704938983986761,0.00477661068933895,0.00566295444715383,0.00478170337766942,0.0122753953619723,0.011880723272932,0.0131262710828129,0.0110136181813898,0.0095557082059346,0.0143665278737748,-0.000682850518887042,-0.00449373967941408,-0.0100170172479543,0.0641933187442904,0.0056463497886333,0.00199110851300822,-0.0103186748624561,0.00669609026079512
-0.0174440577016311,-0.00143207461059694,-0.018516444732406,0.012731578452021,0.0129246554009584,0.0118621848476061,0.0112528897941175,0.0118519600112568,0.0172948192730514,0.0166937485091165,0.017619894014441,0.016030928385891,0.0161530507838697,0.0193653617672556,0.00943594252233534,-0.021730994739591,0.033383955770944,0.0056463497886333,0.0349957754842689,0.0257478597813836,0.0192363273477683,0.0331253679154591
-0.0177006330739329,0.00284365522407728,-0.0066366008584577,0.0098072107525986,0.0108446913892761,0.00604069731729186,0.00739674037056557,0.00603561042672997,0.0176872022004544,0.0169757385735978,0.0201534586527414,0.0159462458596814,0.0146465457948685,0.0207232868226995,0.00771257913968944,-0.0253680683682592,0.0399974714083558,0.00199110851300822,0.0257478597813836,0.0528761346619029,0.0221044662663809,0.0244873063699443
0.00741284690309365,0.00662264183931913,0.00397058876938413,0.00724316176119173,0.00455218279114145,0.00721401823960648,0.00553640404075117,0.00720053768195144,0.01361464520207,0.0122570728838693,0.015083959214867,0.0127065513260003,0.0132982132171709,0.016524290148747,0.00577545678848704,-0.0232485594450138,0.0207702271180578,-0.0103186748624561,0.0192363273477683,0.0221044662663809,0.0277531544648173,0.0173050844570155
-0.0185918202712633,0.00342612586478585,-0.0176252787308319,0.0148043655954531,0.0140624580645375,0.0134117561864152,0.0126860567191517,0.0134022260508949,0.0183009368652594,0.0180258748947593,0.0190794270317816,0.0164698185689767,0.0172543217871088,0.0208892366710866,0.0115531447917828,-0.0197307367393209,0.0310667162899207,0.00669609026079512,0.0331253679154591,0.0244873063699443,0.0173050844570155,0.035102381574571
