0.000430756776609619,-8.73531707018901e-05,0.000593891036212307,-6.18345523102465e-05,8.98817974371104e-05,0.000438816013984357,-9.98160622525625e-05,0.00010910470455982,-0.000478681801103512,-0.000207500624679236
-8.73531707018901e-05,0.0928766868284213,0.066108655461931,0.0676421954068999,0.0489928198554599,0.0393599958457,0.0646642875218929,0.0458630327590861,0.0594172159968017,0.0126985225246927
0.000593891036212307,0.066108655461931,0.127088820431133,0.115370506664048,0.0845956494158747,0.0725854527857996,0.101488927531431,0.0712909297313594,0.100423034127256,0.0222690286996889
-6.18345523102465e-05,0.0676421954068999,0.115370506664048,0.120575381416881,0.0770689156668402,0.0683248281512565,0.101395150260307,0.070839114727279,0.0996247439729263,0.0204989264572628
8.98817974371104e-05,0.0489928198554599,0.0845956494158747,0.0770689156668402,0.108359455816128,0.0515984317308163,0.0850875101531823,0.0589864131827434,0.0732312618406856,0.0229425585111983
0.000438816013984357,0.0393599958457,0.0725854527857996,0.0683248281512565,0.0515984317308163,0.0669545709860092,0.061405745737402,0.0413030168573981,0.0553026945105671,0.0155117579047744
-9.98160622525625e-05,0.0646642875218929,0.101488927531431,0.101395150260307,0.0850875101531823,0.061405745737402,0.170321075674884,0.0740364319549059,0.0867480263033066,0.0208777275296717
0.00010910470455982,0.0458630327590861,0.0712909297313594,0.070839114727279,0.0589864131827434,0.0413030168573981,0.0740364319549059,0.073286498565015,0.0658484892814974,0.0117107508828956
-0.000478681801103512,0.0594172159968017,0.100423034127256,0.0996247439729263,0.0732312618406856,0.0553026945105671,0.0867480263033066,0.0658484892814974,0.134126233411921,0.0239468768009369
-0.000207500624679236,0.0126985225246927,0.0222690286996889,0.0204989264572628,0.0229425585111983,0.0155117579047744,0.0208777275296717,0.0117107508828956,0.0239468768009369,0.0237892172101013
