0.0042513786358104,-0.00233591315641675,-0.00142596802175587,-0.000642904755345804,-0.00132152146037956,-0.000966074498814806,-0.00278163366322246,-0.00144796463453049,-0.00226429942726062,-0.000404344296040582
-0.00233591315641675,0.104735560752721,0.0843729086014425,0.0750259552574064,0.0557550600969054,0.0418437906925099,0.0836616524025457,0.053775669318192,0.0752843072310606,0.0224334083505291
-0.00142596802175587,0.0843729086014425,0.130785619687413,0.109160028313811,0.0829615322294911,0.0674960295805145,0.107699022548498,0.0714029708035179,0.104313620487133,0.0363173745451758
-0.000642904755345804,0.0750259552574064,0.109160028313811,0.108975094077991,0.0748424685149815,0.0608592874187694,0.0971099713376368,0.0640652669312122,0.0916395699846167,0.0310054972315428
-0.00132152146037956,0.0557550600969054,0.0829615322294911,0.0748424685149815,0.108406779850937,0.0508501253286398,0.0901367338868535,0.0591392211689237,0.0771224267626971,0.0260015870408054
-0.000966074498814806,0.0418437906925099,0.0674960295805145,0.0608592874187694,0.0508501253286398,0.0667800158963822,0.0609216414611035,0.0364986152748623,0.0562772309957034,0.0263626521184802
-0.00278163366322246,0.0836616524025457,0.107699022548498,0.0971099713376368,0.0901367338868535,0.0609216414611035,0.176826282381476,0.0793617360647913,0.101856047680338,0.0314204635604982
-0.00144796463453049,0.053775669318192,0.0714029708035179,0.0640652669312122,0.0591392211689237,0.0364986152748623,0.0793617360647913,0.0708842593372808,0.0685171907773836,0.0189786156949072
-0.00226429942726062,0.0752843072310606,0.104313620487133,0.0916395699846168,0.0771224267626971,0.0562772309957034,0.101856047680338,0.0685171907773836,0.135602859658526,0.0310243457773931
-0.000404344296040582,0.0224334083505291,0.0363173745451758,0.0310054972315428,0.0260015870408054,0.0263626521184802,0.0314204635604982,0.0189786156949072,0.0310243457773931,0.0388844731521167
