0.037424093866849,-0.000158426656710817,0.00465185203099938,0.00978468318399725,0.00128898666750682,0.00816217501050451,0.0188490819849246,-0.0194839611631817,0.0111675219204106,0.0121594043487954,0.0177212367682083,0.0225970477540443,0.0151223567511881
-0.000158426656710817,0.211359666060049,0.00631740362312782,0.0064273634321757,-0.00810150786011658,-0.00198948689917499,0.0182349760352901,0.0185639353441967,0.0524143187668528,0.00653523497499407,0.00609959121131505,0.0155594342708348,0.0872818998361125
0.00465185203099938,0.00631740362312782,0.0844652696513762,-0.00836775427405673,0.00109953116580888,-0.00707304937071872,0.0300725226455856,-0.0204170039474597,0.0296791085748373,0.00614559216428748,0.00874385137999991,0.0214101732388866,0.0285402374831354
0.00978468318399725,0.0064273634321757,-0.00836775427405673,0.0285830101673407,0.000726219179729765,0.00292396112839958,0.0207724307757706,0.00142185662658686,0.00830060501126302,0.00727919011274609,0.00888253351538901,0.00190982672281196,0.0106321294171663
0.00128898666750682,-0.00810150786011658,0.00109953116580888,0.000726219179729765,0.0174861607691227,-0.0052802165731553,0.0199777235496393,-0.000955439606605395,0.0127388219585113,0.00352178789557182,-0.000456250823547683,0.00396423380477971,0.0127503117963641
0.00816217501050451,-0.00198948689917499,-0.00707304937071872,0.00292396112839959,-0.0052802165731553,0.122357496315065,-0.0364118691872989,0.000635989924682862,-0.0292284840501336,-0.00824251181584851,-0.00124918515150745,0.0312043192553367,0.00425082733255867
0.0188490819849246,0.0182349760352901,0.0300725226455856,0.0207724307757706,0.0199777235496393,-0.0364118691872989,0.251703931789263,-0.00201119127131675,0.0689233702803534,0.0184263038264126,0.00186388318783564,0.0635417300250425,0.0220820825238728
-0.0194839611631817,0.0185639353441967,-0.0204170039474597,0.00142185662658686,-0.000955439606605395,0.000635989924682862,-0.00201119127131675,0.0365640562510074,-0.026666953037048,-0.00766688559989391,-0.0223440617491563,-0.0111367540404622,-0.0123478666894542
0.0111675219204106,0.0524143187668528,0.0296791085748373,0.00830060501126302,0.0127388219585113,-0.0292284840501336,0.0689233702803534,-0.026666953037048,0.214624910739448,0.0203900606364171,0.0405950251635554,0.0259149944406668,0.0788647763538054
0.0121594043487954,0.00653523497499407,0.00614559216428748,0.00727919011274609,0.00352178789557182,-0.00824251181584851,0.0184263038264126,-0.00766688559989391,0.0203900606364171,0.0352280495735655,0.0277632261616736,0.00924206075579195,0.0170654228080216
0.0177212367682083,0.00609959121131505,0.00874385137999991,0.00888253351538901,-0.000456250823547683,-0.00124918515150745,0.00186388318783564,-0.0223440617491563,0.0405950251635554,0.0277632261616736,0.0867989337993901,-0.00638829110638285,0.0255012057734184
0.0225970477540443,0.0155594342708348,0.0214101732388866,0.00190982672281196,0.00396423380477971,0.0312043192553367,0.0635417300250425,-0.0111367540404622,0.0259149944406668,0.00924206075579195,-0.00638829110638285,0.105100815801079,0.0254373656628893
0.0151223567511881,0.0872818998361125,0.0285402374831354,0.0106321294171663,0.0127503117963641,0.00425082733255867,0.0220820825238728,-0.0123478666894542,0.0788647763538054,0.0170654228080216,0.0255012057734184,0.0254373656628893,0.237854152446728
