0.0418581300960773,-0.00260645226936975,0.00101990803160604,0.010033187901268,0.00577104391888782,0.00794096323187693,0.012639062192317,-0.0206009783886208,0.00880539059453979,0.00890277575808214,0.011348845789113,0.0382210577515722,0.0323793058672237
-0.00260645226936975,0.229396575471283,-0.00743238767879182,0.0010113830074653,-0.0086780404927726,0.0143418526458626,-0.0139597379651453,0.00474328708128368,0.0548874052181252,-9.60882992409717e-05,0.00320458969544235,0.00175029511167175,0.0806800789390202
0.00101990803160604,-0.00743238767879182,0.0875061982534683,-0.00319123636201952,0.00575245152349284,0.00570769755183998,-0.00223582003914584,-0.0138941362485086,0.0596747738770251,0.0142862842173387,0.02163335971855,0.01356136573325,0.0365891491373972
0.010033187901268,0.0010113830074653,-0.00319123636201952,0.0288611203657969,0.00193442283377532,0.0119219084224835,0.0120085131010455,-0.00267609936638477,0.00577261311735226,0.00658555182077053,0.00271593826668175,0.0125893009092953,0.0246992247765315
0.00577104391888782,-0.0086780404927726,0.00575245152349284,0.00193442283377532,0.0116039434160749,0.00507596350985976,0.0153470594381267,-0.00271487631739354,0.00370501706338094,0.00191043049530852,-0.00298666708560893,0.010358113880543,0.00171038651733158
0.00794096323187693,0.0143418526458626,0.00570769755183998,0.0119219084224835,0.00507596350985976,0.113578654436527,0.00917878664132971,-0.00254572377343795,0.00681115349660873,0.00468570767269449,0.00655239425557038,0.00722233023156056,0.0167412198923538
0.012639062192317,-0.0139597379651453,-0.00223582003914584,0.0120085131010455,0.0153470594381267,0.00917878664132971,0.245691174791594,-0.00589788308265402,0.0236651942985403,0.00290113217691704,0.0187003682672282,0.0188469430829603,-0.00910603626305573
-0.0206009783886208,0.00474328708128368,-0.0138941362485086,-0.00267609936638477,-0.00271487631739354,-0.00254572377343795,-0.00589788308265402,0.0360217390198146,-0.0335984071223404,-0.011723338788733,-0.0286460894773532,-0.0249553186126275,-0.0261756721432403
0.00880539059453979,0.0548874052181252,0.0596747738770251,0.00577261311735226,0.00370501706338094,0.00681115349660873,0.0236651942985403,-0.0335984071223404,0.219222515123602,0.0265558250146177,0.0652906691629156,0.0272283371425095,0.064543350864319
0.00890277575808214,-9.60882992409717e-05,0.0142862842173387,0.00658555182077053,0.00191043049530852,0.00468570767269449,0.00290113217691704,-0.011723338788733,0.0265558250146177,0.036263774177056,0.0366877198865872,0.01791053995697,0.0376038374185991
0.011348845789113,0.00320458969544235,0.02163335971855,0.00271593826668175,-0.00298666708560893,0.00655239425557038,0.0187003682672282,-0.0286460894773532,0.0652906691629156,0.0366877198865872,0.102940524754475,0.0193373646360358,0.0494535660915134
0.0382210577515722,0.00175029511167175,0.01356136573325,0.0125893009092953,0.010358113880543,0.00722233023156056,0.0188469430829603,-0.0249553186126275,0.0272283371425095,0.01791053995697,0.0193373646360358,0.100809850479912,0.0691425026193473
0.0323793058672237,0.0806800789390202,0.0365891491373972,0.0246992247765315,0.00171038651733158,0.0167412198923538,-0.00910603626305573,-0.0261756721432403,0.064543350864319,0.0376038374185991,0.0494535660915134,0.0691425026193473,0.238352943118011
