0.046651628590101,-0.0293467013558179,0.00181769632409637,-0.00490838449811887,0.00638124027592811,0.033187157955323,-0.0284139147966579,-0.0114354893370758,-0.0377585928262536,0.00634834959268785,0.00846696905239272,0.0328005460378943,0.0174910003412724
-0.0293467013558179,0.214358086095784,0.0374558730528152,0.0301365632255781,-0.0311806889793264,0.0140593781870594,0.0382876882251476,-0.00180545673788036,0.0470958267592867,0.00397246003312005,0.052887408751289,0.0349528030247477,0.164869428094636
0.00181769632409637,0.0374558730528152,0.0613142140178306,-0.0162854515342707,-0.00425149250316748,0.0249235923164515,0.00227481522887493,-0.0115494437128394,0.0263219511974721,0.0202155390302364,0.0353518928091483,-0.017414471826888,0.0395269222459986
-0.00490838449811887,0.0301365632255781,-0.0162854515342707,0.0286023419256763,0.00831971299519102,0.0132485381534114,-0.0123407009368373,0.00783332634028927,0.0250999239056693,-0.00206445424875597,-0.00961338575786852,0.00262371220879067,0.000374311860433996
0.00638124027592811,-0.0311806889793264,-0.00425149250316748,0.00831971299519102,0.0191636576387076,0.0166933703223065,-0.0228695910955011,8.55761281154977e-05,0.00669670666488476,0.00295824895878382,-0.0164379006043639,-0.0217672751361338,-0.0357790323032489
0.033187157955323,0.0140593781870594,0.0249235923164515,0.0132485381534114,0.0166933703223065,0.0669541374898185,-0.08277515654191,0.0019283314260592,-0.000121507939316524,0.0129465128179466,-0.00329671857202117,-0.00394195349793481,0.0361223368170215
-0.0284139147966579,0.0382876882251476,0.00227481522887493,-0.0123407009368373,-0.0228695910955011,-0.08277515654191,0.250878851263631,-0.0422767643396836,0.0407131015181134,0.0174270438015718,0.0925940754365613,0.0534178638949511,-0.0200032852114432
-0.0114354893370758,-0.00180545673788036,-0.0115494437128394,0.00783332634028927,8.55761281154977e-05,0.0019283314260592,-0.0422767643396836,0.0303651741541085,-0.0198453357246181,0.00365620729931267,-0.0228063187027911,-0.00705373273553417,0.0114228697312846
-0.0377585928262536,0.0470958267592867,0.0263219511974721,0.0250999239056694,0.00669670666488476,-0.000121507939316524,0.0407131015181134,-0.0198453357246181,0.195423885470847,-0.0066473875967938,0.0184450617595792,-0.0463561144170942,-0.104112735145852
0.00634834959268785,0.00397246003312005,0.0202155390302364,-0.00206445424875597,0.00295824895878382,0.0129465128179466,0.0174270438015718,0.00365620729931267,-0.0066473875967938,0.0240775346530257,0.0230108000953124,0.0073791729369159,0.0183048563669078
0.00846696905239272,0.052887408751289,0.0353518928091483,-0.00961338575786852,-0.0164379006043639,-0.00329671857202117,0.0925940754365613,-0.0228063187027911,0.0184450617595792,0.0230108000953124,0.0694471291524917,0.0438652044042129,0.047664164277673
0.0328005460378943,0.0349528030247477,-0.017414471826888,0.00262371220879067,-0.0217672751361338,-0.00394195349793481,0.0534178638949511,-0.00705373273553417,-0.0463561144170942,0.0073791729369159,0.0438652044042129,0.0956372435624267,0.0718461359176561
0.0174910003412724,0.164869428094636,0.0395269222459986,0.000374311860433996,-0.0357790323032489,0.0361223368170215,-0.0200032852114432,0.0114228697312846,-0.104112735145852,0.0183048563669078,0.047664164277673,0.0718461359176561,0.25190975991895
