8927.96283293018,-88.6094111306816,0,306.395239633345,221.283553391982,-821.405149203387,-166.423242163078,0,0,-556.712625949158,0,0,0,0,0,0,1308.22723444154,-453.78154821085,-1233.70398461645,-399.254941649754,2708.08253762091,-905.484171355291,-500.120711140327,0,-955.103394867304,1612.0500534001,280.251007328859,1776.53771334423,0,0,0,-187.207844555257,0,239.409481209724,-2765.00216429185,0,1398.73343954534,-498.176529245192,-2090.68398726621,1782.23102416088,0,445.388706735379,1270.11014148656,507.372152440765,0,0,505.218232048025,0,0,-1674.88775868521,-93.4724347023088,-57.7956059310895,-10.7082429204274,0,1334.37417669199,0,1398.44244817489,0,0,0
-88.6094111306816,5651.47480923873,0,-154.373242700316,-847.441489754172,-594.399659944367,-97.2878320714726,0,0,656.02750142524,0,0,0,0,0,0,1059.99864940935,125.504829463098,-583.728471569188,-1417.6824955433,1291.22866319075,335.085285982912,-378.327547774771,0,-320.234225877284,-1153.88026029749,313.656930994849,1449.3875245547,0,0,0,-120.5569172809,0,1398.07653028468,900.770999628707,0,-363.955889350442,-462.76957427185,-775.789449714724,1016.81828765032,0,381.407462577519,1753.300676646,-554.358148748393,0,0,713.77212335842,0,0,783.865258325189,-69.937124587873,-69.0483580575496,655.037340523523,0,78.2734690263217,0,80.2506901893706,0,0,0
0,0,0.03547713439666,0,0,0,0,0,0,0,0,0,0,0,0,0,0,0,0,0,0,0,0,0,0,0,0,0,0,0,0,0,0,0,0,0,0,0,0,0,0,0,0,0,0,0,0,0,0,0,0,0,0,0,0,0,0,0,0,0
306.395239633345,-154.373242700316,0,1212.04875892279,-65.3637095665187,578.066662247692,-316.504665933435,0,0,-24.0990173631046,0,0,0,0,0,0,298.406655189418,49.1507390532924,58.7594072080318,-253.869739078847,-154.080392296937,741.211350723922,-615.920576271442,0,67.1273099853565,310.903546603575,63.3820083178291,100.645042617776,0,0,0,-229.713640728576,0,-233.912301205712,-290.574942575741,0,508.535817456253,45.9092368499367,-132.731925893713,89.0079779771569,0,359.293071459512,-37.9310007139447,479.309453945895,0,0,475.52936019384,0,0,-106.287919885512,-28.1547113302916,365.715264509236,723.782890299132,0,391.641267057249,0,-415.353221214802,0,0,0
221.283553391982,-847.441489754172,0,-65.3637095665187,7105.69684169064,-499.680189621111,728.685121248712,0,0,640.52848543002,0,0,0,0,0,0,516.078785726916,2654.36537870852,730.460857770748,709.445941487273,1286.51957733588,730.82654528704,-1190.68825794623,0,2416.34972453557,216.902941769324,-347.344620746865,-940.430494126816,0,0,0,-225.986781452491,0,-1019.38518291515,787.015135372102,0,-177.204067340794,578.092044922232,-29.591783586634,-81.8559533731761,0,70.3988438696666,987.492675612767,-486.792223359774,0,0,252.47044944704,0,0,383.658547081993,-539.982092826188,651.756289845827,-1559.53638209618,0,-1491.1709119506,0,489.917448714181,0,0,0
-821.405149203387,-594.399659944367,0,578.066662247692,-499.680189621111,8040.94979211042,1609.24129550618,0,0,-231.188612086572,0,0,0,0,0,0,350.749421782389,-716.785305326876,-39.5629584411423,101.320726327961,-2043.10982604601,-298.633217514509,366.11681721612,0,310.606767367897,-1381.99124004065,-280.033525487889,-307.393593507553,0,0,0,1655.21055005204,0,1715.78500215776,750.746913161628,0,471.380561974838,894.211082648064,326.136202538955,-2861.84616638088,0,914.055578333926,-1253.13318822781,305.467584813986,0,0,1459.00017817247,0,0,-1863.2287214237,-938.990087771961,215.433551431149,-34.6491883125363,0,-1459.56866077996,0,1472.84786943337,0,0,0
-166.423242163078,-97.2878320714726,0,-316.504665933435,728.685121248712,1609.24129550618,9023.55445776015,0,0,-146.160811770015,0,0,0,0,0,0,103.106359655569,-453.813291194242,2561.87164794736,-334.770188713145,1397.90387563167,-1041.62465790717,734.109807213236,0,88.8850908233418,1552.97813300517,1299.70526961075,1175.73281439402,0,0,0,352.471568976565,0,-212.91713558766,1123.73304707238,0,172.787381198312,2028.46747588905,649.015465985559,-1426.31384848046,0,-369.180073356513,-126.963394415503,-292.05128182445,0,0,111.69361611277,0,0,-368.765493171028,605.568419843906,-809.773450981862,-1316.74217225546,0,-828.266814806213,0,-419.936541476643,0,0,0
0,0,0,0,0,0,0,0.0223607262366378,0,0,0,0,0,0,0,0,0,0,0,0,0,0,0,0,0,0,0,0,0,0,0,0,0,0,0,0,0,0,0,0,0,0,0,0,0,0,0,0,0,0,0,0,0,0,0,0,0,0,0,0
0,0,0,0,0,0,0,0,0.0493744079913525,0,0,0,0,0,0,0,0,0,0,0,0,0,0,0,0,0,0,0,0,0,0,0,0,0,0,0,0,0,0,0,0,0,0,0,0,0,0,0,0,0,0,0,0,0,0,0,0,0,0,0
-556.712625949158,656.027501425241,0,-24.0990173631046,640.52848543002,-231.188612086572,-146.160811770015,0,0,6082.39856115951,0,0,0,0,0,0,-1556.06137529788,360.980257450851,-680.195283312415,-872.439868965098,462.907778712854,1463.65864553669,-591.076338816646,0,-507.438275174076,-795.102069857616,-511.257484457538,480.390354640369,0,0,0,-1686.20480946865,0,553.890322994684,2861.51053198448,0,365.354795538245,670.290919012511,859.594867497644,761.530813366627,0,335.726208944756,112.650408425467,1247.48051256377,0,0,1236.34050823405,0,0,-46.0658775775613,375.526500391133,-4.7848863672703,252.756414532983,0,-1054.59691245624,0,-359.73543981664,0,0,0
0,0,0,0,0,0,0,0,0,0,0.0313034618255154,0,0,0,0,0,0,0,0,0,0,0,0,0,0,0,0,0,0,0,0,0,0,0,0,0,0,0,0,0,0,0,0,0,0,0,0,0,0,0,0,0,0,0,0,0,0,0,0,0
0,0,0,0,0,0,0,0,0,0,0,0.0549357202816871,0,0,0,0,0,0,0,0,0,0,0,0,0,0,0,0,0,0,0,0,0,0,0,0,0,0,0,0,0,0,0,0,0,0,0,0,0,0,0,0,0,0,0,0,0,0,0,0
0,0,0,0,0,0,0,0,0,0,0,0,0.0500357212415379,0,0,0,0,0,0,0,0,0,0,0,0,0,0,0,0,0,0,0,0,0,0,0,0,0,0,0,0,0,0,0,0,0,0,0,0,0,0,0,0,0,0,0,0,0,0,0
0,0,0,0,0,0,0,0,0,0,0,0,0,0.0308319589921536,0,0,0,0,0,0,0,0,0,0,0,0,0,0,0,0,0,0,0,0,0,0,0,0,0,0,0,0,0,0,0,0,0,0,0,0,0,0,0,0,0,0,0,0,0,0
0,0,0,0,0,0,0,0,0,0,0,0,0,0,0.0465181973308297,0,0,0,0,0,0,0,0,0,0,0,0,0,0,0,0,0,0,0,0,0,0,0,0,0,0,0,0,0,0,0,0,0,0,0,0,0,0,0,0,0,0,0,0,0
0,0,0,0,0,0,0,0,0,0,0,0,0,0,0,0.0403620398555351,0,0,0,0,0,0,0,0,0,0,0,0,0,0,0,0,0,0,0,0,0,0,0,0,0,0,0,0,0,0,0,0,0,0,0,0,0,0,0,0,0,0,0,0
1308.22723444154,1059.99864940935,0,298.406655189418,516.078785726916,350.749421782389,103.106359655569,0,0,-1556.06137529788,0,0,0,0,0,0,17025.7643161497,644.910435063058,325.015590651994,1648.54594563599,5903.01982397842,84.2928072632105,1490.40778393658,0,-202.519490214393,-2409.51644561167,-698.584383136326,-1022.79132470041,0,0,0,-2186.97534463499,0,637.744670292722,-675.774484343599,0,-203.022113310423,-1077.76787702125,-972.484997785868,-1071.07463010702,0,1983.34710351033,-1766.73484074792,1529.2969415462,0,0,-1233.69305196194,0,0,443.890815893963,594.20231993154,-1454.60029708636,-386.250514657048,0,401.380977207771,0,1025.71853943635,0,0,0
-453.78154821085,125.504829463098,0,49.1507390532924,2654.36537870852,-716.785305326876,-453.813291194243,0,0,360.980257450851,0,0,0,0,0,0,644.910435063058,18215.1100540889,1048.54992088074,2534.70207264078,1117.33341165968,2834.10313006701,674.462806815376,0,571.972620248244,-1647.57139166427,-4572.36915505993,-185.648907193562,0,0,0,1028.91081843281,0,-2508.97741064774,1153.59778939108,0,1527.17487088232,-553.444237973291,1382.27217149415,-1823.28040356745,0,-686.880335423324,167.722877717429,-2436.6394483914,0,0,-718.691668629799,0,0,3627.13720523161,-372.36249236473,-434.166837051148,786.529795045382,0,-1350.60514676479,0,-1418.00100047113,0,0,0
-1233.70398461645,-583.728471569188,0,58.7594072080318,730.460857770748,-39.5629584411423,2561.87164794736,0,0,-680.195283312415,0,0,0,0,0,0,325.015590651994,1048.54992088074,17315.9075737574,772.346574641016,-414.671607221371,4697.29870856327,336.951404974615,0,-1971.3606929285,2024.97149423849,2793.32719639277,2045.18149526255,0,0,0,-4037.0795595987,0,-2521.53017038718,-2021.93997150742,0,-1568.96466582724,-1320.31935598957,1857.69289334613,-1020.89902870948,0,-790.568900118298,1179.39872589071,-1017.66204023921,0,0,1242.14506784303,0,0,1492.15130522858,-593.162978064606,242.612679588379,-1249.81429283962,0,2144.02991299639,0,-2161.4445739296,0,0,0
-399.254941649754,-1417.6824955433,0,-253.869739078847,709.445941487273,101.320726327961,-334.770188713145,0,0,-872.439868965098,0,0,0,0,0,0,1648.54594563599,2534.70207264078,772.346574641016,20273.0629658852,1563.1178837895,2468.14642863612,785.228083067581,0,1472.57507983286,826.91079430128,610.473433386701,2514.89394120329,0,0,0,-529.29160094741,0,318.186212465427,-2673.56752913062,0,3466.67156583181,-117.851210504508,5702.89704743125,-2054.82694759409,0,552.797874460309,-508.503866516506,2260.44674476795,0,0,-168.39242473411,0,0,-114.645540790914,1203.49242106094,1219.9112066484,2661.08339362703,0,-2608.92404568218,0,-712.372508382289,0,0,0
2708.08253762091,1291.22866319075,0,-154.080392296937,1286.51957733588,-2043.10982604601,1397.90387563167,0,0,462.907778712854,0,0,0,0,0,0,5903.01982397842,1117.33341165968,-414.671607221371,1563.1178837895,16744.9921093457,-109.708599733042,2714.1301117233,0,-670.909513799938,495.759971639677,-94.0090576320739,-869.096158107471,0,0,0,-1986.76781441136,0,-58.787369481623,1545.31879899649,0,-1453.93869528202,-997.545639120105,78.5071226214607,-569.705298363574,0,3753.32970869394,1107.21185545306,1298.77382691802,0,0,165.114978166178,0,0,675.55663607998,1799.89757704015,60.8266883994751,-952.547253314861,0,531.029125029942,0,1172.95478407063,0,0,0
-905.484171355291,335.085285982912,0,741.211350723922,730.82654528704,-298.633217514509,-1041.62465790717,0,0,1463.65864553669,0,0,0,0,0,0,84.2928072632105,2834.10313006701,4697.29870856327,2468.14642863612,-109.708599733042,16711.4163904662,954.592387578683,0,62.1099252663017,-228.219333091203,-1662.61095622797,702.018635616661,0,0,0,-397.548777609427,0,-1549.96767919598,-1182.50144117389,0,256.705590292364,-999.560640478326,841.213578323245,717.720421839562,0,-58.8205173859021,1099.75420157758,170.449689061128,0,0,3502.65028393857,0,0,1286.34733413912,-149.052525131914,-488.188370365335,2249.00754960478,0,-65.5884244040204,0,-2549.58996915527,0,0,0
-500.120711140327,-378.327547774771,0,-615.920576271442,-1190.68825794623,366.11681721612,734.109807213236,0,0,-591.076338816646,0,0,0,0,0,0,1490.40778393658,674.462806815376,336.951404974615,785.228083067581,2714.1301117233,954.592387578683,18819.8455452999,0,1329.9751547811,-2538.56940230772,80.6923452730645,559.366020548036,0,0,0,1822.67602465976,0,-101.314829598346,3988.33009158391,0,2470.28587946375,976.986851346333,583.426727493974,2901.81321647277,0,389.86483562921,-513.534843362697,2193.27853739161,0,0,433.361465020064,0,0,463.578249745321,2644.33557985628,-959.308287162222,-1074.43905951457,0,421.454384882881,0,-201.538750976507,0,0,0
0,0,0,0,0,0,0,0,0,0,0,0,0,0,0,0,0,0,0,0,0,0,0,0.0706627756893841,0,0,0,0,0,0,0,0,0,0,0,0,0,0,0,0,0,0,0,0,0,0,0,0,0,0,0,0,0,0,0,0,0,0,0,0
-955.103394867304,-320.234225877284,0,67.1273099853565,2416.34972453557,310.606767367897,88.8850908233418,0,0,-507.438275174076,0,0,0,0,0,0,-202.519490214393,571.972620248244,-1971.3606929285,1472.57507983286,-670.909513799938,62.1099252663017,1329.9751547811,0,13574.2342516033,-2153.92334973455,4213.36089172303,-2312.00885132791,0,0,0,2946.75658270835,0,1230.57789948615,991.498039893062,0,-184.87517503898,3210.83426334015,-2227.12441733832,-388.447032780605,0,-630.258841585978,-1009.97792400968,-618.381751290096,0,0,-613.231973023745,0,0,-1241.81575481199,103.755077434226,149.092787644285,214.793749305696,0,-1207.6348442304,0,-1265.7698294308,0,0,0
1612.0500534001,-1153.88026029749,0,310.903546603575,216.902941769324,-1381.99124004065,1552.97813300517,0,0,-795.102069857616,0,0,0,0,0,0,-2409.51644561167,-1647.57139166427,2024.97149423849,826.91079430128,495.759971639677,-228.219333091203,-2538.56940230772,0,-2153.92334973455,12840.4642083786,-888.749906768819,349.287763709292,0,0,0,2808.89235925238,0,-1175.57876723444,-1397.33708319198,0,2811.55137554994,-728.788729720495,-229.935801641231,1941.67328160543,0,-224.248640756063,681.799210037921,1346.77818075148,0,0,-589.135489778925,0,0,-721.738471170969,93.4254563824166,-244.256110611052,-692.22717157366,0,782.160754271842,0,279.354486557297,0,0,0
280.251007328859,313.656930994849,0,63.3820083178291,-347.344620746865,-280.033525487889,1299.70526961075,0,0,-511.257484457538,0,0,0,0,0,0,-698.584383136326,-4572.36915505993,2793.32719639277,610.473433386701,-94.0090576320739,-1662.61095622797,80.6923452730645,0,4213.36089172303,-888.749906768819,14520.8397577196,653.123879876849,0,0,0,-375.540180305546,0,639.927892982149,-1098.70171882999,0,-566.215537301085,957.698694155266,791.063873642581,-1135.6223852972,0,-1569.68368340711,-783.689283943963,-890.098519534219,0,0,-361.931205984356,0,0,-2237.7380158941,318.905179632265,-450.924108216518,308.203344593942,0,1601.21313448151,0,517.538470932391,0,0,0
1776.53771334423,1449.3875245547,0,100.645042617776,-940.430494126816,-307.393593507553,1175.73281439402,0,0,480.390354640369,0,0,0,0,0,0,-1022.79132470041,-185.648907193562,2045.18149526255,2514.89394120329,-869.096158107471,702.018635616661,559.366020548036,0,-2312.00885132791,349.287763709292,653.123879876849,15200.2135036995,0,0,0,850.71831216114,0,710.732040706816,-660.485596126051,0,1424.22058783881,-3433.68354530884,3384.90725359164,235.254522226259,0,-709.40013900329,1962.84568898948,1453.39853039649,0,0,401.833858607589,0,0,-181.131879727887,-2167.72197868444,1742.42954003326,340.950026472661,0,-221.760456613037,0,1515.62564731745,0,0,0
0,0,0,0,0,0,0,0,0,0,0,0,0,0,0,0,0,0,0,0,0,0,0,0,0,0,0,0,0.0599953635463244,0,0,0,0,0,0,0,0,0,0,0,0,0,0,0,0,0,0,0,0,0,0,0,0,0,0,0,0,0,0,0
0,0,0,0,0,0,0,0,0,0,0,0,0,0,0,0,0,0,0,0,0,0,0,0,0,0,0,0,0,0.0571080108092459,0,0,0,0,0,0,0,0,0,0,0,0,0,0,0,0,0,0,0,0,0,0,0,0,0,0,0,0,0,0
0,0,0,0,0,0,0,0,0,0,0,0,0,0,0,0,0,0,0,0,0,0,0,0,0,0,0,0,0,0,0.0537894952077499,0,0,0,0,0,0,0,0,0,0,0,0,0,0,0,0,0,0,0,0,0,0,0,0,0,0,0,0,0
-187.207844555257,-120.5569172809,0,-229.713640728576,-225.986781452491,1655.21055005204,352.471568976565,0,0,-1686.20480946865,0,0,0,0,0,0,-2186.97534463499,1028.91081843281,-4037.0795595987,-529.29160094741,-1986.76781441136,-397.548777609427,1822.67602465976,0,2946.75658270835,2808.89235925238,-375.540180305546,850.71831216114,0,0,0,15483.0329353981,0,1715.6587850442,1476.69152189394,0,212.896655009441,2532.0465467131,2327.97026501764,2342.6590601157,0,590.20615870247,-780.989505562103,1196.66964872741,0,0,-1439.50648173527,0,0,693.488813727492,-1040.10746660297,-589.874563746088,2399.6550235976,0,-1042.75260142287,0,1842.41646752975,0,0,0
0,0,0,0,0,0,0,0,0,0,0,0,0,0,0,0,0,0,0,0,0,0,0,0,0,0,0,0,0,0,0,0,0.0474848893790819,0,0,0,0,0,0,0,0,0,0,0,0,0,0,0,0,0,0,0,0,0,0,0,0,0,0,0
239.409481209724,1398.07653028468,0,-233.912301205712,-1019.38518291515,1715.78500215776,-212.91713558766,0,0,553.890322994684,0,0,0,0,0,0,637.744670292722,-2508.97741064774,-2521.53017038718,318.186212465427,-58.787369481623,-1549.96767919598,-101.314829598346,0,1230.57789948615,-1175.57876723444,639.927892982149,710.732040706816,0,0,0,1715.6587850442,0,13374.6303850065,1040.38556274519,0,-218.476471001593,991.71627815985,-92.7071536137445,1126.22231948593,0,1462.11738987378,-407.737959026344,854.359380271602,0,0,355.468923826679,0,0,-620.177590882236,-302.843613473176,-493.632461143066,375.789415531193,0,-2092.46221852848,0,560.705391835587,0,0,0
-2765.00216429185,900.770999628706,0,-290.574942575741,787.015135372102,750.746913161628,1123.73304707238,0,0,2861.51053198448,0,0,0,0,0,0,-675.774484343599,1153.59778939108,-2021.93997150742,-2673.56752913062,1545.31879899649,-1182.50144117389,3988.33009158391,0,991.498039893062,-1397.33708319198,-1098.70171882999,-660.485596126051,0,0,0,1476.69152189394,0,1040.38556274519,20212.6856509464,0,-3468.68765793244,2032.13162318194,-631.620047430785,-854.664182383478,0,134.30909975292,-1574.76539263955,-1050.88745724984,0,0,-1043.93382747125,0,0,2147.25929725195,914.586327335122,456.02846326796,1234.74530515232,0,-489.264285191843,0,-512.011965192061,0,0,0
0,0,0,0,0,0,0,0,0,0,0,0,0,0,0,0,0,0,0,0,0,0,0,0,0,0,0,0,0,0,0,0,0,0,0,0.0678622506254091,0,0,0,0,0,0,0,0,0,0,0,0,0,0,0,0,0,0,0,0,0,0,0,0
1398.73343954534,-363.955889350442,0,508.535817456253,-177.204067340794,471.380561974838,172.787381198312,0,0,365.354795538245,0,0,0,0,0,0,-203.022113310423,1527.17487088232,-1568.96466582724,3466.67156583181,-1453.93869528202,256.705590292364,2470.28587946375,0,-184.87517503898,2811.55137554994,-566.215537301085,1424.22058783881,0,0,0,212.896655009441,0,-218.476471001593,-3468.68765793244,0,18277.2508138331,-545.030487281555,-189.189090445143,2799.62862765725,0,-123.115382357297,834.489427074342,2146.41336150758,0,0,1564.39107003449,0,0,-2043.75558339579,1121.99412916718,-2109.31571127966,132.415376835474,0,-746.266935686805,0,1123.52466181894,0,0,0
-498.176529245192,-462.76957427185,0,45.9092368499367,578.092044922232,894.211082648064,2028.46747588905,0,0,670.290919012511,0,0,0,0,0,0,-1077.76787702125,-553.444237973291,-1320.31935598957,-117.851210504508,-997.545639120105,-999.560640478326,976.986851346333,0,3210.83426334015,-728.788729720495,957.698694155266,-3433.68354530884,0,0,0,2532.0465467131,0,991.716278159849,2032.13162318194,0,-545.030487281555,10867.8432402032,1470.83747034242,1259.94147236677,0,1124.06158116234,933.098859641723,93.8544567875524,0,0,-801.234286122078,0,0,681.909307687741,699.987989475405,-686.798155421022,546.163015922465,0,-1635.68112809187,0,-713.446727612111,0,0,0
-2090.68398726621,-775.789449714724,0,-132.731925893713,-29.591783586634,326.136202538955,649.015465985559,0,0,859.594867497644,0,0,0,0,0,0,-972.484997785868,1382.27217149415,1857.69289334613,5702.89704743125,78.5071226214607,841.213578323245,583.426727493974,0,-2227.12441733832,-229.935801641231,791.063873642581,3384.90725359164,0,0,0,2327.97026501764,0,-92.7071536137445,-631.620047430785,0,-189.189090445143,1470.83747034242,14601.4861943846,-999.346691058481,0,842.231988260849,-450.734772025688,391.969049819669,0,0,-1648.86620473571,0,0,1540.44351849171,1001.96251048645,657.204296633419,1396.87275709916,0,-2883.79979734228,0,391.667432771758,0,0,0
1782.23102416088,1016.81828765032,0,89.0079779771569,-81.8559533731761,-2861.84616638088,-1426.31384848046,0,0,761.530813366627,0,0,0,0,0,0,-1071.07463010702,-1823.28040356745,-1020.89902870948,-2054.82694759409,-569.705298363574,717.720421839562,2901.81321647277,0,-388.447032780605,1941.67328160543,-1135.6223852972,235.254522226259,0,0,0,2342.6590601157,0,1126.22231948593,-854.664182383478,0,2799.62862765725,1259.94147236677,-999.346691058481,10189.6650486785,0,587.030702604459,1869.73478780379,532.003518040543,0,0,-331.608907282256,0,0,617.722875079422,1405.90428912313,-585.675536332001,-281.237864336461,0,1088.47096569092,0,190.377697312792,0,0,0
0,0,0,0,0,0,0,0,0,0,0,0,0,0,0,0,0,0,0,0,0,0,0,0,0,0,0,0,0,0,0,0,0,0,0,0,0,0,0,0,0.0400801451230966,0,0,0,0,0,0,0,0,0,0,0,0,0,0,0,0,0,0,0
445.388706735379,381.407462577519,0,359.293071459512,70.3988438696666,914.055578333926,-369.180073356513,0,0,335.726208944756,0,0,0,0,0,0,1983.34710351033,-686.880335423324,-790.568900118298,552.797874460309,3753.32970869394,-58.8205173859021,389.86483562921,0,-630.258841585978,-224.248640756063,-1569.68368340711,-709.40013900329,0,0,0,590.20615870247,0,1462.11738987378,134.30909975292,0,-123.115382357297,1124.06158116234,842.231988260849,587.030702604459,0,7256.07088236203,-740.963839131457,1373.12455022831,0,0,-80.9256853312396,0,0,-524.620231717493,387.029406087018,141.813022763445,646.057638755783,0,-152.446579025655,0,644.438339027125,0,0,0
1270.11014148656,1753.300676646,0,-37.9310007139446,987.492675612768,-1253.13318822781,-126.963394415503,0,0,112.650408425467,0,0,0,0,0,0,-1766.73484074792,167.722877717429,1179.39872589071,-508.503866516506,1107.21185545306,1099.75420157758,-513.534843362697,0,-1009.97792400968,681.799210037921,-783.689283943963,1962.84568898948,0,0,0,-780.989505562103,0,-407.737959026344,-1574.76539263955,0,834.489427074342,933.098859641723,-450.734772025688,1869.73478780379,0,-740.963839131457,10369.6181739935,542.03727998283,0,0,537.355936211227,0,0,587.936414403086,-469.071426429614,-99.8293000298608,882.07438493997,0,1473.61170627222,0,-845.885083049072,0,0,0
507.372152440765,-554.358148748394,0,479.309453945895,-486.792223359774,305.467584813986,-292.05128182445,0,0,1247.48051256377,0,0,0,0,0,0,1529.2969415462,-2436.6394483914,-1017.66204023921,2260.44674476795,1298.77382691802,170.449689061128,2193.27853739161,0,-618.381751290096,1346.77818075148,-890.098519534219,1453.39853039649,0,0,0,1196.66964872741,0,854.359380271602,-1050.88745724984,0,2146.41336150758,93.8544567875524,391.969049819669,532.003518040543,0,1373.12455022831,542.03727998283,7751.15059558335,0,0,1020.32596091319,0,0,314.504688476194,406.625460943718,82.7703670002118,937.297065571207,0,303.628511656086,0,318.941970453359,0,0,0
0,0,0,0,0,0,0,0,0,0,0,0,0,0,0,0,0,0,0,0,0,0,0,0,0,0,0,0,0,0,0,0,0,0,0,0,0,0,0,0,0,0,0,0,0.0631125642665599,0,0,0,0,0,0,0,0,0,0,0,0,0,0,0
0,0,0,0,0,0,0,0,0,0,0,0,0,0,0,0,0,0,0,0,0,0,0,0,0,0,0,0,0,0,0,0,0,0,0,0,0,0,0,0,0,0,0,0,0,0.04201331563758,0,0,0,0,0,0,0,0,0,0,0,0,0,0
505.218232048025,713.77212335842,0,475.52936019384,252.47044944704,1459.00017817247,111.69361611277,0,0,1236.34050823405,0,0,0,0,0,0,-1233.69305196194,-718.691668629799,1242.14506784303,-168.39242473411,165.114978166178,3502.65028393857,433.361465020064,0,-613.231973023745,-589.135489778925,-361.931205984356,401.833858607589,0,0,0,-1439.50648173527,0,355.468923826679,-1043.93382747125,0,1564.39107003449,-801.234286122079,-1648.86620473571,-331.608907282256,0,-80.9256853312396,537.355936211227,1020.32596091319,0,0,7644.44516300737,0,0,1123.04358529954,400.542179358165,-280.048337872827,506.164582771865,0,299.726835567182,0,317.505029606558,0,0,0
0,0,0,0,0,0,0,0,0,0,0,0,0,0,0,0,0,0,0,0,0,0,0,0,0,0,0,0,0,0,0,0,0,0,0,0,0,0,0,0,0,0,0,0,0,0,0,0.0537057048640351,0,0,0,0,0,0,0,0,0,0,0,0
0,0,0,0,0,0,0,0,0,0,0,0,0,0,0,0,0,0,0,0,0,0,0,0,0,0,0,0,0,0,0,0,0,0,0,0,0,0,0,0,0,0,0,0,0,0,0,0,0.0399302292024414,0,0,0,0,0,0,0,0,0,0,0
-1674.88775868521,783.865258325189,0,-106.287919885512,383.658547081993,-1863.2287214237,-368.765493171028,0,0,-46.0658775775613,0,0,0,0,0,0,443.890815893963,3627.13720523161,1492.15130522858,-114.645540790914,675.55663607998,1286.34733413912,463.578249745321,0,-1241.81575481199,-721.738471170969,-2237.7380158941,-181.131879727887,0,0,0,693.488813727492,0,-620.177590882236,2147.25929725195,0,-2043.75558339579,681.909307687741,1540.44351849171,617.722875079422,0,-524.620231717493,587.936414403086,314.504688476194,0,0,1123.04358529954,0,0,9345.68692701026,795.22262040751,-674.576261065194,176.76133613748,0,297.119869768977,0,-1048.51126253736,0,0,0
-93.4724347023088,-69.937124587873,0,-28.1547113302916,-539.982092826188,-938.990087771961,605.568419843906,0,0,375.526500391133,0,0,0,0,0,0,594.20231993154,-372.36249236473,-593.162978064606,1203.49242106094,1799.89757704015,-149.052525131914,2644.33557985628,0,103.755077434225,93.4254563824166,318.905179632265,-2167.72197868444,0,0,0,-1040.10746660297,0,-302.843613473176,914.586327335122,0,1121.99412916718,699.987989475405,1001.96251048645,1405.90428912313,0,387.029406087018,-469.071426429614,406.625460943718,0,0,400.542179358165,0,0,795.22262040751,5825.82846509074,-1969.04450983863,-446.327241130417,0,763.38172098202,0,-276.599647223748,0,0,0
-57.7956059310895,-69.0483580575496,0,365.715264509236,651.756289845827,215.43355143115,-809.773450981862,0,0,-4.7848863672703,0,0,0,0,0,0,-1454.60029708636,-434.166837051147,242.612679588379,1219.9112066484,60.8266883994751,-488.188370365335,-959.308287162222,0,149.092787644285,-244.256110611052,-450.924108216518,1742.42954003326,0,0,0,-589.874563746088,0,-493.632461143066,456.02846326796,0,-2109.31571127966,-686.798155421022,657.204296633419,-585.675536332001,0,141.813022763445,-99.8293000298608,82.7703670002118,0,0,-280.048337872827,0,0,-674.576261065194,-1969.04450983863,7315.81971180887,593.832608032135,0,541.226606982758,0,561.190318812995,0,0,0
-10.7082429204274,655.037340523523,0,723.782890299132,-1559.53638209618,-34.6491883125363,-1316.74217225546,0,0,252.756414532983,0,0,0,0,0,0,-386.250514657048,786.529795045382,-1249.81429283962,2661.08339362703,-952.547253314861,2249.00754960478,-1074.43905951457,0,214.793749305696,-692.22717157366,308.203344593942,340.950026472661,0,0,0,2399.6550235976,0,375.789415531193,1234.74530515232,0,132.415376835474,546.163015922465,1396.87275709916,-281.237864336461,0,646.057638755783,882.074384939971,937.297065571207,0,0,506.164582771865,0,0,176.76133613748,-446.327241130417,593.832608032135,9765.3948724671,0,256.846400947916,0,-1150.31846578489,0,0,0
0,0,0,0,0,0,0,0,0,0,0,0,0,0,0,0,0,0,0,0,0,0,0,0,0,0,0,0,0,0,0,0,0,0,0,0,0,0,0,0,0,0,0,0,0,0,0,0,0,0,0,0,0,0.0449022937456243,0,0,0,0,0,0
1334.37417669199,78.2734690263217,0,391.641267057249,-1491.1709119506,-1459.56866077996,-828.266814806213,0,0,-1054.59691245624,0,0,0,0,0,0,401.380977207771,-1350.60514676479,2144.02991299639,-2608.92404568218,531.029125029942,-65.5884244040203,421.454384882881,0,-1207.6348442304,782.160754271842,1601.21313448151,-221.760456613037,0,0,0,-1042.75260142287,0,-2092.46221852848,-489.264285191843,0,-746.266935686805,-1635.68112809187,-2883.79979734228,1088.47096569092,0,-152.446579025655,1473.61170627222,303.628511656086,0,0,299.726835567182,0,0,297.119869768977,763.38172098202,541.226606982758,256.846400947916,0,8616.64871902568,0,-1054.64611725155,0,0,0
0,0,0,0,0,0,0,0,0,0,0,0,0,0,0,0,0,0,0,0,0,0,0,0,0,0,0,0,0,0,0,0,0,0,0,0,0,0,0,0,0,0,0,0,0,0,0,0,0,0,0,0,0,0,0,0.0342361824983857,0,0,0,0
1398.44244817489,80.2506901893706,0,-415.353221214802,489.917448714181,1472.84786943337,-419.936541476643,0,0,-359.73543981664,0,0,0,0,0,0,1025.71853943635,-1418.00100047113,-2161.4445739296,-712.372508382289,1172.95478407063,-2549.58996915527,-201.538750976507,0,-1265.76982943079,279.354486557297,517.538470932391,1515.62564731745,0,0,0,1842.41646752975,0,560.705391835587,-512.011965192061,0,1123.52466181894,-713.446727612111,391.667432771758,190.377697312792,0,644.438339027125,-845.885083049071,318.941970453359,0,0,317.505029606558,0,0,-1048.51126253736,-276.599647223748,561.190318812995,-1150.31846578489,0,-1054.64611725155,0,9443.01617256097,0,0,0
0,0,0,0,0,0,0,0,0,0,0,0,0,0,0,0,0,0,0,0,0,0,0,0,0,0,0,0,0,0,0,0,0,0,0,0,0,0,0,0,0,0,0,0,0,0,0,0,0,0,0,0,0,0,0,0,0,0.019222778862994,0,0
0,0,0,0,0,0,0,0,0,0,0,0,0,0,0,0,0,0,0,0,0,0,0,0,0,0,0,0,0,0,0,0,0,0,0,0,0,0,0,0,0,0,0,0,0,0,0,0,0,0,0,0,0,0,0,0,0,0,0.0348904011597458,0
0,0,0,0,0,0,0,0,0,0,0,0,0,0,0,0,0,0,0,0,0,0,0,0,0,0,0,0,0,0,0,0,0,0,0,0,0,0,0,0,0,0,0,0,0,0,0,0,0,0,0,0,0,0,0,0,0,0,0,0.0116938849174162
