0.242331269055134,-0.00306677709635863,0.00335716714104901,-0.0173931100664283,-0.0169574250991397,-0.0278960401284434,-0.0312220281974958,-0.0320872606136962,-0.000579489358543947,-0.0517792866779384,-0.0362223924398071,-0.0383794252154485,-0.00634877000984741,-0.0406796149655162,-0.000675477879887548,-0.0471987060321268,-0.0551489737046297,-0.0120760915112964,-0.00604077104576179,-0.0358307742664421,-0.0124458112233032,-0.0391586696727638,-0.0129817093707687,-0.00986005325363787,-0.000855205150539449
-0.00306677709635863,0.0391503540191587,0.00631582408597144,0.0188971574801134,0.0178326756291693,0.0139821484224987,0.0193757762522962,0.0111578277721286,0.0133220155053027,0.0117987029331349,-0.00257861305699194,0.0108661814684805,0.000377884001721715,0.014596168841585,0.00675887052729892,0.00993164601534346,-0.010412422085357,-0.00122315737554702,-0.000317901337622579,0.0018857742193722,-0.00521382501125591,0.00764714940477215,0.000838310937923124,-0.000985266413116651,-0.00485908649173954
0.00335716714104901,0.00631582408597144,0.0246690746337132,0.00622681100036062,0.0093809029658408,0.00430931803090791,0.00656324875798153,0.00372930666646958,0.00923207795665631,-0.00261015831416932,0.00368848704228536,0.000344135852572665,-0.00521131434265635,0.00891235494527473,0.00174481344531907,0.00107611207855172,-0.000970044211070148,0.00577311542351104,0.00275917834112054,-0.00289865383952448,0.00273000932432516,-0.00301478753172251,0.00164236693276823,-0.00390971063946316,-0.00255014798192239
-0.0173931100664283,0.0188971574801134,0.00622681100036062,0.0387239476458792,0.0167050797700957,0.0335987518448269,0.0437622537991596,0.039738659534517,0.0343581993187537,0.0265810479607488,0.0232500243490183,0.0347307626537075,0.00650661619210212,0.0329141742211553,0.0134046380653879,0.0432571637752838,0.0189664185121529,0.0214326052658722,-0.003499526531376,0.0275132891203007,0.005833380661304,0.0303030491912266,0.00113063004806194,-0.000512226971218243,-0.0146266633973253
-0.0169574250991397,0.0178326756291693,0.0093809029658408,0.0167050797700957,0.0481927031239921,0.0223423445212766,0.030064997463049,0.0192447662491121,0.0125103062252171,0.0123430458235141,0.0143717756831651,0.00752920640586744,-0.00283174289133242,0.0122766027104746,0.0225289916008938,0.00585686126869872,0.00208989946953448,0.0065118543261034,-0.00586534540684256,0.0207942436947475,-0.00600213699308916,0.0137797633231289,0.00534031543910098,0.00152344824905149,0.00989659071195066
-0.0278960401284434,0.0139821484224987,0.00430931803090791,0.0335987518448269,0.0223423445212766,0.126524713860632,0.0808335853957048,0.045548823434156,0.0603866130074967,0.0400781744630047,0.0466991240554366,0.0478684871502408,0.00103471508792603,0.0182840207374358,-0.00268872812033784,0.0458512508269666,0.0279555864592862,0.0272367969376846,0.0129177106526634,0.0487881643737817,0.00627284220932902,0.040871370548358,0.00440692755319194,0.00136991955990609,0.00374146703199119
-0.0312220281974958,0.0193757762522962,0.00656324875798153,0.0437622537991596,0.030064997463049,0.0808335853957048,0.137938176096761,0.0642464887260063,0.0674885487878003,0.045154174090485,0.0527295851127284,0.0565528156214559,0.018429723019669,0.0407243585024015,0.0156311643365429,0.0356621510279103,0.022067268307481,0.0366033291090965,-0.0019511294774968,0.0571162026625832,0.0162664650464263,0.0477730274961233,0.0014033730169701,-0.0149495515718349,-0.00494345340443404
-0.0320872606136962,0.0111578277721286,0.00372930666646957,0.039738659534517,0.0192447662491121,0.045548823434156,0.0642464887260063,0.108884181572013,0.0556323217587566,0.0527468882208454,0.0456711546990084,0.0349130849410924,0.00598169686362592,0.0508686307145318,0.0248052780089274,0.0463366284170866,0.025249153504982,0.0422704399764941,-0.00645163465322926,0.0411773477944187,0.00343948495185131,0.0420431275401607,-0.00188323634992821,-0.00268977234556691,-0.0273209103390997
-0.000579489358543947,0.0133220155053027,0.00923207795665631,0.0343581993187537,0.0125103062252171,0.0603866130074967,0.0674885487878003,0.0556323217587566,0.110153514077309,0.0341314906970654,0.0412807760966256,0.0377395274701939,0.00114326514897604,0.0278610448689659,0.0125100833392507,0.0551316505264698,0.0224379651898527,0.0359955860868812,0.000274320929535895,0.0625917159031443,0.0127850842831116,0.0313011040488211,0.00137142997178411,4.26932758559433e-05,-0.020108605926633
-0.0517792866779384,0.0117987029331349,-0.00261015831416932,0.0265810479607488,0.0123430458235141,0.0400781744630047,0.045154174090485,0.0527468882208454,0.0341314906970654,0.11441232569397,0.0436425081671382,0.0461552513959334,0.02692583872497,0.0382869018017901,-0.00746237603005971,0.0564206756414602,0.0480326151483303,0.0193424790067361,-0.0053701807967752,0.0180893620916301,-0.00276428972233231,0.028440353063448,0.000902809489978592,-0.000403919722892354,-0.000579249182542932
-0.0362223924398071,-0.00257861305699194,0.00368848704228536,0.0232500243490183,0.0143717756831651,0.0466991240554366,0.0527295851127284,0.0456711546990084,0.0412807760966256,0.0436425081671382,0.104033173122583,0.0514036094457346,0.00733040151993433,0.0322848473636192,0.0317774876923547,0.0718427153355109,0.0543176000426312,0.0263032639728264,-0.00992193414460448,0.0135614227393612,0.00356845340495988,0.0309907166498359,0.000899968607095843,0.00176946726163319,-0.0225009858225952
-0.0383794252154485,0.0108661814684805,0.000344135852572665,0.0347307626537075,0.00752920640586744,0.0478684871502408,0.0565528156214559,0.0349130849410924,0.0377395274701939,0.0461552513959334,0.0514036094457346,0.110697434671952,0.00560880184665058,0.0240782708493719,0.0205553224509646,0.069278078545634,0.0607769015206122,0.0209762342309221,-0.00296723881122248,0.0247075303690104,0.00872207587169493,0.0407015643966359,-0.00085857925209001,0.000827111856372639,-0.00659296864461573
-0.0063487700098474,0.000377884001721715,-0.00521131434265635,0.00650661619210212,-0.00283174289133242,0.00103471508792603,0.018429723019669,0.00598169686362593,0.00114326514897604,0.02692583872497,0.00733040151993433,0.00560880184665058,0.0880168726876086,0.00590775156592781,0.00886352044902497,0.00854390711292341,0.0025557060532909,9.7016709729381e-07,-0.021394750180951,0.00754388241587722,0.0049420344588958,-0.00773080916675105,0.00140478223772521,-0.00867473259244114,0.000603405144399334
-0.0406796149655162,0.014596168841585,0.00891235494527473,0.0329141742211553,0.0122766027104746,0.0182840207374358,0.0407243585024015,0.0508686307145318,0.0278610448689659,0.0382869018017901,0.0322848473636192,0.0240782708493719,0.00590775156592781,0.184610739514638,0.0394500261231231,0.0721691403318259,0.0113326153021281,0.0384771375743702,-0.0336558084597077,0.0330382847039274,0.019159904265525,0.0217510394863534,0.0118958432977985,0.000213794657369305,-0.022583738711384
-0.000675477879887548,0.00675887052729892,0.00174481344531907,0.0134046380653879,0.0225289916008938,-0.00268872812033784,0.0156311643365429,0.0248052780089274,0.0125100833392507,-0.00746237603005971,0.0317774876923547,0.0205553224509646,0.00886352044902497,0.0394500261231231,0.115133972638793,-0.0202201223818252,-0.0112403319761238,0.0222109085529579,-0.0874239051858963,-0.000736616472222271,0.018328570486125,0.0207515668517474,0.0065291579219284,0.000854520240986546,-0.0693599174320727
-0.0471987060321268,0.00993164601534346,0.00107611207855172,0.0432571637752838,0.00585686126869872,0.0458512508269666,0.0356621510279103,0.0463366284170866,0.0551316505264698,0.0564206756414602,0.0718427153355109,0.069278078545634,0.00854390711292341,0.0721691403318259,-0.0202201223818252,0.21037072274485,0.0610097710264343,0.0348573444568094,0.0064411260434391,0.0130438441880409,0.0158470683429747,0.0117476478632807,0.000140168971998108,0.0140914194365754,-0.00329402661544661
-0.0551489737046297,-0.010412422085357,-0.000970044211070148,0.0189664185121529,0.00208989946953448,0.0279555864592862,0.022067268307481,0.025249153504982,0.0224379651898527,0.0480326151483303,0.0543176000426312,0.0607769015206122,0.0025557060532909,0.0113326153021281,-0.0112403319761238,0.0610097710264343,0.119317018058074,0.0144114177139284,0.00743778264253515,0.00860809878019711,-0.00283682910748459,0.0379031983525406,0.00156009442682241,0.00293759197559836,0.00519900424389118
-0.0120760915112964,-0.00122315737554702,0.00577311542351104,0.0214326052658722,0.0065118543261034,0.0272367969376846,0.0366033291090965,0.0422704399764941,0.0359955860868812,0.0193424790067361,0.0263032639728264,0.0209762342309221,9.7016709729381e-07,0.0384771375743702,0.0222109085529579,0.0348573444568094,0.0144114177139284,0.0395211379659902,-0.000857063771755214,0.0211790237522003,0.00993651502933203,0.026586297342151,-0.00187954960512118,-0.00113968831474923,-0.0132979268521068
-0.00604077104576179,-0.000317901337622579,0.00275917834112054,-0.003499526531376,-0.00586534540684256,0.0129177106526634,-0.0019511294774968,-0.00645163465322926,0.000274320929535895,-0.0053701807967752,-0.00992193414460448,-0.00296723881122248,-0.021394750180951,-0.0336558084597077,-0.0874239051858963,0.0064411260434391,0.00743778264253515,-0.000857063771755214,0.122954801924632,0.00561584753318734,-0.0279285300102901,0.00904554300434575,-0.0116126405280773,0.0111853680321903,0.0974140777961937
-0.0358307742664421,0.0018857742193722,-0.00289865383952448,0.0275132891203007,0.0207942436947475,0.0487881643737817,0.0571162026625833,0.0411773477944187,0.0625917159031443,0.0180893620916301,0.0135614227393612,0.0247075303690104,0.00754388241587722,0.0330382847039274,-0.000736616472222271,0.0130438441880409,0.00860809878019711,0.0211790237522003,0.00561584753318734,0.154180781729138,0.00812582683406216,0.0493755671454829,0.00213791123794144,0.00286853641439738,-0.0226284716074669
-0.0124458112233032,-0.00521382501125591,0.00273000932432516,0.005833380661304,-0.00600213699308916,0.00627284220932902,0.0162664650464263,0.00343948495185131,0.0127850842831116,-0.00276428972233231,0.00356845340495988,0.00872207587169492,0.0049420344588958,0.019159904265525,0.018328570486125,0.0158470683429747,-0.00283682910748459,0.00993651502933203,-0.0279285300102901,0.00812582683406216,0.0372411253510787,0.00768838165549019,-0.00255761763906576,-0.00306050470814412,-0.0323595744971975
-0.0391586696727638,0.00764714940477216,-0.00301478753172251,0.0303030491912266,0.0137797633231289,0.040871370548358,0.0477730274961232,0.0420431275401607,0.0313011040488211,0.028440353063448,0.0309907166498359,0.0407015643966359,-0.00773080916675105,0.0217510394863534,0.0207515668517474,0.0117476478632807,0.0379031983525406,0.026586297342151,0.00904554300434575,0.0493755671454829,0.00768838165549019,0.123298221695169,-0.00111736215763007,0.00595391922896436,0.0125268323128295
-0.0129817093707687,0.000838310937923124,0.00164236693276823,0.00113063004806194,0.00534031543910098,0.00440692755319194,0.0014033730169701,-0.00188323634992821,0.00137142997178411,0.000902809489978592,0.000899968607095843,-0.00085857925209001,0.00140478223772521,0.0118958432977985,0.0065291579219284,0.000140168971998108,0.00156009442682241,-0.00187954960512118,-0.0116126405280773,0.00213791123794144,-0.00255761763906576,-0.00111736215763007,0.0161618182834598,-0.000272921828282708,-0.00380158290207588
-0.00986005325363787,-0.000985266413116651,-0.00390971063946316,-0.000512226971218243,0.00152344824905149,0.00136991955990609,-0.0149495515718349,-0.00268977234556691,4.26932758559433e-05,-0.000403919722892354,0.00176946726163319,0.000827111856372639,-0.00867473259244114,0.000213794657369305,0.000854520240986546,0.0140914194365754,0.00293759197559836,-0.00113968831474923,0.0111853680321903,0.00286853641439738,-0.00306050470814412,0.00595391922896436,-0.000272921828282707,0.0212770284817697,0.00919581985575546
-0.000855205150539449,-0.00485908649173954,-0.00255014798192239,-0.0146266633973253,0.00989659071195067,0.00374146703199119,-0.00494345340443404,-0.0273209103390997,-0.020108605926633,-0.000579249182542932,-0.0225009858225952,-0.00659296864461573,0.000603405144399334,-0.022583738711384,-0.0693599174320726,-0.00329402661544661,0.00519900424389118,-0.0132979268521068,0.0974140777961937,-0.0226284716074669,-0.0323595744971975,0.0125268323128295,-0.00380158290207588,0.00919581985575545,0.235827664399093
