0.0657896169848582,0.0188471208875334,0.0509282045784465,-0.00130929484843477,-0.0113879446978876,0.000360110910789729,-0.00142717187999811,0.000356076791949582,-0.00286810145519715,-0.00128259831082763,-0.00378220580346059,-0.0016866980784632,-0.0021852227079908,-0.0037823861846638,0.0014696276398232,0.00404461446494144,-0.0227402754288004,-0.0318562472120328,-0.018231545407215,-0.0122329241222145,0.0105626203473949,-0.015175147699827
0.0188471208875334,0.0312724455917531,0.00551991816844507,-0.00173022621993179,-0.00524442809384727,-0.00184339295836973,-0.0027846538480284,-0.00184344768223945,-0.00423356235700696,-0.00274855905476807,-0.00548963835160199,-0.00402720343150665,-0.00193338895248123,-0.00549028194757359,0.000499599290351455,0.00216072430913965,-0.00508170477683108,-0.0237050537859804,-0.00348076094284646,-0.000423329333278357,0.0085903045449542,-0.00370604069524646
0.0509282045784465,0.00551991816844508,0.0777114897032292,-0.00922990793270235,-0.0143921401127387,-0.0066492035700981,-0.00736039734879863,-0.00665104157069706,-0.00919990967265834,-0.00720236091772639,-0.0102061246162176,-0.00581777241020623,-0.00612416967276693,-0.0102019676683825,-0.00407225851490874,0.0105425898171953,-0.0303197721668059,-0.0175502755597298,-0.0272287227535541,-0.0156026774259899,0.00373565687164094,-0.0231061233537945
-0.00130929484843477,-0.00173022621993179,-0.00922990793270235,0.0170300593347714,0.0127587074939847,0.01531201843579,0.0159036543382573,0.0153082752551977,0.0154020010218183,0.0158140063978272,0.015715869623581,0.01395923370822,0.0121486834480588,0.0157123911954663,0.00957739488909182,-0.0160298106738241,0.00982091495092606,0.00513261398017594,0.0193264190173217,0.0124644639469089,0.0107987842716768,0.0177330105180652
-0.0113879446978876,-0.00524442809384727,-0.0143921401127387,0.0127587074939847,0.0120397190467171,0.0112007038678603,0.0121338355278882,0.0111977725906989,0.011257540065065,0.011280053739686,0.0117224070927697,0.0102330501261366,0.00859250520684681,0.0117200730357624,0.00624990053530616,-0.01177061829773,0.0117878506581138,0.00943414352091688,0.0177548362445034,0.0116423557812381,0.00515485398365631,0.0161048033740835
0.000360110910789729,-0.00184339295836973,-0.0066492035700981,0.01531201843579,0.0112007038678603,0.0140991725691079,0.0141795435932989,0.0140958750779535,0.0139245672109284,0.0142564934289241,0.0143641983187605,0.0126103120805951,0.0107494795167767,0.0143610749781093,0.00879484978899621,-0.0144947093790104,0.00841913660743647,0.00381371017844681,0.0163906959439845,0.00992340932222824,0.00985573495504268,0.0147646597577225
-0.00142717187999811,-0.0027846538480284,-0.00736039734879863,0.0159036543382573,0.0121338355278882,0.0141795435932989,0.0159754214170554,0.0141765080112422,0.0155307440500393,0.0161038848534089,0.0157771918643776,0.0149810354404652,0.0124202075513606,0.0157737857451331,0.00866868914817193,-0.0160914078865551,0.00832093871637412,0.0083009201335743,0.0188543704239494,0.0125867338391303,0.00959161298359002,0.0181825288737026
0.000356076791949582,-0.00184344768223945,-0.00665104157069706,0.0153082752551977,0.0111977725906989,0.0140958750779535,0.0141765080112422,0.0140925964026114,0.0139245576298774,0.0142552262355852,0.0143644560949964,0.0126107078699231,0.0107488784544174,0.0143613311539894,0.00879285165511918,-0.0144939006807751,0.00842476128048705,0.00381145644155181,0.0163900457182091,0.00992748656620369,0.00985283380330713,0.0147644547943283
-0.00286810145519715,-0.00423356235700696,-0.00919990967265834,0.0154020010218183,0.011257540065065,0.0139245672109284,0.0155307440500393,0.0139245576298774,0.0246276682978305,0.0227287260767836,0.026903994387622,0.0231922796671856,0.0177591145463894,0.0268971294100659,0.0102714498939401,-0.023901394030816,0.0161989854037101,0.00522211278608461,0.021530591678111,0.0171766112594898,0.015155887750127,0.0206546144972431
-0.00128259831082763,-0.00274855905476807,-0.00720236091772639,0.0158140063978272,0.011280053739686,0.0142564934289241,0.0161038848534089,0.0142552262355852,0.0227287260767836,0.0218760256746017,0.0243722850400255,0.0216004950436267,0.0170838602489736,0.0243660749636725,0.0103229802965912,-0.0226530226750149,0.0136865637472449,0.00535736027341069,0.0204103612873905,0.0164479502911417,0.0145572228133943,0.0197213673778154
-0.00378220580346059,-0.00548963835160199,-0.0102061246162176,0.015715869623581,0.0117224070927697,0.0143641983187605,0.0157771918643776,0.0143644560949964,0.026903994387622,0.0243722850400255,0.0302583406743985,0.025022241905517,0.018341205801717,0.0302508047188882,0.0106273403002326,-0.0258394700102254,0.0182661182123391,0.00546368408049884,0.0218169543010749,0.0170440537263302,0.014980755197106,0.0208322889220714
-0.0016866980784632,-0.00402720343150665,-0.00581777241020623,0.01395923370822,0.0102330501261366,0.0126103120805951,0.0149810354404652,0.0126107078699231,0.0231922796671856,0.0216004950436267,0.025022241905517,0.0228511486859471,0.0170757119928636,0.0250159115003142,0.0091775285498545,-0.0223896059663481,0.0134241669934709,0.0068891349869009,0.0201849983729877,0.0162429935572242,0.0143665191325689,0.0200337151874386
-0.0021852227079908,-0.00193338895248123,-0.00612416967276693,0.0121486834480588,0.00859250520684681,0.0107494795167767,0.0124202075513606,0.0107488784544174,0.0177591145463894,0.0170838602489736,0.018341205801717,0.0170757119928636,0.0146325785674493,0.0183364163490051,0.00783299551407201,-0.0183694578006203,0.0113265470436674,0.00493769091724632,0.0170436454546699,0.0148760073734917,0.0128113375548554,0.0170461180418922
-0.0037823861846638,-0.00549028194757359,-0.0102019676683825,0.0157123911954663,0.0117200730357624,0.0143610749781093,0.0157737857451331,0.0143613311539894,0.0268971294100659,0.0243660749636725,0.0302508047188882,0.0250159115003142,0.0183364163490051,0.0302432733363732,0.0106243803226852,-0.0258341063900846,0.0182576185038611,0.00546667863327221,0.021811780780764,0.0170387832582139,0.0149782969761156,0.0208274698903561
0.0014696276398232,0.000499599290351455,-0.00407225851490874,0.00957739488909181,0.00624990053530616,0.00879484978899621,0.00866868914817192,0.00879285165511918,0.0102714498939401,0.0103229802965912,0.0106273403002326,0.0091775285498545,0.00783299551407201,0.0106243803226852,0.00710166051802747,-0.0117821554822297,0.00875442565937365,-0.00194443101511406,0.0113819631880698,0.00879649844177964,0.00967803157197738,0.00938924636540024
0.00404461446494144,0.00216072430913965,0.0105425898171953,-0.0160298106738241,-0.01177061829773,-0.0144947093790104,-0.0160914078865551,-0.0144939006807751,-0.023901394030816,-0.0226530226750149,-0.0258394700102254,-0.0223896059663481,-0.0183694578006203,-0.0258341063900846,-0.0117821554822297,0.0331225684542635,-0.0234336034481076,-0.00194564246369967,-0.0264981761541883,-0.0213812896330357,-0.0222820151247009,-0.0241547097702091
-0.0227402754288004,-0.00508170477683108,-0.0303197721668059,0.00982091495092606,0.0117878506581138,0.00841913660743647,0.00832093871637412,0.00842476128048705,0.0161989854037101,0.0136865637472449,0.0182661182123391,0.0134241669934709,0.0113265470436674,0.0182576185038611,0.00875442565937365,-0.0234336034481076,0.0564123520308579,-0.00647673113473543,0.0276910186260741,0.0208976326780985,0.00472931233684459,0.0225748740325561
-0.0318562472120328,-0.0237050537859804,-0.0175502755597298,0.00513261398017594,0.00943414352091688,0.00381371017844681,0.0083009201335743,0.00381145644155181,0.00522211278608461,0.00535736027341069,0.00546368408049884,0.0068891349869009,0.00493769091724632,0.00546667863327221,-0.00194443101511406,-0.00194564246369967,-0.00647673113473543,0.0498615377671854,0.00800144192622965,0.00370935261092771,-0.0108387666750685,0.0117842211426888
-0.018231545407215,-0.00348076094284645,-0.0272287227535541,0.0193264190173217,0.0177548362445034,0.0163906959439845,0.0188543704239494,0.0163900457182091,0.021530591678111,0.0204103612873905,0.0218169543010749,0.0201849983729877,0.0170436454546699,0.021811780780764,0.0113819631880698,-0.0264981761541883,0.0276910186260741,0.00800144192622965,0.0408438388121737,0.0268655713727596,0.0170736861397534,0.0356984814528682
-0.0122329241222145,-0.000423329333278357,-0.0156026774259899,0.0124644639469089,0.0116423557812381,0.00992340932222824,0.0125867338391303,0.0099274865662037,0.0171766112594898,0.0164479502911417,0.0170440537263302,0.0162429935572242,0.0148760073734917,0.0170387832582139,0.00879649844177964,-0.0213812896330357,0.0208976326780985,0.00370935261092771,0.0268655713727596,0.0406544828712134,0.0185867694217032,0.0242727721314763
0.0105626203473948,0.0085903045449542,0.00373565687164094,0.0107987842716768,0.00515485398365631,0.00985573495504268,0.00959161298359002,0.00985283380330713,0.015155887750127,0.0145572228133943,0.014980755197106,0.0143665191325689,0.0128113375548554,0.0149782969761156,0.00967803157197738,-0.0222820151247009,0.00472931233684459,-0.0108387666750685,0.0170736861397534,0.0185867694217032,0.0368488792451369,0.0156416277301384
-0.015175147699827,-0.00370604069524646,-0.0231061233537945,0.0177330105180652,0.0161048033740835,0.0147646597577225,0.0181825288737026,0.0147644547943283,0.0206546144972431,0.0197213673778154,0.0208322889220714,0.0200337151874386,0.0170461180418922,0.0208274698903561,0.00938924636540024,-0.0241547097702091,0.0225748740325561,0.0117842211426888,0.0356984814528682,0.0242727721314763,0.0156416277301384,0.0340117107563039
