0.0403724678388016,0.00296676551508178,0.00847169800008549,-0.0040160865636975,-0.000827409201046547,0.00150681206712229,-0.00389659123813484,0.0190679057325779
0.00296676551508178,0.0245856299581871,0.00141250725038235,0.00118057963719728,0.0044731194574796,0.00370757586960565,0.0029009807745345,0.00675050226945826
0.00847169800008548,0.00141250725038235,0.0260030652256878,0.00566196290241598,0.00130509657313522,0.00522347361587617,-0.0012896001859584,0.00389896341468264
-0.0040160865636975,0.00118057963719728,0.00566196290241598,0.0249341947198664,0.00894448787855821,0.00902122928904091,0.00495674602105971,-0.00541137800940414
-0.000827409201046547,0.0044731194574796,0.00130509657313522,0.00894448787855821,0.0121031309665313,0.00315367748418302,0.00447743111411032,0.000441240727973716
0.00150681206712229,0.00370757586960565,0.00522347361587617,0.00902122928904091,0.00315367748418302,0.0128979894676109,0.000175630256932946,-0.000447041273321716
-0.00389659123813484,0.0029009807745345,-0.0012896001859584,0.00495674602105971,0.00447743111411032,0.000175630256932946,0.0195060959624892,0.00237547661515514
0.0190679057325779,0.00675050226945825,0.00389896341468264,-0.00541137800940414,0.000441240727973716,-0.000447041273321716,0.00237547661515514,0.0315177010566628
