0.00490551582394794,-0.00211036183551586,-0.00189983542903067,-0.00071151866928689,-0.00133889984201321,-0.00231075569613177,-0.00251207594425413,-0.00486298748395433,0.00689028865342625,-0.00045945753873543
-0.00211036183551586,0.106696036222377,0.0685106713631368,0.0680441278255047,0.0488135623282266,0.0404247832083323,0.0815300129053212,0.0481851446956862,0.0530456547804828,0.0213105421333809
-0.00189983542903067,0.0685106713631368,0.118329336653685,0.107002758411268,0.0848865161509902,0.0637362283026375,0.111225505854283,0.0797327160711514,0.0843952144529729,0.0316821085420286
-0.000711518669286891,0.0680441278255047,0.107002758411268,0.115089694643835,0.0847179954791331,0.0592193703681145,0.113395183328501,0.0722138820330577,0.0830825161012657,0.0308773661649662
-0.00133889984201321,0.0488135623282266,0.0848865161509902,0.0847179954791331,0.109212250737925,0.0516071271121648,0.104269327862565,0.0613719683184942,0.0705697895278149,0.0336384699213458
-0.00231075569613177,0.0404247832083323,0.0637362283026375,0.0592193703681145,0.0516071271121648,0.0589522644542316,0.0591092794225062,0.0526988931989678,0.0565032270161428,0.0283514009783237
-0.00251207594425413,0.0815300129053213,0.111225505854283,0.113395183328501,0.104269327862565,0.0591092794225062,0.178121344637634,0.0915229083774952,0.0942946737602122,0.0413510456802818
-0.00486298748395433,0.0481851446956862,0.0797327160711514,0.0722138820330577,0.0613719683184942,0.0526988931989678,0.0915229083774952,0.0835733183705774,0.070900626253356,0.0257071643441621
0.00689028865342625,0.0530456547804828,0.0843952144529729,0.0830825161012657,0.0705697895278149,0.0565032270161428,0.0942946737602122,0.070900626253356,0.120282729190807,0.0293668524586658
-0.00045945753873543,0.0213105421333809,0.0316821085420286,0.0308773661649662,0.0336384699213458,0.0283514009783237,0.0413510456802818,0.0257071643441621,0.0293668524586658,0.0384043035293984
