0.0438759339112612,0.0071016631277296,0.00667206580035842,-0.00163438063519953,-0.0111404530864401,-0.000129790652266089,0.00765475203582907,0.0261252620765597
0.0071016631277296,0.0286451150285808,0.00521303170940548,0.00497064171763704,0.00748052864914692,0.00255502724927535,0.00498331855650258,0.00705530557500429
0.00667206580035842,0.00521303170940548,0.020947107686895,0.00636017344546759,0.00416297473918931,0.00583372622920489,0.00105673855668468,0.00865021760068516
-0.00163438063519953,0.00497064171763704,0.00636017344546759,0.0308274195270508,0.0119545315998096,0.0108088968042628,0.01286907754163,-0.0015224122197673
-0.0111404530864401,0.00748052864914692,0.00416297473918931,0.0119545315998096,0.0211577691398861,0.00589135437723257,0.00345911971205007,-0.00066593141029765
-0.000129790652266089,0.00255502724927535,0.00583372622920488,0.0108088968042628,0.00589135437723257,0.0141772136803823,0.00252707514696016,0.00160957969453727
0.00765475203582907,0.00498331855650257,0.00105673855668468,0.01286907754163,0.00345911971205007,0.00252707514696016,0.021637892775362,-0.000706034753914993
0.0261252620765597,0.00705530557500429,0.00865021760068516,-0.0015224122197673,-0.00066593141029765,0.00160957969453727,-0.000706034753914993,0.033568073695549
