0.052332482573597,-0.0317819251132403,0.0268281253152772,0.0169859993842265,-0.00165809105117865,-0.00808274769812951,0.0513785202043614,-0.0165165002418198,0.0133799127157872,0.0342137516908407,0.0267800907632682,0.00370194790923865,-0.0125353428106199
-0.0317819251132403,0.160660089606921,-0.0437899354920235,0.00171882199068076,0.00805709898526782,0.0621033677529918,-0.0340849036072043,0.0102860740729788,-0.0176263119349336,-0.00855780017208674,-0.019377522743262,-0.0281090773930228,0.0437268165591506
0.0268281253152772,-0.0437899354920235,0.0822355377081855,0.00785796541826085,-0.000927134426146444,0.00401197516024132,0.020692426547012,-0.0296441841272017,0.0545460084771731,0.0239738233533852,0.0392074746696582,0.0468621357025948,0.0324680619437693
0.0169859993842265,0.00171882199068076,0.00785796541826085,0.0310763677685051,0.00496662679336719,-0.00449773881797318,-0.0209332201758435,0.00460907110625516,-0.0119501348072136,0.00850232915892356,0.00905990362365111,-0.00181750720013882,0.00118148710146085
-0.00165809105117865,0.00805709898526782,-0.000927134426146444,0.00496662679336719,0.0263813454392987,0.0299938103393102,0.00493420006456232,0.00638510836281504,-0.0152144036403954,-0.00492993097807621,0.0104843611201926,0.00291756099941967,0.0526481490126197
-0.00808274769812951,0.0621033677529918,0.00401197516024132,-0.00449773881797318,0.0299938103393102,0.150150313373213,0.0128751098226797,0.0100717463796553,0.106885784792026,-0.0291470117516119,-0.00716168411863336,-0.0286058154709665,0.137077477352631
0.0513785202043614,-0.0340849036072043,0.020692426547012,-0.0209332201758435,0.00493420006456232,0.0128751098226797,0.256878633149868,-0.00353584482550169,-0.0414480461180202,-0.005181864576325,-0.059345057535888,-0.00927103809315123,-0.0367606612974186
-0.0165165002418198,0.0102860740729788,-0.0296441841272017,0.00460907110625516,0.00638510836281504,0.0100717463796553,-0.00353584482550169,0.0324420468067927,-0.027968273927436,-0.0293458903045707,-0.0273423335949078,-0.0385160489869448,-0.0116801132361625
0.0133799127157872,-0.0176263119349336,0.0545460084771731,-0.0119501348072136,-0.0152144036403954,0.106885784792026,-0.0414480461180202,-0.027968273927436,0.220164083075575,0.00296373157682668,0.0359627499992612,0.00526266463046213,0.0973814781894205
0.0342137516908407,-0.00855780017208674,0.0239738233533852,0.00850232915892356,-0.00492993097807621,-0.0291470117516119,-0.005181864576325,-0.0293458903045707,0.00296373157682668,0.0489700313256608,0.0497245355536088,0.021990044804455,-0.012694541683529
0.0267800907632682,-0.019377522743262,0.0392074746696582,0.00905990362365111,0.0104843611201926,-0.00716168411863336,-0.059345057535888,-0.0273423335949078,0.0359627499992612,0.0497245355536088,0.106234651356094,0.0384087359557894,0.0593512530154829
0.00370194790923865,-0.0281090773930228,0.0468621357025948,-0.00181750720013882,0.00291756099941967,-0.0286058154709665,-0.00927103809315123,-0.0385160489869448,0.00526266463046213,0.021990044804455,0.0384087359557894,0.0900507806541203,0.0507707664155232
-0.0125353428106199,0.0437268165591506,0.0324680619437693,0.00118148710146085,0.0526481490126197,0.137077477352631,-0.0367606612974186,-0.0116801132361625,0.0973814781894205,-0.012694541683529,0.0593512530154829,0.0507707664155232,0.229569960361229
