0.223494040393377,0.00902718694843698,0.00266639141585659,-0.00917990764049348,0.00681463195684963,0.00822512155659621,0.00309212459716306,0.0164272482113582,-0.00516117365451442,-0.00060087989839715,-0.0166086140423791,-0.00124461765735958,-0.00206539709565817,-0.000215601514628662
0.00902718694843698,0.0315783916172379,0.0060126027172181,0.0039481435003444,-0.00115065383962705,0.0034686041881982,0.00497959681894955,0.026210311125406,-0.0016347257867327,0.00159765880474135,0.00843423255315675,0.0037250107289909,-0.000842386328326973,0.00030959712884509
0.00266639141585659,0.0060126027172181,0.0305141272035303,0.00249717562778204,0.00216188533690427,-0.00113122842225245,0.00475603711588982,0.0277702406588178,0.0174731087443897,0.0031936049928276,0.00475399875822087,0.000671556913912412,-0.00412360238240722,0.000264011638850965
-0.00917990764049348,0.0039481435003444,0.00249717562778204,0.0518315101937819,0.011572814437652,0.00618901564585255,0.00190951768744335,0.010621930526565,0.0232368279536372,0.00311960137795916,0.0179526661839518,0.00272231164407863,-0.000830093701327632,0.000157579120403513
0.00681463195684963,-0.00115065383962705,0.00216188533690427,0.011572814437652,0.0852741531065967,0.0308995612253203,0.00685085846330312,0.0363312714146721,0.0316422095553396,0.0029359388045776,0.0148000509290329,0.00289857424689672,0.00190751291086456,0.000699025405330904
0.00822512155659621,0.0034686041881982,-0.00113122842225245,0.00618901564585255,0.0308995612253203,0.0646973468644853,0.00574355050872911,0.0334633027070746,0.00955191958974087,0.00416231111369255,0.00658005473249735,0.000896072280025664,0.000653788046461789,0.000385044834139547
0.00309212459716306,0.00497959681894955,0.00475603711588982,0.00190951768744335,0.00685085846330312,0.00574355050872911,0.0116166828897752,0.0193429673762387,0.0082809370943229,0.00183718085387279,0.0144525071566071,-0.00194190637299129,0.000894807543111173,0.000157793266002327
0.0164272482113582,0.026210311125406,0.0277702406588178,0.010621930526565,0.0363312714146721,0.0334633027070746,0.0193429673762387,0.256296051666879,0.0970894539375525,0.0131778882609445,0.0464642532559503,-0.0041167538171697,-0.00128082897562725,0.00111012522326843
-0.00516117365451442,-0.0016347257867327,0.0174731087443897,0.0232368279536372,0.0316422095553396,0.00955191958974087,0.0082809370943229,0.0970894539375525,0.233624904839497,0.0181001755705577,0.026446541791203,0.00842821536665863,-0.00401461138296288,0.000837945854618473
-0.00060087989839715,0.00159765880474135,0.0031936049928276,0.00311960137795916,0.0029359388045776,0.00416231111369255,0.00183718085387279,0.0131778882609445,0.0181001755705577,0.00324738515155373,0.00247578264807951,0.00117468088360316,-0.000326523490146586,0.000177563565927944
-0.0166086140423791,0.00843423255315676,0.00475399875822087,0.0179526661839518,0.0148000509290329,0.00658005473249735,0.0144525071566071,0.0464642532559502,0.026446541791203,0.00247578264807951,0.246936821966867,-0.00331938837291086,0.0135906144712841,5.8175532296233e-05
-0.00124461765735958,0.0037250107289909,0.000671556913912412,0.00272231164407863,0.00289857424689672,0.000896072280025664,-0.00194190637299129,-0.0041167538171697,0.00842821536665863,0.00117468088360316,-0.00331938837291086,0.0226383059441033,-0.00118052140357972,0.000185850512717519
-0.00206539709565817,-0.000842386328326973,-0.00412360238240722,-0.000830093701327632,0.00190751291086456,0.000653788046461789,0.000894807543111173,-0.00128082897562725,-0.00401461138296288,-0.000326523490146586,0.0135906144712841,-0.00118052140357972,0.0109683062479224,-0.000127486263865445
-0.000215601514628662,0.00030959712884509,0.000264011638850965,0.000157579120403513,0.000699025405330904,0.000385044834139547,0.000157793266002327,0.00111012522326843,0.000837945854618473,0.000177563565927944,5.8175532296233e-05,0.000185850512717519,-0.000127486263865445,0.000236117425228834
