0.050581785299995,0.0360736583785673,0.0137221417226292,0.0276739584025891,-0.00343827572141368,0.0100371875313082,0.0340525636449974,-0.0190934143006725,0.01254413704061,0.00383498257114134,0.0419709918993828,0.0499720934873034,0.0480505261391089
0.0360736583785673,0.156571101999969,-0.0354969496472979,0.0239330024097298,-0.0510354259249384,-0.019837302778071,-0.0504541482531022,0.0220941339179374,-0.00507116263623722,-0.0413925750342617,0.0342576189084332,0.0268197715116621,0.0696604250469456
0.0137221417226292,-0.0354969496472979,0.143937386394832,-0.0101141161357618,-0.0202489397569052,-0.0534701748209152,-0.0900826571804965,-0.0451606169771208,0.0789289348438835,0.0209242268796725,-0.00518120399243418,0.0616649172498133,0.11579519406443
0.0276739584025891,0.0239330024097298,-0.0101141161357618,0.0359082530099307,-0.000564027737942682,0.034918203158223,0.052018807356963,0.00792404277282152,-0.0336552619274341,0.00719830192460498,-0.00142731078216672,0.017542249310236,0.0255173509927438
-0.00343827572141368,-0.0510354259249384,-0.0202489397569052,-0.000564027737942682,0.0304311517396991,0.0212365628529541,0.0586896996579299,-0.00748395784547867,-0.00285192098865652,0.0169794233015836,-0.00160161718817326,-0.00933798878570126,-0.0420665015603807
0.0100371875313082,-0.019837302778071,-0.0534701748209151,0.034918203158223,0.0212365628529541,0.177249746441604,0.0645553973531634,0.0354906236592139,-0.00649690506371532,0.00978753492792009,0.0481390132718509,-0.0267612292047186,-0.0503902293034935
0.0340525636449974,-0.0504541482531022,-0.0900826571804965,0.052018807356963,0.0586896996579299,0.0645553973531634,0.240801395570593,0.00578095801799854,-0.1463089760071,0.0266497526275134,-0.0109486862152039,-0.0137902089631833,-0.10894248941379
-0.0190934143006725,0.0220941339179374,-0.0451606169771208,0.00792404277282152,-0.00748395784547867,0.0354906236592139,0.00578095801799854,0.0371902261466382,-0.0530415719110886,-0.0131950556464493,-0.02005956838634,-0.038985140843429,-0.0354535335876378
0.01254413704061,-0.00507116263623722,0.0789289348438835,-0.0336552619274341,-0.00285192098865652,-0.00649690506371532,-0.1463089760071,-0.0530415719110886,0.26865014615433,0.0202958788610978,0.0690637648166389,0.0701836910635819,0.136598938075514
0.00383498257114134,-0.0413925750342617,0.0209242268796725,0.00719830192460498,0.0169794233015836,0.00978753492792009,0.0266497526275134,-0.0131950556464493,0.0202958788610978,0.0238698051630476,-0.0149977793261834,0.0138144650834349,0.0191860067948027
0.0419709918993828,0.0342576189084332,-0.00518120399243418,-0.00142731078216672,-0.00160161718817326,0.0481390132718509,-0.0109486862152039,-0.02005956838634,0.0690637648166389,-0.0149977793261834,0.11309310435654,0.0319902253537743,-0.00404166392774772
0.0499720934873034,0.0268197715116621,0.0616649172498133,0.017542249310236,-0.00933798878570126,-0.0267612292047186,-0.0137902089631833,-0.038985140843429,0.0701836910635819,0.0138144650834349,0.0319902253537743,0.0751657888555518,0.105364226753292
0.0480505261391089,0.0696604250469456,0.11579519406443,0.0255173509927438,-0.0420665015603807,-0.0503902293034935,-0.10894248941379,-0.0354535335876378,0.136598938075514,0.0191860067948027,-0.00404166392774772,0.105364226753292,0.230029057285848
