0.0534956243342957,-0.018055954877659,0.0149733239407957,-0.0354547352365096,0.0196828228087451,-0.0123144732254839,-0.00720635626286541,0.00430254144808124,0.0153846800704147,0.00265638242869285,0.0184914802606875,-0.00713565810667554,-0.00346091926324165,-0.00883488096295502,0.043521025966976,-0.0122788247101489,0.0106221775414912
-0.018055954877659,0.0818293684195356,-0.000403512343580578,0.0721078263751593,0.0202838447077224,0.0483975227769471,0.0144579941607573,0.0617296686700066,0.0218203677047214,0.0324309626540481,0.0343218165659176,0.0371230359170192,0.0140662922106888,0.0529915848271677,0.0187294408884517,0.051002079105636,0.0185394945939662
0.0149733239407957,-0.000403512343580578,0.0528182731162717,-0.0349529820554848,0.0134318184463908,-0.0092955387176258,0.00534338760052595,0.0219075800213493,0.0214229746586472,0.007187117818705,0.0272162171184636,-0.0118700352109692,0.0214366634508175,-0.00716046425244725,0.0164915445485975,0.00393314371906898,0.0191315020844838
-0.0354547352365096,0.0721078263751593,-0.0349529820554848,0.0943183717727774,0.00387664096567773,0.041853596644841,0.0223024537672389,0.0346913304710895,0.00212453711228408,0.0183360724779293,0.0104987755363835,0.0379430400549728,0.00199071373874458,0.0377197303031678,-0.00670424496466849,0.042439039956837,-0.00647520528722356
0.0196828228087451,0.0202838447077224,0.0134318184463908,0.00387664096567773,0.0541401759105755,0.0138593616313995,0.021716239589136,-0.00120996476409754,0.0253906691992405,-0.00341741382860777,0.0328995174489568,-0.00922691001520896,0.0111883087386216,-0.00381416622727543,0.016638465389265,-0.00553702213071032,0.0132299484710138
-0.0123144732254839,0.0483975227769471,-0.0092955387176258,0.041853596644841,0.0138593616313995,0.0853439901409806,0.0222804002887182,0.0510322007860539,6.77656812350093e-05,0.045107521039364,0.0234047256890837,0.0473855337467738,0.0244331561969242,0.0665118440889841,0.00923691522557478,0.0425296747524138,0.0127510002970628
-0.00720635626286541,0.0144579941607573,0.00534338760052595,0.0223024537672389,0.021716239589136,0.0222804002887182,0.0843878550536928,-0.0169290357880644,0.0203345814326836,-0.0149062481680197,0.0332224032945162,-0.0229043132990798,0.0431346848734231,-0.0262616107749784,-0.00440280178192653,-0.00774009326589399,-0.00636654897811364
0.00430254144808124,0.0617296686700066,0.0219075800213493,0.0346913304710895,-0.00120996476409754,0.0510322007860539,-0.0169290357880644,0.107887120250692,0.00941413626944722,0.0548874642910105,0.0421545906323338,0.06457219557224,0.00273669073578508,0.0798226195669771,0.0374227615860721,0.0731238115168371,0.0240512733494372
0.0153846800704147,0.0218203677047214,0.0214229746586472,0.00212453711228408,0.0253906691992405,6.77656812350093e-05,0.0203345814326836,0.00941413626944722,0.0583561028744802,-0.00463029370926284,0.0265084523616224,-0.0255332476363352,0.01598896729722,-0.0114405563529831,0.0231238737062037,-0.0116852224714429,0.0179317132067788
0.00265638242869285,0.0324309626540481,0.007187117818705,0.0183360724779293,-0.00341741382860777,0.045107521039364,-0.0149062481680197,0.0548874642910105,-0.00463029370926284,0.0635798566153238,-0.00358243381919444,0.043796999189061,0.0130032878957365,0.0436429526380752,0.0196582121842929,0.0419888906274169,-0.00334834988355635
0.0184914802606875,0.0343218165659176,0.0272162171184636,0.0104987755363835,0.0328995174489568,0.0234047256890837,0.0332224032945162,0.0421545906323338,0.0265084523616224,-0.00358243381919444,0.0707088808179908,0.0102540922323812,0.0222635020543851,0.0241662053005913,0.0367816532581412,0.0217489778921218,0.0412027626918158
-0.00713565810667554,0.0371230359170192,-0.0118700352109692,0.0379430400549728,-0.00922691001520896,0.0473855337467738,-0.0229043132990798,0.06457219557224,-0.0255332476363352,0.043796999189061,0.0102540922323812,0.0718357237417779,-0.0114430608139107,0.0649880784172332,0.00684606259498198,0.0570765854272821,0.00662245351362476
-0.00346091926324165,0.0140662922106888,0.0214366634508175,0.00199071373874458,0.0111883087386216,0.0244331561969242,0.0431346848734231,0.00273669073578508,0.01598896729722,0.0130032878957365,0.0222635020543851,-0.0114430608139107,0.0604655345687394,-0.00900631401684026,0.012529275810923,-0.00902727410144234,0.0228544265205826
-0.00883488096295502,0.0529915848271676,-0.00716046425244725,0.0377197303031678,-0.00381416622727543,0.0665118440889841,-0.0262616107749784,0.0798226195669771,-0.0114405563529831,0.0436429526380752,0.0241662053005913,0.0649880784172332,-0.00900631401684026,0.0981859504869535,0.0225809994679265,0.063753114770864,0.0276592484689949
0.043521025966976,0.0187294408884517,0.0164915445485975,-0.00670424496466849,0.016638465389265,0.00923691522557478,-0.00440280178192653,0.0374227615860721,0.0231238737062037,0.0196582121842929,0.0367816532581412,0.00684606259498198,0.012529275810923,0.0225809994679265,0.0637498798342184,0.0114201565310487,0.0323425875271667
-0.0122788247101489,0.051002079105636,0.00393314371906898,0.042439039956837,-0.00553702213071032,0.0425296747524138,-0.00774009326589399,0.0731238115168371,-0.0116852224714429,0.0419888906274169,0.0217489778921218,0.0570765854272821,-0.00902727410144234,0.063753114770864,0.0114201565310487,0.0687430305691539,0.000468675868801694
0.0106221775414912,0.0185394945939662,0.0191315020844838,-0.00647520528722356,0.0132299484710138,0.0127510002970628,-0.00636654897811364,0.0240512733494372,0.0179317132067788,-0.00334834988355635,0.0412027626918158,0.00662245351362476,0.0228544265205826,0.0276592484689949,0.0323425875271667,0.000468675868801694,0.0629545561202039
