0.00045885350501528,-0.00119643721586601,-0.000308476886277534,-0.000635847558861101,-0.00132911629361903,-0.000176898325713193,-0.00165339649032264,-0.000752618918883804,-0.000506158194776671,1.14848380690425e-05
-0.00119643721586601,0.0928495970140687,0.060460647566909,0.0546889351341089,0.0499072254985705,0.0346748159045834,0.0758241854749761,0.04763455678898,0.0400984943979639,0.0192238481099624
-0.000308476886277534,0.060460647566909,0.115268082712904,0.0997584656558073,0.081549283209436,0.0621024134583578,0.0994015233233301,0.0703814150624163,0.0688401568763421,0.0285627064433081
-0.000635847558861101,0.0546889351341089,0.0997584656558073,0.10687963423249,0.0755640173288213,0.0586207241976023,0.0949500133463639,0.0689778347626875,0.0659888710082578,0.0267634854907564
-0.00132911629361903,0.0499072254985705,0.081549283209436,0.0755640173288213,0.112867875260727,0.0540030412098879,0.101159924731513,0.0663596950996141,0.0675923041055525,0.033707648442971
-0.000176898325713193,0.0346748159045834,0.0621024134583578,0.0586207241976023,0.0540030412098879,0.0593674148433975,0.0561511034343021,0.0433308197318369,0.0430261161065536,0.0203265995835062
-0.00165339649032264,0.0758241854749761,0.0994015233233301,0.0949500133463639,0.101159924731513,0.0561511034343021,0.171830105230468,0.0834617995025409,0.0637194234247112,0.0299499212981179
-0.000752618918883804,0.04763455678898,0.0703814150624163,0.0689778347626875,0.0663596950996141,0.0433308197318369,0.0834617995025409,0.0736708324020703,0.0574703516411781,0.022896869601876
-0.000506158194776671,0.0400984943979639,0.0688401568763421,0.0659888710082578,0.0675923041055525,0.0430261161065536,0.0637194234247112,0.0574703516411781,0.101469683142423,0.0282057419683354
1.14848380690425e-05,0.0192238481099624,0.0285627064433081,0.0267634854907564,0.033707648442971,0.0203265995835062,0.0299499212981179,0.022896869601876,0.0282057419683354,0.036147178491339
