0.0602087635149144,0.00186175115581741,0.0369939404026391,0.00063037365246938,0.0193596551610018,-0.00195351402162985,0.0127340791309447,-0.0219797389031733,0.0410754552598762,-0.0166279960476906,0.0382646805595803,-0.0188701625240585,0.0210938179820815,-0.0108272930590463,0.0274093502035718,-0.0111451903481265,0.0150965103940006
0.00186175115581741,0.0980757456688907,0.00753196460602568,0.0656808001796287,0.00528938380662267,0.0705555099424323,-0.000678703210166202,0.0386589420988428,0.0212695299330835,0.0514409645888371,-0.0189057223202868,0.047980687450099,0.0152502482881188,0.0462973609595502,0.00332438947082848,0.0529617912446549,0.0195772044331499
0.0369939404026391,0.00753196460602568,0.0721830419893655,-0.0217472275901589,0.0431704927742476,-0.0106868625385282,0.04401010332982,-0.0150874267867878,0.0277303195679328,-0.0191950105804817,0.0257785940579283,-0.0218389190186401,0.0453997550655875,-0.0248289036338978,0.0120634703233146,-0.0175679844231239,-0.00376711533389135
0.00063037365246938,0.0656808001796287,-0.0217472275901589,0.083598161481489,-0.0194309753933593,0.060042694208971,-0.0203945148561326,0.0623105124438825,-0.00235371186752091,0.0539521143702966,0.00040438878663987,0.0491718438709927,-0.00884732142774357,0.0618722292904559,0.0140098198447553,0.0550511718054086,0.014650692399753
0.0193596551610018,0.00528938380662267,0.0431704927742476,-0.0194309753933593,0.0664832690138303,0.0125746071414564,0.0364488939256836,-0.0200223925005877,0.0543051751265398,-0.00994556068661283,0.0325441525614759,-0.0147260120979089,0.0367333359393571,-0.0338076653903769,0.0275345454430126,-0.0197688478191507,0.00925369861838006
-0.00195351402162985,0.0705555099424323,-0.0106868625385282,0.060042694208971,0.0125746071414564,0.0810175127196922,-0.000505071366639075,0.0383076505138769,0.0258953276505705,0.0543543852761514,0.000597021627250686,0.0525167722391708,0.0108522430213773,0.0387816017959391,0.0116854058640691,0.0478664724876255,0.018329038239495
0.0127340791309447,-0.000678703210166202,0.04401010332982,-0.0203945148561326,0.0364488939256836,-0.000505071366639075,0.063116711646633,-0.0143585021070084,0.0137317704550514,-0.00809162141051655,0.02175263483978,-0.00739559542512031,0.0258520883621127,-0.018795865140311,0.0130402563605719,-0.0117438610697288,0.0149406781104859
-0.0219797389031733,0.0386589420988428,-0.0150874267867878,0.0623105124438825,-0.0200223925005877,0.0383076505138769,-0.0143585021070084,0.0885351773346677,-0.0214468340689282,0.0521386879400692,0.00904555123604174,0.0545118426147654,0.00605405647109408,0.0521229407556848,0.0117613862510139,0.0350386323328921,-0.0094398299252038
0.0410754552598763,0.0212695299330835,0.0277303195679328,-0.00235371186752091,0.0543051751265398,0.0258953276505705,0.0137317704550514,-0.0214468340689282,0.0821892209680735,-0.00671732262999119,0.0391906974347627,-0.00537855464608084,0.0344674656167866,-0.0224802267226789,0.046605417612303,-0.0167569109175896,0.0299345212722556
-0.0166279960476906,0.0514409645888371,-0.0191950105804817,0.0539521143702966,-0.00994556068661283,0.0543543852761514,-0.00809162141051655,0.0521386879400692,-0.00671732262999119,0.0790336763628853,0.00423492044424849,0.0682208706480226,0.0135865789355524,0.0420726661936398,-6.2319998791109e-05,0.0509647311235923,0.0191038420116712
0.0382646805595803,-0.0189057223202868,0.0257785940579283,0.00040438878663987,0.0325441525614759,0.000597021627250686,0.02175263483978,0.00904555123604174,0.0391906974347627,0.00423492044424849,0.0690443904474456,-0.00133757495305729,0.0347033326675047,-0.0193649208541591,0.0444316996312294,-0.0236101140669021,0.0177875292068032
-0.0188701625240585,0.047980687450099,-0.0218389190186401,0.0491718438709927,-0.0147260120979089,0.0525167722391708,-0.00739559542512031,0.0545118426147654,-0.00537855464608084,0.0682208706480226,-0.00133757495305729,0.0704349860437518,0.00764042805361248,0.0484345385271248,0.00562883833225456,0.0498012258801014,0.0157876894123459
0.0210938179820815,0.0152502482881188,0.0453997550655875,-0.00884732142774357,0.0367333359393571,0.0108522430213773,0.0258520883621127,0.00605405647109408,0.0344674656167866,0.0135865789355524,0.0347033326675047,0.00764042805361248,0.0615656162406132,-0.0232864391269579,0.0198888238116182,-0.013448330036306,0.0169641074365072
-0.0108272930590463,0.0462973609595502,-0.0248289036338978,0.0618722292904559,-0.0338076653903769,0.0387816017959391,-0.018795865140311,0.0521229407556848,-0.0224802267226789,0.0420726661936398,-0.0193649208541591,0.0484345385271248,-0.0232864391269579,0.06847306245464,0.00393531101120853,0.0590107208083306,0.00558203461512276
0.0274093502035718,0.00332438947082848,0.0120634703233146,0.0140098198447553,0.0275345454430126,0.0116854058640691,0.0130402563605719,0.0117613862510139,0.046605417612303,-6.2319998791109e-05,0.0444316996312294,0.00562883833225456,0.0198888238116182,0.00393531101120853,0.0586028674533514,-0.00442050951400666,0.0368232443424068
-0.0111451903481265,0.0529617912446549,-0.0175679844231239,0.0550511718054086,-0.0197688478191507,0.0478664724876255,-0.0117438610697288,0.0350386323328921,-0.0167569109175896,0.0509647311235923,-0.0236101140669021,0.0498012258801013,-0.013448330036306,0.0590107208083306,-0.00442050951400666,0.0667212859688343,0.0131977719025103
0.0150965103940006,0.0195772044331499,-0.00376711533389135,0.014650692399753,0.00925369861838006,0.018329038239495,0.0149406781104859,-0.0094398299252038,0.0299345212722556,0.0191038420116712,0.0177875292068032,0.0157876894123459,0.0169641074365072,0.00558203461512276,0.0368232443424068,0.0131977719025103,0.0674417229002502
