0.0321261329489488,0.00463074715240896,0.00435948075023082,-0.00226743991642733,0.000927104847771222,-0.000992943492468414,-0.0021192376448302,0.0206281339611997
0.00463074715240896,0.0232150045472995,0.00486728320549679,-0.00187111584846432,0.00514110901377868,0.0029557526499056,0.00278448457132015,0.00939052217208189
0.00435948075023082,0.00486728320549679,0.0207252862816443,0.00475839634320657,0.00265074888658361,0.00613369519559411,0.00161622534599164,0.0113576970766669
-0.00226743991642733,-0.00187111584846432,0.00475839634320657,0.024722467148321,0.010595682115021,0.00599204787665011,0.0031216296504741,-0.00213486105166776
0.000927104847771222,0.00514110901377868,0.0026507488865836,0.010595682115021,0.0165578408619985,0.00148074446587811,0.00352699075674877,0.00282089342499118
-0.000992943492468413,0.0029557526499056,0.00613369519559411,0.00599204787665011,0.00148074446587811,0.0126403852460129,0.00372964536527945,0.000717534630321417
-0.0021192376448302,0.00278448457132015,0.00161622534599164,0.0031216296504741,0.00352699075674877,0.00372964536527945,0.0179417330647636,0.00129239006523524
0.0206281339611997,0.00939052217208189,0.0113576970766669,-0.00213486105166776,0.00282089342499118,0.000717534630321417,0.00129239006523524,0.0400113386387991
