0.0403562001349187,0.00189673677196359,0.00260223648811399,-0.00165522350995198,-0.00457010807405711,-0.000590411350902851,0.00288509493902926,0.0255859404436308
0.00189673677196359,0.0299101165097742,0.0058845655206911,-0.00175471403919394,0.00737386901589876,0.00561648151960986,-0.00161457571964754,0.00987773492513643
0.00260223648811399,0.0058845655206911,0.0316849636645177,0.002058220285168,0.00250614058941922,0.000178549944966338,0.00527410203523759,0.00657205300391369
-0.00165522350995198,-0.00175471403919394,0.002058220285168,0.0260772136672,0.0109241503300461,0.00485826205542723,0.00422409073768718,-0.00292802619248717
-0.00457010807405711,0.00737386901589876,0.00250614058941922,0.0109241503300461,0.0164708387883338,0.00193808822251141,-0.000208050910476,-0.00224742944208561
-0.000590411350902851,0.00561648151960985,0.000178549944966338,0.00485826205542723,0.00193808822251141,0.0131978055469068,-0.000184006073950432,-0.00125172862595099
0.00288509493902926,-0.00161457571964754,0.00527410203523759,0.00422409073768718,-0.000208050910476,-0.000184006073950432,0.0157321821109701,-0.00089005587191094
0.0255859404436308,0.00987773492513643,0.00657205300391369,-0.00292802619248717,-0.00224742944208561,-0.00125172862595099,-0.00089005587191094,0.0416383305987522
