0.0194365905178498,0,0,0,0,0,0,0,0,0,0,0,0,0,0,0,0,0,0,0,0,0,0,0,0,0,0,0,0,0,0,0,0,0,0,0,0,0,0,0,0,0,0,0,0,0,0,0,0,0,0,0,0,0,0,0,0,0,0,0
0,2813.83826789054,-283.477962584171,-387.80978869763,319.553570535057,0,236.279863685489,0,1056.44221368374,145.447352014808,-657.900855382122,-709.249663798186,-80.7281438802475,-163.509569720556,-553.190943644634,676.460907790017,970.681842233498,-24.496799827905,-706.231889918114,59.0408130066629,64.0620969625399,0,-212.385067882579,-15.6466041578542,354.331322414424,368.967132473791,771.558282517374,0,-7.96139067088381,-82.6861621657455,-530.589430875184,-77.1419903806644,926.452305413719,1030.89274233093,-17.5197881233496,1058.36091411564,122.837654411114,715.228173821106,0,-332.144238886295,-362.822493682841,-186.578543771612,-480.141845155221,-205.280148656187,0,342.187638928071,-518.039244360485,703.779714038332,0,43.7423566102937,-176.886971390313,196.921288842322,-135.308860319271,-118.607437154478,-219.799674904709,615.408938550661,211.681842000099,69.5855307558027,-314.134832797454,22.4270661997791
0,-283.477962584171,2071.4397594815,323.269347945955,-358.795771303236,0,202.042137369354,0,406.834851442839,124.940613353525,105.92755311357,369.548419510239,-68.7480720149709,-138.629778638788,208.17675268754,-609.67709001487,-11.90345966157,790.15551965838,186.682806017912,-772.603269329632,-323.889791756742,0,522.823672110872,-14.0073990460392,-72.4096554296294,-80.5780392206165,-551.723421241897,0,-751.447294085977,-68.3903175744479,-787.057097048002,275.111354418863,795.508429703629,-1280.06534560591,-398.160421932081,542.809887611189,855.045795192887,-321.502030069129,0,-284.606765959509,287.288538335775,132.835880300021,195.487417547833,-174.511975898632,0,33.6791798384044,31.582841681766,605.833976062616,0,38.0796080006325,-151.631796775656,321.595505290118,103.515632322557,-373.274517523195,252.20569028793,-78.512866050408,-42.0084175819853,462.596926891724,177.296795466023,-131.661799193047
0,-387.80978869763,323.269347945955,1550.6290247419,-255.473580951977,0,-176.039841534793,0,-205.280017797597,-281.582548020543,479.486708520857,463.190792823415,368.343818773222,440.802322616434,706.518333378838,-59.7979288398991,489.975907234309,946.713789642991,303.977500240227,204.383770230765,-553.880324222684,0,550.952466350982,-191.22461729751,388.45412027073,-637.602679883346,-10.9939789674832,0,-595.102651328795,-296.695097796975,-272.497400201266,-871.683380629902,-644.402669060942,-678.76899167219,140.119524010205,-398.033844267191,625.862482558691,-459.540142955393,0,603.460586701698,109.117466415885,-548.579624689041,271.736336115971,-269.720634469661,0,367.897824369795,118.626472897147,-109.768638897581,0,340.614101857124,86.1739958003246,-45.5176626428018,169.009151344913,-475.101234146712,84.1173417988325,-512.075760886776,25.2163825037119,-59.1840200562308,-153.035084161279,-63.2551578877463
0,319.553570535057,-358.795771303236,-255.473580951977,3223.2860785543,0,-503.304382005106,0,42.7682590501443,-276.658845819197,28.802732082572,280.76867528751,506.688075051536,33.1262237484238,-407.489833079743,53.4391671166912,-156.880460174693,-779.338969558982,517.662591832679,-139.945990632856,-504.094967419279,0,-309.067683514931,-194.075769932216,-226.992592767826,628.092776360731,141.089474551786,0,-138.745269184461,-219.964365282949,-726.124066255101,544.932856478159,-341.040188160345,-21.305884552397,241.61385094759,49.4885205137528,1219.52444272908,-542.960063931493,0,169.554755802492,188.071096924902,1019.84750087733,110.745815322889,-363.133187720533,0,-85.5735675080321,485.032014242678,332.124246790026,0,276.3794527344,-261.779956528938,-256.532901833076,-231.788994812488,1337.76878369113,-551.364048318831,476.419359554352,-401.576882857923,-257.603836127972,-172.72211966886,-226.595312964418
0,0,0,0,0,0.0355664191835996,0,0,0,0,0,0,0,0,0,0,0,0,0,0,0,0,0,0,0,0,0,0,0,0,0,0,0,0,0,0,0,0,0,0,0,0,0,0,0,0,0,0,0,0,0,0,0,0,0,0,0,0,0,0
0,236.279863685489,202.042137369354,-176.039841534793,-503.304382005106,0,5370.21037569434,0,152.086039594896,-540.769528666917,-141.866199169036,-420.544418390564,-161.966958907683,-165.599564743588,-957.978287835134,-1386.87365677728,1965.52078274525,-875.612417268096,316.601367074358,654.618246373906,-285.36144880476,0,-31.1980201793173,1911.90658453092,-530.21927003527,2076.20131670362,1036.84007978998,0,670.45226600987,1065.18706713961,-747.3319858244,321.83779193291,263.589731248493,619.530581859366,488.424179950759,-226.009752374119,-1087.85964874129,-51.5710227999801,0,-438.177198673079,808.633245733646,498.351313639001,-521.50289289861,-14.1692083666823,0,787.844514592313,-642.931123248702,-107.228114557529,0,560.553726042325,-471.726962751569,158.016141902353,175.827586858576,-227.590003713888,150.905348506895,592.356949466286,650.9991697693,96.6848553157843,207.214712426166,-191.886806885725
0,0,0,0,0,0,0,0.0419049640854547,0,0,0,0,0,0,0,0,0,0,0,0,0,0,0,0,0,0,0,0,0,0,0,0,0,0,0,0,0,0,0,0,0,0,0,0,0,0,0,0,0,0,0,0,0,0,0,0,0,0,0,0
0,1056.44221368374,406.834851442839,-205.280017797597,42.7682590501443,0,152.086039594896,0,5348.04102909473,518.756743560136,-189.373370097004,-42.5685660152114,638.512649234242,505.794769920344,-128.197730749162,215.870640672852,65.5940323828258,693.761036403595,-1453.85253466661,-1219.49655822165,-348.055836015511,0,906.344664586506,1284.53099262089,983.372221011366,1350.67438793259,-216.512013917844,0,-465.363857632557,-585.172819175795,85.2732637925214,1174.3821455667,1079.3383239849,475.041774352025,902.780853022112,198.699996987299,-683.117973260003,1610.5083031877,0,1021.32863679636,701.722548170247,384.248562647479,-1010.69707655565,-105.453217360117,0,691.685376104593,-702.85999215473,583.352192038668,0,128.358678500652,-25.9372903152024,-114.844952542532,-1120.00219488946,-1079.92110651165,419.676862526286,210.528649893252,-354.920398207186,608.946125468985,-806.03867277757,189.319820922212
0,145.447352014808,124.940613353525,-281.582548020543,-276.658845819197,0,-540.769528666917,0,518.756743560136,4794.74134084903,98.5145708148427,-512.635689458132,739.038596442356,-273.391911893204,154.719564515872,-1005.36971103644,-106.137523481963,-2005.76058611394,168.622949813127,-1264.26530892948,565.825109180935,0,-328.794341525858,-641.631721878013,-751.065619295185,-250.685392665713,-919.040225187219,0,454.495768753684,-191.151144271476,676.647145275712,-219.76522581463,135.277132692253,-1493.35268521611,-721.746766363584,159.159338417909,-540.099010397887,806.126339624575,0,301.187296496098,-558.513522871278,87.235444195543,-236.371072320212,8.36129863150873,0,356.36533597316,679.190570971032,-312.530546798096,0,-383.101576286134,-531.263443916835,414.546336730453,421.288623232146,160.492571834882,3.4103905370787,-206.423408531718,548.195793692003,629.962681622234,186.849122244502,-240.356342664704
0,-657.900855382122,105.92755311357,479.486708520857,28.802732082572,0,-141.866199169036,0,-189.373370097004,98.5145708148427,5520.39809237022,-28.9842614977406,424.619677682097,582.625595659634,-87.9677789220969,143.395437436439,-359.87901167078,-686.426399391111,137.695652288146,-39.8002107297783,-235.031079450086,0,-56.1284676462237,-110.286695818167,-399.753723051714,1274.97108719578,-522.812792612028,0,1089.51684855178,-390.415469596772,-877.644872704489,-182.866929962988,-487.265286039106,318.058471263465,3502.85529108769,132.272241597753,944.812588490634,1076.19703649254,0,425.821000210202,465.93664156786,-290.453469625153,178.868166853024,627.874642690143,0,-21.3297709521293,-20.559984234103,-102.056145774424,0,-159.671640643967,-341.253869961607,634.664580133747,77.1338029687409,-717.779977599393,282.930859175321,-49.5456632898693,-659.866598234648,-351.157543555897,715.337031745447,-15.2537407077315
0,-709.249663798186,369.548419510239,463.190792823416,280.76867528751,0,-420.544418390564,0,-42.5685660152114,-512.635689458132,-28.9842614977406,8024.62629813443,-1101.49209705375,-509.606328287164,-827.062406790489,-51.1089218359216,-1123.90872547581,-675.541740366402,1384.89158638648,-362.265946968019,-865.092955072885,0,749.747824034037,201.282937736536,232.863698387196,1524.78369202698,831.573860236229,0,-309.309607072509,-446.109982331173,-1266.229681453,-558.934040282046,1132.32251220737,-859.087836828811,220.248984341992,-715.599230300999,-1702.63103245322,-956.410329696642,0,2151.65976981545,166.644535217679,905.296579650712,627.983413863647,-678.934155947827,0,719.378864000512,226.641630117216,455.230567630345,0,1323.91111052322,-467.018845838197,-1304.97823293916,775.711999015359,-45.1797263174634,300.068418480811,-117.328107463114,-1090.05269517228,-100.546877111466,856.935657470307,143.452556718518
0,-80.7281438802475,-68.7480720149709,368.343818773222,506.688075051536,0,-161.966958907683,0,638.512649234242,739.038596442356,424.619677682097,-1101.49209705375,8383.51464441687,263.661624552888,30.4315263235318,-1021.31258573837,1698.85848978104,-364.080753662356,-1729.41112589799,-664.746568283214,323.881032491348,0,-40.6287495615851,1771.3342778078,687.66457547185,-961.695206996288,-145.975658118097,0,174.551562662803,-641.114421501449,844.946933915638,-829.800196735786,-830.846835128521,-525.173161913692,-781.73161974154,-1609.10229395972,642.559827566618,-68.2810939125354,0,915.866211431448,2079.85236344694,-946.797096936156,-1195.09610637778,-461.816411841419,0,53.1210830385338,899.551249527491,801.421587543817,0,-716.234369604557,33.9570097711954,469.026941651749,-173.217925831254,-768.091497460159,189.684819412808,380.246509658355,-394.960650741338,482.156576712358,260.014984739531,-240.806966186091
0,-163.509569720556,-138.629778638788,440.802322616434,33.1262237484238,0,-165.599564743588,0,505.794769920344,-273.391911893204,582.625595659634,-509.606328287164,263.661624552888,4680.88171425516,-346.301620724549,-995.894255942362,-722.989979387865,2170.52217294941,743.493668609845,-43.4515920101355,-1100.76243850501,0,189.914263950629,-629.9522705404,-194.512247960113,-254.704216340954,-904.084468324916,0,454.901530919276,-185.628538963572,185.855750627706,788.571238789035,-807.665721624077,107.364049654695,-710.128440128571,155.428328545442,-532.27824003319,1711.55752242476,0,-103.904137288878,-110.950925399822,-341.108554765486,207.408356220665,7.15817802488184,0,-407.96462637189,-374.369057281795,454.413983621153,0,1160.67149682345,233.475620451956,186.179861000375,-550.81613754417,154.742454752674,3.27684115126134,384.442191003571,539.569479571499,-262.209371667742,835.932395893659,204.123617234679
0,-553.190943644634,208.17675268754,706.518333378838,-407.489833079743,0,-957.978287835134,0,-128.197730749162,154.719564515872,-87.9677789220969,-827.062406790489,30.4315263235318,-346.301620724549,11721.6536705919,989.249837327212,195.411820557818,-1187.11327719602,229.378276063089,-1049.31815792936,403.21123938623,0,2153.00965719038,896.164719474954,-776.49607065228,36.8349010981849,-1856.34250227485,0,172.45247853354,-49.5935043720423,-169.559590215652,-628.719554922565,805.645486499188,-1788.58017259714,1006.65676554843,919.222650179747,797.73293221904,-2179.88383031939,0,-335.828305474024,784.602343956075,-324.161230591218,-226.492736906536,49.8923211567027,0,1333.87285721803,-1517.28977416978,-67.0183694661334,0,-222.391032328549,-772.522377048199,813.441262868627,552.159438443671,384.30418071138,-187.790466100429,-55.8659608638407,-1319.86936265978,768.214620853384,-833.956019396318,486.28571189793
0,676.460907790017,-609.67709001487,-59.7979288398991,53.4391671166912,0,-1386.87365677728,0,215.870640672852,-1005.36971103644,143.395437436439,-51.1089218359216,-1021.31258573837,-995.894255942362,989.249837327212,10867.386652696,-2038.74593535759,597.852829660452,255.277553457698,849.060255498662,1702.23567089936,0,-1274.29672259251,574.265503780791,547.156066341952,1385.53184314381,1324.88311359191,0,691.305886812097,-284.876940150055,-454.720774805709,-1868.59265942745,-512.182624639379,165.202393273441,640.229865590064,235.680754446255,854.307937521145,520.050184985718,0,-155.974192939763,-837.70191146587,777.701331752753,-362.712568051297,11.3159226352674,0,-42.4771845482544,-567.023937445341,-472.222226190696,0,4.66202346487226,1131.79385273876,-55.2243848064155,-839.474966397944,-377.635510426889,495.235611172624,134.732312572684,-176.370172702633,-1301.17104769526,-1209.31830158725,312.756202610053
0,970.681842233498,-11.90345966157,489.975907234309,-156.880460174693,0,1965.52078274525,0,65.5940323828258,-106.137523481963,-359.87901167078,-1123.90872547581,1698.85848978104,-722.989979387865,195.411820557818,-2038.74593535759,10247.0836571795,-1414.43042659408,-158.525189452413,525.097059652972,-527.83827261294,0,-252.417556157436,322.138131383171,107.760439172242,-704.338312408859,1889.12156149023,0,-1520.88736647386,108.275981262221,-694.298975717477,1025.79328029811,637.421154053848,824.966931494726,-557.325609954189,727.568051345873,1607.85316506638,-1923.61199137795,0,-394.700510553684,279.435251158489,-723.11374322298,-20.3256342412378,-1282.08404973415,0,334.824247859784,-1383.20030367214,-277.987896858969,0,-369.007333426536,-187.503453699851,240.175846451536,430.726803293994,2007.50455435408,-831.644316542168,116.459743050756,63.1653298129716,801.124710718247,131.052570760889,-161.201974461091
0,-24.496799827905,790.15551965838,946.713789642991,-779.338969558982,0,-875.612417268096,0,693.761036403595,-2005.76058611394,-686.426399391111,-675.541740366402,-364.080753662356,2170.52217294941,-1187.11327719602,597.852829660452,-1414.43042659408,15778.1733454744,-1202.17172112439,-856.520920863034,-1012.76220834483,0,-485.657247104723,-947.865109469883,2771.12976386949,450.880788460909,877.654022902802,0,-398.492246481662,-1465.93004213805,2429.81507832964,-390.215552026311,-245.562212941382,-881.311135973207,-180.59434171099,563.82441308109,550.405923503572,1279.92222290344,0,1120.96259499772,2593.6056314378,617.50436393056,-721.892738798688,1491.98815952899,0,50.5490003742007,-496.020878162971,655.934262054536,0,488.67395320245,1218.77101153805,809.515633160186,-168.495984079349,-1727.08427446008,411.129414535366,682.997197462995,-386.935110003485,168.749187423736,-250.188400677651,1749.69201225851
0,-706.231889918114,186.682806017912,303.977500240227,517.662591832679,0,316.601367074358,0,-1453.85253466661,168.622949813127,137.695652288146,1384.89158638648,-1729.41112589799,743.493668609844,229.378276063089,255.277553457698,-158.525189452413,-1202.17172112439,10773.8591380898,848.747387547211,14.0784516201244,0,294.56112788629,-1715.49986456107,541.741228430004,493.199459921566,1319.59125539032,0,-966.041257813033,-288.038522581463,-1917.41948077746,-337.827541,201.031426090012,165.881400837194,633.942526109299,-575.950060891069,23.3408650752938,-869.287057445913,0,-763.527346235362,494.936924981359,1430.02557101816,1654.01340375259,10.7142296931289,0,-619.753012833073,492.200574985397,-470.840724010192,0,1174.09815232255,-795.686641990196,-53.2413496790014,631.120179310237,-368.896484550207,2.81295183590911,-763.757253614187,820.752354710561,-400.765821973761,-711.731779181559,-1025.55436872958
0,59.0408130066629,-772.603269329632,204.383770230765,-139.945990632856,0,654.618246373906,0,-1219.49655822165,-1264.26530892948,-39.8002107297783,-362.265946968019,-664.746568283214,-43.4515920101355,-1049.31815792936,849.060255498662,525.097059652972,-856.520920863034,848.747387547211,12901.1640860017,-225.432644518886,0,130.558260184748,-544.324647470139,-580.151028743735,1015.09111514672,-809.9117378791,0,-1250.3825495887,-1409.18076967084,-1600.56560647373,-1505.9897798117,-798.559035465427,4771.21835955496,276.37618549726,-59.6246856071969,-2161.28191524877,-493.022619009439,0,196.991277130031,-475.068372059389,-883.410665520739,90.6722470410681,-867.244577741132,0,310.420001838214,291.369756444067,-1243.57872378444,0,1675.16463815947,208.830992622238,99.7146437501814,-549.684539314612,1833.29897193337,380.251150650152,315.107445193925,1729.22415933789,-1064.62908595612,-460.925651538356,-513.832029456508
0,64.0620969625399,-323.889791756742,-553.880324222684,-504.094967419279,0,-285.36144880476,0,-348.055836015511,565.825109180935,-235.031079450086,-865.092955072885,323.881032491348,-1100.76243850501,403.21123938623,1702.23567089936,-527.83827261294,-1012.76220834483,14.0784516201244,-225.432644518886,7681.20442215912,0,-143.976168819254,-286.027986628753,220.817311137486,405.36768038476,-731.20854079776,0,321.322626121772,-566.89827790716,243.638866954028,-384.332488741575,-682.456719474374,166.396788720987,498.468373330041,10.402286620187,-1520.34648855468,405.916566292504,0,-224.644973065267,-245.732818537631,137.194006466417,735.75244270936,1626.37412816136,0,-691.105167987384,-630.357365341412,-182.9354454148,0,-814.62444240126,-91.6828177788441,-16.2182119848387,475.72282431259,-375.171472441738,256.039385750285,-190.654393944201,131.044304374904,-54.4786027700502,-1189.74524193506,-78.0795008997322
0,0,0,0,0,0,0,0,0,0,0,0,0,0,0,0,0,0,0,0,0,0.0576184706368514,0,0,0,0,0,0,0,0,0,0,0,0,0,0,0,0,0,0,0,0,0,0,0,0,0,0,0,0,0,0,0,0,0,0,0,0,0,0
0,-212.385067882579,522.823672110872,550.952466350982,-309.067683514931,0,-31.1980201793173,0,906.344664586506,-328.794341525858,-56.1284676462237,749.747824034037,-40.6287495615851,189.914263950629,2153.00965719038,-1274.29672259251,-252.417556157436,-485.657247104723,294.56112788629,130.558260184748,-143.976168819254,0,5591.32631932155,1390.97339984066,1182.08077203264,-833.800614929741,-1212.85011040632,0,511.44218489148,-1016.39686483714,-765.440663016343,1317.58051915865,-394.883157724038,-907.960752866455,799.572641700744,-1182.33392627756,-1019.57158989358,29.2698149848596,0,-514.117516545466,623.441740666488,417.278546050237,-309.201732305231,792.829470901927,0,593.927927223152,-865.872276962763,-44.0057264380187,0,422.651221691124,53.9569934462482,151.474181073439,597.430245490762,-90.8334140102584,-518.035497576215,73.1417081751086,264.081071641065,502.134716139622,-907.096490574729,-547.075111491964
0,-15.6466041578542,-14.0073990460392,-191.22461729751,-194.075769932216,0,1911.90658453092,0,1284.53099262089,-641.631721878013,-110.286695818167,201.282937736536,1771.3342778078,-629.9522705404,896.164719474954,574.265503780791,322.138131383171,-947.865109469883,-1715.49986456107,-544.324647470139,-286.027986628753,0,1390.97339984066,9343.46695430402,-597.534379722502,-863.490165624353,-28.5254104982885,0,2436.8103748555,1541.82013537313,-852.524421759324,585.756098250057,1089.80946426409,-385.291534710074,814.447570946608,-184.750191440334,-557.218633896256,1260.02027428972,0,53.2963131498973,1212.97727439108,1374.86416637906,-1188.23827192679,-369.862557604841,0,1159.68615684671,-774.693552826168,-83.1314306724438,0,-195.549329597945,-566.525038127765,-292.988091400618,-962.59795439082,343.944890861532,262.393863085877,918.899441717247,77.987301856039,203.398061868061,378.089971219114,383.230610655498
0,354.331322414424,-72.4096554296294,388.45412027073,-226.992592767826,0,-530.21927003527,0,983.372221011366,-751.065619295185,-399.753723051714,232.863698387196,687.66457547185,-194.512247960113,-776.49607065228,547.156066341952,107.760439172242,2771.12976386949,541.741228430004,-580.151028743735,220.817311137486,0,1182.08077203264,-597.534379722502,8689.40299754452,857.461769115403,-162.792161477389,0,92.6642172926245,-1569.23834469684,1305.33680199192,-709.537108212908,-237.176566564242,-222.705176189136,149.127814696039,-1827.34445406125,-2713.03288783166,-1201.41231849875,0,1256.35373606686,745.888930630278,-2029.26584173441,-124.476929209605,287.658261035765,0,-363.744394717665,-332.980941655761,-315.776026321098,0,152.273240089099,856.540211393361,127.013394174184,-162.922385432877,-1227.9187682994,128.107711579437,393.773610097371,-11.3210397297244,-638.459870826839,-457.803343178588,-211.011954210768
0,368.967132473791,-80.5780392206165,-637.602679883346,628.092776360731,0,2076.20131670362,0,1350.67438793259,-250.685392665713,1274.97108719578,1524.78369202698,-961.695206996288,-254.704216340954,36.8349010981849,1385.53184314381,-704.338312408859,450.880788460909,493.199459921566,1015.09111514672,405.36768038476,0,-833.800614929741,-863.490165624353,857.461769115403,12962.9368734927,-190.724466446412,0,-624.139628516584,22.7613333196856,-426.839985133312,-1036.84412927554,-308.23903604841,157.393492054965,1622.96660247032,-1994.71565064576,-1691.88766403625,611.770299208396,0,541.390428678424,1926.24524632784,776.541403271166,-130.797510805586,1643.01976870805,0,-516.213685199461,-470.412189573839,-748.021177947449,0,284.363422421788,-341.670003730117,586.511364870315,-213.274420331073,-349.998338084985,1217.88994339925,1370.87307426311,13.419005252027,-295.604324803177,-172.222053746454,-635.406498091737
0,771.558282517374,-551.723421241897,-10.9939789674832,141.089474551786,0,1036.84007978998,0,-216.512013917844,-919.040225187219,-522.812792612028,831.573860236229,-145.975658118097,-904.084468324916,-1856.34250227485,1324.88311359191,1889.12156149023,877.654022902802,1319.59125539032,-809.9117378791,-731.20854079776,0,-1212.85011040632,-28.5254104982885,-162.792161477389,-190.724466446412,10674.7660743031,0,-863.812041622944,-162.76275317544,-1034.06555581165,-949.255136089457,-388.917173692251,-1263.80712708979,-906.414634248642,1224.663923978,1089.8156634492,680.58355440288,0,598.927113652019,1336.73008959639,302.364492653986,1125.29460512445,1288.24486240314,0,667.556107302281,611.697433640648,783.973842137976,0,87.1645245870769,-732.247640372092,-302.238325399492,-269.769794765137,-233.406276343098,-430.079473285376,-638.480605442472,409.316034134629,-319.936872247576,-609.148607327576,-639.382610341497
0,0,0,0,0,0,0,0,0,0,0,0,0,0,0,0,0,0,0,0,0,0,0,0,0,0,0,0.0683086835999083,0,0,0,0,0,0,0,0,0,0,0,0,0,0,0,0,0,0,0,0,0,0,0,0,0,0,0,0,0,0,0,0
0,-7.96139067088381,-751.447294085977,-595.102651328795,-138.745269184461,0,670.45226600987,0,-465.363857632557,454.495768753684,1089.51684855178,-309.309607072509,174.551562662803,454.901530919276,172.45247853354,691.305886812097,-1520.88736647386,-398.492246481662,-966.041257813033,-1250.3825495887,321.322626121772,0,511.44218489148,2436.8103748555,92.6642172926245,-624.139628516584,-863.812041622944,0,7969.66665268471,856.870015657681,765.450981701913,902.596826997445,-790.237975082932,-778.797300135747,2744.68235573795,-127.278796112351,-1696.88950653572,910.47008579413,0,-915.076497231325,-376.148296781243,-627.981428818901,-1277.56545366443,-614.514045220996,0,836.896055147357,-1224.44396001455,-241.990825183605,0,229.144996672649,-161.803538806941,531.647306719615,382.326562325883,-505.617439437354,651.17630960834,-318.301909872219,-410.72602692751,-128.900371689631,585.905510076224,1115.21829924777
0,-82.6861621657454,-68.3903175744479,-296.695097796975,-219.964365282949,0,1065.18706713961,0,-585.172819175795,-191.151144271476,-390.415469596772,-446.109982331173,-641.114421501449,-185.628538963572,-49.5935043720423,-284.876940150055,108.275981262221,-1465.93004213805,-288.038522581463,-1409.18076967084,-566.89827790716,0,-1016.39686483714,1541.82013537313,-1569.23834469684,22.7613333196856,-162.76275317544,0,856.870015657681,8269.53469284371,-769.259732976132,-1403.35894314107,430.919190967473,-962.305180204999,1734.61625149654,491.295732445337,1191.5850663934,1400.40354821415,0,-1023.91162300688,-1123.63962001349,-171.753468267948,502.350435883229,-228.478667467503,0,711.746271652945,163.910676351762,-302.347894885314,0,-390.173953542705,122.325633333458,-500.656529954054,294.016835761278,-77.6690520035222,-329.131641973553,-31.92217954506,442.91927467272,-623.119213240701,470.507624881042,-206.224891243588
0,-530.589430875184,-787.057097048002,-272.497400201266,-726.124066255101,0,-747.3319858244,0,85.2732637925214,676.647145275712,-877.644872704489,-1266.229681453,844.946933915638,185.855750627706,-169.559590215652,-454.720774805709,-694.298975717477,2429.81507832964,-1917.41948077746,-1600.56560647373,243.638866954028,0,-765.440663016343,-852.524421759324,1305.33680199192,-426.839985133312,-1034.06555581165,0,765.450981701913,-769.259732976132,9340.39337565656,269.060347454079,-1565.35598749913,-35.8355339165381,-1677.65558916336,-422.777284637281,-906.697698801384,-198.892330664579,0,1354.4974622414,-189.316921473569,-30.9360877108492,-213.987690720612,321.800031792827,0,-51.4949047681266,-486.223923266693,-686.896297939372,0,-809.130279706169,938.609831615338,692.58195781397,-253.794621867802,-924.469919436641,-676.897295506266,276.254607558883,-472.197502528173,803.354273194122,-239.149306085944,1093.28859641873
0,-77.1419903806644,275.111354418863,-871.683380629902,544.932856478159,0,321.837791932911,0,1174.3821455667,-219.76522581463,-182.866929962988,-558.934040282046,-829.800196735785,788.571238789035,-628.719554922565,-1868.59265942745,1025.79328029811,-390.215552026311,-337.827541,-1505.9897798117,-384.332488741575,0,1317.58051915865,585.756098250057,-709.537108212908,-1036.84412927554,-949.255136089457,0,902.596826997445,-1403.35894314107,269.060347454079,9770.19919232204,977.182325391785,-561.325393990401,-1584.64226322975,-308.542901519927,-26.9228430978642,528.849817157511,0,-63.4290318591473,504.03810494974,1240.82846266729,-1291.7713638424,941.746245435466,0,-454.658283645669,-871.015156100514,-650.665103355647,0,758.160286624161,-298.002837697326,-75.3129964214194,668.355228115843,223.229877838335,-217.160177457612,802.528275695029,-425.734286536807,913.730868195189,714.119743309533,323.423988217851
0,926.452305413719,795.508429703629,-644.402669060942,-341.040188160345,0,263.589731248493,0,1079.3383239849,135.277132692253,-487.265286039106,1132.32251220737,-830.846835128521,-807.665721624077,805.645486499188,-512.182624639379,637.421154053848,-245.562212941382,201.031426090012,-798.559035465427,-682.456719474374,0,-394.883157724038,1089.80946426409,-237.176566564242,-308.23903604841,-388.917173692251,0,-790.237975082931,430.919190967473,-1565.35598749913,977.182325391785,7170.89491142658,135.166200004722,524.217177549041,2195.42686651059,693.194049413496,-711.614796955007,0,-1115.85052498668,404.924605948876,107.532418550284,-836.349294115072,-888.607737144486,0,-36.8138421676427,-33.6027778617697,564.404631719655,0,480.880362395852,-338.242600438951,-592.940373670783,-683.678648292971,-302.014116481754,-395.132211705325,-253.42432247553,-142.575197013982,770.378019173773,-174.455217026416,526.645928183038
0,1030.89274233093,-1280.06534560591,-678.76899167219,-21.305884552397,0,619.530581859366,0,475.041774352025,-1493.35268521611,318.058471263465,-859.087836828811,-525.173161913692,107.364049654695,-1788.58017259714,165.202393273441,824.966931494726,-881.311135973207,165.881400837194,4771.21835955496,166.396788720987,0,-907.960752866455,-385.291534710074,-222.705176189136,157.393492054965,-1263.80712708979,0,-778.797300135747,-962.305180204999,-35.8355339165381,-561.325393990401,135.166200004722,11494.3542774073,346.641321798908,896.451996333222,-432.047102597884,-989.481469017174,0,798.042747755154,876.078018656724,-184.162267369918,-946.417051728945,-789.853762972917,0,-1213.27887603716,337.478228847655,-812.452758200526,0,113.690787170729,244.757577748678,55.0482360846938,-798.860531575645,519.308403443868,-350.690856202064,1401.78582416116,776.066745711371,-834.797962815919,-366.385482213946,824.673822365765
0,-17.5197881233496,-398.160421932081,140.119524010205,241.61385094759,0,488.424179950759,0,902.780853022112,-721.746766363584,3502.85529108769,220.248984341992,-781.73161974154,-710.128440128571,1006.65676554843,640.229865590064,-557.325609954189,-180.59434171099,633.942526109299,276.37618549726,498.468373330041,0,799.572641700744,814.447570946608,149.127814696039,1622.96660247032,-906.414634248642,0,2744.68235573795,1734.61625149654,-1677.65558916336,-1584.64226322975,524.217177549041,346.641321798908,11820.1838365519,-1803.34759526343,183.431926600563,60.7434297966057,0,649.124814007337,1364.88707599306,-344.591687029167,637.431702326522,-416.414127138099,0,742.086978366823,-869.720036662742,474.983434524947,0,-219.798706392077,-258.03935641501,660.866366814408,-120.292630043355,-794.657396536067,-184.428301988934,-278.704975345878,86.3908951288545,230.364163889973,-55.7225908285881,428.64039707003
0,1058.36091411564,542.809887611189,-398.033844267191,49.4885205137528,0,-226.009752374119,0,198.699996987299,159.159338417909,132.272241597753,-715.599230300999,-1609.10229395972,155.428328545442,919.222650179747,235.680754446255,727.568051345873,563.82441308109,-575.950060891069,-59.6246856071969,10.402286620187,0,-1182.33392627756,-184.750191440334,-1827.34445406125,-1994.71565064576,1224.663923978,0,-127.278796112351,491.295732445337,-422.777284637281,-308.542901519927,2195.42686651059,896.451996333222,-1803.34759526343,9361.0941309132,3102.75182849969,-813.639023345519,0,-1277.11743215903,-2015.8119325434,122.968186095529,916.229255445588,11.4837867714029,0,1033.15585948463,-530.822938787364,646.339135546374,0,1095.07598486735,-388.023912144096,262.864161098812,-775.212634384182,1344.34315601745,-905.848228717843,962.221723116608,763.993041101351,1295.87753298757,-659.614861058164,289.243579133079
0,122.837654411114,855.045795192887,625.862482558691,1219.52444272908,0,-1087.85964874129,0,-683.117973260003,-540.099010397887,944.812588490634,-1702.63103245322,642.559827566618,-532.27824003319,797.73293221904,854.307937521145,1607.85316506638,550.405923503572,23.3408650752938,-2161.28191524877,-1520.34648855468,0,-1019.57158989358,-557.218633896256,-2713.03288783166,-1691.88766403625,1089.8156634492,0,-1696.88950653572,1191.5850663934,-906.697698801384,-26.9228430978642,693.194049413496,-432.047102597884,183.431926600563,3102.75182849969,12643.3866018798,143.510580879665,0,-1588.27994398033,-488.647533759716,1490.02494416372,812.590404872212,-432.240655242874,0,808.711555520182,244.15687787148,1289.14291430645,0,-507.465792169746,-184.502463516826,-30.6335346609394,-910.514037077107,970.242071207373,-425.133908528524,-799.524544801392,-1152.25533867786,318.218984973777,-1418.15455202881,-160.580802261721
0,715.228173821106,-321.502030069129,-459.540142955393,-542.960063931493,0,-51.5710227999801,0,1610.5083031877,806.126339624575,1076.19703649254,-956.410329696642,-68.2810939125354,1711.55752242476,-2179.88383031939,520.050184985718,-1923.61199137795,1279.92222290344,-869.287057445913,-493.022619009439,405.916566292504,0,29.2698149848596,1260.02027428972,-1201.41231849875,611.770299208396,680.58355440288,0,910.47008579413,1400.40354821415,-198.892330664579,528.849817157511,-711.614796955007,-989.481469017174,60.7434297966057,-813.639023345519,143.510580879665,7720.4916863251,0,-911.989453985904,50.7771415265482,-283.675755716918,-548.692433181795,966.345061965575,0,1054.30871597835,546.820569257319,382.624665859768,0,-178.751899387205,703.444173712718,2.41894992677012,-480.763739400238,-157.13999512378,1012.00467107823,-225.71096531738,464.823727027888,-1223.29842143397,-47.954688233728,-445.890760299639
0,0,0,0,0,0,0,0,0,0,0,0,0,0,0,0,0,0,0,0,0,0,0,0,0,0,0,0,0,0,0,0,0,0,0,0,0,0,0.0510756427730021,0,0,0,0,0,0,0,0,0,0,0,0,0,0,0,0,0,0,0,0,0
0,-332.144238886295,-284.606765959509,603.460586701698,169.554755802492,0,-438.177198673079,0,1021.32863679636,301.187296496098,425.821000210202,2151.65976981545,915.866211431448,-103.904137288878,-335.828305474024,-155.974192939763,-394.700510553684,1120.96259499772,-763.527346235362,196.991277130031,-224.644973065267,0,-514.117516545465,53.2963131498973,1256.35373606686,541.390428678424,598.927113652019,0,-915.076497231325,-1023.91162300688,1354.4974622414,-63.4290318591473,-1115.85052498668,798.042747755154,649.124814007337,-1277.11743215903,-1588.27994398033,-911.989453985904,0,5915.10157794887,505.412957265436,201.956875250672,448.643039745847,92.6310084148011,0,524.593789169785,-252.829019950009,332.679802899357,0,245.106112943741,-450.846440690433,-696.317203464667,-424.088789806374,-980.273759759906,207.883125130726,733.018776088804,-282.676531542298,-147.269140394583,984.236047640593,534.30358720822
0,-362.822493682841,287.288538335775,109.117466415885,188.071096924902,0,808.633245733646,0,701.722548170247,-558.513522871278,465.93664156786,166.644535217679,2079.85236344694,-110.950925399822,784.602343956075,-837.70191146587,279.435251158489,2593.6056314378,494.936924981359,-475.068372059389,-245.732818537631,0,623.441740666488,1212.97727439108,745.888930630278,1926.24524632784,1336.73008959639,0,-376.148296781243,-1123.63962001349,-189.316921473569,504.03810494974,404.924605948876,876.078018656724,1364.88707599306,-2015.8119325434,-488.647533759716,50.7771415265482,0,505.412957265436,7093.35240831825,-273.524822384918,-20.122297821058,929.281111476151,0,1009.09373360232,922.782367648111,-73.9469379925057,0,-613.981237161649,-493.147767208961,258.853688647943,276.66768004486,-159.829968125656,595.405085292934,460.968403675214,67.1589283268391,-159.498866048354,1074.24803832101,586.039564073054
0,-186.578543771612,132.835880300021,-548.579624689041,1019.84750087733,0,498.351313639001,0,384.248562647479,87.235444195543,-290.453469625153,905.296579650712,-946.797096936156,-341.108554765486,-324.161230591218,777.701331752753,-723.11374322298,617.50436393056,1430.02557101816,-883.410665520739,137.194006466417,0,417.278546050237,1374.86416637906,-2029.26584173441,776.541403271166,302.364492653986,0,-627.981428818901,-171.753468267948,-30.9360877108492,1240.82846266729,107.532418550284,-184.162267369918,-344.591687029167,122.968186095529,1490.02494416372,-283.675755716918,0,201.956875250672,-273.524822384918,7515.82544992844,-264.733123294656,-225.834272881209,0,296.475699705475,-899.099312884841,-222.772809142338,0,94.9855029008641,-85.6912863212703,-700.217112508267,77.1541282240417,-478.19300139334,-283.787173273486,-857.001650199299,-476.510113532661,312.620425262002,-661.542124549373,-322.62557744095
0,-480.141845155221,195.487417547833,271.736336115971,110.745815322889,0,-521.50289289861,0,-1010.69707655565,-236.371072320212,178.868166853024,627.983413863647,-1195.09610637778,207.408356220665,-226.492736906536,-362.712568051297,-20.3256342412378,-721.892738798688,1654.01340375259,90.6722470410681,735.75244270936,0,-309.201732305231,-1188.23827192679,-124.476929209605,-130.797510805586,1125.29460512445,0,-1277.56545366443,502.350435883229,-213.987690720612,-1291.7713638424,-836.349294115072,-946.417051728945,637.431702326522,916.229255445588,812.590404872212,-548.692433181795,0,448.643039745847,-20.122297821058,-264.733123294656,5977.52958673498,1390.91869273676,0,57.5654766889348,51.9538283929579,585.76584445683,0,-383.677070379853,-551.08636721577,-225.260504372571,-196.31265604533,290.341366988203,-320.473705377241,-476.069069818338,686.831585893181,-239.661936283364,1057.812801053,-479.908732408986
0,-205.280148656187,-174.511975898632,-269.720634469661,-363.133187720533,0,-14.1692083666823,0,-105.453217360117,8.36129863150873,627.874642690143,-678.934155947827,-461.816411841419,7.15817802488184,49.8923211567027,11.3159226352674,-1282.08404973415,1491.98815952899,10.7142296931289,-867.244577741132,1626.37412816136,0,792.829470901927,-369.862557604841,287.658261035765,1643.01976870805,1288.24486240314,0,-614.514045220996,-228.478667467503,321.800031792827,941.746245435466,-888.607737144486,-789.853762972917,-416.414127138099,11.4837867714029,-432.240655242874,966.345061965575,0,92.6310084148011,929.281111476151,-225.834272881209,1390.91869273676,5590.39575794133,0,-180.616511548003,-498.589330770851,-234.108714451875,0,-335.147105438805,-123.261173870848,825.211810358933,316.331407577057,-113.272529927035,25.7162299550383,592.491403563453,-140.035093108002,-627.810829656764,-8.69305185096715,-315.842732550561
0,0,0,0,0,0,0,0,0,0,0,0,0,0,0,0,0,0,0,0,0,0,0,0,0,0,0,0,0,0,0,0,0,0,0,0,0,0,0,0,0,0,0,0,0.0383844735227971,0,0,0,0,0,0,0,0,0,0,0,0,0,0,0
0,342.187638928071,33.6791798384044,367.897824369795,-85.5735675080321,0,787.844514592313,0,691.685376104593,356.36533597316,-21.3297709521293,719.378864000512,53.1210830385338,-407.96462637189,1333.87285721803,-42.4771845482544,334.824247859784,50.5490003742006,-619.753012833073,310.420001838214,-691.105167987384,0,593.927927223152,1159.68615684671,-363.744394717664,-516.213685199461,667.556107302281,0,836.896055147357,711.746271652945,-51.4949047681266,-454.658283645669,-36.8138421676427,-1213.27887603716,742.086978366823,1033.15585948463,808.711555520182,1054.30871597835,0,524.593789169786,1009.09373360232,296.475699705475,57.5654766889348,-180.616511548003,0,5116.68981914459,-862.488964085097,745.47759775559,0,287.860094139475,-627.862695088742,64.4356458320399,622.209570003828,754.226162562897,239.801830981243,-980.23818942245,438.587035706152,-374.660897676936,-287.993357736633,333.491053786884
0,-518.039244360485,31.582841681766,118.626472897147,485.032014242678,0,-642.931123248702,0,-702.859992154729,679.190570971032,-20.559984234103,226.641630117216,899.551249527491,-374.369057281795,-1517.28977416978,-567.023937445341,-1383.20030367214,-496.020878162971,492.200574985397,291.369756444067,-630.357365341412,0,-865.872276962763,-774.693552826168,-332.980941655761,-470.412189573839,611.697433640648,0,-1224.44396001455,163.910676351762,-486.223923266693,-871.015156100514,-33.6027778617697,337.478228847655,-869.720036662742,-530.822938787364,244.15687787148,546.820569257319,0,-252.829019950009,922.782367648111,-899.099312884841,51.9538283929579,-498.589330770851,0,-862.488964085097,4300.13208818564,-368.892491343923,0,-89.355812087298,120.172862784882,-750.359208923486,-17.670180007087,-398.970123126645,219.431307446869,-87.8437342824266,699.874782082733,-880.264046202587,31.5486256219553,-298.308872068065
0,703.779714038332,605.833976062616,-109.768638897581,332.124246790026,0,-107.228114557529,0,583.352192038668,-312.530546798096,-102.056145774424,455.230567630345,801.421587543817,454.413983621153,-67.0183694661334,-472.222226190696,-277.987896858969,655.934262054535,-470.840724010192,-1243.57872378444,-182.9354454148,0,-44.0057264380187,-83.1314306724438,-315.776026321098,-748.021177947449,783.973842137976,0,-241.990825183605,-302.347894885314,-686.896297939372,-650.665103355647,564.404631719655,-812.452758200526,474.983434524947,646.339135546374,1289.14291430645,382.624665859768,0,332.679802899357,-73.9469379925057,-222.772809142338,585.76584445683,-234.108714451875,0,745.47759775559,-368.892491343923,3382.59741610991,0,-126.349269226772,-523.751983510177,-172.053118635715,-585.364465439707,-163.867122281579,-106.454072600932,-334.391428114356,-185.852184185543,612.679846605029,231.76292200444,-234.638891905689
0,0,0,0,0,0,0,0,0,0,0,0,0,0,0,0,0,0,0,0,0,0,0,0,0,0,0,0,0,0,0,0,0,0,0,0,0,0,0,0,0,0,0,0,0,0,0,0,0.0385264918011362,0,0,0,0,0,0,0,0,0,0,0
0,43.7423566102937,38.0796080006325,340.614101857124,276.3794527344,0,560.553726042325,0,128.358678500652,-383.101576286134,-159.671640643967,1323.91111052322,-716.234369604557,1160.67149682345,-222.391032328549,4.66202346487226,-369.007333426536,488.67395320245,1174.09815232255,1675.16463815947,-814.62444240126,0,422.651221691124,-195.549329597945,152.273240089099,284.363422421788,87.1645245870769,0,229.144996672649,-390.173953542705,-809.13027970617,758.160286624161,480.880362395852,113.690787170729,-219.798706392077,1095.07598486735,-507.465792169746,-178.751899387205,0,245.106112943741,-613.981237161649,94.9855029008641,-383.677070379853,-335.147105438805,0,287.860094139475,-89.355812087298,-126.349269226772,0,3725.11310268741,191.25390765766,-10.2951737092513,6.84508461345579,-263.174888655133,-150.922546621439,465.936006321814,424.396477066938,260.5210735982,-172.057008744095,-56.7430642487823
