0.00346431550041714,-0.00220619668316255,0.0052647137077746,-0.00125196049652355,0.00123654997164178,3.47189617783897e-05,0.00883409469420403,-0.00287164972220214,-0.00263794534910271,-0.00383425394145456
-0.00220619668316255,0.0796686573062003,0.0583134013323896,0.0587907733763009,0.030799062845659,0.0454037145405214,0.04821470907829,0.0485066983674388,0.0647131855265485,0.018306275339866
0.0052647137077746,0.0583134013323896,0.13147525755187,0.111552551811014,0.0791011216770327,0.0760183922931093,0.135915748895986,0.0679053368394139,0.101981803569007,0.0278989738989611
-0.00125196049652355,0.0587907733763009,0.111552551811014,0.117463509132451,0.0707098449650155,0.0546400270288031,0.123861492366556,0.0648197368017708,0.0870259248172829,0.0332145856321753
0.00123654997164178,0.030799062845659,0.0791011216770327,0.0707098449650155,0.0858236841766973,0.0453702796759054,0.0827824121467677,0.0406326552610743,0.0619530409078053,0.0335597742945203
3.47189617783897e-05,0.0454037145405214,0.0760183922931093,0.0546400270288031,0.0453702796759054,0.0682623069271124,0.0604598397758868,0.0572474108861567,0.0785143897113714,0.0177370282359731
0.00883409469420403,0.04821470907829,0.135915748895986,0.123861492366556,0.0827824121467677,0.0604598397758868,0.217693858421324,0.0854369997231395,0.0958947971303677,0.043424720875577
-0.00287164972220214,0.0485066983674388,0.0679053368394139,0.0648197368017708,0.0406326552610743,0.0572474108861567,0.0854369997231395,0.0857249705272039,0.0578030058660534,0.0167447484107357
-0.00263794534910271,0.0647131855265485,0.101981803569007,0.0870259248172829,0.0619530409078053,0.0785143897113714,0.0958947971303677,0.0578030058660534,0.144949684428473,0.0525774844734751
-0.00383425394145456,0.018306275339866,0.0278989738989611,0.0332145856321753,0.0335597742945203,0.0177370282359731,0.043424720875577,0.0167447484107357,0.0525774844734751,0.0395018294158187
