0.000506090935747267,0.000258996608011598,-0.000162609170994801,-0.000273488097620739,-0.000410164074349428,-8.88246631705385e-05,-0.00113153820773875,-0.000578839011010709,-0.00028432843753127,-0.000455711367328975
0.000258996608011598,0.105363139924176,0.073902422824697,0.0683516172827643,0.0484678050059692,0.0462928609163074,0.082197552944996,0.0513160433166033,0.0573127732121846,0.0246889398813595
-0.000162609170994801,0.073902422824697,0.11579298323762,0.0975620539649294,0.0755160515478973,0.0655825789065089,0.101324700523927,0.070983850943304,0.0742567450083075,0.0323964067091898
-0.000273488097620739,0.0683516172827643,0.0975620539649294,0.101330190452723,0.0685957481475923,0.0577259434562083,0.100239271314182,0.0636415454740163,0.0701623832234524,0.0255375500868709
-0.000410164074349428,0.0484678050059692,0.0755160515478973,0.0685957481475923,0.100072768439234,0.0500030568033673,0.0835016831635868,0.050347448521878,0.0463096561219929,0.0220483324813588
-8.88246631705385e-05,0.0462928609163074,0.0655825789065089,0.0577259434562083,0.0500030568033673,0.0742980918394823,0.0609484081459509,0.0472163749893901,0.0495743048880233,0.0217947972315437
-0.00113153820773875,0.082197552944996,0.101324700523927,0.100239271314182,0.0835016831635868,0.0609484081459509,0.175716737421656,0.080281168873057,0.0766737049176709,0.0247344508902467
-0.000578839011010709,0.0513160433166033,0.070983850943304,0.0636415454740163,0.050347448521878,0.0472163749893901,0.080281168873057,0.0727804462113619,0.0539038050713202,0.0147367513086909
-0.00028432843753127,0.0573127732121846,0.0742567450083075,0.0701623832234524,0.0463096561219929,0.0495743048880233,0.0766737049176709,0.0539038050713202,0.113223343004778,0.028168146278367
-0.000455711367328975,0.0246889398813595,0.0323964067091898,0.0255375500868709,0.0220483324813588,0.0217947972315437,0.0247344508902467,0.0147367513086909,0.028168146278367,0.0414346764028795
