0.191883558490522,-0.013259314255442,0.0340910284934648,-0.0157190076986635,-0.0166338342729366,-0.0135820785374455,-0.0189430677447531,-0.0454584065510068,-0.0344402508222941,0.0333020808616142,0.0463797674130936,0.0173350685273534,-0.0611044363276757,-0.0494946577036879,-0.0124502507825421,-0.0729901617924606,0.0434857705936544,-0.0504077801911671,0.050410489974766,-0.0166812043204864,0.102329368530917,0.0188611737466305,-0.00873031292666216,0.00889723576174185
-0.013259314255442,0.0306163756288375,-0.0154954601206269,0.0234619051188908,0.00765770309771056,0.00313100179867993,-0.000151279935075119,-0.0184630563592841,0.00249753193572978,0.00784163428118162,0.00199565936241518,0.00113730385322528,0.0190377423565977,0.00567527907735883,-0.0127100025028305,0.0192328943887672,0.0116830140752826,-0.00827690407716549,0.00827668961771213,-0.0122510053583265,0.0168760334326615,0.00210123843402821,-0.0174250347995674,0.0174459711279028
0.0340910284934648,-0.0154954601206269,0.0555594065508107,-0.00788312026570287,0.00018474961240651,0.0108118466825205,0.011874199840213,0.0222549598275402,-0.000189320390927688,-0.00231573553047669,-0.00359267566338995,0.0299996355479583,-0.0106508989252793,-0.00736920412394899,-0.00296629574888232,-0.0254109634292726,0.0298836570100314,0.0200906264736423,-0.0200901770664631,0.0171702557551661,0.0267099554237146,0.00673160474195065,-0.000143104180270935,0.000225430477741174
-0.0157190076986635,0.0234619051188908,-0.00788312026570288,0.0225710957948073,0.00367648797667,0.00673002137153701,0.00858091427984682,0.0035465632536544,0.0155902641732225,0.0106868390695511,0.00331787339049265,0.00881940733607602,0.011036355322772,0.00824651163171163,-0.00289297636033121,0.0179779901482449,0.00748792113870732,-0.0104681912822994,0.0104675976809212,-0.00599404038329995,0.0106963763708235,-0.000609695226152035,-0.00133214489473858,0.00133805503022355
-0.0166338342729366,0.00765770309771056,0.00018474961240651,0.00367648797667,0.132395798677855,0.0211096139985207,-0.0676293360095247,-0.0468668877933532,0.00135671690022281,-0.0192386876286857,-0.00354526764204213,-0.0140147933205857,-0.0152683975570641,-0.0208573136749536,-0.0277231716102348,-0.0355429269615716,0.030108300020486,-0.0225607646099267,0.0225609999256361,-0.00606529349678112,0.022376974423872,0.0228110950770705,0.0496934224785496,-0.0496490647435342
-0.0135820785374455,0.00313100179867993,0.0108118466825205,0.00673002137153701,0.0211096139985207,0.0707979289834466,-0.0101583948503638,0.0392806180803036,0.0276044971322831,0.0174377233302582,-0.00356490898393347,0.0114173284003285,0.0523119529803225,0.0160943159294765,-0.0262973289876054,0.0363253343997666,-0.0362925014536622,-0.0255988302144434,0.0255973607648724,-0.0113870517229072,0.00641453709518885,-0.0169221367627478,-0.00156304908579941,0.00137850325817751
-0.0189430677447531,-0.000151279935075119,0.011874199840213,0.00858091427984682,-0.0676293360095247,-0.0101583948503638,0.0638439066025975,0.0508589067548513,0.0364641700004925,0.00568264723815485,-0.0142900712779848,0.0230704321588132,0.0124885008917764,0.0253331038110277,0.0333552344634932,0.0253651199396159,0.00814037940688309,0.0169920853505978,-0.0169921830203112,0.0252253281431014,-0.0254302969417954,-0.0105297432002458,-0.0239835568264298,0.0240086828704757
-0.0454584065510068,-0.0184630563592841,0.0222549598275402,0.0035465632536544,-0.0468668877933532,0.0392806180803036,0.0508589067548513,0.151159071052157,0.04095469415597,0.0102655130351992,0.0119300701545074,0.0228378439290873,-0.0231017771106015,0.048292662390767,-0.0019351909466305,0.0134539811892377,-0.0589485527419931,-0.00419652067618772,0.00419575628274874,0.0101464753765475,-0.0603480256239698,-0.0498876717822658,-0.00209393890805387,0.0017409456759436
-0.0344402508222941,0.00249753193572978,-0.000189320390927688,0.0155902641732225,0.00135671690022281,0.0276044971322831,0.0364641700004925,0.04095469415597,0.117268123469002,0.00508815552805505,-0.00592604018365091,0.0261542045059527,0.0332640473306709,0.0576136387326781,0.0572185099692923,0.0173520970391998,0.00948023552373788,-0.0320529355670966,0.0320535140587624,0.0108080397012781,-0.0179792350352531,0.0107139130092365,0.0183913593682451,-0.0183132898785772
0.0333020808616142,0.00784163428118162,-0.00231573553047669,0.0106868390695511,-0.0192386876286857,0.0174377233302582,0.00568264723815485,0.0102655130351992,0.00508815552805505,0.0444187483543874,-0.00203482297993264,0.0169433058476829,0.0156486597515281,-0.0221941026671776,-0.00242955052203874,0.0413482558453925,-0.00755014206163933,-0.0339467350469283,0.0339433773285657,0.00786110690921036,0.0236249670075372,-0.00365821852485173,0.0376105129061078,-0.0376191874578505
0.0463797674130936,0.00199565936241518,-0.00359267566338995,0.00331787339049265,-0.00354526764204213,-0.00356490898393347,-0.0142900712779848,0.0119300701545074,-0.00592604018365091,-0.00203482297993264,0.0949564008226429,0.00115948216987229,-0.0495977786977357,0.0058278881966654,-0.00219866375903805,-0.0548044792075772,-0.0257709726607639,-0.0201103048296726,0.0201135344525581,-0.0665088233363403,0.0409252645437708,-0.0011982994049841,-0.0116813976954034,0.0116172943952853
0.0173350685273534,0.00113730385322528,0.0299996355479583,0.00881940733607602,-0.0140147933205857,0.0114173284003285,0.0230704321588132,0.0228378439290873,0.0261542045059527,0.0169433058476829,0.00115948216987229,0.0345727718790162,0.00921483684740167,0.00347909131007766,0.0137274162104768,0.00881843186533937,0.0206344577434892,0.000189415259281569,-0.000190526832230972,0.0144211035730127,0.0234174684721681,0.00857041462979016,0.0174131547218664,-0.0173119783674089
-0.0611044363276757,0.0190377423565977,-0.0106508989252793,0.011036355322772,-0.0152683975570641,0.0523119529803225,0.0124885008917764,-0.0231017771106015,0.0332640473306709,0.0156486597515281,-0.0495977786977357,0.00921483684740167,0.164539786926391,-0.0178746786583096,0.0111254200328165,0.12946718061782,-0.0144455191630073,0.0156368617270642,-0.0156409906905387,-0.0066211045586359,0.0124615301366903,0.00665405086009134,-0.012027652636481,0.0120848398462214
-0.0494946577036879,0.00567527907735883,-0.00736920412394899,0.00824651163171163,-0.0208573136749536,0.0160943159294765,0.0253331038110277,0.048292662390767,0.0576136387326781,-0.0221941026671776,0.0058278881966654,0.00347909131007766,-0.0178746786583096,0.248387986393862,-0.0165356582361919,-0.0715564487449251,-0.0240037352098744,-0.00200607690172943,0.00201114478875688,0.0984497194135823,-0.140630943577464,-0.0185821974955801,-0.117892913976812,0.117728332127606
-0.0124502507825421,-0.0127100025028305,-0.00296629574888232,-0.00289297636033121,-0.0277231716102348,-0.0262973289876054,0.0333552344634932,-0.0019351909466305,0.0572185099692923,-0.00242955052203874,-0.00219866375903805,0.0137274162104768,0.0111254200328165,-0.0165356582361919,0.0797040232514611,0.0155832772549947,0.0156054800897852,0.00544066064078403,-0.0054411420753709,-0.00266764524955392,0.00394624292601836,0.0233549333868959,0.0510196384858392,-0.0508012719557413
-0.0729901617924606,0.0192328943887672,-0.0254109634292726,0.0179779901482449,-0.0355429269615716,0.0363253343997666,0.0253651199396159,0.0134539811892377,0.0173520970391998,0.0413482558453925,-0.0548044792075772,0.00881843186533937,0.12946718061782,-0.0715564487449251,0.0155832772549947,0.165931975007326,-0.0295963491206102,0.00379566883027578,-0.00380360521825243,-0.0145231925478222,0.00976978522779557,-0.00920147668372574,0.0543156475110483,-0.0543430751239165
0.0434857705936544,0.0116830140752826,0.0298836570100314,0.00748792113870732,0.030108300020486,-0.0362925014536622,0.00814037940688309,-0.0589485527419931,0.00948023552373788,-0.00755014206163933,-0.0257709726607639,0.0206344577434892,-0.0144455191630073,-0.0240037352098744,0.0156054800897852,-0.0295963491206102,0.112387677010966,0.00927186186910784,-0.00927071522768925,0.0298952404024925,0.0475803650346709,0.0424435376918468,0.00255248983301207,-0.00216825519827313
-0.0504077801911671,-0.00827690407716549,0.0200906264736423,-0.0104681912822994,-0.0225607646099267,-0.0255988302144434,0.0169920853505978,-0.00419652067618772,-0.0320529355670966,-0.0339467350469283,-0.0201103048296726,0.000189415259281569,0.0156368617270642,-0.00200607690172943,0.00544066064078403,0.00379566883027578,0.00927186186910784,0.0773773447275164,-0.0773771879428323,0.00954962342772351,-0.0200917196493052,0.00429478373815027,-0.0253649186145319,0.0254437106884059
0.050410489974766,0.00827668961771213,-0.0200901770664631,0.0104675976809212,0.0225609999256361,0.0255973607648724,-0.0169921830203112,0.00419575628274874,0.0320535140587624,0.0339433773285657,0.0201135344525581,-0.000190526832230972,-0.0156409906905387,0.00201114478875688,-0.0054411420753709,-0.00380360521825243,-0.00927071522768925,-0.0773771879428323,0.0773770318295444,-0.00955094297107735,0.0200911495294314,-0.00429482959692923,0.0253568999938361,-0.0254356935535976
-0.0166812043204864,-0.0122510053583265,0.0171702557551661,-0.00599404038329995,-0.00606529349678112,-0.0113870517229072,0.0252253281431014,0.0101464753765475,0.0108080397012781,0.00786110690921036,-0.0665088233363403,0.0144211035730127,-0.0066211045586359,0.0984497194135823,-0.00266764524955392,-0.0145231925478222,0.0298952404024925,0.00954962342772351,-0.00955094297107735,0.183650044467798,-0.12063958930415,-0.00308724816073283,-0.0181201180858797,0.0181630396629361
0.102329368530917,0.0168760334326615,0.0267099554237146,0.0106963763708235,0.022376974423872,0.00641453709518885,-0.0254302969417954,-0.0603480256239698,-0.0179792350352531,0.0236249670075372,0.0409252645437708,0.0234174684721681,0.0124615301366903,-0.140630943577464,0.00394624292601836,0.00976978522779557,0.0475803650346709,-0.0200917196493052,0.0200911495294314,-0.12063958930415,0.182134761621876,0.0360697426987129,0.0492012514914301,-0.0489340583847847
0.0188611737466305,0.00210123843402821,0.00673160474195065,-0.000609695226152035,0.0228110950770705,-0.0169221367627478,-0.0105297432002458,-0.0498876717822658,0.0107139130092365,-0.00365821852485173,-0.0011982994049841,0.00857041462979016,0.00665405086009134,-0.0185821974955801,0.0233549333868959,-0.00920147668372574,0.0424435376918468,0.00429478373815027,-0.00429482959692923,-0.00308724816073283,0.0360697426987129,0.0345863352660693,0.0290454450124245,-0.0287916495272112
-0.00873031292666216,-0.0174250347995674,-0.000143104180270935,-0.00133214489473858,0.0496934224785496,-0.00156304908579941,-0.0239835568264298,-0.00209393890805387,0.0183913593682451,0.0376105129061078,-0.0116813976954034,0.0174131547218663,-0.012027652636481,-0.117892913976812,0.0510196384858392,0.0543156475110483,0.00255248983301207,-0.0253649186145319,0.0253568999938361,-0.0181201180858797,0.0492012514914301,0.0290454450124245,0.209861896251651,-0.209687063591986
0.00889723576174185,0.0174459711279028,0.000225430477741174,0.00133805503022355,-0.0496490647435342,0.00137850325817751,0.0240086828704757,0.0017409456759436,-0.0183132898785772,-0.0376191874578505,0.0116172943952853,-0.0173119783674089,0.0120848398462214,0.117728332127606,-0.0508012719557413,-0.0543430751239165,-0.00216825519827313,0.025443710688406,-0.0254356935535976,0.0181630396629361,-0.0489340583847847,-0.0287916495272112,-0.209687063591986,0.20951437127714
