0.0429685523618614,0.00399017705453735,0.0111609867573801,5.05096305752367e-05,-0.000609681044366926,0.00187828943974014,0.000106024972435977,0.0194991877203524
0.00399017705453735,0.0295873593726875,0.00629533026191836,0.00161754961798946,0.00622344792313916,0.00341711746043486,0.00274249096104627,0.00944956184965334
0.0111609867573801,0.00629533026191836,0.0291888542773297,0.00823972625321384,0.00361008740957636,0.00677541052036546,-0.00120341024958469,0.00643539874156911
5.05096305752367e-05,0.00161754961798946,0.00823972625321384,0.0278595666143258,0.00841284162406196,0.00745709144076362,0.0025579088434468,-0.0046000909952344
-0.000609681044366926,0.00622344792313916,0.00361008740957636,0.00841284162406196,0.0186562848798644,0.00403828155395635,0.00468152134894145,-0.00437070931623259
0.00187828943974014,0.00341711746043486,0.00677541052036546,0.00745709144076362,0.00403828155395635,0.0127803314431562,0.00202709904631901,4.42148059170209e-05
0.000106024972435977,0.00274249096104627,-0.00120341024958469,0.0025579088434468,0.00468152134894145,0.00202709904631901,0.0236169101816271,0.00283466625990449
0.0194991877203524,0.00944956184965334,0.00643539874156911,-0.0046000909952344,-0.00437070931623259,4.42148059170209e-05,0.00283466625990449,0.042175504563977
