0.167768594473347,-0.00987679404284716,0.0247323037234972,-0.000962794095403583,0.0253867003401127,0.0157538690410333,0.014620424948131,-0.00639154109022885,-0.0107829862215285,0.0110852684444855,0.0149897670931035,0.0117780837605763,0.0026831096070643,0.0152101370769488,-0.000954838224140823,-0.0213376982400415,0.0142356294909512,0.00893533252979153,-0.00159879155054187,-0.0177807656084857,0.0197916386737272,0.000194930380832942,0.0125597820510558,0.0123050295473393
-0.00987679404284716,0.0300360296633003,-0.00204322147444187,0.0183529865775714,-0.000982447234970161,-0.000926491811579822,0.0016790458290857,0.0012283192675884,0.0263373020014881,-0.00262125473808263,-0.00195036996675296,-0.000712326614704463,-0.00339241856226095,0.016238197163228,-0.00626209155698758,-0.000277388232440116,0.00903620549921755,0.00324188186993545,-0.00102558618785582,-0.00379707630643633,-0.00809234116281701,0.00130019547097189,-0.0156104316462714,-0.00618174242566908
0.0247323037234972,-0.00204322147444187,0.073592790259485,-0.000567858650809761,0.00973056407338564,0.00743286056767403,0.00148053280472822,0.0119291934995351,-0.00999675005507936,0.00596772067638746,0.0251713544099759,0.0206086467856576,0.00113935411818122,0.010973308598609,0.0032834392694459,0.00462476707931374,0.00562060869158955,-0.00345166102542663,0.000443068575199199,-0.00927656885017329,0.0129162350192921,-0.000146611020824235,0.00654804529354585,0.000787603515883842
-0.000962794095403583,0.0183529865775714,-0.000567858650809761,0.0241378163559851,0.00171397425621121,-0.00165698796091748,0.000237532539633334,-0.000476736285290784,0.0172611124373721,3.54679223771364e-05,0.00100447060784636,0.00117031159262941,0.00250385166966586,0.0229067676344448,-0.00378522038241293,0.00155915731489792,0.00972877896868591,0.00127902753640598,0.00112859314847385,-0.00103541016319687,-0.00419390454224981,-0.000770725126395031,-0.00779170543189372,-0.0105656337651172
0.0253867003401127,-0.000982447234970161,0.00973056407338564,0.00171397425621121,0.14776674547841,0.0173749204142371,-0.00884233541862151,0.0160733893312088,0.00346821144061263,0.00837056654068781,0.00796287958478753,0.00102922067807693,0.00596704400663213,0.00629910835886795,0.00407558041839912,-0.00188983081835346,0.0125341380620606,0.00434652457755215,0.000748911823308727,-0.00382338418604977,0.0011717544526158,0.00150342367017151,-0.00466456910682731,0.00920972413375726
0.0157538690410333,-0.000926491811579822,0.00743286056767403,-0.00165698796091748,0.0173749204142371,0.0946894150858178,0.0105364487059137,0.0250272337498475,-0.0014941939980553,0.0176936683963455,-0.0103585749938989,0.00497743414366747,0.0090278250726994,0.00214337876358474,0.00231034076925467,3.35410342151436e-05,0.00451088953859258,-0.00100257300736707,-0.00269827703940256,-0.0034760802516843,-0.00165370434480134,-0.00765213245323163,0.00164421575180175,0.0219766188742664
0.014620424948131,0.0016790458290857,0.00148053280472822,0.000237532539633334,-0.00884233541862151,0.0105364487059137,0.0538798417526578,-0.00456125127333636,-0.00049741923237156,0.00171843332430186,-0.00643481368748502,-0.00104842380840004,0.00630666360701964,0.00677077596141693,0.0044027698360758,-0.00550423719970044,0.0068427592351305,-0.00838843730941685,0.00391192789266793,-0.00875772027890709,0.00639285470974755,-0.00193973061552027,-0.00208558435360559,-0.00685871793955503
-0.00639154109022885,0.0012283192675884,0.0119291934995351,-0.000476736285290784,0.0160733893312088,0.0250272337498475,-0.00456125127333636,0.139749325716922,0.0161781082528132,0.02039879774475,0.0033055028067658,0.00645811989453687,0.00392929115182101,0.00519705463908747,-0.00101379803118237,0.0201052661024299,0.0127272717235953,0.00599202654806444,-0.00406083543213985,0.0200502531888513,-0.0380512524599156,-0.00244240233672344,0.0100719642235937,-0.00584528992887573
-0.0107829862215285,0.0263373020014881,-0.00999675005507936,0.0172611124373721,0.00346821144061263,-0.0014941939980553,-0.00049741923237156,0.0161781082528132,0.122715852307348,0.00235133171803698,-0.0214418816995081,-0.00614690483472189,-0.0008620858294065,0.0311469767114641,-0.00947211266640251,0.00398879939486628,0.0203870580586744,0.00572852669681783,0.000253728267551501,0.00637811747655992,-0.0585607234205999,0.00846736157281836,-0.0290831257863151,-0.00848101076545242
0.0110852684444855,-0.00262125473808263,0.00596772067638746,3.54679223771364e-05,0.00837056654068781,0.0176936683963455,0.00171843332430186,0.02039879774475,0.00235133171803698,0.0406110878135202,-0.00435414987535757,0.00370793722591905,0.00702055915012121,0.0169827989742357,0.00321324877317237,0.00714331104488083,0.00305183736881102,0.000552611561935534,-0.00145128982705137,-0.0101552570574516,-0.000964300478074355,0.00387298240252609,0.00946932132060276,-0.0177997799985018
0.0149897670931035,-0.00195036996675296,0.0251713544099759,0.00100447060784636,0.00796287958478753,-0.0103585749938989,-0.00643481368748502,0.0033055028067658,-0.0214418816995081,-0.00435414987535757,0.138663512236229,-0.000969860342886777,-0.0225161215643731,-0.0149113129594624,0.00228389782727632,-0.00562567564149419,-2.70256125804488e-05,0.00822359558513001,-0.00803859098226498,0.00410477965318881,0.0097185279893499,-0.00321348868257658,-0.00897992259349104,0.0229830687520008
0.0117780837605763,-0.000712326614704464,0.0206086467856576,0.00117031159262941,0.00102922067807693,0.00497743414366747,-0.00104842380840004,0.00645811989453687,-0.00614690483472189,0.00370793722591905,-0.000969860342886777,0.0366247366859379,0.00311485110490726,0.0124891811968601,0.00226666307796521,0.00216400589909962,0.000583563347998556,-0.00198807451496326,0.000187798089439235,0.000806253739233762,0.00873614733552844,0.0031562955962981,0.000284268512038655,0.00196955073523621
0.0026831096070643,-0.00339241856226095,0.00113935411818122,0.00250385166966586,0.00596704400663213,0.0090278250726994,0.00630666360701964,0.00392929115182101,-0.0008620858294065,0.0070205591501212,-0.0225161215643731,0.00311485110490726,0.112570841279524,-0.00876583860573636,0.00120924477058232,-0.00153102540962779,0.00863605996757085,0.00159058376463733,-0.00212618113199329,-0.00326737576207513,-0.00157901448408503,0.00098803436205145,0.0103356783549946,-0.0138364511858673
0.0152101370769488,0.016238197163228,0.010973308598609,0.0229067676344448,0.00629910835886795,0.00214337876358474,0.00677077596141693,0.00519705463908747,0.0311469767114641,0.0169827989742357,-0.0149113129594624,0.0124891811968601,-0.00876583860573636,0.236671499200903,-0.0161184448191263,0.00116190236521419,0.0178562420713262,0.00986623716351091,-0.00548089366474111,0.00349974875368699,-0.0163208594593867,-0.00154341368804969,-0.045443028441771,-0.0161705546531541
-0.000954838224140823,-0.00626209155698758,0.0032834392694459,-0.00378522038241293,0.00407558041839912,0.00231034076925467,0.0044027698360758,-0.00101379803118237,-0.00947211266640251,0.00321324877317237,0.00228389782727632,0.00226666307796521,0.00120924477058232,-0.0161184448191263,0.0474207423276254,0.00766993063996003,0.00349429349961606,-0.0121142588528367,0.00808562893091554,-0.0017023045674591,0.00554619583090674,0.00288963984586218,0.00991512733156001,-0.000950074407566977
-0.0213376982400415,-0.000277388232440116,0.00462476707931374,0.00155915731489792,-0.00188983081835346,3.35410342151436e-05,-0.00550423719970044,0.0201052661024299,0.00398879939486628,0.00714331104488083,-0.00562567564149419,0.00216400589909962,-0.00153102540962779,0.00116190236521419,0.00766993063996003,0.172447607294103,-0.0200860095120745,-0.00158818906448862,0.00115592827423385,-0.000797079770551399,0.00594174239158086,-0.0029194502614647,0.00188596347436081,-0.000502253249710119
0.0142356294909512,0.00903620549921755,0.00562060869158955,0.00972877896868591,0.0125341380620606,0.00451088953859258,0.0068427592351305,0.0127272717235953,0.0203870580586744,0.00305183736881102,-2.70256125804488e-05,0.000583563347998556,0.00863605996757085,0.0178562420713262,0.00349429349961606,-0.0200860095120745,0.0837423633816071,0.00441099489073351,-0.00279080788033239,0.00646740328659735,-0.0194954869384329,-0.00285148123602852,-0.00806342781823692,-0.00239803710438414
0.00893533252979153,0.00324188186993545,-0.00345166102542663,0.00127902753640598,0.00434652457755215,-0.00100257300736707,-0.00838843730941685,0.00599202654806444,0.00572852669681783,0.000552611561935534,0.00822359558513001,-0.00198807451496326,0.00159058376463733,0.00986623716351091,-0.0121142588528367,-0.00158818906448862,0.00441099489073351,0.0846766726637241,-0.050119856749833,-0.00555832919541695,0.000948896079728396,0.00140334208598949,-0.00316697726177195,-0.00212406823846737
-0.00159879155054187,-0.00102558618785582,0.000443068575199199,0.00112859314847385,0.000748911823308727,-0.00269827703940256,0.00391192789266793,-0.00406083543213985,0.000253728267551501,-0.00145128982705137,-0.00803859098226498,0.000187798089439235,-0.00212618113199329,-0.00548089366474111,0.00808562893091554,0.00115592827423385,-0.00279080788033239,-0.050119856749833,0.0494789607705952,0.00451382522596571,-0.00395813872522709,-0.000848614293529544,-0.000839824568006556,-0.000540415689173004
-0.0177807656084857,-0.00379707630643633,-0.00927656885017329,-0.00103541016319687,-0.00382338418604977,-0.0034760802516843,-0.00875772027890709,0.0200502531888513,0.00637811747655992,-0.0101552570574516,0.00410477965318881,0.000806253739233762,-0.00326737576207513,0.00349974875368699,-0.0017023045674591,-0.000797079770551399,0.00646740328659735,-0.00555832919541695,0.00451382522596571,0.137335795949651,-0.122851702229674,-0.00267505182706601,-0.00994650889562967,0.0086168252597483
0.0197916386737272,-0.00809234116281701,0.0129162350192921,-0.00419390454224981,0.0011717544526158,-0.00165370434480134,0.00639285470974755,-0.0380512524599156,-0.0585607234205999,-0.000964300478074355,0.0097185279893499,0.00873614733552844,-0.00157901448408503,-0.0163208594593867,0.00554619583090674,0.00594174239158086,-0.0194954869384329,0.000948896079728396,-0.00395813872522709,-0.122851702229674,0.20462579803776,0.00248005851678444,0.0181146972373601,-0.000671177994453408
0.000194930380832942,0.00130019547097189,-0.000146611020824235,-0.000770725126395031,0.00150342367017151,-0.00765213245323163,-0.00193973061552027,-0.00244240233672344,0.00846736157281836,0.00387298240252609,-0.00321348868257658,0.0031562955962981,0.000988034362051451,-0.00154341368804969,0.00288963984586218,-0.0029194502614647,-0.00285148123602852,0.00140334208598949,-0.000848614293529543,-0.00267505182706601,0.00248005851678444,0.0217369642401298,-0.00175321630490142,-0.0148069495698089
0.0125597820510558,-0.0156104316462714,0.00654804529354585,-0.00779170543189372,-0.00466456910682731,0.00164421575180175,-0.00208558435360559,0.0100719642235937,-0.0290831257863151,0.00946932132060276,-0.00897992259349104,0.000284268512038655,0.0103356783549946,-0.045443028441771,0.00991512733156001,0.00188596347436081,-0.00806342781823692,-0.00316697726177195,-0.000839824568006556,-0.00994650889562967,0.0181146972373601,-0.00175321630490142,0.151675151486985,-0.114595088446042
0.0123050295473393,-0.00618174242566907,0.000787603515883842,-0.0105656337651172,0.00920972413375726,0.0219766188742663,-0.00685871793955503,-0.00584528992887573,-0.00848101076545242,-0.0177997799985018,0.0229830687520008,0.00196955073523621,-0.0138364511858673,-0.0161705546531541,-0.000950074407566977,-0.000502253249710119,-0.00239803710438414,-0.00212406823846737,-0.000540415689173004,0.0086168252597483,-0.000671177994453408,-0.0148069495698089,-0.114595088446042,0.227662891467462
