0.29745200457911,-0.0163202633102003,0.0270691293848429,-0.0229210685787962,0.0511341390158072,0.0284483788181212,0.0130002482358795,0.123470995290174,0.0548582881749897,-0.00142623791600463,-0.00594090026404514,-0.0225517723851402,-0.022462324309306,0.00143892228363303
-0.0163202633102003,0.0280133587315955,0.00328470937249946,0.00572266417567101,-0.0147130488623366,0.00256262466829363,0.00543400585420802,0.00810556546590724,0.00102398905167816,0.00063906246260131,0.0485312997179939,0.00475812467038411,3.5736767087562e-05,0.000542904022116966
0.0270691293848429,0.00328470937249946,0.0308661714533064,-0.00605667360602215,-0.00501925484076662,0.0118058011673648,-0.000163923278096734,0.0257293143842062,0.0198841966653213,-0.00119820152323265,0.00831740456617126,-0.00221505841301866,-0.00521997469788623,0.00100220779024893
-0.0229210685787962,0.00572266417567101,-0.00605667360602215,0.0454300346333383,-0.0116154411012295,-0.020075841822358,0.00185650138724603,0.0224473741351719,0.0151054848680573,0.00294240808294886,-0.0297562522707091,0.0138273556749225,-0.000135864368689703,-0.000785390659793396
0.0511341390158072,-0.0147130488623366,-0.00501925484076662,-0.0116154411012295,0.0955787610652485,0.0165094725064424,0.000297281487220368,0.0764985389424598,0.014026270539036,-0.00248332388825173,0.0124588209126195,-0.012785541577298,0.0133241715172743,0.000117634891387266
0.0284483788181212,0.00256262466829363,0.0118058011673648,-0.020075841822358,0.0165094725064424,0.0539257760704554,0.00730515947540261,0.0554214522046468,0.016389236226342,0.00126167809742566,0.00663005551998963,-2.2876608928013e-05,0.000103016114924663,0.0011335537476725
0.0130002482358795,0.00543400585420802,-0.000163923278096734,0.00185650138724603,0.000297281487220368,0.00730515947540261,0.0114459557874437,0.0242184036198933,0.0494773651280435,0.00429272289197449,-0.00497087539048877,0.00344591335750318,-0.00104090828212364,0.0017489618984664
0.123470995290174,0.00810556546590724,0.0257293143842062,0.0224473741351719,0.0764985389424598,0.0554214522046468,0.0242184036198933,0.252395813307675,0.164169103637852,0.00967972884912149,0.0292724104063577,-0.0290884690134911,0.00487337626305695,0.00166394339960092
0.0548582881749897,0.00102398905167816,0.0198841966653213,0.0151054848680573,0.014026270539036,0.016389236226342,0.0494773651280435,0.164169103637852,0.328504735059111,0.0236628050618045,-0.0705462934325031,-0.0167350525365087,-0.000411147465957119,0.00753936060014106
-0.00142623791600463,0.00063906246260131,-0.00119820152323265,0.00294240808294886,-0.00248332388825173,0.00126167809742566,0.00429272289197449,0.00967972884912149,0.0236628050618045,0.00230342871453285,-0.005684759203741,5.53068044749192e-05,-9.11441410782185e-05,0.000541539489697712
-0.00594090026404514,0.0485312997179938,0.00831740456617126,-0.0297562522707091,0.0124588209126195,0.00663005551998963,-0.00497087539048877,0.0292724104063577,-0.070546293432503,-0.005684759203741,0.279457646463259,-0.0375251651712345,0.00649959291551313,-0.000449295003689361
-0.0225517723851402,0.00475812467038411,-0.00221505841301866,0.0138273556749225,-0.012785541577298,-2.2876608928013e-05,0.00344591335750318,-0.0290884690134911,-0.0167350525365087,5.53068044749192e-05,-0.0375251651712345,0.0308234510922582,-0.00253874490404285,0.00117085562945296
-0.022462324309306,3.5736767087562e-05,-0.00521997469788623,-0.000135864368689703,0.0133241715172743,0.000103016114924663,-0.00104090828212364,0.00487337626305695,-0.000411147465957119,-9.11441410782185e-05,0.00649959291551313,-0.00253874490404285,0.00569602579545785,-0.000268864584966046
0.00143892228363303,0.000542904022116966,0.00100220779024893,-0.000785390659793396,0.000117634891387266,0.0011335537476725,0.0017489618984664,0.00166394339960092,0.00753936060014106,0.000541539489697712,-0.000449295003689361,0.00117085562945296,-0.000268864584966047,0.000422249213828541
