0.228498367439823,0.0138496896042534,-0.0128072914121938,-0.0181470159976965,-0.0331371234863404,0.0133160468412533,0.0104482444502014,0.0114822449167719,-0.0252985378521578,-0.00567244231684135,0.0378159318664597,-0.010744426347323,0.0149196125190814,-0.000477787381257847
0.0138496896042534,0.035740064579316,0.00365200197570693,-0.00338645089195725,-0.0132956949188746,-0.011344662025198,0.00624426180580806,0.0101661770288979,0.0101973135644839,0.0016770910621754,0.00711852894019385,-0.00855769957329563,-0.00211127481909639,8.8363060862957e-05
-0.0128072914121938,0.00365200197570693,0.0295373555865647,0.00771652596632708,-0.00211987614362434,0.00634978085066262,0.00437076175420183,0.0184817549465756,0.0154921565708799,0.00821498046116278,-0.00234482026369675,0.00197329374714247,-0.00226947072619861,0.000130438869470586
-0.0181470159976965,-0.00338645089195725,0.00771652596632708,0.0415603244159631,0.013435867817268,-0.00682527408322688,0.00382184738442694,0.0289571230974462,0.0192610128356929,0.00583678320863048,0.00259057378714277,0.000428018786809975,-0.00293831714537034,0.000909896589998596
-0.0331371234863404,-0.0132956949188746,-0.00211987614362434,0.013435867817268,0.101059075379508,0.0349126022975348,0.00449426214530654,0.0177965567456306,0.0410137638076291,0.00513541203713009,0.00295575696875367,0.00105187713316226,-0.00683267467354783,0.00174585618688622
0.0133160468412533,-0.011344662025198,0.00634978085066262,-0.00682527408322687,0.0349126022975348,0.0705353827150937,0.0136563745716077,0.0109576391181244,-0.00367329286083513,-1.13334324029084e-05,0.0258050578789217,0.00333751474811713,-0.0021018989406582,-0.00437516462073918
0.0104482444502014,0.00624426180580806,0.00437076175420183,0.00382184738442694,0.00449426214530654,0.0136563745716077,0.0138662782718747,0.0173483772690704,0.0170749205493805,0.00187149011646441,0.00833455960468981,-0.000654499074652447,-0.000748892397506507,0.000100877174904289
0.0114822449167719,0.0101661770288979,0.0184817549465756,0.0289571230974462,0.0177965567456306,0.0109576391181244,0.0173483772690704,0.239681444702737,0.124609199942333,0.0135435718705584,0.0633585985747611,0.00349176356553055,-0.00743217105773521,0.00345790192391737
-0.0252985378521578,0.0101973135644839,0.0154921565708799,0.0192610128356929,0.0410137638076291,-0.00367329286083513,0.0170749205493805,0.124609199942333,0.2398784806284,0.0175731948135069,-0.0208318867460618,0.00622381871605183,-0.00341320275944789,0.00418355912956934
-0.00567244231684135,0.0016770910621754,0.00821498046116278,0.00583678320863048,0.00513541203713009,-1.13334324029084e-05,0.00187149011646441,0.0135435718705584,0.0175731948135069,0.0092331620691146,0.00370306046511872,0.00211751725330693,0.000133143801038677,0.000116937639549249
0.0378159318664597,0.00711852894019385,-0.00234482026369675,0.00259057378714277,0.00295575696875367,0.0258050578789217,0.00833455960468981,0.0633585985747611,-0.0208318867460618,0.00370306046511872,0.252433654049951,-0.0104678072801877,0.0118874435415436,0.0013820898281577
-0.010744426347323,-0.00855769957329563,0.00197329374714247,0.000428018786809975,0.00105187713316226,0.00333751474811713,-0.000654499074652447,0.00349176356553055,0.00622381871605183,0.00211751725330693,-0.0104678072801877,0.0144332855195227,-0.00702075615513544,-0.00113466536537158
0.0149196125190814,-0.00211127481909639,-0.00226947072619861,-0.00293831714537034,-0.00683267467354783,-0.0021018989406582,-0.000748892397506507,-0.00743217105773521,-0.00341320275944789,0.000133143801038677,0.0118874435415436,-0.00702075615513544,0.0115664487038677,0.00212511436229124
-0.000477787381257847,8.8363060862957e-05,0.000130438869470586,0.000909896589998596,0.00174585618688622,-0.00437516462073918,0.000100877174904289,0.00345790192391737,0.00418355912956934,0.000116937639549249,0.0013820898281577,-0.00113466536537158,0.00212511436229124,0.0025212069653067
