0.0333528812639384,0.00200478721585856,0.00348702056500902,-0.00529407565738593,-0.00291313030316272,-0.000427732892228115,0.000661241042507839,0.0178073547946951
0.00200478721585856,0.0252913069210388,0.00204178219470505,-0.000635263281572552,0.00539286038742188,0.00296717772327057,0.000681595336463161,0.0070337198213631
0.00348702056500902,0.00204178219470505,0.0218757454455228,0.00341782331838808,0.00163288250859188,0.00453899838448531,0.00175682595581915,0.00595339027939707
-0.00529407565738593,-0.000635263281572552,0.00341782331838808,0.0303039265082454,0.0105290267346677,0.00959676567355017,0.0056120739620671,-0.00437838079183962
-0.00291313030316272,0.00539286038742188,0.00163288250859188,0.0105290267346677,0.0156791275048385,0.00452681936204026,0.00124341523501886,-0.0017981100837785
-0.000427732892228115,0.00296717772327057,0.00453899838448531,0.00959676567355017,0.00452681936204026,0.0155919427357966,0.00286329135833697,-0.000348684665797492
0.000661241042507839,0.000681595336463161,0.00175682595581915,0.0056120739620671,0.00124341523501886,0.00286329135833697,0.019414481337096,0.00181384008148809
0.0178073547946951,0.0070337198213631,0.00595339027939707,-0.00437838079183962,-0.0017981100837785,-0.000348684665797492,0.00181384008148809,0.0347682890574609
