0.0821742793537848,0.0266944599222035,0.0863599050231291,-0.0162558821487446,-0.0214638074104909,-0.017504401899457,-0.0211769572364429,-0.0143331988008889,-0.0190103347170716,-0.0162785246924019,-0.0224480391246596,-0.0141959654672394,-0.01769589350769,-0.0222755878366606,-0.00849375752192205,0.012768324428833,-0.0298889862756906,-0.0272586914098343,-0.0224871131285936,-0.0207062920317922,-0.00362251574677395,-0.0259007552711659
0.0266944599222035,0.0398394547806871,0.0265646824549786,0.00698708927795128,0.00346365653885335,0.00638686570003139,0.00672218547234935,0.00536557274302346,0.00251723972191562,0.00327106267791494,0.000869233905279172,0.00415668030432244,0.0055573752627919,-0.00342216308340984,0.00526212481809414,-0.0140550182102815,-0.0146564875312642,-0.0267912267815903,0.013260135114607,-0.0063847412441172,0.0119923935070007,0.0128080744548141
0.0863599050231291,0.0265646824549786,0.0938600780284258,-0.0166120524326204,-0.0218875443635174,-0.0195307340722907,-0.0219728534656645,-0.0152307073693791,-0.0189910993627289,-0.0166680659067783,-0.0224526043870509,-0.0128758832174407,-0.0174900139777022,-0.0222184026353329,-0.00970648414380649,0.011458134878987,-0.0304474033298646,-0.0242707648764673,-0.0220935502231267,-0.0167947568012381,-0.00665279661893857,-0.0248426587177717
-0.0162558821487446,0.00698708927795128,-0.0166120524326204,0.0113901340996939,0.0119036869154494,0.0124512146884889,0.0140807770007568,0.0101004524298346,0.0127407053094132,0.0121372377629644,0.0146166751220863,0.0117821504211588,0.0127569756441101,0.0112200171696332,0.00746221583103689,-0.0163712882780385,0.00738511374157673,0.00648562817627052,0.0184688015267064,0.0114333930080631,0.0129006214755408,0.0196089920321882
-0.0214638074104909,0.00346365653885335,-0.0218875443635174,0.0119036869154494,0.0140149416912145,0.0129361674681477,0.0151243369723562,0.0101355722388349,0.0123358420986241,0.0116161495245435,0.0138332292027712,0.012129799067454,0.0121084425597895,0.0104999149659705,0.00723507693193576,-0.0162777634852418,0.0114903730900365,0.00839174079397309,0.0216561355480838,0.016499081265301,0.012527907805879,0.0227593215442512
-0.017504401899457,0.00638686570003139,-0.0195307340722907,0.0124512146884889,0.0129361674681477,0.0152463189927215,0.0159597959425331,0.0118192765365044,0.015311244007138,0.014966275830336,0.0179187410870133,0.0133848292716554,0.0148087866841788,0.013723346026443,0.00948586367563741,-0.0180117509812788,0.00965553211027254,0.0068358674580507,0.0199695076268682,0.0112415201061123,0.0181012869195201,0.0206573401799483
-0.0211769572364429,0.00672218547234934,-0.0219728534656645,0.0140807770007568,0.0151243369723562,0.0159597959425331,0.0178379328082886,0.012663695079813,0.0161821667176267,0.0155217686471965,0.0186398679168748,0.0149180170687997,0.0159635322422211,0.0143421563687542,0.00958687065716694,-0.0200598907553693,0.0101977991370672,0.00847699255691996,0.0233469979308448,0.0147344368212018,0.0165386165040906,0.0245732168037355
-0.0143331988008889,0.00536557274302346,-0.0152307073693791,0.0101004524298346,0.0101355722388349,0.0118192765365044,0.012663695079813,0.0095978306804703,0.0133122874188248,0.0126627403732111,0.0155254838572329,0.0119819731696792,0.01292534688015,0.0121981310476773,0.00757161405440944,-0.0158533439596338,0.00855716891187461,0.00480442622730263,0.0162541951724634,0.00939033604734646,0.0139598059623298,0.017087363943706
-0.0190103347170716,0.00251723972191562,-0.0189910993627289,0.0127407053094132,0.0123358420986241,0.015311244007138,0.0161821667176267,0.0133122874188248,0.0236474417805649,0.0214968023116918,0.0276344159094581,0.02276509510567,0.021866695980346,0.0227423754323508,0.01114012967332,-0.0271069719505378,0.0209617709211949,0.00290392699697641,0.0236436040052952,0.0163146739624201,0.0217132999536636,0.0247851292386111
-0.0162785246924019,0.00327106267791494,-0.0166680659067783,0.0121372377629644,0.0116161495245435,0.014966275830336,0.0155217686471965,0.0126627403732111,0.0214968023116918,0.0199402591312539,0.0253702235662799,0.0201521288755602,0.0199026596448181,0.0206731262827633,0.0106078579830006,-0.0243667156865765,0.0168706240597683,0.00495970073047379,0.0211959486283869,0.0139620528048319,0.0210135003583472,0.0221332164410308
-0.0224480391246596,0.000869233905279172,-0.0224526043870509,0.0146166751220863,0.0138332292027712,0.0179187410870133,0.0186398679168748,0.0155254838572329,0.0276344159094581,0.0253702235662799,0.0328447750250225,0.0258042995438913,0.0253270474731507,0.0273309873301695,0.0128675787174852,-0.0303708313631063,0.0229286286109055,0.00850890350263877,0.0251235952161796,0.0180044070330978,0.0253378566215057,0.0265311389281612
-0.0141959654672394,0.00415668030432244,-0.0128758832174407,0.0117821504211588,0.012129799067454,0.0133848292716554,0.0149180170687997,0.0119819731696792,0.02276509510567,0.0201521288755602,0.0258042995438913,0.0243593099849586,0.0208122980590444,0.0209178570850125,0.009929771168389,-0.0292772264927802,0.0230178625726128,-0.00251178332148081,0.0266155693107946,0.0202540506188116,0.020456375730906,0.0274960898069914
-0.01769589350769,0.0055573752627919,-0.0174900139777022,0.0127569756441101,0.0121084425597895,0.0148087866841788,0.0159635322422211,0.01292534688015,0.021866695980346,0.0199026596448181,0.0253270474731507,0.0208122980590444,0.0209104998725642,0.0205119272161396,0.0108907282982444,-0.0253926889881933,0.0179380706634506,2.45995213154141e-05,0.0230406759242221,0.0140492530882353,0.0197585524425022,0.0243584956962599
-0.0222755878366606,-0.00342216308340984,-0.0222184026353329,0.0112200171696332,0.0104999149659705,0.013723346026443,0.0143421563687542,0.0121981310476773,0.0227423754323508,0.0206731262827633,0.0273309873301695,0.0209178570850125,0.0205119272161396,0.0236166650565073,0.00974472120447978,-0.0236779727043311,0.0185636421285431,0.0100573747397656,0.0179878325768119,0.013505087225256,0.018050242561424,0.0193409186326097
-0.00849375752192205,0.00526212481809414,-0.00970648414380649,0.00746221583103689,0.00723507693193576,0.00948586367563741,0.00958687065716694,0.00757161405440944,0.01114012967332,0.0106078579830006,0.0128675787174852,0.009929771168389,0.0108907282982444,0.00974472120447977,0.00683802647658723,-0.0127513750783412,0.00888929392568311,-0.00156855351751362,0.0131937668317587,0.00639753558882491,0.0132583240067456,0.0135376046393486
0.012768324428833,-0.0140550182102815,0.011458134878987,-0.0163712882780385,-0.0162777634852418,-0.0180117509812788,-0.0200598907553693,-0.0158533439596338,-0.0271069719505378,-0.0243667156865765,-0.0303708313631063,-0.0292772264927802,-0.0253926889881933,-0.0236779727043311,-0.0127513750783412,0.037935993266905,-0.0231238190134711,0.00453688550379405,-0.0350538409618257,-0.0239856071056467,-0.0273550482892456,-0.0360780972971609
-0.0298889862756906,-0.0146564875312642,-0.0304474033298646,0.00738511374157673,0.0114903730900365,0.00965553211027254,0.0101977991370672,0.00855716891187461,0.0209617709211949,0.0168706240597683,0.0229286286109055,0.0230178625726128,0.0179380706634506,0.0185636421285431,0.00888929392568311,-0.0231238190134711,0.0545662113429006,-0.00878467462315126,0.0289496238956018,0.0340766496008056,0.0239224351159037,0.0294364947714815
-0.0272586914098343,-0.0267912267815903,-0.0242707648764673,0.00648562817627052,0.00839174079397309,0.0068358674580507,0.00847699255691996,0.00480442622730263,0.00290392699697641,0.00495970073047379,0.00850890350263877,-0.00251178332148081,2.45995213154141e-05,0.0100573747397656,-0.00156855351751362,0.00453688550379405,-0.00878467462315126,0.081657110939902,-0.0077641073005926,0.0157606086339072,-0.000580176758395438,-0.00517329969168339
-0.0224871131285936,0.013260135114607,-0.0220935502231267,0.0184688015267064,0.0216561355480838,0.0199695076268682,0.0233469979308448,0.0162541951724634,0.0236436040052952,0.0211959486283869,0.0251235952161796,0.0266155693107946,0.0230406759242221,0.0179878325768119,0.0131937668317587,-0.0350538409618257,0.0289496238956018,-0.0077641073005926,0.0431069259231229,0.0315902673581212,0.0265293335887999,0.04413686050366
-0.0207062920317922,-0.0063847412441172,-0.0167947568012381,0.0114333930080631,0.016499081265301,0.0112415201061123,0.0147344368212018,0.00939033604734646,0.0163146739624201,0.0139620528048319,0.0180044070330978,0.0202540506188116,0.0140492530882353,0.013505087225256,0.00639753558882491,-0.0239856071056467,0.0340766496008056,0.0157606086339072,0.0315902673581212,0.0407196926688508,0.01883959021204,0.0329107104886976
-0.00362251574677395,0.0119923935070007,-0.00665279661893857,0.0129006214755408,0.012527907805879,0.0181012869195201,0.0165386165040906,0.0139598059623298,0.0217132999536635,0.0210135003583472,0.0253378566215057,0.020456375730906,0.0197585524425022,0.018050242561424,0.0132583240067456,-0.0273550482892456,0.0239224351159037,-0.000580176758395438,0.0265293335887999,0.01883959021204,0.0362586910977059,0.0259999538130379
-0.0259007552711659,0.0128080744548141,-0.0248426587177717,0.0196089920321882,0.0227593215442512,0.0206573401799483,0.0245732168037355,0.017087363943706,0.0247851292386111,0.0221332164410308,0.0265311389281612,0.0274960898069914,0.0243584956962599,0.0193409186326097,0.0135376046393486,-0.0360780972971609,0.0294364947714815,-0.00517329969168339,0.04413686050366,0.0329107104886976,0.0259999538130379,0.0456627668309652
