0.0424930248825085,0.00469858850390326,-0.00502756786515971,0.0190872687837981,0.00602128809609979,-0.0174463362783656,-0.0248475189050675,-0.0230878507014037,-0.0392050712249653,0.00418548191428158,0.0181878591906962,0.0188616720693362,0.0195058636042454
0.00469858850390326,0.166592793206955,-0.013719751930156,0.0127930606571701,-0.013370804092899,-0.0179372843084954,0.0804387319169768,-0.0327417077760239,0.0330387816435572,0.00180703494409941,-0.020773565210206,0.0219221831198406,0.0600765217914042
-0.00502756786515971,-0.013719751930156,0.0996571494367405,-0.00325886575936832,-0.00899920402667119,-0.0180030235956013,-0.0240730878706377,-0.0158760831777715,0.0722294612218077,0.014716437534191,0.0280028749880173,-0.0375446082527912,0.0795731531092113
0.0190872687837981,0.0127930606571701,-0.00325886575936832,0.0199372358941017,0.00733005251598837,-0.00406620886773073,0.0298513050134542,-0.00900339217418447,-0.00523648714878256,0.00298462278125488,0.0142175461653211,0.0164481720708718,0.0258878134744159
0.00602128809609979,-0.013370804092899,-0.00899920402667119,0.00733005251598837,0.0135853020399278,0.00244979495779673,-0.00579634979958111,0.0026837610085329,-0.0223252641767308,-0.00348735503547608,-0.000787491524209895,0.00123731980967531,0.00782717943620093
-0.0174463362783656,-0.0179372843084954,-0.0180030235956013,-0.00406620886773073,0.00244979495779673,0.0841843041092935,0.0145765150416089,0.0189488386365958,-0.0203276850585804,-0.00696275341995602,0.016918436520768,-0.026108802617089,-0.000955048041367151
-0.0248475189050675,0.0804387319169768,-0.0240730878706377,0.0298513050134542,-0.00579634979958111,0.0145765150416089,0.254052877629091,0.0102226172526988,0.102589439182845,-0.0145377037083699,-0.0398500461004412,0.0359394783062394,-0.0261548928863546
-0.0230878507014037,-0.0327417077760239,-0.0158760831777715,-0.00900339217418447,0.0026837610085329,0.0189488386365958,0.0102226172526988,0.0420444236582687,-0.0285164872868652,-0.0156064745688466,-0.0214105218088691,-0.0255895978238148,-0.022947707707049
-0.0392050712249653,0.0330387816435572,0.0722294612218077,-0.00523648714878256,-0.0223252641767308,-0.0203276850585804,0.102589439182845,-0.0285164872868652,0.209584207077832,0.0130832779305377,0.00397304648026216,0.0480733238727881,0.0390885067269549
0.00418548191428158,0.00180703494409941,0.014716437534191,0.00298462278125488,-0.00348735503547608,-0.00696275341995602,-0.0145377037083699,-0.0156064745688466,0.0130832779305377,0.0299206234023333,0.050415931525009,0.00379464869272539,0.0117274483548819
0.0181878591906962,-0.020773565210206,0.0280028749880173,0.0142175461653211,-0.000787491524209895,0.016918436520768,-0.0398500461004412,-0.0214105218088691,0.00397304648026216,0.050415931525009,0.116237062492248,0.00933886194273222,0.0609267038607798
0.0188616720693362,0.0219221831198406,-0.0375446082527912,0.0164481720708718,0.00123731980967531,-0.026108802617089,0.0359394783062394,-0.0255895978238148,0.0480733238727881,0.00379464869272539,0.00933886194273222,0.101256880873402,0.00161665210528842
0.0195058636042454,0.0600765217914042,0.0795731531092113,0.0258878134744159,0.00782717943620093,-0.000955048041367151,-0.0261548928863546,-0.022947707707049,0.0390885067269549,0.0117274483548819,0.0609267038607798,0.00161665210528842,0.227475954742695
