0.247599931764284,0.0167227784232722,-0.0112173523268234,-0.0232028976787094,-0.034235026050611,0.0212909054538504,0.00607407257971763,-0.0377210676761273,-0.0253426131718207,-0.00718683219770079,0.0324770480227872,-0.00669610766933551,0.0101372836520361,-0.000942494625384156
0.0167227784232722,0.0355943869623017,0.00793623063929609,0.0103800061099487,-0.00368280355999158,0.012978054158388,0.0108648484822407,0.0247847494709834,0.00675931372456151,0.00262263238207252,-0.00444402439554803,-0.000266890196687631,-0.00297518639064883,0.000856792482020606
-0.0112173523268234,0.00793623063929609,0.0418888615036432,0.00974781404703566,0.0173623005009278,0.0148397239024022,0.00773280216867041,0.0278383720131389,0.029841746070126,0.00386743352386767,0.0140846102489807,0.00571246378277046,-0.00202146173431639,0.0046513600458395
-0.0232028976787094,0.0103800061099487,0.00974781404703566,0.0554935761087892,-0.00141975647240977,0.0109901911790908,-0.000290189686687761,0.0078850507919674,0.0104662058941085,0.00219450947339772,0.0166239901907865,0.00369682672714074,-0.000639884959118643,0.00429459197009025
-0.034235026050611,-0.00368280355999158,0.0173623005009278,-0.00141975647240977,0.0759521553912547,0.03790829795602,0.00260902093012964,0.0243931494397979,0.0552520396151419,0.00337680508730507,0.00362475817256427,0.00129233609492355,0.000284423071689878,0.000728826718133984
0.0212909054538504,0.012978054158388,0.0148397239024022,0.0109901911790908,0.03790829795602,0.0670989483024811,0.00788593342581535,0.010867806366592,0.0176615626457078,0.000870258212297754,0.0347937195355049,0.00297668047314112,-0.00115671669214019,-0.000292667172987778
0.00607407257971763,0.0108648484822407,0.00773280216867041,-0.000290189686687761,0.00260902093012964,0.00788593342581535,0.0113643198346771,0.0156297430364168,0.0147512881519947,0.00227368028572781,0.012995827820973,5.88339203060608e-05,-0.00151832022077359,0.000607108810340186
-0.0377210676761273,0.0247847494709834,0.0278383720131389,0.0078850507919674,0.0243931494397979,0.010867806366592,0.0156297430364168,0.273975491010969,0.148102666468475,0.0250509732655032,-0.00461886744550264,0.00590784003754897,-0.00379678269130457,-0.00534539602776207
-0.0253426131718207,0.00675931372456151,0.029841746070126,0.0104662058941085,0.0552520396151419,0.0176615626457078,0.0147512881519947,0.148102666468475,0.31547162028572,0.0394716407776024,0.0157561377400215,0.0230978784208798,-0.00424008063675485,-0.00663358947670089
-0.00718683219770079,0.00262263238207252,0.00386743352386767,0.00219450947339772,0.00337680508730507,0.000870258212297754,0.00227368028572781,0.0250509732655032,0.0394716407776024,0.00957430169848503,-0.00325223309762739,0.00283512894975438,-0.00148813332474798,0.000240673899471153
0.0324770480227872,-0.00444402439554803,0.0140846102489807,0.0166239901907865,0.00362475817256427,0.0347937195355049,0.012995827820973,-0.00461886744550264,0.0157561377400215,-0.00325223309762739,0.255101419001635,-0.014639142685936,0.00840578803637824,0.00198225001628659
-0.00669610766933551,-0.000266890196687631,0.00571246378277046,0.00369682672714074,0.00129233609492355,0.00297668047314112,5.88339203060608e-05,0.00590784003754897,0.0230978784208798,0.00283512894975438,-0.014639142685936,0.0193443109160902,-0.00031829879276679,0.000338449368849357
0.0101372836520361,-0.00297518639064883,-0.00202146173431639,-0.000639884959118643,0.000284423071689878,-0.00115671669214019,-0.00151832022077359,-0.00379678269130457,-0.00424008063675485,-0.00148813332474798,0.00840578803637824,-0.00031829879276679,0.00557535698110473,-0.000511048070103806
-0.000942494625384156,0.000856792482020606,0.0046513600458395,0.00429459197009025,0.000728826718133984,-0.000292667172987778,0.000607108810340186,-0.00534539602776207,-0.00663358947670089,0.000240673899471153,0.00198225001628659,0.000338449368849357,-0.000511048070103806,0.00251839805825999
