0.0421336101537518,0.0143682505363256,0.033306187781846,0.00602182933896604,-0.000114973119284839,0.00842569963339246,0.00503718734018739,0.00832750240134447,0.00639732000732458,0.00693539343758168,0.0105560409826019,0.0033559499558197,0.0031111961192533,0.0105244710425214,0.00983998565443718,-0.00682978991782134,-0.0198398102724399,-0.0241024968960118,-0.00292087104931276,-0.0018749632149164,-0.000289512445141791,-0.00554347740927431
0.0143682505363256,0.0310879727940419,0.00786976172034978,0.00368182558725888,0.000630630763042179,0.00405311394185129,0.00201568918669355,0.00408975274755019,0.001349975946324,-0.000789302012013041,0.00136011079849088,0.0010011768481892,0.000339665089212485,0.00144309084135381,0.00464862383750125,-0.0134698880320728,-0.0188130031151779,-0.016352299479078,0.00401092249151372,-0.00106174514124038,0.0118308791998386,0.00179672155349029
0.033306187781846,0.00786976172034978,0.0595119020000771,0.00310751179843532,0.000811781706645412,0.00668319085271079,0.00488446356439734,0.00652818475178196,0.000928094685442284,0.00309316722925365,0.00132466050058189,0.000286174603041276,0.0002642905465871,0.00132665511415961,0.013041701252614,0.00650535332184841,-0.0360953311219812,-0.0200649011117239,0.00300637989368893,-0.00811999814003717,-0.0133989164894495,0.00158187411206792
0.00602182933896604,0.00368182558725888,0.00310751179843532,0.0201332206452399,0.0183650126359929,0.0180636922910088,0.0173365214891758,0.0179717064855871,0.0156287185298259,0.0145494954034042,0.0201801334785676,0.0101214779442791,0.0081925794640429,0.0198220314618459,0.0160024762156801,-0.0189740313632937,0.011397130490089,-0.00086872646161708,0.0162324163098293,0.00858424632126144,0.000477226264064806,0.0138629586701836
-0.000114973119284839,0.000630630763042179,0.000811781706645412,0.0183650126359929,0.0183888162762444,0.0164318517860381,0.0162300529356694,0.0163544439094994,0.0141903142812233,0.013184910560896,0.0182450448732813,0.00949308523798743,0.00726553025082071,0.0178745141704893,0.0143312379547502,-0.0162330344422665,0.0128090690215237,0.00438724979336996,0.0157415574385585,0.0055596826426919,-0.00151272329025664,0.013909527581073
0.00842569963339245,0.00405311394185129,0.00668319085271079,0.0180636922910088,0.0164318517860381,0.016819139177674,0.0158023176937268,0.0167303158967597,0.0142595599284307,0.013420635208065,0.0189117966646573,0.00928953426793103,0.00730088658733768,0.0185685058389667,0.0150949870435727,-0.0164674010289246,0.00785621738706792,-0.00349217113600651,0.0152287840927716,0.00491629119514731,-0.000312759340650221,0.0119840651219832
0.00503718734018739,0.00201568918669355,0.00488446356439734,0.0173365214891758,0.0162300529356694,0.0158023176937268,0.0157664435639245,0.0157185584542759,0.0137239106451649,0.0127764804288153,0.0175844555249681,0.00935761610553104,0.00731594059582939,0.0172401842265476,0.0141960845832188,-0.0158477663122142,0.00910548485884608,-0.000361833685052148,0.0161805343480619,0.00638985706960463,-1.97653684733917e-05,0.0142534904115697
0.00832750240134447,0.00408975274755019,0.00652818475178196,0.0179717064855871,0.0163544439094994,0.0167303158967597,0.0157185584542759,0.0166429394037291,0.0141306433598171,0.0132901892015673,0.0187432107261911,0.00920009017143799,0.00722507268588505,0.0184012771947211,0.0149867589719347,-0.016372325130281,0.00774587057192715,-0.00345753849722779,0.0151675779014938,0.00483112633358381,-0.000294356550881211,0.0119154358087699
0.00639732000732458,0.001349975946324,0.000928094685442284,0.0156287185298259,0.0141903142812233,0.0142595599284306,0.0137239106451649,0.0141306433598171,0.0229653678859039,0.0207288907418244,0.0307092541325636,0.0172014953327706,0.0128454970487982,0.0304292061487137,0.01365260816169,-0.0242056364757333,0.0249038952616988,-0.0011867144876789,0.0137454226037636,0.0141558419132884,0.00446770299537468,0.0130350026903475
0.00693539343758168,-0.000789302012013041,0.00309316722925365,0.0145494954034042,0.013184910560896,0.013420635208065,0.0127764804288153,0.0132901892015673,0.0207288907418244,0.0191536503015866,0.0278915160143166,0.0151535475469936,0.0116015831684868,0.0276227949182016,0.0129544716992392,-0.0206268794819802,0.0233042018357098,-0.00138045401282522,0.0121402805504962,0.0122653791919885,0.00257634141763132,0.0114017433653005
0.0105560409826019,0.00136011079849088,0.00132466050058189,0.0201801334785676,0.0182450448732813,0.0189117966646573,0.0175844555249681,0.0187432107261911,0.0307092541325636,0.0278915160143166,0.0421505672193135,0.0228186910292099,0.0168239739751658,0.0417662253922844,0.0177358416816881,-0.0312475933151198,0.0334345503840186,-0.00330718160707173,0.0174466289127431,0.0164971305594481,0.00480258363399322,0.0150473929655523
0.0033559499558197,0.0010011768481892,0.000286174603041276,0.0101214779442791,0.00949308523798743,0.00928953426793103,0.00935761610553105,0.00920009017143799,0.0172014953327706,0.0151535475469936,0.0228186910292099,0.0136866741621406,0.00967283861244778,0.0226271578389948,0.00922969188345635,-0.0179657248534702,0.0172428964237405,-4.86769661468644e-05,0.0103968766162327,0.0103692304917804,0.00389967532416748,0.0101659636634913
0.0031111961192533,0.000339665089212485,0.0002642905465871,0.0081925794640429,0.00726553025082071,0.00730088658733767,0.00731594059582939,0.00722507268588505,0.0128454970487982,0.0116015831684868,0.0168239739751658,0.00967283861244778,0.00752460229370451,0.0166818872654245,0.00714425859716681,-0.0137669281288816,0.0158100761958947,-0.000724465198402777,0.00783372633901212,0.00937829961504692,0.00370061954067259,0.0082638501762811
0.0105244710425214,0.00144309084135381,0.00132665511415961,0.0198220314618459,0.0178745141704893,0.0185685058389667,0.0172401842265476,0.0184012771947211,0.0304292061487137,0.0276227949182016,0.0417662253922844,0.0226271578389948,0.0166818872654245,0.0413922528899245,0.0174682316577943,-0.0309714371113483,0.0331016588921769,-0.00333601392771731,0.0170579717284248,0.0165516270210066,0.00482213996583026,0.0147479649893894
0.00983998565443718,0.00464862383750125,0.013041701252614,0.0160024762156801,0.0143312379547502,0.0150949870435727,0.0141960845832188,0.0149867589719347,0.01365260816169,0.0129544716992392,0.0177358416816881,0.00922969188345635,0.00714425859716681,0.0174682316577943,0.0151303191014,-0.0147486306769203,0.00350228589149752,-0.00464665082221528,0.0136148297254318,0.00587644467056886,-0.00122831658565722,0.011325184153973
-0.00682978991782134,-0.0134698880320728,0.00650535332184841,-0.0189740313632937,-0.0162330344422665,-0.0164674010289246,-0.0158477663122142,-0.016372325130281,-0.0242056364757333,-0.0206268794819802,-0.0312475933151198,-0.0179657248534702,-0.0137669281288816,-0.0309714371113483,-0.0147486306769203,0.0333652329721923,-0.0250431603157065,0.00337187718296,-0.0163007628681474,-0.0176583829203265,-0.0133619770590109,-0.0162635888947417
-0.0198398102724399,-0.0188130031151779,-0.0360953311219812,0.011397130490089,0.0128090690215237,0.00785621738706792,0.00910548485884608,0.00774587057192715,0.0249038952616988,0.0233042018357098,0.0334345503840186,0.0172428964237405,0.0158100761958947,0.0331016588921769,0.00350228589149752,-0.0250431603157065,0.0781669052911107,0.0153056447999743,0.0110773981577864,0.0217554259286718,0.0129002080000187,0.015274571859089
-0.0241024968960118,-0.016352299479078,-0.0200649011117239,-0.000868726461617081,0.00438724979336996,-0.00349217113600652,-0.000361833685052148,-0.00345753849722779,-0.0011867144876789,-0.00138045401282522,-0.00330718160707173,-4.86769661468644e-05,-0.000724465198402777,-0.00333601392771731,-0.00464665082221528,0.00337187718296,0.0153056447999743,0.034309335072567,-0.00820767470463458,0.0055738167022695,-0.00799382996451844,0.000455280798107003
-0.00292087104931276,0.00401092249151372,0.00300637989368893,0.0162324163098293,0.0157415574385585,0.0152287840927716,0.0161805343480619,0.0151675779014938,0.0137454226037636,0.0121402805504962,0.0174466289127431,0.0103968766162327,0.00783372633901212,0.0170579717284248,0.0136148297254318,-0.0163007628681474,0.0110773981577864,-0.00820767470463458,0.0299227262002599,0.00565462775046946,0.00406819624428398,0.0241108695681561
-0.0018749632149164,-0.00106174514124038,-0.00811999814003717,0.00858424632126144,0.0055596826426919,0.00491629119514731,0.00638985706960463,0.00483112633358381,0.0141558419132884,0.0122653791919885,0.0164971305594481,0.0103692304917804,0.00937829961504692,0.0165516270210066,0.00587644467056886,-0.0176583829203265,0.0217554259286718,0.0055738167022695,0.00565462775046946,0.0315274869074553,0.00500753824273018,0.011602048822521
-0.000289512445141791,0.0118308791998386,-0.0133989164894495,0.000477226264064806,-0.00151272329025664,-0.000312759340650221,-1.97653684733917e-05,-0.000294356550881211,0.00446770299537468,0.00257634141763132,0.00480258363399322,0.00389967532416748,0.00370061954067259,0.00482213996583026,-0.00122831658565722,-0.0133619770590109,0.0129002080000187,-0.00799382996451844,0.00406819624428398,0.00500753824273018,0.0186065159157775,0.00468933490655619
-0.00554347740927431,0.00179672155349029,0.00158187411206792,0.0138629586701836,0.013909527581073,0.0119840651219832,0.0142534904115697,0.0119154358087699,0.0130350026903475,0.0114017433653006,0.0150473929655523,0.0101659636634913,0.0082638501762811,0.0147479649893894,0.011325184153973,-0.0162635888947417,0.015274571859089,0.000455280798107003,0.0241108695681561,0.011602048822521,0.00468933490655619,0.0241941324256103
