0.0261509444650815,0.0329908970996611,0.00861808372446411,0.00931888048270468,-0.0189478249180519,0.0179650513735723,8.19330369791957e-05,-0.00755817604419273,0.0465145631998562,0.0210538448083072,0.0116533503523625,0.0266723529443874,0.052623631162349
0.0329908970996611,0.231026530533303,0.134643066518668,-0.0282932206892266,-0.0238305513803317,-0.000762949262575389,-0.0621289995407212,-0.0259137354942729,0.0240920645097451,0.0133088450934918,-0.0329014653052386,0.142617488343881,0.0431698000221165
0.0086180837244641,0.134643066518668,0.135613455293242,-0.0334617711143668,-0.00210578780434539,-0.0218492491679256,-0.0478396428323013,-0.00364108800793188,-0.00356080450465716,0.00378241957065467,-0.0317870231994786,0.0755420813597675,0.0485339837315751
0.00931888048270468,-0.0282932206892266,-0.0334617711143668,0.0148292025600532,-0.00733575970154853,0.0194702547273225,0.0076794122246752,0.00057717447071778,0.0204140332257387,0.00780957903876922,0.0118986842516753,-0.0148539926808558,0.011427219965495
-0.0189478249180519,-0.0238305513803317,-0.00210578780434539,-0.00733575970154853,0.0227654348669861,-0.0152087075577503,-0.0156447475808396,0.00914954397450533,-0.0640203018874995,-0.0138324710218668,-0.0305641164499656,-0.0248445124497626,-0.0521479180327734
0.0179650513735723,-0.000762949262575389,-0.0218492491679256,0.0194702547273225,-0.0152087075577503,0.0958549082666793,-0.0895740512400671,0.0254952329631867,0.0227584434294976,-0.00374037998299285,-0.0189863476608641,-0.0265743257917167,0.0287752904849378
8.19330369791957e-05,-0.0621289995407212,-0.0478396428323013,0.00767941222467521,-0.0156447475808396,-0.0895740512400671,0.180739290629799,-0.0430867072009996,0.0843773255954177,0.0257890384377029,0.102078223101887,0.0178524823853678,0.0294534888383769
-0.00755817604419273,-0.0259137354942729,-0.00364108800793188,0.00057717447071778,0.00914954397450534,0.0254952329631867,-0.0430867072009996,0.0200550168088432,-0.0254973663454207,-0.010828599505805,-0.022248265306991,-0.0336872329334469,-0.00668091058445584
0.0465145631998562,0.0240920645097451,-0.00356080450465716,0.0204140332257387,-0.0640203018874995,0.0227584434294976,0.0843773255954177,-0.0254973663454207,0.203033739651565,0.0412520582596859,0.11418377733743,0.0520168543983221,0.171625634296775
0.0210538448083072,0.0133088450934918,0.00378241957065467,0.00780957903876922,-0.0138324710218668,-0.00374037998299285,0.0257890384377029,-0.010828599505805,0.0412520582596859,0.0230461640991055,0.0186988854784658,0.0205567432380187,0.0487053644401884
0.0116533503523625,-0.0329014653052386,-0.0317870231994786,0.0118986842516753,-0.0305641164499656,-0.0189863476608641,0.102078223101887,-0.022248265306991,0.11418377733743,0.0186988854784658,0.0898676947808581,0.0136908174054678,0.07192144538976
0.0266723529443874,0.142617488343881,0.0755420813597675,-0.0148539926808558,-0.0248445124497626,-0.0265743257917167,0.0178524823853678,-0.0336872329334469,0.0520168543983221,0.0205567432380187,0.0136908174054678,0.107926693284468,0.0451805548752433
0.052623631162349,0.0431698000221165,0.0485339837315751,0.011427219965495,-0.0521479180327734,0.0287752904849378,0.0294534888383769,-0.00668091058445584,0.171625634296775,0.0487053644401884,0.07192144538976,0.0451805548752433,0.211717803180184
