0.189405415899102,-0.0274120232829889,-0.0240855186863778,0.0115145416095567,0.115238830724765,0.0169921318470776,-0.0271341839496192,-0.0612399637097108,-0.0233213714226197,0.0103291261862906,0.0266394994520124,-0.0308248514409779,-0.00223325786939661,0.0497330132192417,0.0233187714612633,0.0352625807609735,-0.00743946141244027,1.56846980478036e-05,-0.00699321838329177,0.0634719944044461,0.0114832919025186,0.018986085283787,-0.00286129041257606,0.0240797601561146
-0.0274120232829889,0.0310555938452173,-0.00240090462617885,0.00518842931328072,0.000301574155130958,0.00211687064046696,-0.00564145159266253,0.0441632860547947,-0.00932249664869227,-0.00247810919238562,-0.000912650626106893,-2.41850162983343e-05,-0.0247164283789922,-0.022993754475745,0.000292206931822565,-0.00937187920373825,0.00222282840406358,0.00361298327641163,0.00208949594599082,-0.0124144385867238,0.0295893871733229,-0.00464904191264198,-0.0246997214016065,0.0186313574274128
-0.0240855186863778,-0.00240090462617885,0.0629855534495074,-0.00626527884400049,-0.000693397599453795,0.00259194469811514,0.038712482009184,0.0110895114400538,-0.0163526587421758,0.0080864180474455,-0.008467203245679,0.0293338863445886,0.0228932275920477,0.0190288323231912,0.0240437497994457,0.016326219702048,-0.00706657921923806,0.00392945557057362,-0.00664270287321844,-0.0155405303686137,0.00171110120784193,-0.0116221341389249,0.0228888152377344,0.0319056641916385
0.0115145416095567,0.00518842931328072,-0.00626527884400049,0.0284496495072684,-0.0208620091831174,-0.0274914217186666,0.00546871517555461,-0.0134715635039424,0.00928189845081055,0.00271300730095054,0.0307724545161688,-0.00452651896145187,-0.0180268764243028,0.0461786930464215,0.000140590472511519,-0.0129763382559857,-0.00422733079831323,0.0152892198978851,-0.003973761790047,-0.0103930669048712,0.00597521065430391,0.0200276656029511,-0.0185359259491788,0.00476252225752709
0.115238830724765,0.000301574155130958,-0.000693397599453795,-0.0208620091831174,0.179078968145587,0.0561155451159697,-0.0117568356186133,0.0242804319500355,-0.034558982608668,-0.028152406445599,-0.0164154904584095,-0.00816082122759234,-0.0114082054348177,0.00383596096236063,0.024984542601934,-0.00304841778896032,-0.00321461174682467,-0.0141227705877837,-0.00302178888932168,0.0582021606033881,0.0312112490264897,-0.0417401161384563,-0.0108804444636749,-0.0131311210980021
0.0169921318470776,0.00211687064046696,0.00259194469811514,-0.0274914217186666,0.0561155451159697,0.09010345085059,-0.0161263753903805,0.0322429282472224,-0.00701936525736886,0.00755207216814715,-0.00619393924888837,-0.00110255143103664,0.0213150404426201,-0.0424371682142833,-0.00469471906728877,-0.0084293493346834,0.0085857737840448,-0.00147378172834736,0.00807077122639428,0.00162989103332448,0.0247502941282012,-0.0261803205546879,0.0220369903002864,-0.00410634976419542
-0.0271341839496192,-0.00564145159266253,0.038712482009184,0.00546871517555461,-0.0117568356186133,-0.0161263753903805,0.0846276169628555,-0.0185533188372103,-0.0309183133380954,0.000758376198687568,-0.00486035542179234,-0.00489382806283561,0.0120258017080159,0.00636867856091728,0.017365476636079,-0.0330367565379398,0.00666752304005387,-0.00598679284368788,0.00626758337794729,-0.0743404656652484,0.0122123241597982,-0.0131617631762443,0.0117154712396401,0.0186253696545509
-0.0612399637097108,0.0441632860547947,0.0110895114400538,-0.0134715635039424,0.0242804319500355,0.0322429282472224,-0.0185533188372103,0.135473461369101,0.0272984256327564,-0.0256665493999876,-0.013050687159594,0.0126934203214422,-0.0450941044178732,-0.0574377662066837,0.00223399193040372,-0.0334605320063267,0.00559831232243547,0.00335794622074005,0.00526250739884674,0.0235109837137457,-0.0231819823526323,-0.0324635313290102,-0.044551165989706,0.0118807563403723
-0.0233213714226197,-0.00932249664869227,-0.0163526587421758,0.00928189845081055,-0.034558982608668,-0.00701936525736886,-0.0309183133380954,0.0272984256327564,0.144235785872709,-0.0131784047173333,0.0314122667249446,0.00942100147552291,-0.0551273053796587,0.0319797325282416,-0.0117769681405154,-0.0355885616991063,0.0184831735522257,0.0167203389230335,0.0173744928402314,0.0529396323476344,-0.116320559164562,0.00633950141828563,-0.0556825861378931,0.0176926281445373
0.0103291261862906,-0.00247810919238562,0.0080864180474455,0.00271300730095054,-0.028152406445599,0.00755207216814715,0.000758376198687568,-0.0256665493999876,-0.0131784047173333,0.0385160611363958,0.00340944975130512,-0.0020946600600526,0.0235255198837233,0.00159504510109155,0.00201292420913549,0.0324190234126127,0.0166763658522466,-0.00402095359044529,0.015676063319467,-0.0244144007396267,0.0288697100513387,0.019846007830208,0.0232575360408987,0.0316573419108081
0.0266394994520124,-0.000912650626106893,-0.008467203245679,0.0307724545161688,-0.0164154904584095,-0.00619393924888836,-0.00486035542179234,-0.013050687159594,0.0314122667249446,0.00340944975130512,0.110836017580026,-0.00814436573935757,0.0317632584686886,0.0347448412741237,-0.00432934069373703,-0.104003492722731,0.000135362458336902,0.056494514027556,0.000127242979112528,0.0405987468181186,-0.0650806682835657,0.0152956034799219,0.0326925850603878,-0.00483778656571329
-0.0308248514409779,-2.41850162983343e-05,0.0293338863445886,-0.00452651896145187,-0.00816082122759234,-0.00110255143103664,-0.0048938280628356,0.0126934203214422,0.00942100147552291,-0.0020946600600526,-0.00814436573935757,0.0332115261639413,0.0104455042241636,0.0361712034123755,0.00221762643561326,0.0222390520638572,-0.0109287980441852,0.00521819121932913,-0.0102732532845597,0.0114288121027002,0.000524296024996066,-0.00463853136856582,0.0106338290233572,-0.0148585854087089
-0.00223325786939661,-0.0247164283789922,0.0228932275920477,-0.0180268764243027,-0.0114082054348177,0.0213150404426201,0.0120258017080159,-0.0450941044178732,-0.0551273053796587,0.0235255198837233,0.0317632584686886,0.0104455042241636,0.127740826261729,-0.00352516029535724,-0.00758280615144685,-0.0319088357575714,0.00740975951165198,0.0100607197742726,0.00696529810128809,0.0105602073256889,-0.00870908067308841,-0.00443879323698405,0.129830786591008,-0.0692907629400599
0.0497330132192417,-0.022993754475745,0.0190288323231912,0.0461786930464215,0.00383596096236063,-0.0424371682142833,0.00636867856091728,-0.0574377662066837,0.0319797325282416,0.00159504510109155,0.0347448412741237,0.0361712034123755,-0.00352516029535724,0.235914538201728,-0.00323086946799979,0.0250664277846455,-0.0118450807627377,0.0145763069545118,-0.011134574409851,-0.00458951567119417,0.033373228421032,0.0320529404137196,-0.00439090162632134,-0.0947731199059075
0.0233187714612633,0.000292206931822565,0.0240437497994457,0.000140590472511519,0.024984542601934,-0.00469471906728877,0.017365476636079,0.00223399193040372,-0.0117769681405154,0.00201292420913549,-0.00432934069373703,0.00221762643561326,-0.00758280615144685,-0.00323086946799979,0.0236092762496772,0.01401856908189,-0.00188408436103128,-0.00153859771268876,-0.001771070867504,0.00671000733131801,-0.00147260849185649,-0.00390010690606639,-0.00793929169153758,0.0483386697655011
0.0352625807609735,-0.00937187920373825,0.016326219702048,-0.0129763382559857,-0.00304841778896032,-0.0084293493346834,-0.0330367565379398,-0.0334605320063267,-0.0355885616991063,0.0324190234126127,-0.104003492722731,0.0222390520638572,-0.0319088357575714,0.0250664277846455,0.01401856908189,0.203603571095069,-0.0214651383892661,-0.0470684014422408,-0.0201775897694515,-0.0189203035749314,0.0978847404226121,0.0298609871497201,-0.0339336470377876,0.0513452772461758
-0.00743946141244027,0.00222282840406358,-0.00706657921923806,-0.00422733079831323,-0.00321461174682467,0.0085857737840448,0.00666752304005387,0.00559831232243547,0.0184831735522257,0.0166763658522466,0.000135362458336902,-0.0109287980441852,0.00740975951165198,-0.0118450807627377,-0.00188408436103128,-0.0214651383892661,0.0517016983907754,-0.0200021888750807,0.048600462795202,-0.00715348805950759,-0.00685273266689201,-0.00204557697403964,0.00764594077349556,-0.00161258369407177
1.56846980478036e-05,0.00361298327641163,0.00392945557057362,0.0152892198978851,-0.0141227705877837,-0.00147378172834736,-0.00598679284368788,0.00335794622074005,0.0167203389230335,-0.00402095359044529,0.0564945140275561,0.00521819121932913,0.0100607197742726,0.0145763069545118,-0.00153859771268876,-0.0470684014422408,-0.0200021888750807,0.0402958869185925,-0.0188023926966452,0.0211418463814441,-0.0333303486743372,0.00546720767338173,0.0104661397583949,0.00889695967312875
-0.00699321838329177,0.00208949594599082,-0.00664270287321844,-0.003973761790047,-0.00302178888932168,0.00807077122639428,0.00626758337794729,0.00526250739884674,0.0173744928402314,0.015676063319467,0.000127242979112528,-0.0102732532845597,0.00696529810128809,-0.011134574409851,-0.001771070867504,-0.0201775897694515,0.048600462795202,-0.0188023926966452,0.0456852493714084,-0.00672439862609769,-0.00644168354381904,-0.00192287664196393,0.007187312445193,-0.00151585569683789
0.0634719944044461,-0.0124144385867238,-0.0155405303686137,-0.0103930669048712,0.0582021606033881,0.00162989103332448,-0.0743404656652484,0.0235109837137457,0.0529396323476344,-0.0244144007396267,0.0405987468181186,0.0114288121027002,0.0105602073256889,-0.00458951567119417,0.00671000733131801,-0.0189203035749314,-0.00715348805950759,0.0211418463814441,-0.0067243986260977,0.164964923370116,-0.113985489070779,-0.00364679323823049,0.0117415107307196,-0.0130815712586854
0.0114832919025186,0.0295893871733229,0.00171110120784193,0.00597521065430391,0.0312112490264897,0.0247502941282012,0.0122123241597981,-0.0231819823526323,-0.116320559164562,0.0288697100513387,-0.0650806682835657,0.000524296024996066,-0.00870908067308841,0.033373228421032,-0.00147260849185649,0.0978847404226121,-0.00685273266689202,-0.0333303486743372,-0.00644168354381904,-0.113985489070779,0.221981150502098,0.00661303586981036,-0.00963188576997757,-0.0148729091825115
0.018986085283787,-0.00464904191264198,-0.0116221341389249,0.0200276656029511,-0.0417401161384563,-0.0261803205546879,-0.0131617631762443,-0.0324635313290102,0.00633950141828563,0.019846007830208,0.0152956034799219,-0.00463853136856582,-0.00443879323698405,0.0320529404137196,-0.00390010690606639,0.0298609871497201,-0.00204557697403964,0.00546720767338173,-0.00192287664196393,-0.00364679323823049,0.00661303586981036,0.0336371983081403,-0.00510040292302276,0.0130362271197239
-0.00286129041257606,-0.0246997214016065,0.0228888152377344,-0.0185359259491788,-0.0108804444636749,0.0220369903002864,0.0117154712396401,-0.044551165989706,-0.0556825861378932,0.0232575360408987,0.0326925850603878,0.0106338290233572,0.129830786591008,-0.00439090162632134,-0.00793929169153758,-0.0339336470377876,0.00764594077349556,0.0104661397583949,0.007187312445193,0.0117415107307196,-0.00963188576997758,-0.00510040292302276,0.131986895311441,-0.071348509519643
0.0240797601561146,0.0186313574274128,0.0319056641916385,0.00476252225752709,-0.0131311210980021,-0.00410634976419542,0.0186253696545509,0.0118807563403723,0.0176926281445373,0.0316573419108081,-0.00483778656571329,-0.0148585854087089,-0.0692907629400599,-0.0947731199059076,0.0483386697655011,0.0513452772461758,-0.00161258369407177,0.00889695967312875,-0.00151585569683789,-0.0130815712586854,-0.0148729091825115,0.0130362271197239,-0.071348509519643,0.242017377885076
