0.0346369876872355,-0.0151886747266245,-0.00189280823449142,0.00959566803251849,0.00355788743018627,0.0106436090342341,-0.000741573311290947,-0.0114703030418254,0.0171371113478142,0.00660826465420112,0.0148328027974015,0.0177631533291923,0.0138137691055687
-0.0151886747266245,0.223245979660671,-0.00884914899033657,0.00348947662014773,-0.00906249559463833,0.0162176802757114,0.0371014675824778,-0.00191049338911282,0.00876996751701628,0.0108194082396326,0.0153341403223321,-0.00666244212415506,0.0760114754081207
-0.00189280823449142,-0.00884914899033657,0.116357915887155,-0.00203458942907151,0.000100646586953983,-0.0235624248896564,-0.015796279901214,-0.0157262992605214,0.037659162404349,0.00184333507086433,0.00764787692366623,0.00644793177891497,0.0397054111629794
0.00959566803251849,0.00348947662014773,-0.00203458942907151,0.0274942964995855,0.000397530830988914,0.0084736449203279,0.00971229023367537,0.00169320647876133,0.00426527940634118,0.00936805812146822,0.0121647812727823,0.00572445467460716,0.0180262232671334
0.00355788743018627,-0.00906249559463833,0.000100646586953983,0.000397530830988914,0.0147857615104276,-0.00420681273469944,0.0125508461193807,-0.000489292969496005,0.0011111797589362,0.000262353624974025,-9.39573098870423e-06,-0.00383941987988218,0.00350079803712398
0.0106436090342341,0.0162176802757114,-0.0235624248896564,0.0084736449203279,-0.00420681273469944,0.125160560979924,0.0129549512506644,0.00566437233990003,0.0263807743486117,-0.0033403125416585,0.00330386338033249,0.0184208089511761,0.0101706726465407
-0.000741573311290947,0.0371014675824778,-0.015796279901214,0.00971229023367537,0.0125508461193807,0.0129549512506644,0.247227966419993,-0.00173685843848273,0.0367859709481917,0.00831434549967683,0.0237966112787869,-0.0175754293864547,0.0196158273092888
-0.0114703030418254,-0.00191049338911282,-0.0157262992605214,0.00169320647876133,-0.000489292969496005,0.00566437233990003,-0.00173685843848273,0.0335383108728679,-0.0380693431268371,-0.00754058511465294,-0.0248431148999452,-0.00498623176471876,-0.0310752114025293
0.0171371113478142,0.00876996751701628,0.037659162404349,0.00426527940634118,0.0011111797589362,0.0263807743486117,0.0367859709481917,-0.0380693431268371,0.211570020665907,0.00497832108871316,0.0429342658954926,0.00165161276561757,0.0533665554608965
0.00660826465420112,0.0108194082396326,0.00184333507086433,0.00936805812146822,0.000262353624974025,-0.0033403125416585,0.00831434549967683,-0.00754058511465294,0.00497832108871316,0.0317411011880135,0.0327434163129899,0.0102194180556188,0.0387060931320691
0.0148328027974015,0.0153341403223321,0.00764787692366622,0.0121647812727823,-9.39573098870423e-06,0.00330386338033249,0.0237966112787869,-0.0248431148999452,0.0429342658954927,0.0327434163129899,0.0851524211502652,0.000613499801842765,0.0625301241932095
0.0177631533291923,-0.00666244212415506,0.00644793177891497,0.00572445467460716,-0.00383941987988218,0.0184208089511761,-0.0175754293864547,-0.00498623176471876,0.00165161276561757,0.0102194180556188,0.000613499801842764,0.0708582649410432,0.0288800370007934
0.0138137691055687,0.0760114754081207,0.0397054111629794,0.0180262232671334,0.00350079803712398,0.0101706726465407,0.0196158273092888,-0.0310752114025293,0.0533665554608965,0.0387060931320691,0.0625301241932095,0.0288800370007934,0.23252978066074
