0.0360295602966356,-0.0215280524499706,-0.00779742768319871,0.0110922133254198,0.0171923254882093,0.00508912477079254,0.0108419628935906,0.00685174072279046,0.00900677955816746,0.0140358518490029,0.0148346404143941,0.00738052365193603,0.0205678476675346,0.0146446768555327,0.00202328664442757,-0.00608401080123176,-0.00470099544028615,-0.0240170934819813,0.0032836393862377,0.0259792942362336,0.0340688278951703,0.0134362864704541
-0.0215280524499706,0.0746576992618514,0.0366179924348139,0.0033776580114298,0.00127734858384565,0.00842605495863541,-0.00393342170179889,0.00165700505979494,0.000635110266349902,-0.00263977674588858,-0.0146168098215918,-0.00185194342632795,-0.0153180775246434,-0.0142805917436135,0.010961185150835,0.00812359290488017,-0.00870081835302119,0.0211938052467447,-0.00273286725544603,-0.0283600847827088,-0.0165074771654354,-0.00075414408933836
-0.00779742768319871,0.0366179924348139,0.0568849030315441,-0.0121821127920143,-0.0119999759538855,-0.00393365451756085,-0.0107310605922133,-0.00306809186919186,-0.00767562078291186,-0.00490612117841455,-0.00917045148479434,-0.0056461031704901,-0.0172381473644797,-0.00894372332768203,0.00662724608743642,0.022992041295996,-0.0380791986831321,0.0125080387414361,-0.0335054970753961,-0.0219684668391939,-0.0245614827617464,-0.0289907033038233
0.0110922133254198,0.0033776580114298,-0.0121821127920143,0.0156788990287104,0.0226507843328907,0.0149081335373534,0.016720832911766,0.00978561722062182,0.0173666792644414,0.020708341342206,0.0195702929589207,0.0149649690237293,0.0195141342026378,0.0196145603829543,0.0138141547701559,-0.0203910122440711,0.0257146696997014,-5.92687894718877e-05,0.017590850388544,0.00959272959649547,0.0257746132127557,0.0237134531231525
0.0171923254882093,0.00127734858384565,-0.0119999759538855,0.0226507843328907,0.037241710226629,0.0237792821380424,0.0277771122474499,0.0166411742979316,0.0287118691184229,0.0345621989696948,0.0335053629887587,0.0249359330717008,0.0304400946310666,0.0336292788511424,0.02274834622026,-0.0313610889211617,0.0415461044750819,0.00731500919364673,0.0204413510447358,0.0082582425107952,0.0365092584279138,0.0353320145820782
0.00508912477079254,0.00842605495863541,-0.00393365451756085,0.0149081335373534,0.0237792821380424,0.0186771629784315,0.019768939131234,0.0111498543314457,0.0218948072981975,0.0283864072112592,0.0285288420822182,0.0208375598609757,0.0216081415804932,0.0286804695806932,0.0237119825659959,-0.025106204879396,0.0314571043448872,0.00809014573847256,0.0154495577646275,0.00622789119672159,0.0232878419422445,0.0200443652622018
0.0108419628935906,-0.00393342170179889,-0.0107310605922133,0.016720832911766,0.0277771122474499,0.019768939131234,0.0234130266290661,0.0127670392416909,0.0248254700565118,0.032385190432023,0.0343003033873089,0.0236731127958137,0.0272699041378876,0.0344108599283781,0.0240241177758161,-0.0294535294637089,0.0370265625561972,0.00567762020242966,0.0174879494437171,0.0112460855600756,0.0297513218769038,0.0240286707186027
0.00685174072279046,0.00165700505979494,-0.00306809186919186,0.00978561722062182,0.0166411742979316,0.0111498543314457,0.0127670392416909,0.00761517058866232,0.0134641384526776,0.01672342937613,0.0164526055537104,0.0120589177520004,0.0138064370991657,0.0165272565891744,0.0119269037264619,-0.0144055173025697,0.0187118692333717,0.00455922586723041,0.00814574727928169,0.0030587889817538,0.0157082000376153,0.0146239054295832
0.00900677955816746,0.000635110266349902,-0.00767562078291186,0.0173666792644414,0.0287118691184229,0.0218948072981975,0.0248254700565118,0.0134641384526776,0.0269955088269976,0.0359792961304149,0.0379866008149552,0.026311947712451,0.0286722574614402,0.0381370616832884,0.0287539230099203,-0.0317614111526825,0.0389435656858234,0.00746818618341382,0.0180963392035998,0.0113785192116039,0.0303962050060216,0.0233098277302019
0.0140358518490029,-0.00263977674588858,-0.00490612117841455,0.020708341342206,0.0345621989696948,0.0283864072112592,0.032385190432023,0.01672342937613,0.0359792961304149,0.0518223186617039,0.0568371041301007,0.037289016615219,0.0405080871252182,0.0570223007485958,0.0437050196669631,-0.0422124075423949,0.045416933410659,0.00448432556992862,0.0206768092798438,0.0228507864520583,0.0423366336260096,0.0225708957426881
0.0148346404143942,-0.0146168098215918,-0.00917045148479434,0.0195702929589207,0.0335053629887587,0.0285288420822182,0.0343003033873089,0.0164526055537104,0.0379866008149552,0.0568371041301007,0.06537233335788,0.0410632896733069,0.0452290693780368,0.0655327461465455,0.0479173582510804,-0.0469733656949401,0.0494342389516213,0.00187842466918634,0.0217424484942844,0.0300881440899066,0.0454643153100092,0.0194738108186397
0.00738052365193603,-0.00185194342632795,-0.0056461031704901,0.0149649690237293,0.0249359330717008,0.0208375598609757,0.0236731127958137,0.0120589177520004,0.026311947712451,0.037289016615219,0.0410632896733069,0.0272134384466774,0.0288774353108261,0.0412104686936421,0.0316610574853521,-0.0318540305947771,0.0364027813349367,0.00559324007563401,0.0164840045514365,0.0148803554991791,0.0291808251127338,0.0172910571719449
0.0205678476675346,-0.0153180775246434,-0.0172381473644797,0.0195141342026378,0.0304400946310666,0.0216081415804932,0.0272699041378876,0.0138064370991657,0.0286722574614402,0.0405080871252182,0.0452290693780368,0.0288774353108261,0.0369253734405456,0.0452585154961566,0.0295226269310046,-0.0355160194118376,0.0377940206365539,-0.00607931851219196,0.0220625116676504,0.0275622101056692,0.0431568760183107,0.0245851447235978
0.0146446768555327,-0.0142805917436135,-0.00894372332768203,0.0196145603829543,0.0336292788511424,0.0286804695806932,0.0344108599283781,0.0165272565891744,0.0381370616832884,0.0570223007485958,0.0655327461465455,0.0412104686936421,0.0452585154961566,0.0656969395789784,0.0481541862867297,-0.0471066825475636,0.0496728264705806,0.00220162648540243,0.021736151132082,0.0298583382753838,0.0453908890517793,0.0195205187525648
0.00202328664442757,0.010961185150835,0.00662724608743642,0.0138141547701559,0.02274834622026,0.0237119825659959,0.0240241177758161,0.0119269037264619,0.0287539230099203,0.0437050196669631,0.0479173582510804,0.0316610574853521,0.0295226269310046,0.0481541862867297,0.0427784499438099,-0.0335854399556464,0.0337028621596662,0.0078470440075501,0.014290873493571,0.0158469801340786,0.0275569457844646,0.00949347663652957
-0.00608401080123176,0.00812359290488017,0.022992041295996,-0.0203910122440711,-0.0313610889211617,-0.025106204879396,-0.0294535294637089,-0.0144055173025697,-0.0317614111526825,-0.0422124075423949,-0.0469733656949401,-0.0318540305947771,-0.0355160194118376,-0.0471066825475636,-0.0335854399556464,0.0429002975623796,-0.0550686418953685,-0.00680170856325237,-0.0294950461773197,-0.0188534338798079,-0.0367552780651294,-0.0289870840321875
-0.00470099544028615,-0.00870081835302119,-0.0380791986831321,0.0257146696997014,0.0415461044750819,0.0314571043448872,0.0370265625561972,0.0187118692333717,0.0389435656858234,0.045416933410659,0.0494342389516212,0.0364027813349367,0.0377940206365539,0.0496728264705806,0.0337028621596662,-0.0550686418953685,0.0853989492081924,0.0254873457943741,0.0408146956013734,0.00501634036977263,0.0344891749804554,0.0463219745931566
-0.0240170934819813,0.0211938052467447,0.0125080387414361,-5.92687894718877e-05,0.00731500919364673,0.00809014573847256,0.00567762020242966,0.00455922586723041,0.00746818618341382,0.00448432556992862,0.00187842466918634,0.00559324007563401,-0.00607931851219196,0.00220162648540243,0.0078470440075501,-0.00680170856325236,0.0254873457943741,0.0377169176621385,-0.00287197254540842,-0.0337731698968171,-0.0192255928462258,0.00651860795521638
0.0032836393862377,-0.00273286725544603,-0.0335054970753961,0.017590850388544,0.0204413510447358,0.0154495577646275,0.0174879494437171,0.00814574727928169,0.0180963392035998,0.0206768092798438,0.0217424484942844,0.0164840045514365,0.0220625116676504,0.021736151132082,0.014290873493571,-0.0294950461773197,0.0408146956013734,-0.00287197254540841,0.0329746004253003,0.0172830647764439,0.0284791651011696,0.0287962723013226
0.0259792942362336,-0.0283600847827088,-0.0219684668391939,0.00959272959649547,0.0082582425107952,0.00622789119672159,0.0112460855600756,0.0030587889817538,0.0113785192116039,0.0228507864520583,0.0300881440899066,0.0148803554991791,0.0275622101056692,0.0298583382753838,0.0158469801340786,-0.0188534338798079,0.00501634036977263,-0.0337731698968171,0.0172830647764439,0.0469606089753157,0.0392765408366341,0.00439532461546316
0.0340688278951703,-0.0165074771654354,-0.0245614827617464,0.0257746132127557,0.0365092584279138,0.0232878419422445,0.0297513218769038,0.0157082000376153,0.0303962050060216,0.0423366336260096,0.0454643153100092,0.0291808251127338,0.0431568760183107,0.0453908890517793,0.0275569457844646,-0.0367552780651294,0.0344891749804554,-0.0192255928462258,0.0284791651011696,0.0392765408366341,0.0578296101697604,0.0329627602989014
0.0134362864704541,-0.00075414408933836,-0.0289907033038233,0.0237134531231525,0.0353320145820782,0.0200443652622018,0.0240286707186027,0.0146239054295832,0.0233098277302019,0.0225708957426881,0.0194738108186397,0.0172910571719449,0.0245851447235978,0.0195205187525648,0.00949347663652957,-0.0289870840321875,0.0463219745931566,0.00651860795521638,0.0287962723013226,0.00439532461546316,0.0329627602989014,0.0439610863428339
