0.0555421849177921,-0.00748453512712568,0.0401905012998023,-0.000697307937164863,0.0284968918384259,-0.014740389251799,0.0151667619424818,-0.0309450807377708,0.0242243204323966,-0.0197898564900257,0.0184115013626399,-0.0122099845959042,0.0269378484643394,-0.0255407971210304,0.00384103862104202,-0.00940738969167502,-0.0145055552106939
-0.00748453512712568,0.119302745068021,0.0066746731142012,0.0541624565597791,-0.00731450892593779,0.0476925261200299,0.00200495552140405,0.0595051419417854,0.0252436681848487,0.0598669736379285,0.0226618689267606,0.0428085970590335,0.0152961339008299,0.0363204701031739,0.000356058856597816,0.0466750484213862,0.00940332409968642
0.0401905012998023,0.0066746731142012,0.065533697082076,-0.0111783884114166,0.0380001076718223,-0.00786159339715068,0.0250504738125366,-0.0233900165315005,0.0350495003026205,-0.0249363824054312,0.0352552994631563,0.00455142684848229,0.0231988706247644,-0.0243693056619711,0.0127429414370829,-0.0093701138489881,0.00274461507270223
-0.000697307937164863,0.0541624565597791,-0.0111783884114166,0.102562963237579,0.00933955789532428,0.0621610416598892,0.032291039267853,0.0555662435282836,0.00636479263275026,0.031238513790748,0.00700152893848573,0.0376156803450349,0.0221516046294054,0.0601231862360734,0.0143827362685257,0.0400939690371153,0.00826551828790814
0.0284968918384259,-0.00731450892593779,0.0380001076718223,0.00933955789532428,0.067901960917913,0.018431503545317,0.0506740880908622,-0.0139644272891224,0.0397086822409174,-0.00628197287743281,0.0344170507315985,0.00870366675126441,0.0287928933285125,0.00255542778902681,0.0253770071046263,-0.00784703034826604,0.00805111605360258
-0.014740389251799,0.0476925261200299,-0.00786159339715068,0.0621610416598892,0.018431503545317,0.103539027266901,-0.00192000432774935,0.0421546901568384,-0.00377459840150288,0.0539584371206209,0.0192326196462142,0.034371149560528,0.0192997855775672,0.0505400749243515,0.0167605174513033,0.0445622555512556,0.00253087659971171
0.0151667619424818,0.00200495552140405,0.0250504738125366,0.032291039267853,0.0506740880908622,-0.00192000432774935,0.100186571187631,0.0100490738984212,0.0499727593924116,-0.0156078209291396,0.0201066018497939,0.0128909422821949,0.023618184077544,0.0179118155721139,0.015058700097784,-0.0110953851551413,0.0305900548796515
-0.0309450807377708,0.0595051419417854,-0.0233900165315005,0.0555662435282836,-0.0139644272891224,0.0421546901568384,0.0100490738984212,0.0801804789034987,0.00945932374403777,0.0515070031864682,0.00220045378057386,0.0340289318635735,0.00337834111736237,0.0508581349232885,0.00777156766349978,0.0312412190650951,0.0120339349435817
0.0242243204323966,0.0252436681848487,0.0350495003026205,0.00636479263275026,0.0397086822409174,-0.00377459840150288,0.0499727593924116,0.00945932374403777,0.075427205584526,-0.00100210190594517,0.0486599916877128,-0.00868223438013816,0.0304094926220688,0.00920408655793252,0.0265823080636928,-0.0142630449048329,0.0148918276225753
-0.0197898564900257,0.0598669736379285,-0.0249363824054312,0.031238513790748,-0.00628197287743281,0.0539584371206209,-0.0156078209291396,0.0515070031864682,-0.00100210190594517,0.0789084590478658,0.0129821912594753,0.0348476458404774,0.0120385205645143,0.0435991962583076,0.000966199774132129,0.041133653318621,-0.00036783417764554
0.0184115013626399,0.0226618689267606,0.0352552994631563,0.00700152893848573,0.0344170507315985,0.0192326196462142,0.0201066018497939,0.00220045378057386,0.0486599916877128,0.0129821912594753,0.0733729380863379,-0.0144303964808536,0.0318906243588281,0.00376647985716859,0.0300735074967245,-0.0151242144911339,0.0262964668446186
-0.0122099845959042,0.0428085970590335,0.00455142684848229,0.0376156803450349,0.00870366675126441,0.034371149560528,0.0128909422821949,0.0340289318635735,-0.00868223438013816,0.0348476458404774,-0.0144303964808536,0.088523568182105,0.0076262394352283,0.0370391339057755,0.00186273721457048,0.0412831568162922,0.0017088044495761
0.0269378484643394,0.0152961339008299,0.0231988706247644,0.0221516046294054,0.0287928933285125,0.0192997855775672,0.023618184077544,0.00337834111736237,0.0304094926220688,0.0120385205645143,0.0318906243588281,0.0076262394352283,0.0640734826708535,-0.0129185446125224,0.039712096097975,-0.0146528170868806,0.0266181104446868
-0.0255407971210304,0.0363204701031739,-0.0243693056619711,0.0601231862360734,0.00255542778902681,0.0505400749243515,0.0179118155721139,0.0508581349232885,0.00920408655793252,0.0435991962583076,0.00376647985716859,0.0370391339057755,-0.0129185446125224,0.0888461419264648,0.00263781445160648,0.0593681444798136,-0.00478086404513899
0.00384103862104202,0.000356058856597816,0.0127429414370829,0.0143827362685257,0.0253770071046263,0.0167605174513033,0.015058700097784,0.00777156766349978,0.0265823080636928,0.000966199774132129,0.0300735074967245,0.00186273721457048,0.039712096097975,0.00263781445160648,0.0614550814442565,-0.0152490077150627,0.043463443064232
-0.00940738969167502,0.0466750484213862,-0.0093701138489881,0.0400939690371153,-0.00784703034826604,0.0445622555512557,-0.0110953851551413,0.0312412190650951,-0.0142630449048329,0.041133653318621,-0.0151242144911339,0.0412831568162922,-0.0146528170868806,0.0593681444798136,-0.0152490077150627,0.0733421678459808,-0.0217262312713617
-0.0145055552106939,0.00940332409968642,0.00274461507270223,0.00826551828790814,0.00805111605360258,0.00253087659971171,0.0305900548796515,0.0120339349435817,0.0148918276225753,-0.00036783417764554,0.0262964668446186,0.0017088044495761,0.0266181104446868,-0.00478086404513899,0.043463443064232,-0.0217262312713617,0.0685172327430425
