0.233558606472044,0.0254833859759611,-0.0140078856310291,0.0354780816712514,0.0270635479216368,-0.0252742752168873,0.0029768904756238,-0.00925146941514517,-0.0349580058283734,-0.00117636230028339,-0.0178117544002222,-0.00479032133312509,-0.00250715771461881,-0.00135413630943084
0.0254833859759611,0.0352955625837478,0.00773430467607744,0.0176032707671824,0.00936623229406777,-0.0134258962238166,0.00865080840800234,0.0235814400733096,0.00735008698087798,0.00248102882298304,0.0123245954116437,-0.0010716050196881,-0.00231834694274661,0.000164218926249884
-0.0140078856310291,0.00773430467607744,0.0257234535341376,-0.00628139487252429,-0.00313965187056981,0.00843592166057239,0.00650186946049791,0.0437839847744533,0.0278488164450159,0.00341670943905774,0.0108389336001095,0.00187386013858699,-0.00415396119510823,0.000222373712150818
0.0354780816712514,0.0176032707671824,-0.00628139487252428,0.0477966144252307,0.00504334386708635,0.00959456264139359,0.000411540986273171,0.0251025809567842,0.0153309729187755,0.00158297018443655,0.00573220615202401,0.00594959724796218,0.00478880770172502,0.000410591795249826
0.0270635479216368,0.00936623229406777,-0.00313965187056981,0.00504334386708635,0.0915592015239871,0.0109575996541427,0.00210426004246432,0.0175286790302992,0.0379705350427668,0.00275563839700551,0.0505170023080456,-0.00120550529049989,0.00664347769018021,0.00116620462727055
-0.0252742752168873,-0.0134258962238166,0.00843592166057239,0.00959456264139359,0.0109575996541427,0.0739284834841121,0.0102538617124315,0.0456898618741575,0.0306841756495368,0.00481311559454276,0.00448057462341917,0.00953600417348848,0.00938115489001992,0.000517555852368861
0.0029768904756238,0.00865080840800234,0.00650186946049791,0.000411540986273171,0.00210426004246432,0.0102538617124315,0.0117874048538702,0.0256809258917686,0.0166631647857986,0.00377050418635185,0.00698602279268676,0.000629445917087171,0.00055477102443543,7.12562278968077e-05
-0.00925146941514517,0.0235814400733096,0.0437839847744533,0.0251025809567842,0.0175286790302992,0.0456898618741575,0.0256809258917686,0.264267234216109,0.0799973021275234,0.00696895377244226,0.0722240161254067,-0.0112708773648028,-0.0130906993029767,0.00166299407509407
-0.0349580058283734,0.00735008698087798,0.0278488164450159,0.0153309729187755,0.0379705350427668,0.0306841756495368,0.0166631647857986,0.0799973021275234,0.258197948711896,0.0170735292711028,0.0588325959004018,0.019752883037608,-0.0186283742172772,0.00171122921817569
-0.00117636230028339,0.00248102882298304,0.00341670943905774,0.00158297018443655,0.00275563839700551,0.00481311559454276,0.00377050418635185,0.00696895377244226,0.0170735292711028,0.00279563979771751,0.00515754407167524,0.000736862190485219,2.17680617408129e-05,8.15653695178773e-05
-0.0178117544002222,0.0123245954116437,0.0108389336001095,0.00573220615202401,0.0505170023080456,0.00448057462341917,0.00698602279268676,0.0722240161254067,0.0588325959004018,0.00515754407167524,0.254917768892058,0.000653991038911017,0.00577937962153673,0.000663120797776829
-0.00479032133312509,-0.0010716050196881,0.00187386013858699,0.00594959724796218,-0.00120550529049989,0.00953600417348848,0.000629445917087171,-0.0112708773648028,0.019752883037608,0.000736862190485219,0.000653991038911017,0.01984604383876,0.00065310268589669,0.000225985878072607
-0.00250715771461881,-0.00231834694274661,-0.00415396119510823,0.00478880770172502,0.00664347769018021,0.00938115489001991,0.00055477102443543,-0.0130906993029767,-0.0186283742172772,2.17680617408129e-05,0.00577937962153673,0.00065310268589669,0.0123940518005929,-2.23958205449489e-05
-0.00135413630943084,0.000164218926249884,0.000222373712150818,0.000410591795249826,0.00116620462727055,0.000517555852368861,7.12562278968077e-05,0.00166299407509407,0.00171122921817569,8.15653695178773e-05,0.000663120797776829,0.000225985878072607,-2.23958205449489e-05,9.02570749256232e-05
