0.0385867712316109,0.00426250152920025,0.00429536714455899,-0.00344272522530889,-0.00234151878157052,-5.99650813891061e-05,0.000582723898927481,0.0203638997457271
0.00426250152920025,0.0282847665885145,0.00274679077123845,0.00157229026165258,0.00585818917994056,0.00408355970772796,0.00284103918900547,0.00676228379522067
0.00429536714455899,0.00274679077123845,0.0304302291246314,0.00504164293656313,0.00156441082531835,0.000633579041764697,0.00103917160488825,0.00595836979287025
-0.00344272522530889,0.00157229026165258,0.00504164293656313,0.0282642665326867,0.00870635250484097,0.00674828438790561,0.00423621943329971,-0.0032948315696191
-0.00234151878157052,0.00585818917994056,0.00156441082531835,0.00870635250484097,0.0157585524124608,0.00228851434951391,0.00135949611882538,-0.00238045968791499
-5.99650813891061e-05,0.00408355970772796,0.000633579041764697,0.00674828438790561,0.00228851434951391,0.0134571738102274,0.00198838349554829,0.000224215550066883
0.000582723898927481,0.00284103918900547,0.00103917160488825,0.00423621943329971,0.00135949611882538,0.00198838349554829,0.0200286124552873,0.000830051050664522
0.0203638997457271,0.00676228379522067,0.00595836979287025,-0.0032948315696191,-0.00238045968791499,0.000224215550066883,0.000830051050664521,0.0332502426573383
