0.0395441943023756,-0.0438851195145376,0.0170201805063842,0.0144691638327065,0.000819265949775609,-0.0203334723516717,0.00399394507804449,-0.0135721810757111,-0.0151477224591495,0.0212260177361923,-0.000834884262145742,0.0201678663287073,0.00396094551576816
-0.0438851195145376,0.291889841463599,-0.0322989210198802,0.00357264029564453,0.00604950251540975,-0.0126666823487867,0.0188309255026125,0.0169632602313019,-0.0091004373305202,0.0428201409433031,0.0246669839315337,0.000232490131024293,0.103029727909987
0.0170201805063842,-0.0322989210198802,0.191262015649956,-0.0612820758740929,-0.0296234394956964,-0.0755751240705321,-0.114500172080249,-0.0469445366051825,0.145320985490246,0.0345364299816123,0.0836030846478359,0.0290046015403754,-0.0275357633602939
0.0144691638327065,0.00357264029564453,-0.0612820758740929,0.0360738836108467,0.00909503305894377,0.00759839009805308,0.0359969421504309,0.00828570257488819,-0.043286396661318,0.00241501636115974,-0.0243716196191698,0.0150773588177439,0.048765060662991
0.000819265949775609,0.00604950251540975,-0.0296234394956964,0.00909503305894377,0.0116125817855467,0.0100444648309973,0.0376216014983155,0.0035423855051334,-0.0188935112660722,0.00392661963240402,-0.000552961834193154,0.0151178318606016,0.00465687206012686
-0.0203334723516717,-0.0126666823487867,-0.0755751240705321,0.00759839009805308,0.0100444648309973,0.0543534363836957,0.0271331548425602,0.0324936218580787,-0.0726604423532781,-0.0329199653300312,-0.0512133157450394,-0.0512125044562807,-0.063016801556191
0.00399394507804449,0.0188309255026125,-0.114500172080249,0.0359969421504309,0.0376216014983155,0.0271331548425603,0.287375076804457,-0.0437602481087992,-0.170119299914385,-0.0132506652044092,-0.0135126885865717,-0.00678722513468621,0.0609945911080642
-0.0135721810757111,0.0169632602313019,-0.0469445366051825,0.00828570257488819,0.0035423855051334,0.0324936218580787,-0.0437602481087992,0.0408200116072897,-0.0158241268515539,-0.00990365660192455,-0.0337637980399537,-0.0193620445549771,-0.0362085853575034
-0.0151477224591495,-0.0091004373305202,0.145320985490246,-0.043286396661318,-0.0188935112660722,-0.0726604423532781,-0.170119299914385,-0.0158241268515539,0.286435942494271,0.0357982515003843,0.125919326600985,0.146375359042774,0.0880762545739175
0.0212260177361923,0.0428201409433031,0.0345364299816123,0.00241501636115974,0.00392661963240402,-0.0329199653300312,-0.0132506652044092,-0.00990365660192455,0.0357982515003843,0.0437085816302564,0.0356723000731082,0.0522271833148014,0.0341055600174876
-0.000834884262145742,0.0246669839315337,0.0836030846478359,-0.0243716196191698,-0.000552961834193154,-0.0512133157450394,-0.0135126885865717,-0.0337637980399537,0.125919326600985,0.0356723000731082,0.0889008489195832,0.090688166133959,0.0662392240350245
0.0201678663287073,0.000232490131024293,0.0290046015403754,0.0150773588177439,0.0151178318606016,-0.0512125044562807,-0.00678722513468621,-0.0193620445549771,0.146375359042774,0.0522271833148014,0.090688166133959,0.168530701633408,0.133729869669487
0.00396094551576816,0.103029727909987,-0.0275357633602939,0.048765060662991,0.00465687206012686,-0.063016801556191,0.0609945911080642,-0.0362085853575034,0.0880762545739175,0.0341055600174876,0.0662392240350245,0.133729869669487,0.278269817217479
