13714.0185344093,25.1600890402003,3564.96290922844,19675.2376304714,19.7344802370581,13.7153601861431,4.81090716674414,9.74036481217354,3293.29268422197,612.053998329459,4.42088708444634,-3.92644400852309,1.44408504056602,-175.154529875668,5761.8642921712,-12.9239534756888,5738.96891492814,5.14389873149003,-4.34381032133385,-0.358164248858109,1.32293997878902,1003.2470632305,-1.28200267558997,3598.87301753161,-1.65136711155217,3477.311175359,2294.02867774769,4078.69492283951,2345.73507165738,337.962250780787,864.672052464269,2876.00963533768,-3.58155781048668,-3.63646600302427,240.083395777815
25.1600890402003,0.0671072883657764,6.19867335271605,34.2074661365671,0.0394748755092802,0.0257129923042101,0.0100316885468538,0.019429606156632,5.72204919682415,1.14690437223909,0.0101584427342689,-0.0099696048632219,-0.00159951712690508,-0.425080023699644,11.2728531613961,0.000753868160438371,12.3758931639735,0.0103998421588623,0.000225385977162027,-0.000170447418770686,0.00401583715588256,2.73021058078581,-0.00279548158075265,6.25928223911658,-0.00429342960817284,6.04429401730563,3.98689474807092,7.08918119866041,4.07802387960344,0.676295314831217,1.72974623460037,5.00235548136498,0.000440989712603858,-0.000518477269285078,1.02558660449148
3564.96290922844,6.19867335271605,3331.50812244112,18387.7893156139,6.81711269049654,2.5728362491282,1.9496453428676,3.31595254927355,3077.63831116511,1052.14958871696,3.43173182842214,-1.47687481354984,0.576264811939481,939.905582743442,5386.55246237011,0.192726943323795,1444.89924948832,1.17407537219625,0.0739915160138823,0.566247290593654,0.673257722170681,211.503338339389,-1.47483091317761,3362.66182200362,-1.50114285015523,3249.96825331395,2144.63331585238,3812.41393117889,2192.32044203188,115.120413114625,298.757481412488,2688.4743375123,0.130260648876569,-0.146490721420632,-22.572638760555
19675.2376304714,34.2074661365671,18387.7893156139,101489.693122758,37.6264193794575,14.2905371865684,10.790670607882,18.3247877978873,16986.7431261678,5807.02225943348,18.951723254095,-8.13780093025579,3.18562242336852,5187.77347307427,29732.3648139283,1.07483805243983,7974.22258578206,6.4679856315049,0.416359211614786,3.13364723687414,3.71569680107804,1167.18579648447,-8.15230304670926,18559.8932700368,-8.27119785739464,17937.8969636069,11837.1116537957,21042.2967254927,12100.3063819576,635.382525808787,1648.97332257411,14838.7589587421,0.717940721023403,-0.79001069381243,-124.789713272838
19.7344802370581,0.0394748755092802,6.81711269049654,37.6264193794575,0.0407424173834314,0.0226346763241286,0.00715255771842463,0.0201901312811227,6.29768702230644,1.35105461682399,0.0144861928474423,-0.00729483282674773,0.00195161209194709,-0.251298637220066,11.0230152577352,0.00044345185863668,8.96292311071088,0.00742221534053756,0.000132579986332441,-0.000991683585458583,0.00280876122656014,1.34900807029932,-0.00265703035299707,6.88091869496213,-0.00372204244786137,6.65031899820247,4.38850601822208,7.80124821123587,4.48608317641271,0.69560230926495,1.78613545005649,5.50134058145798,0.000259405713187171,-0.000304986628976468,-0.0462644645823736
13.7153601861431,0.02571299230421,2.5728362491282,14.2905371865684,0.0226346763241286,0.248981439565413,0.0659121774558626,0.0135808057944771,2.40344843635678,-1.83032604720095,-0.000935566621397329,0.0395136778115501,0.0271414918766661,-2.67917862644199,4.48892117688744,-0.0124024544285514,7.22754407145983,0.0118000000550148,-0.0266179756560551,0.00487958303498819,0.014689219573116,0.93391176482286,-0.0147986545480541,2.5857202765547,0.0398915264607179,2.55070191646278,1.67617100966133,2.97387029098201,1.69807966796445,0.370529146381259,1.0029245468875,2.05806082026939,-0.00876947525078084,0.00137610721940369,0.591071764726476
4.81090716674414,0.0100316885468538,1.9496453428676,10.790670607882,0.00715255771842463,0.0659121774558626,0.0685559076505205,0.00429153463105478,1.8142062654856,0.0868466101190394,0.000510034706503697,0.0227355623100304,0.0121020069413007,1.01390621276394,2.9315167002863,-0.00184317649142114,2.14972039131312,-0.000407370195381283,-0.00875935271004764,0.00583846768605008,0.0112285673931553,0.219024312246106,-0.0123261702791724,1.95680694754576,0.0208817390320451,1.9203430567379,1.26582816197805,2.24545889776577,1.28243233318657,0.136859612314522,0.315083118707977,1.56590396247407,0.00313393104323551,-0.0010299583384045,0.189127613823779
9.74036481217354,0.019429606156632,3.31595254927355,18.3247877978873,0.0201901312811227,0.0135808057944771,0.00429153463105478,0.0142417383431417,3.06721743881989,0.648186695963697,0.00925909159499019,-0.00376899696048632,0.00296765756249685,-0.148651522757571,5.37013957837365,-0.00132231990356782,4.42444007560589,0.00321541817917747,0.00073658481415628,-0.000260663646715878,0.000443163578949314,0.664135826492335,-0.001458821693423,3.35048414699179,-0.00154670064602179,3.23930991736229,2.13762899353148,3.80102790625305,2.18474740294789,0.344830246613066,0.885376864461566,2.67860782962148,-0.00160371951844216,-0.000516991322500173,-0.027758678749424
3293.29268422197,5.72204919682415,3077.63831116511,16986.7431261678,6.29768702230644,2.40344843635678,1.8142062654856,3.06721743881989,2843.16515861684,971.530645423132,3.17217888919166,-1.35622014899816,0.538195802335334,868.306166645741,4976.42091937029,0.162050035447987,1334.78858346331,1.08292323814585,0.0611412566788462,0.527154714156356,0.622272141377878,194.657694169954,-1.37073194139778,3106.44053618963,-1.37928342903065,3002.34379815969,1981.22624276963,3521.93678845265,2025.27366425163,106.345615686443,275.9981875199,2483.62061902407,0.115183020551704,-0.133904690193464,-20.8550946255316
612.053998329459,1.14690437223909,1052.14958871696,5807.02225943348,1.35105461682399,-1.83032604720095,0.0868466101190394,0.648186695963697,971.530645423132,2582.26209246826,-0.900216993611186,1.17702295091137,-0.827744774196637,715.470012756996,1699.18830213623,-6.70314431867741,275.467596813098,-0.430974962407573,-0.0875962292162889,1.10219895059683,-0.0422769586667026,-12.3967897049943,-0.461606799739881,1061.93219281737,-1.95739188823027,1026.33266411967,677.359188266058,1204.2202693686,692.3553692729,-4.91409235266613,227.118799895389,849.042735972817,-10.0393202897674,2.65716356672537,-7.53326638041892
4.42088708444634,0.0101584427342689,3.43173182842214,18.951723254095,0.0144861928474423,-0.000935566621397329,0.000510034706503697,0.00925909159499019,3.17217888919166,-0.900216993611186,0.182171922941502,-0.0338804457953392,0.010391831396811,0.90162592835813,6.59908039053607,0.0427571073016319,0.987592479017859,-0.000433266746615856,0.023731096026733,-0.00150671757947892,-0.00895153437182337,0.594085374506678,-0.00814162446320942,3.4723868898806,0.0202062674205847,3.34270565586737,2.20857510981204,3.94098537982977,2.25738779631364,0.30170640856489,0.486110026276669,2.76635180385146,0.0165455109830948,-0.00636317068607046,-0.579229410583578
-3.92644400852309,-0.0099696048632219,-1.47687481354984,-8.13780093025579,-0.00729483282674773,0.0395136778115501,0.0227355623100304,-0.00376899696048632,-1.35622014899816,1.17702295091137,-0.0338804457953392,0.0944507164567954,-0.000540357987166507,-1.52526072029741,-2.78284550778874,-0.0337113506670141,-1.04733186094136,-0.00183607597237573,-0.0166176569336778,0.00424198838341391,0.0122760903748496,-0.188916550439791,-0.015772284196512,-1.50375325508119,0.0295275742881775,-1.42609137473422,-0.941980724166015,-1.67530978771914,-0.972544669684668,-0.324886769918645,0.0681141705725049,-1.20214853442472,-0.0131661877286287,0.0027853350802225,0.207990369211552
1.44408504056602,-0.00159951712690508,0.576264811939481,3.18562242336852,0.00195161209194709,0.0271414918766661,0.0121020069413007,0.00296765756249686,0.538195802335334,-0.827744774196637,0.010391831396811,-0.000540357987166507,0.129097016134892,0.359751681678258,1.28803971972774,-0.0100743541084699,0.0659625672410155,0.00435751612242149,0.0103385275464682,-0.00534994958325829,0.00376931700657078,0.174547923916927,-0.00377374931955401,0.573470103321813,0.00354694393687684,0.570450080323061,0.374865582893378,0.661347893874008,0.380179085091455,0.174757863818413,-0.222685026034075,0.465099042571051,0.00542792738127277,-0.00854946863905019,-0.34095781138732
-175.154529875668,-0.425080023699644,939.905582743442,5187.77347307427,-0.251298637220066,-2.67917862644199,1.01390621276394,-0.148651522757571,868.306166645741,715.470012756996,0.90162592835813,-1.52526072029741,0.359751681678258,2650.18177362202,1521.75315363293,-0.379434480073522,-80.9903439178187,-1.76278432201502,1.85116531987284,-0.229420430054101,-0.421182496011625,-14.5859256482609,-0.711111814765226,948.703165059534,-0.781879608449454,916.923556038048,605.074047427373,1075.62173322687,618.515550601235,-4.45455378363439,-10.984384030574,758.47479652784,3.45044804469156,3.87907170525954,-5.86632148200915
5761.8642921712,11.2728531613961,5386.55246237011,29732.3648139283,11.0230152577352,4.48892117688744,2.9315167002863,5.37013957837365,4976.42091937028,1699.18830213623,6.59908039053607,-2.78284550778874,1.28803971972774,1521.75315363293,9256.90248333736,-3.5228746380756,2336.14317286702,1.52829493180985,4.84193529121858,0.702253816500042,0.591449384076815,342.272875303518,-3.27657402342914,5437.43590309632,-2.22291869706898,5255.25179063223,3467.4494622893,6164.06091784735,3544.89792087444,185.794451095774,483.015291211712,4347.21840154411,-0.204370076107733,-1.1187889404846,-36.1125185658527
-12.9239534756888,0.000753868160438371,0.192726943323795,1.07483805243983,0.00044345185863668,-0.0124024544285514,-0.00184317649142114,-0.00132231990356782,0.162050035447987,-6.70314431867741,0.0427571073016319,-0.0337113506670141,-0.0100743541084699,-0.379434480073522,-3.5228746380756,0.892486217054315,-3.99900669740783,0.0089790762612709,0.143508372550272,-0.00807610825355051,0.0067982248521707,-4.53449038805559,0.00407886443463116,0.21676289949393,-0.00474364443753776,0.169398425671198,0.117877671408739,0.211650057981156,0.132048124318853,-1.28857244432876,-4.44679321277206,0.171903342470204,0.0806004404610819,-0.0475847384810079,-5.20911267468091
5738.96891492814,12.3758931639735,1444.89924948832,7974.22258578206,8.96292311071088,7.22754407145983,2.14972039131312,4.42444007560589,1334.78858346331,275.467596813098,0.987592479017859,-1.04733186094136,0.0659625672410155,-80.9903439178187,2336.14317286703,-3.99900669740783,2824.22581203846,1.67959304508225,-4.33433160739539,-0.0587305535855079,0.386852944277621,455.294039993828,-0.553878584830901,1458.46172872475,-0.867171957270606,1409.46001528926,929.78702016424,1652.90546541637,950.688780651756,153.633580547097,392.876839617917,1165.47611527469,-1.41956381885207,0.738268466033849,232.812196084059
5.14389873149003,0.0103998421588623,1.17407537219625,6.4679856315049,0.00742221534053756,0.0118000000550148,-0.000407370195381283,0.00321541817917747,1.08292323814585,-0.430974962407573,-0.000433266746615856,-0.00183607597237573,0.00435751612242149,-1.76278432201502,1.52829493180985,0.0089790762612709,1.67959304508225,0.059590838605994,0.00760866599584701,-5.6456206024185e-05,0.0156885113993211,0.385296257681927,0.00565046796620226,1.18632264171831,-0.00339289381888237,1.13637154188895,0.755852921886645,1.34323314885678,0.770160476007623,-0.0475523098126628,0.221269806518689,0.944029901157278,-0.000609194529546505,-0.0117926035254411,-0.260622197668
-4.34381032133385,0.000225385977162027,0.0739915160138823,0.416359211614786,0.000132579986332441,-0.0266179756560551,-0.00875935271004764,0.00073658481415628,0.0611412566788462,-0.0875962292162889,0.023731096026733,-0.0166176569336778,0.0103385275464682,1.85116531987284,4.84193529121858,0.143508372550272,-4.33433160739539,0.00760866599584701,0.141770939357883,-0.00378518716587612,0.00514975277241731,-1.1569642991602,-0.00219426785131139,0.0873776406571259,-0.00110372387051636,0.0628344574421577,0.0446321391545396,0.088158134339721,0.052824205430364,-0.783913707321535,-1.42408344385692,0.0698871416738238,0.0154955572366219,-0.0277757141872889,-2.51699557353934
-0.358164248858109,-0.000170447418770686,0.566247290593654,3.13364723687414,-0.000991683585458583,0.00487958303498819,0.00583846768605008,-0.000260663646715878,0.527154714156356,1.10219895059683,-0.00150671757947892,0.00424198838341391,-0.00534994958325829,-0.229420430054101,0.702253816500042,-0.00807610825355051,-0.0587305535855079,-5.6456206024185e-05,-0.00378518716587612,0.0154475300904744,0.00180455590883893,-0.0013616886608473,-0.000445095204451401,0.56952088327762,-1.01379012758216e-05,0.556605551514439,0.367178945583385,0.651868223551124,0.373563450661544,0.0349839740376896,-0.0382848815338644,0.456052515465651,-0.0046329760025456,0.000718895902341459,0.0898628500922646
1.32293997878902,0.00401583715588256,0.673257722170681,3.71569680107804,0.00280876122656014,0.014689219573116,0.0112285673931553,0.000443163578949314,0.622272141377878,-0.0422769586667026,-0.00895153437182336,0.0122760903748496,0.00376931700657078,-0.421182496011625,0.591449384076815,0.0067982248521707,0.386852944277621,0.0156885113993211,0.00514975277241731,0.00180455590883893,0.0388358116484929,0.459544376419145,-0.00454346516263894,0.677389501663014,0.00560543076983031,0.655598695006089,0.436543372271295,0.773667943320545,0.443625191542306,0.0679099229936798,0.1429352725115,0.540879932885515,0.00345053340269045,-0.00568907512854916,-0.176036458092443
1003.2470632305,2.73021058078581,211.503338339389,1167.18579648447,1.34900807029932,0.93391176482286,0.219024312246106,0.664135826492335,194.657694169954,-12.3967897049943,0.594085374506678,-0.188916550439791,0.174547923916927,-14.5859256482609,342.272875303518,-4.53449038805559,455.294039993828,0.385296257681927,-1.1569642991602,-0.0013616886608473,0.459544376419145,518.23107869219,-0.509497564510571,213.880817191191,-0.0975603786147478,205.968501264884,135.911102873694,241.893613367429,139.147840790778,123.112938977332,208.920522414902,170.595600439229,3.38478706840672,-1.84189244726135,-2.80277742039147
-1.28200267558997,-0.00279548158075265,-1.47483091317761,-8.15230304670926,-0.00265703035299707,-0.0147986545480541,-0.0123261702791724,-0.001458821693423,-1.37073194139778,-0.461606799739881,-0.00814162446320942,-0.015772284196512,-0.00377374931955401,-0.711111814765226,-3.27657402342914,0.00407886443463116,-0.553878584830901,0.00565046796620226,-0.00219426785131139,-0.000445095204451401,-0.00454346516263894,-0.509497564510571,0.0514264761146799,-1.48715371786819,-0.0134377115065743,-1.44364852349862,-0.94997360007779,-1.69534420636949,-0.969483657245266,-0.0138411634503211,-0.183104730175287,-1.18625767747889,0.000568183751579619,-0.00394414011121696,-0.00870199001739257
3598.87301753161,6.25928223911658,3362.66182200362,18559.8932700368,6.88091869496213,2.5857202765547,1.95680694754576,3.35048414699179,3106.44053618963,1061.93219281737,3.4723868898806,-1.50375325508119,0.573470103321813,948.703165059534,5437.43590309632,0.21676289949393,1458.46172872475,1.18632264171831,0.0873776406571259,0.56952088327762,0.677389501663014,213.880817191191,-1.48715371786819,3394.16390616084,-1.51721847882794,3280.36214256337,2164.69522746999,3848.09942233675,2212.84143561633,116.200788500786,301.557077497098,2713.63826340102,0.135164584636013,-0.149270621262522,-22.996029928316
-1.65136711155217,-0.00429342960817284,-1.50114285015523,-8.27119785739464,-0.00372204244786137,0.0398915264607179,0.0208817390320451,-0.00154670064602179,-1.37928342903065,-1.95739188823027,0.0202062674205847,0.0295275742881775,0.00354694393687684,-0.781879608449454,-2.22291869706898,-0.00474364443753776,-0.867171957270606,-0.00339289381888237,-0.00110372387051636,-1.01379012758216e-05,0.00560543076983031,-0.0975603786147478,-0.0134377115065743,-1.51721847882794,0.0443166664578251,-1.45997599721833,-0.961069734529951,-1.70503737858472,-0.988709017839969,0.0471275300000482,-0.398514595704974,-1.22224220634773,0.00546639085932513,-0.00307490011916084,0.0349542147002186
3477.311175359,6.04429401730563,3249.96825331395,17937.8969636069,6.65031899820247,2.55070191646278,1.9203430567379,3.23930991736229,3002.34379815969,1026.33266411967,3.34270565586737,-1.42609137473422,0.570450080323061,916.923556038048,5255.25179063223,0.169398425671198,1409.46001528926,1.13637154188895,0.0628344574421577,0.556605551514439,0.655598695006089,205.968501264884,-1.44364852349862,3280.36214256337,-1.45997599721833,3170.47923979619,2092.16588567833,3719.14366135928,2138.67812579523,112.296069779032,291.448394178681,2622.68665893831,0.124230449402642,-0.137114828184662,-21.8652084719157
2294.02867774769,3.98689474807092,2144.63331585238,11837.1116537957,4.38850601822208,1.67617100966133,1.26582816197805,2.13762899353148,1981.22624276963,677.359188266058,2.20857510981204,-0.941980724166015,0.374865582893378,605.074047427373,3467.4494622893,0.117877671408739,929.787020164239,0.755852921886645,0.0446321391545396,0.367178945583385,0.436543372271295,135.911102873694,-0.94997360007779,2164.69522746999,-0.961069734529951,2092.16588567833,1380.61742180292,2454.2417497578,1411.30269691466,74.1053000692347,192.324569525125,1730.69659885096,0.0816010837594486,-0.0887821271716852,-14.5238711635675
4078.69492283951,7.08918119866041,3812.41393117889,21042.2967254927,7.80124821123587,2.97387029098201,2.24545889776577,3.80102790625305,3521.93678845265,1204.2202693686,3.94098537982977,-1.67530978771914,0.661347893874009,1075.62173322687,6164.06091784735,0.211650057981156,1652.90546541637,1.34323314885678,0.088158134339721,0.651868223551124,0.773667943320545,241.893613367429,-1.69534420636949,3848.09942233675,-1.70503737858472,3719.14366135928,2454.2417497578,4362.82841152409,2508.80746725233,131.75592191469,341.883463240084,3076.5790776773,0.147037863455751,-0.163608307995429,-25.9899887770054
2345.73507165738,4.07802387960344,2192.32044203188,12100.3063819576,4.48608317641271,1.69807966796445,1.28243233318657,2.18474740294789,2025.27366425163,692.3553692729,2.25738779631364,-0.972544669684668,0.380179085091455,618.515550601235,3544.89792087444,0.132048124318853,950.688780651756,0.770160476007623,0.052824205430364,0.373563450661544,0.443625191542306,139.147840790778,-0.969483657245266,2212.84143561633,-0.988709017839969,2138.67812579523,1411.30269691466,2508.80746725233,1442.69519187241,75.7542726332312,196.600935559791,1769.1819822019,0.0849378339164432,-0.0960693675898733,-14.8981576585747
337.962250780787,0.676295314831217,115.120413114625,635.382525808787,0.69560230926495,0.370529146381259,0.136859612314522,0.344830246613066,106.345615686443,-4.91409235266613,0.30170640856489,-0.324886769918645,0.174757863818413,-4.45455378363439,185.794451095774,-1.28857244432876,153.633580547097,-0.0475523098126628,-0.783913707321535,0.0349839740376896,0.0679099229936798,123.112938977332,-0.0138411634503211,116.200788500786,0.0471275300000482,112.296069779032,74.1053000692347,131.75592191469,75.7542726332312,125.33539924584,105.293361039387,92.8914812023883,0.360658981048818,-1.04959672728108,-0.703699992991041
864.672052464269,1.72974623460037,298.757481412488,1648.97332257411,1.78613545005649,1.0029245468875,0.315083118707977,0.885376864461566,275.9981875199,227.118799895389,0.486110026276669,0.0681141705725049,-0.222685026034075,-10.984384030574,483.015291211712,-4.44679321277206,392.876839617917,0.221269806518689,-1.42408344385692,-0.0382848815338644,0.1429352725115,208.920522414902,-0.183104730175287,301.557077497098,-0.398514595704974,291.448394178681,192.324569525125,341.883463240084,196.600935559791,105.293361039387,270.62339046166,241.087375114521,-0.0985242135707921,-0.633424221122778,-1.93966154297612
2876.00963533768,5.00235548136498,2688.4743375123,14838.7589587421,5.50134058145798,2.05806082026939,1.56590396247407,2.67860782962148,2483.62061902407,849.042735972817,2.76635180385146,-1.20214853442472,0.465099042571051,758.47479652784,4347.21840154411,0.171903342470204,1165.47611527469,0.944029901157278,0.0698871416738238,0.456052515465651,0.540879932885515,170.595600439229,-1.18625767747889,2713.63826340102,-1.22224220634773,2622.68665893831,1730.69659885096,3076.5790776773,1769.1819822019,92.8914812023883,241.087375114521,2169.58668129872,0.106333284652391,-0.118485514994579,-18.4156243011926
-3.58155781048668,0.000440989712603859,0.130260648876569,0.717940721023403,0.000259405713187171,-0.00876947525078084,0.00313393104323551,-0.00160371951844216,0.115183020551704,-10.0393202897674,0.0165455109830948,-0.0131661877286287,0.00542792738127277,3.45044804469156,-0.204370076107733,0.0806004404610819,-1.41956381885207,-0.000609194529546505,0.0154955572366219,-0.0046329760025456,0.00345053340269045,3.38478706840672,0.000568183751579619,0.135164584636013,0.00546639085932513,0.124230449402642,0.0816010837594486,0.147037863455751,0.0849378339164432,0.360658981048818,-0.0985242135707921,0.106333284652391,0.117486832516669,-0.0180001625973561,-1.11620835775862
-3.63646600302426,-0.000518477269285078,-0.146490721420632,-0.79001069381243,-0.000304986628976468,0.00137610721940369,-0.0010299583384045,-0.000516991322500173,-0.133904690193464,2.65716356672537,-0.00636317068607046,0.0027853350802225,-0.00854946863905019,3.87907170525954,-1.1187889404846,-0.0475847384810079,0.738268466033849,-0.0117926035254411,-0.0277757141872889,0.000718895902341459,-0.00568907512854916,-1.84189244726135,-0.00394414011121696,-0.149270621262522,-0.00307490011916084,-0.137114828184662,-0.0887821271716852,-0.163608307995429,-0.0960693675898733,-1.04959672728108,-0.633424221122778,-0.118485514994579,-0.0180001625973561,0.0651742570191411,1.53047257457998
240.083395777815,1.02558660449148,-22.572638760555,-124.789713272838,-0.0462644645823736,0.591071764726476,0.189127613823779,-0.027758678749424,-20.8550946255316,-7.53326638041892,-0.579229410583578,0.207990369211552,-0.34095781138732,-5.86632148200915,-36.1125185658527,-5.20911267468091,232.812196084059,-0.260622197668,-2.51699557353934,0.0898628500922646,-0.176036458092443,-2.80277742039147,-0.00870199001739257,-22.996029928316,0.0349542147002186,-21.8652084719157,-14.5238711635675,-25.9899887770054,-14.8981576585747,-0.703699992991041,-1.93966154297612,-18.4156243011926,-1.11620835775862,1.53047257457998,142.107149798814
