0.060292446635301,0.0127497595711111,0.0381459626503679,-0.00293465252022416,-0.0108517103152637,-0.00215584999305036,-0.00260123154527629,-0.00232472153459364,-0.0025877755055517,-0.00159385709089385,-0.00365806868610922,-0.00126417425415257,-0.00143630831663779,-0.00365733922230946,0.000542863784341163,0.00102203182298886,-0.0181103400353063,-0.0332648587804003,-0.023214173502804,-0.0130381229489983,0.00288995098957971,-0.0189589598966027
0.0127497595711111,0.0494629854570065,-0.0089789591397504,-0.001883109328435,-0.00509194031545179,-0.00296429699968629,-0.00500493365128493,-0.00276249835001224,-0.00578683576905458,-0.00340952337731887,-0.00698679998511414,-0.00621833443052234,-0.00320685453986383,-0.00698866957611958,0.00478307810238648,0.00157982117872394,-0.0056085063087673,-0.0207617381933372,-0.00399162895127892,0.000679560728582721,-0.000809515534394712,-0.00543917558288747
0.0381459626503679,-0.0089789591397504,0.0692049196431415,-0.0093646627503643,-0.0115763154817063,-0.0068753963493712,-0.0068397310029703,-0.00711234789381765,-0.00520350089693572,-0.00471486043008195,-0.00580073761853721,-0.0026982248755963,-0.0037358563609034,-0.0057974727058022,-0.0073754741833012,0.0152736064331042,-0.0307605057180343,0.00464060348895652,-0.0261804376297705,-0.0149383304623245,-0.0147165221047421,-0.0214167070556792
-0.00293465252022416,-0.001883109328435,-0.0093646627503643,0.0130238622907413,0.0115068414615688,0.0109524190371375,0.0118899674358613,0.0105367099529774,0.0101116261835838,0.00905262773908074,0.0108177652094581,0.00903951375068052,0.00766609169771319,0.0108153861039917,0.00741484746582328,-0.0129127183991173,0.0101267706239824,-0.00332673349936097,0.011466557593822,0.00752379443442786,0.00722388645540748,0.0114719599658456
-0.0108517103152637,-0.00509194031545179,-0.0115763154817063,0.0115068414615688,0.0120385810410123,0.00976290962193151,0.0104747702554179,0.00942767754358158,0.00927973472317529,0.00818998112540958,0.0100499836079119,0.00820444989433955,0.00688286652347822,0.0100476056421798,0.00578179678888593,-0.0108680247535176,0.0117447956159949,0.00125436336164827,0.0136290659567327,0.00950106272941732,0.00604805138535106,0.0131416691833774
-0.00215584999305036,-0.00296429699968629,-0.0068753963493712,0.0109524190371375,0.00976290962193151,0.00953039445934276,0.00977549528917722,0.00917968257877373,0.00888710899256535,0.00781822659967255,0.0095463711362077,0.00774512858421828,0.00660906581646467,0.00954433037816572,0.00612328674708838,-0.0109120821335763,0.00852788624211582,-0.00287514834997722,0.00933893047327601,0.0056589761545119,0.00634784646099461,0.00933802536644623
-0.00260123154527629,-0.00500493365128493,-0.0068397310029703,0.0118899674358613,0.0104747702554179,0.00977549528917722,0.0120710834489542,0.00931200951963912,0.0102364351332228,0.00913455385128291,0.011014629977376,0.0100930269458639,0.00781324908222269,0.0110126265572084,0.00616809352364594,-0.0127127735717142,0.00821040952021389,0.000659040925162261,0.0119841556578329,0.00721601886941537,0.00603209168346331,0.0122518821244875
-0.00232472153459364,-0.00276249835001224,-0.00711234789381765,0.0105367099529774,0.00942767754358158,0.00917968257877373,0.00931200951963912,0.00888060241765584,0.00833486405112559,0.00729922157519627,0.00901342174636535,0.0071825675404741,0.00610271239512057,0.00901154210587048,0.00593426543519903,-0.0104977006593265,0.00874002585010173,-0.00266764108128412,0.0089501169913617,0.00528024127583761,0.00605294138398955,0.00895201386744432
-0.0025877755055517,-0.00578683576905458,-0.00520350089693572,0.0101116261835838,0.00927973472317529,0.00888710899256535,0.0102364351332228,0.00833486405112559,0.0208461339588342,0.0180662197480446,0.0240192719155887,0.0196243802589824,0.0139852226215893,0.024015501764614,0.00659665186661332,-0.0175460208174405,0.0147087252064763,0.00323666264326576,0.0133547182438881,0.00744177388810564,0.00786016167317153,0.0124806170172816
-0.00159385709089385,-0.00340952337731887,-0.00471486043008195,0.00905262773908074,0.00818998112540958,0.00781822659967255,0.00913455385128291,0.00729922157519627,0.0180662197480446,0.0159306704026404,0.0207127739596549,0.0170173235006285,0.0122390383171611,0.0207093449728149,0.00590848300467115,-0.0152041918193707,0.0118099196058374,0.001551836231651,0.0114335423246136,0.00617266665398093,0.00661639255255246,0.0105376163796487
-0.00365806868610922,-0.00698679998511414,-0.00580073761853721,0.0108177652094581,0.0100499836079119,0.0095463711362077,0.011014629977376,0.00901342174636535,0.0240192719155887,0.0207127739596549,0.0281943741671903,0.0225285205151664,0.0155569830326009,0.0281898363534412,0.00704273418721258,-0.0195847432500164,0.0179939135701107,0.0058514943003581,0.0142657123257196,0.00760429005226534,0.00717954643719195,0.0132914867209393
-0.00126417425415257,-0.00621833443052234,-0.0026982248755963,0.00903951375068052,0.00820444989433955,0.00774512858421828,0.0100930269458639,0.0071825675404741,0.0196243802589824,0.0170173235006285,0.0225285205151664,0.0194605362082601,0.0133296502079722,0.0225252287437267,0.00556469729679017,-0.0168097446911243,0.0132399194723413,0.005039963555629,0.0129196679474447,0.00707556101524216,0.00691509402885554,0.0126098047209195
-0.00143630831663779,-0.00320685453986383,-0.0037358563609034,0.00766609169771319,0.00688286652347822,0.00660906581646467,0.00781324908222269,0.00610271239512057,0.0139852226215893,0.0122390383171611,0.0155569830326009,0.0133296502079722,0.0101003125495049,0.0155544588434238,0.00502326013584168,-0.0125816189251486,0.00876387315360364,0.000206222282255294,0.0105044070000726,0.00677655786537474,0.00672255632530734,0.00982269276291766
-0.00365733922230946,-0.00698866957611958,-0.0057974727058022,0.0108153861039917,0.0100476056421798,0.00954433037816572,0.0110126265572084,0.00901154210587048,0.024015501764614,0.0207093449728149,0.0281898363534412,0.0225252287437267,0.0155544588434238,0.0281853022923328,0.00704166828387059,-0.0195828490574824,0.0179906819708219,0.00585082504382489,0.0142642343389034,0.00759990944491497,0.00717952981474203,0.0132901132767568
0.000542863784341163,0.00478307810238648,-0.0073754741833012,0.00741484746582328,0.00578179678888593,0.00612328674708838,0.00616809352364594,0.00593426543519903,0.00659665186661332,0.00590848300467115,0.00704273418721258,0.00556469729679017,0.00502326013584168,0.00704166828387059,0.00632470638757533,-0.00990833325722767,0.00773335838668047,-0.0059253612503385,0.00639347650497824,0.00339941025619248,0.005342495479816,0.00597080845287167
0.00102203182298886,0.00157982117872394,0.0152736064331042,-0.0129127183991173,-0.0108680247535176,-0.0109120821335763,-0.0127127735717142,-0.0104977006593265,-0.0175460208174405,-0.0152041918193707,-0.0195847432500164,-0.0168097446911243,-0.0125816189251486,-0.0195828490574824,-0.00990833325722767,0.0266596754175839,-0.0197370805629476,0.00941656533801952,-0.0164182350327297,-0.00702515968645926,-0.0127398574382359,-0.0153542038617002
-0.0181103400353063,-0.0056085063087673,-0.0307605057180343,0.0101267706239824,0.0117447956159949,0.00852788624211582,0.00821040952021389,0.00874002585010173,0.0147087252064763,0.0118099196058374,0.0179939135701107,0.0132399194723413,0.00876387315360364,0.0179906819708219,0.00773335838668047,-0.0197370805629476,0.0549860737779351,-0.00581120488278606,0.017266079636805,0.0213043006161393,0.00955188305599717,0.0165960012430993
-0.0332648587804003,-0.0207617381933372,0.00464060348895652,-0.00332673349936097,0.00125436336164827,-0.00287514834997722,0.000659040925162261,-0.00266764108128412,0.00323666264326576,0.001551836231651,0.0058514943003581,0.005039963555629,0.000206222282255294,0.00585082504382489,-0.0059253612503385,0.00941656533801952,-0.00581120488278606,0.0692162669806844,0.0119768190879774,0.0010283579570768,-0.015652923974543,0.0109469995901704
-0.023214173502804,-0.00399162895127892,-0.0261804376297705,0.011466557593822,0.0136290659567327,0.00933893047327601,0.0119841556578329,0.0089501169913617,0.0133547182438881,0.0114335423246136,0.0142657123257196,0.0129196679474447,0.0105044070000726,0.0142642343389034,0.00639347650497824,-0.0164182350327297,0.017266079636805,0.0119768190879774,0.0332982556298611,0.0198561102952669,0.00967024565740957,0.0299020323193536
-0.0130381229489983,0.000679560728582721,-0.0149383304623245,0.00752379443442786,0.00950106272941732,0.0056589761545119,0.00721601886941537,0.00528024127583761,0.00744177388810564,0.00617266665398093,0.00760429005226534,0.00707556101524216,0.00677655786537474,0.00759990944491497,0.00339941025619249,-0.00702515968645926,0.0213043006161393,0.0010283579570768,0.0198561102952669,0.0340936983405583,0.0129225699100694,0.0183799332196625
0.00288995098957971,-0.000809515534394712,-0.0147165221047421,0.00722388645540749,0.00604805138535106,0.00634784646099461,0.00603209168346331,0.00605294138398955,0.00786016167317153,0.00661639255255246,0.00717954643719195,0.00691509402885553,0.00672255632530734,0.00717952981474203,0.005342495479816,-0.0127398574382359,0.00955188305599717,-0.015652923974543,0.00967024565740957,0.0129225699100694,0.0247799220805114,0.00906491214383886
-0.0189589598966027,-0.00543917558288747,-0.0214167070556792,0.0114719599658456,0.0131416691833774,0.00933802536644623,0.0122518821244875,0.00895201386744432,0.0124806170172816,0.0105376163796487,0.0132914867209393,0.0126098047209195,0.00982269276291766,0.0132901132767568,0.00597080845287167,-0.0153542038617002,0.0165960012430993,0.0109469995901704,0.0299020323193536,0.0183799332196625,0.00906491214383886,0.0277735776173222
