0.0365417147127561,0.00346266119210103,0.00423714690038765,-0.00176272807152229,-0.00225164050316797,0.000832701305969262,-0.00116271844869068,0.0228687614451417
0.00346266119210103,0.0233602330753309,0.00284631405548965,-0.000575338393603958,0.00698555211569238,0.00364999929571473,0.00267729345766633,0.00858229613575625
0.00423714690038765,0.00284631405548965,0.0212469672953371,0.00467829881685326,0.000550840522613582,0.00327393990937607,-0.00169780250080751,0.00536663285254186
-0.00176272807152229,-0.000575338393603959,0.00467829881685326,0.0248410581200935,0.00960204320550299,0.00672766651663404,0.00239235904090366,-0.00566847531213259
-0.00225164050316797,0.00698555211569238,0.000550840522613582,0.00960204320550299,0.0216777631832791,0.00406502547501949,0.00587344858157527,-0.00116134238357173
0.000832701305969262,0.00364999929571473,0.00327393990937607,0.00672766651663404,0.00406502547501949,0.0136634805965332,0.00112854879281594,-0.000869552103729293
-0.00116271844869068,0.00267729345766633,-0.00169780250080751,0.00239235904090366,0.00587344858157527,0.00112854879281594,0.0217925407653818,-0.000360810044805137
0.0228687614451417,0.00858229613575625,0.00536663285254186,-0.00566847531213259,-0.00116134238357173,-0.000869552103729293,-0.000360810044805137,0.0398716418843057
