0.0342709477083265,-0.00778181421305781,0.0013423811319087,0.0122521786500471,0.0044534775559892,0.0130348426409983,0.00193406717074682,-0.0090681014890463,-0.000897093379268225,0.00712459999260063,0.0117554664650477,0.01226913632961,0.0153097963887637
-0.00778181421305781,0.239069646607124,0.00824048095507928,-0.00656488574572957,-0.00854368601938011,-0.0214314888605679,0.00298056252752917,-0.0185829883248544,0.0349659484367812,0.00465796741104141,0.0134212070689329,0.0431717010120308,0.0987733243818068
0.0013423811319087,0.00824048095507928,0.103367234835425,-0.00168475161366599,0.00130925657763235,-0.025997936097183,-0.0129538888773424,-0.0137251331251721,0.0539987861841401,0.0168989463253859,0.0142552392793891,0.00143402795698103,0.0548228655794322
0.0122521786500471,-0.00656488574572958,-0.00168475161366599,0.0310876547073252,0.00323450185115096,0.00647215115894999,0.00383054421045973,0.000121189464017853,0.00248725953239778,0.00882086084552426,0.00574409035541913,-0.00212464673361367,0.0173052821707104
0.0044534775559892,-0.00854368601938011,0.00130925657763235,0.00323450185115096,0.012448056058266,0.00526137515909202,0.000132296464473703,0.000877812074853003,0.00677187169705286,-0.00401590291344228,-0.00483242059519808,0.00999542548447866,0.00225721840435191
0.0130348426409983,-0.0214314888605679,-0.025997936097183,0.00647215115894999,0.00526137515909202,0.121701135439691,0.0306946600376851,-0.0135564351556761,-0.00903973409768369,0.000966731671208421,0.00880224584219944,0.00238036531545823,-0.000297321357856518
0.00193406717074682,0.00298056252752917,-0.0129538888773424,0.00383054421045973,0.000132296464473703,0.0306946600376851,0.248448117879857,0.00867434992379913,0.0231620892351484,0.0187081477773483,0.0422020023493869,0.000931623470945075,-0.00700034085561404
-0.0090681014890463,-0.0185829883248544,-0.0137251331251721,0.000121189464017853,0.000877812074853003,-0.0135564351556761,0.00867434992379913,0.0342396952244543,-0.0336987625103733,-0.0116904558962667,-0.0238540856131862,-0.00738853304620763,-0.0286229938047572
-0.000897093379268225,0.0349659484367812,0.0539987861841401,0.00248725953239778,0.00677187169705286,-0.00903973409768369,0.0231620892351484,-0.0336987625103733,0.219686834042984,0.0231112884166425,0.0426839037095485,0.0226295275784208,0.0749022882508372
0.00712459999260063,0.00465796741104141,0.0168989463253859,0.00882086084552426,-0.00401590291344228,0.000966731671208421,0.0187081477773483,-0.0116904558962667,0.0231112884166425,0.0404040830542153,0.0439879003854275,0.0023116108901863,0.0429994016973183
0.0117554664650477,0.0134212070689329,0.0142552392793891,0.00574409035541913,-0.00483242059519808,0.00880224584219944,0.0422020023493869,-0.0238540856131862,0.0426839037095485,0.0439879003854275,0.103807815688135,-0.00174825792465884,0.0492278961718859
0.01226913632961,0.0431717010120308,0.00143402795698103,-0.00212464673361367,0.00999542548447866,0.00238036531545823,0.000931623470945075,-0.00738853304620763,0.0226295275784208,0.0023116108901863,-0.00174825792465884,0.0823956902995616,0.049033533673004
0.0153097963887637,0.0987733243818068,0.0548228655794322,0.0173052821707104,0.00225721840435191,-0.000297321357856518,-0.00700034085561404,-0.0286229938047572,0.0749022882508372,0.0429994016973183,0.0492278961718859,0.049033533673004,0.235379796383543
