0.0387663369578699,-0.025697903792495,0.0143374332022366,0.012703235562773,0.00751821096623126,-0.0189217114236741,0.0219926785102888,-0.0296383239734163,-0.0117882910723323,0.0193719031277965,0.0145813898092943,0.0398327270357372,0.035456422226608
-0.025697903792495,0.170554305434149,-0.053168776987065,0.00443650284744197,-0.048017551703099,0.0169688781113702,0.0343650674688966,0.0269107496792478,0.0392606395476536,-0.01686674231231,-0.0127724573242071,-0.0196228465880603,0.014863413760461
0.0143374332022366,-0.053168776987065,0.121464107242922,-0.0100312154169505,0.020415790912729,0.00565736726253995,0.0112874812131174,-0.0289465393746417,0.0385651069174234,0.000664422171010334,0.0335427448597463,0.0479903332097135,0.0151066238625303
0.012703235562773,0.00443650284744197,-0.0100312154169505,0.0319854672216384,0.000305969766316908,0.00713448868354148,0.000981039556803042,-0.00416961538632339,-0.0151501243306715,0.023073635106256,-0.00729149806818475,-0.00783835798489604,0.0370125133923719
0.00751821096623126,-0.048017551703099,0.020415790912729,0.000305969766316908,0.0241037806338286,-0.00874520198765346,0.0206144027251339,-0.000490713999273755,0.0075899703691545,0.00733068167522322,0.00721403760091052,0.00918413429973484,0.0264776062877437
-0.0189217114236741,0.0169688781113702,0.00565736726253995,0.00713448868354148,-0.00874520198765346,0.0922707207634688,-0.0552077949054337,0.00339926183826629,0.0939207225392826,-0.0171786042679678,-0.0141773150466616,0.0100964018609325,-0.00584495829551751
0.0219926785102888,0.0343650674688966,0.0112874812131174,0.000981039556803042,0.0206144027251339,-0.0552077949054337,0.230415234860441,-0.0237132699287662,0.102580276947884,-0.0276146775600601,-0.0362734807229599,-0.00113333024075103,0.121564119038304
-0.0296383239734163,0.0269107496792478,-0.0289465393746417,-0.00416961538632339,-0.000490713999273755,0.00339926183826629,-0.0237132699287662,0.0456511580887537,-0.0253855234050519,6.17751188448398e-05,-0.0028807258700459,-0.0270310290679561,-0.0260285052522909
-0.0117882910723323,0.0392606395476535,0.0385651069174234,-0.0151501243306715,0.0075899703691545,0.0939207225392826,0.102580276947884,-0.0253855234050519,0.26996884640358,-0.0541542674888669,-0.0130871408303152,0.0388923048457819,0.114796147433837
0.0193719031277965,-0.01686674231231,0.000664422171010334,0.023073635106256,0.00733068167522322,-0.0171786042679678,-0.0276146775600601,6.17751188448398e-05,-0.0541542674888669,0.0469614107840456,0.0388323006336002,0.0105977413905268,0.0505890565831414
0.0145813898092943,-0.0127724573242071,0.0335427448597463,-0.00729149806818475,0.00721403760091052,-0.0141773150466616,-0.0362734807229599,-0.0028807258700459,-0.0130871408303152,0.0388323006336002,0.0814152697666992,0.0458854218910577,0.0581454490259109
0.0398327270357372,-0.0196228465880603,0.0479903332097135,-0.00783835798489604,0.00918413429973485,0.0100964018609325,-0.00113333024075103,-0.0270310290679561,0.0388923048457819,0.0105977413905268,0.0458854218910577,0.0971097030389148,0.0272198887741615
0.035456422226608,0.014863413760461,0.0151066238625303,0.0370125133923719,0.0264776062877437,-0.00584495829551751,0.121564119038304,-0.0260285052522909,0.114796147433837,0.0505890565831414,0.0581454490259109,0.0272198887741615,0.254842719432337
