0.0540367348962853,0.0269638814297956,0.00302310708869012,-0.00753719100805437,-0.00911191686507489,-0.00530157946100678,-0.00656418696587161,-0.0249070245681337,0.0013288087289091,-0.00443971772363465,-0.0168683815789415,-0.00717798569493325,-0.00796729721212558,-0.0161593799238937,-0.0138821938789872,0.00611259869991468,-0.00792419542590533,0.0217449699079988,-0.0221382292404027,-0.0411560072920324,-0.019392001623099,-0.00203006531332026
0.0269638814297956,0.0150543576448278,0.00215804512119773,-0.00721680814951871,-0.0082430787317822,-0.00568819166739258,-0.00640474343481212,-0.016799750625968,-0.00364002217104546,-0.00454458373845144,-0.0130855075801479,-0.00658854249267485,-0.00700586179791031,-0.0127379394401283,-0.0127632696956795,0.00696057462003999,-0.010660139526705,0.0118701813395999,-0.0135821973538618,-0.0223338273056801,-0.0109781795176489,-0.00500444343556022
0.00302310708869012,0.00215804512119773,0.0196693140586692,0.000406275648104202,-0.00202599413801751,-5.92049334791784e-05,0.00175598201065908,-0.00357512867806605,-1.81334546356781e-05,0.00666630856194124,-0.00105864178699754,0.00714063086631303,0.00352318665426733,-0.0016980744591591,-0.00405122093789365,0.00715593841940366,-0.0120224843720281,0.00969123538933142,0.00163172832436105,-0.0110574441076734,0.0135425172285651,0.00587877498821505
-0.00753719100805437,-0.00721680814951871,0.000406275648104202,0.0136548564900731,0.0124625646134436,0.0124130699263328,0.0129776894369955,0.0163304721505036,0.0189981667044265,0.0144960020499561,0.0193061361196307,0.0173126103272264,0.0123072451904862,0.0201718116363273,0.0199940408391215,-0.0182869876355383,0.0305946634959383,0.00168339979316104,0.019138893881468,0.00780919528780225,0.00656572221353882,0.0178844159688379
-0.00911191686507489,-0.0082430787317822,-0.00202599413801751,0.0124625646134436,0.012385780525936,0.011169893794677,0.0116685049532842,0.0166416720951996,0.0159334198355304,0.010978229036523,0.0174487885770433,0.0135413140205246,0.0108745513008427,0.0179124102172611,0.0197599073905644,-0.0163686184285618,0.0274349060833948,-0.00149572363996965,0.016607022191558,0.00954715569757198,0.00598513152826347,0.0158388107999242
-0.00530157946100678,-0.00568819166739258,-5.92049334791784e-05,0.0124130699263328,0.011169893794677,0.0114110632019828,0.011790772596543,0.0142518194500055,0.0180206362262344,0.0135099327125966,0.0174812542561129,0.016017707359558,0.0110454149710692,0.0184106304621334,0.0180135807476451,-0.0173089223666904,0.029021575868497,0.00276244627823838,0.0175340845349578,0.00611910362948765,0.00476477582015066,0.0164162468590002
-0.00656418696587161,-0.00640474343481212,0.00175598201065908,0.0129776894369955,0.0116685049532842,0.011790772596543,0.0125843352034679,0.0149476770020957,0.0180885499940709,0.0141722903031602,0.0176432156631581,0.016824699784591,0.0117704483409204,0.0184236819880596,0.0186792233128968,-0.0171700394110511,0.0287545132543326,0.00270788933020347,0.0186993313998263,0.00516833874822826,0.00712924498128135,0.0184876777797914
-0.0249070245681337,-0.016799750625968,-0.00357512867806605,0.0163304721505036,0.0166416720951996,0.0142518194500055,0.0149476770020957,0.0259840911983458,0.0180637598933187,0.0138493130608493,0.0252895248547244,0.0175661009475053,0.0147161891670982,0.0256921522784583,0.0263996983716297,-0.0203576222719815,0.0334689192896911,-0.00811560812784432,0.024361446345738,0.0236331733095968,0.0115639850524579,0.0172990786869147
0.0013288087289091,-0.00364002217104546,-1.81334546356781e-05,0.0189981667044265,0.0159334198355304,0.0180206362262344,0.0180885499940709,0.0180637598933187,0.0313722552608877,0.0230593772583658,0.0264315835821264,0.0266729778686619,0.0166253917397227,0.0285474056330683,0.0260968488710973,-0.0288924584007335,0.0487485078285434,0.0106422588366253,0.0264598312780082,0.00307961263018637,0.00247261624327498,0.0258947829540251
-0.00443971772363465,-0.00454458373845144,0.00666630856194124,0.0144960020499561,0.010978229036523,0.0135099327125966,0.0141722903031602,0.0138493130608493,0.0230593772583658,0.0206590129581908,0.0211057969208438,0.0237331387579462,0.0140635171764987,0.022657733510502,0.0177915198591607,-0.0196022528336705,0.0326497387710294,0.00922662759462286,0.0229189675439476,0.00375418677096432,0.00796558794058195,0.0199259948661124
-0.0168683815789415,-0.0130855075801479,-0.00105864178699754,0.0193061361196307,0.0174487885770433,0.0174812542561129,0.0176432156631581,0.0252895248547244,0.0264315835821264,0.0211057969208438,0.0306229304383705,0.0253628663350538,0.0178542075741482,0.0320833317430177,0.0280803766760366,-0.0257677150867648,0.0426672681663966,-0.00107140168173304,0.0275125618667149,0.0207194907604202,0.00917663921630574,0.0198158402495896
-0.00717798569493325,-0.00658854249267485,0.00714063086631303,0.0173126103272264,0.0135413140205246,0.016017707359558,0.016824699784591,0.0175661009475053,0.0266729778686619,0.0237331387579462,0.0253628663350538,0.0274394710780723,0.0167459626415743,0.0270516546638677,0.0218644529062917,-0.0230135650026816,0.0382917236546836,0.00914116106363526,0.0270375396352891,0.00636395784127525,0.0100110127617365,0.0232428214767021
-0.00796729721212558,-0.00700586179791032,0.00352318665426733,0.0123072451904862,0.0108745513008427,0.0110454149710692,0.0117704483409204,0.0147161891670982,0.0166253917397227,0.0140635171764987,0.0178542075741482,0.0167459626415743,0.0117860658199617,0.0185045650326415,0.0172859842511213,-0.0148238366092117,0.0246853967100738,0.00188034879685056,0.0172906773368486,0.00751951950955455,0.00861025122411284,0.0157482400762688
-0.0161593799238937,-0.0127379394401283,-0.0016980744591591,0.0201718116363273,0.0179124102172611,0.0184106304621334,0.0184236819880596,0.0256921522784583,0.0285474056330683,0.022657733510502,0.0320833317430177,0.0270516546638677,0.0185045650326415,0.0338538251444449,0.028971625192286,-0.0279132297757585,0.046248497125088,-0.000115439219192898,0.0290327878896466,0.020840981359676,0.00813423553960226,0.020699194090482
-0.0138821938789872,-0.0127632696956795,-0.00405122093789365,0.0199940408391215,0.0197599073905644,0.0180135807476451,0.0186792233128968,0.0263996983716297,0.0260968488710973,0.0177915198591607,0.0280803766760366,0.0218644529062917,0.0172859842511213,0.028971625192286,0.0316208918778554,-0.0269888896123632,0.0452445821843888,-0.00201649850497006,0.0267899644565348,0.0151459996999318,0.00846792387014058,0.0252798006401527
0.00611259869991468,0.00696057462003999,0.00715593841940366,-0.0182869876355383,-0.0163686184285618,-0.0173089223666904,-0.0171700394110511,-0.0203576222719815,-0.0288924584007335,-0.0196022528336705,-0.0257677150867648,-0.0230135650026816,-0.0148238366092117,-0.0279132297757585,-0.0269888896123632,0.0305739388270214,-0.051271103497757,-0.00428076011339302,-0.0275161456335002,-0.00914038334748537,1.82325465672503e-05,-0.0241202438025621
-0.00792419542590533,-0.010660139526705,-0.0120224843720281,0.0305946634959383,0.0274349060833948,0.029021575868497,0.0287545132543326,0.0334689192896911,0.0487485078285434,0.0326497387710294,0.0426672681663966,0.0382917236546836,0.0246853967100738,0.046248497125088,0.0452445821843888,-0.051271103497757,0.0861226980037743,0.00819567883028956,0.0454225676674627,0.0135008804054341,-0.000768022155685475,0.0408795320345711
0.0217449699079988,0.0118701813395999,0.00969123538933142,0.00168339979316104,-0.00149572363996965,0.00276244627823838,0.00270788933020347,-0.00811560812784432,0.0106422588366253,0.00922662759462286,-0.00107140168173304,0.00914116106363526,0.00188034879685056,-0.000115439219192898,-0.00201649850497006,-0.00428076011339302,0.00819567883028956,0.0243655145982295,0.00471001789225218,-0.0220565204521359,-0.00356593957029443,0.0101282271417617
-0.0221382292404027,-0.0135821973538618,0.00163172832436105,0.019138893881468,0.016607022191558,0.0175340845349578,0.0186993313998263,0.024361446345738,0.0264598312780082,0.0229189675439476,0.0275125618667148,0.0270375396352891,0.0172906773368486,0.0290327878896466,0.0267899644565348,-0.0275161456335002,0.0454225676674627,0.00471001789225218,0.0355487426826455,0.0145744134962775,0.0119143375742599,0.02716137551209
-0.0411560072920324,-0.0223338273056801,-0.0110574441076734,0.00780919528780225,0.00954715569757198,0.00611910362948765,0.00516833874822826,0.0236331733095968,0.00307961263018637,0.00375418677096432,0.0207194907604202,0.00636395784127525,0.00751951950955455,0.020840981359676,0.0151459996999318,-0.00914038334748536,0.0135008804054341,-0.0220565204521359,0.0145744134962775,0.045403985557488,0.00792081234612313,-0.00642799518828347
-0.019392001623099,-0.0109781795176489,0.0135425172285651,0.00656572221353882,0.00598513152826347,0.00476477582015066,0.00712924498128135,0.0115639850524579,0.00247261624327498,0.00796558794058195,0.00917663921630574,0.0100110127617365,0.00861025122411284,0.00813423553960226,0.00846792387014058,1.82325465672503e-05,-0.000768022155685475,-0.00356593957029443,0.0119143375742599,0.00792081234612313,0.0206265363303129,0.0106960001215633
-0.00203006531332026,-0.00500444343556022,0.00587877498821505,0.0178844159688379,0.0158388107999242,0.0164162468590002,0.0184876777797914,0.0172990786869147,0.0258947829540251,0.0199259948661124,0.0198158402495896,0.0232428214767021,0.0157482400762688,0.020699194090482,0.0252798006401527,-0.0241202438025621,0.0408795320345711,0.0101282271417617,0.02716137551209,-0.00642799518828347,0.0106960001215633,0.0336947649587779
