0.0575146460988673,-0.0195378786159439,0.0185594380571072,-0.0432664320018875,-0.0162393442349102,-0.0183932416756809,0.0339408215077594,-0.0312901707668585,-0.0255772489452181,-0.0450232627937295,0.012172197348586,-0.0190658509404481,0.0386333906144921,0.0108942228377831,0.064431710570591,-0.0027916981488049,0.0133752454239828
-0.0195378786159439,0.120682560276871,0.0446963012092375,0.0767429407828319,0.0254537812375997,0.0770210745254009,0.015149188072978,0.077369910233725,0.0602212175192786,0.0715457730549707,0.0619827580980193,0.0438476415082282,0.0351463478858596,0.0418465152097144,7.18998910989256e-05,0.0603319119881417,-0.0218119793729652
0.0185594380571072,0.0446963012092375,0.0543760550921021,0.000621639018545145,0.0166385645792255,0.0214682131044003,0.0503229808502416,-0.00608433740054253,0.0374376227349912,-0.00115726353825468,0.0575806067062012,-0.00753622316682451,0.0604114514930865,-0.00085513246882325,0.0336130060026351,0.0158429670324288,0.0204005027165492
-0.0432664320018875,0.0767429407828319,0.000621639018545145,0.0780222220723517,0.00403805589793064,0.0517259607146351,-0.0286673991673201,0.0807945277244739,0.0329286080634688,0.0737892434584623,0.0161395219321584,0.0565021395253317,-0.022906207112855,0.0424494536173877,-0.0423252907836945,0.0476311325510649,-0.0369765728750583
-0.0162393442349102,0.0254537812375997,0.0166385645792255,0.00403805589793064,0.0534256308361186,0.0179973344722511,0.00949574743482482,-0.0151409175324449,0.0432621713420548,0.000116814742482003,0.0171562564804651,-0.0350665344140987,0.0183481505439584,-0.0500452623920491,-0.00549321919409524,-0.00954412778981403,0.0300749289014576
-0.0183932416756809,0.0770210745254009,0.0214682131044003,0.0517259607146351,0.0179973344722511,0.0601723626731884,0.00879868428127125,0.0555654892115759,0.0349136044768001,0.0543348819922436,0.0302781352082773,0.0313111187777125,0.0246029538606616,0.0333091669290052,-0.00037692589086592,0.0262126885499516,-0.0199844686820755
0.0339408215077594,0.015149188072978,0.0503229808502416,-0.0286673991673201,0.00949574743482482,0.00879868428127125,0.0672514739370692,-0.0320760999604341,0.0140113145910697,-0.0194370706280317,0.0458637631941371,-0.0236521742535274,0.0769922420308261,-0.00774233513966261,0.0534177064586052,-0.0100611718882691,0.0210744667948449
-0.0312901707668585,0.077369910233725,-0.00608433740054253,0.0807945277244738,-0.0151409175324449,0.0555654892115759,-0.0320760999604341,0.0965026109495208,0.0141040065197114,0.0779818965305417,0.00938750299888149,0.0738079824209474,-0.0246205319773586,0.0729531580258167,-0.029219582834209,0.054324264348536,-0.0534491809339475
-0.0255772489452181,0.0602212175192786,0.0374376227349912,0.0329286080634688,0.0432621713420548,0.0349136044768001,0.0140113145910697,0.0141040065197114,0.0677181381952469,0.0237542929068811,0.0456483421626985,-0.00346431922433152,0.0221982286247038,-0.0211367097923398,-0.016517668929458,0.0179972265944873,0.0250466767340072
-0.0450232627937295,0.0715457730549707,-0.00115726353825468,0.0737892434584623,0.000116814742482003,0.0543348819922436,-0.0194370706280317,0.0779818965305417,0.0237542929068811,0.07952019193783,0.0118909436805209,0.0568145813180705,-0.013261070124529,0.0442068377175275,-0.0401731331982112,0.0362260004781194,-0.0459200389138053
0.012172197348586,0.0619827580980193,0.0575806067062012,0.0161395219321584,0.0171562564804651,0.0302781352082773,0.0458637631941371,0.00938750299888149,0.0456483421626985,0.0118909436805209,0.06470042839538,0.00342145933021189,0.0568527754343866,0.00710503418879708,0.0265992943375938,0.0294619969358293,0.0144571321232583
-0.0190658509404481,0.0438476415082282,-0.00753622316682451,0.0565021395253317,-0.0350665344140987,0.0313111187777125,-0.0236521742535274,0.0738079824209474,-0.00346431922433152,0.0568145813180705,0.00342145933021189,0.0699554035371346,-0.023876178196179,0.0734022092332048,-0.0231140502956854,0.0414449947464528,-0.048327776588072
0.0386333906144921,0.0351463478858596,0.0604114514930865,-0.0229062071128551,0.0183481505439584,0.0246029538606616,0.0769922420308261,-0.0246205319773586,0.0221982286247038,-0.013261070124529,0.0568527754343866,-0.023876178196179,0.0937418338332842,-0.00264988070486257,0.0664426965504133,-0.00574747384286471,0.0209214049666058
0.0108942228377831,0.0418465152097144,-0.00085513246882325,0.0424494536173877,-0.0500452623920491,0.0333091669290052,-0.00774233513966261,0.0729531580258167,-0.0211367097923398,0.0442068377175275,0.00710503418879708,0.0734022092332048,-0.00264988070486257,0.0990239811599916,0.0140307008348885,0.041700522224565,-0.0519351429988145
0.0644317105705909,7.18998910989256e-05,0.0336130060026351,-0.0423252907836945,-0.00549321919409525,-0.00037692589086592,0.0534177064586051,-0.029219582834209,-0.016517668929458,-0.0401731331982112,0.0265992943375938,-0.0231140502956854,0.0664426965504133,0.0140307008348885,0.0832842794512451,-0.00487171504555037,0.0153474793344973
-0.0027916981488049,0.0603319119881417,0.0158429670324288,0.0476311325510649,-0.00954412778981403,0.0262126885499516,-0.0100611718882691,0.054324264348536,0.0179972265944873,0.0362260004781194,0.0294619969358293,0.0414449947464528,-0.00574747384286471,0.041700522224565,-0.00487171504555037,0.0574647876780812,-0.0233830460317618
0.0133752454239828,-0.0218119793729652,0.0204005027165492,-0.0369765728750583,0.0300749289014576,-0.0199844686820755,0.0210744667948449,-0.0534491809339475,0.0250466767340072,-0.0459200389138053,0.0144571321232583,-0.048327776588072,0.0209214049666058,-0.0519351429988145,0.0153474793344973,-0.0233830460317618,0.0528126039228831
