0.0238427546760144,0,0,0,0,0,0,0,0,0,0,0,0,0,0,0,0,0,0,0,0,0,0,0,0,0,0,0,0,0,0,0,0,0,0,0,0,0,0,0,0,0,0,0,0,0,0,0,0,0,0,0,0,0,0,0,0,0,0,0
0,1646.95944941147,0,17.4010184745079,0,-187.940330523455,-307.088610635027,369.727859041736,423.898050254156,186.832894591011,233.159579600145,0,0,606.048023206482,63.5231176231486,0,-494.009755126186,745.534711549285,-446.777064532151,0,0,0,788.046941620613,875.711043532601,0,0,616.176381592588,0,0,0,0,-380.857064138024,0,535.38106673242,0,0,179.804255913917,0,0,-377.30915290483,36.4989728912717,0,0,0,0,34.286835230829,-475.032247541631,-232.053971497298,-176.567917002364,691.302706514275,45.3004879076652,-139.212436153315,0,0,-503.580822962837,0,198.175070118594,0,324.375266181231,167.78798888633
0,0,0.00701094708033466,0,0,0,0,0,0,0,0,0,0,0,0,0,0,0,0,0,0,0,0,0,0,0,0,0,0,0,0,0,0,0,0,0,0,0,0,0,0,0,0,0,0,0,0,0,0,0,0,0,0,0,0,0,0,0,0,0
0,17.4010184745079,0,991.497093522282,0,543.750202120538,439.834508445398,243.396585990301,213.900761273572,145.336162920853,-168.144378134487,0,0,-174.205001380742,394.735909567563,0,-15.589587237353,-333.359371389061,387.452910030161,0,0,0,788.080439334289,-402.129054774007,0,0,-55.2199138535664,0,0,0,0,264.337593679479,0,-766.154440681468,0,0,537.27905699731,0,0,203.338694657927,22.0496271578363,0,0,0,0,170.882811642814,47.0965595366322,-363.891497991561,-217.37358592657,550.777459737659,277.512087118682,-8.53060535456701,0,0,425.966103760506,0,123.57075784369,0,20.7161206411724,366.767323512254
0,0,0,0,0.017092708056807,0,0,0,0,0,0,0,0,0,0,0,0,0,0,0,0,0,0,0,0,0,0,0,0,0,0,0,0,0,0,0,0,0,0,0,0,0,0,0,0,0,0,0,0,0,0,0,0,0,0,0,0,0,0,0
0,-187.940330523455,0,543.750202120538,0,7057.95364971852,-552.977859581266,1342.9641771659,-677.656049061006,85.7955748072756,327.946633304579,0,0,641.90642519164,83.9948973597625,0,-276.207432739864,-2357.81743913853,-489.251277291934,0,0,0,-868.9955677706,-40.9852967073358,0,0,-988.655626268249,0,0,0,0,-832.934864125933,0,-2702.81497389039,0,0,1518.91482423304,0,0,343.435172774241,399.296683530356,0,0,0,0,-207.320261497313,-212.68383317348,291.650839243621,-1856.12969056537,427.486100127247,162.968229506419,-488.22289066783,0,0,1256.03400387433,0,-1663.27038364542,0,-822.464205231071,-444.756572860966
0,-307.088610635027,0,439.834508445398,0,-552.977859581267,7079.66958134636,-1199.91809090758,20.9202747451137,101.171682729106,-798.368874422743,0,0,-281.777716277175,877.93232706142,0,1490.1444807762,1107.14134973738,-1897.11461999892,0,0,0,2444.55840556204,239.570426944759,0,0,-658.156782576493,0,0,0,0,993.179668515655,0,386.422231926053,0,0,528.929235110401,0,0,871.885349412023,429.375106020717,0,0,0,0,-213.025201368864,-531.886456639839,70.6139138090608,65.2330588745103,109.729077044983,-471.556280871838,-778.550331077545,0,0,-81.5435938693966,0,575.776002455062,0,408.493352609861,543.292714838345
0,369.727859041736,0,243.396585990301,0,1342.9641771659,-1199.91809090758,8444.7193564972,51.6010757846268,790.854229341522,496.334199329081,0,0,-598.025024747059,1425.1055497383,0,2441.46046666852,-1855.9455943856,1254.44924190153,0,0,0,-4331.21635760354,104.264283436438,0,0,1163.39622543945,0,0,0,0,2120.67044417066,0,-1033.46089707733,0,0,-74.003334283246,0,0,-5.13962128447678,799.863731334051,0,0,0,0,-428.539158976188,-254.956417718606,388.647106557869,-1370.02763515373,-637.097338268548,233.736553385953,392.466738176385,0,0,1311.05645853896,0,564.612162794192,0,427.517579486561,153.165788672869
0,423.898050254156,0,213.900761273572,0,-677.656049061006,20.9202747451137,51.6010757846268,8648.10131342786,-1468.89758187401,886.95801310161,0,0,-86.5861853486121,329.846356982664,0,656.800675252875,-2364.11307541362,-201.009678357468,0,0,0,454.293399021759,1338.38783529469,0,0,-187.739782265699,0,0,0,0,-655.194136374045,0,-158.75322574887,0,0,-429.357395503222,0,0,-102.044101643146,-779.132406558649,0,0,0,0,24.2924179407518,-670.018421408168,495.736357414072,824.660175600305,-460.529089914684,-128.636625801761,31.900933211866,0,0,-142.070362141991,0,1883.70178644714,0,252.824532878693,915.528764615087
0,186.832894591011,0,145.336162920853,0,85.7955748072756,101.171682729106,790.854229341522,-1468.89758187401,5942.18044553947,61.2060195448122,0,0,-595.832372199556,666.119913506843,0,148.328161274677,-1555.55093041501,-1702.29461676155,0,0,0,-603.148738253661,571.338322256937,0,0,375.193373556865,0,0,0,0,320.372069767087,0,322.237274663148,0,0,121.939561868481,0,0,1040.10039789771,-938.040796220545,0,0,0,0,-561.868454698339,184.866461477436,-1181.161605794,401.458293979574,230.945129939705,-292.055900970072,-205.915847879534,0,0,648.060037854434,0,-1060.79526700417,0,-344.451688976609,-133.211639050027
0,233.159579600145,0,-168.144378134487,0,327.946633304579,-798.368874422743,496.334199329081,886.95801310161,61.2060195448122,6634.25412955949,0,0,111.538880159677,970.050131666416,0,1339.07465158283,337.428168336322,-811.125190012277,0,0,0,-496.520791657722,1142.28393445634,0,0,298.971945603013,0,0,0,0,2459.00608472507,0,711.647262814732,0,0,-202.852740775664,0,0,-719.851566462318,-246.085820553469,0,0,0,0,969.527916001958,363.393721041203,145.18130388141,52.9705022416342,-264.271216023499,-130.662551742553,-795.622137082776,0,0,-168.570059546475,0,9.13706069893541,0,62.8489961097719,-424.010471558991
0,0,0,0,0,0,0,0,0,0,0,0.050108986390504,0,0,0,0,0,0,0,0,0,0,0,0,0,0,0,0,0,0,0,0,0,0,0,0,0,0,0,0,0,0,0,0,0,0,0,0,0,0,0,0,0,0,0,0,0,0,0,0
0,0,0,0,0,0,0,0,0,0,0,0,0.0444258607236964,0,0,0,0,0,0,0,0,0,0,0,0,0,0,0,0,0,0,0,0,0,0,0,0,0,0,0,0,0,0,0,0,0,0,0,0,0,0,0,0,0,0,0,0,0,0,0
0,606.048023206482,0,-174.205001380742,0,641.90642519164,-281.777716277175,-598.025024747059,-86.5861853486121,-595.832372199556,111.538880159677,0,0,5111.02433098927,-448.938969713721,0,-875.800411155862,379.725656191632,-646.181622044523,0,0,0,345.543870367124,-1595.37479315885,0,0,308.372482620208,0,0,0,0,-506.435109099641,0,661.447195949158,0,0,-796.794554366553,0,0,177.115428039533,-63.6483731401055,0,0,0,0,-288.285028269453,164.488074892521,380.606601712727,-828.651283792296,504.171411406113,660.385799289006,303.018459403746,0,0,571.826287417627,0,-664.856295218977,0,-570.160437791355,207.164049052016
0,63.5231176231486,0,394.735909567563,0,83.9948973597625,877.93232706142,1425.1055497383,329.846356982664,666.119913506843,970.050131666416,0,0,-448.938969713721,10341.707525728,0,60.2970504884169,-79.0210523104239,476.388910752916,0,0,0,-755.267057422296,1463.78020096552,0,0,437.875309878593,0,0,0,0,969.469712042231,0,-732.039634134374,0,0,1495.88649047215,0,0,250.052387787033,288.136791081713,0,0,0,0,470.815886274114,-731.843828950395,-1109.980494128,-1596.321587561,-507.528085565366,290.908516887,430.697089582751,0,0,-153.50426063966,0,340.047087520124,0,-87.688438783828,-414.883350035339
0,0,0,0,0,0,0,0,0,0,0,0,0,0,0,0.0530956368455149,0,0,0,0,0,0,0,0,0,0,0,0,0,0,0,0,0,0,0,0,0,0,0,0,0,0,0,0,0,0,0,0,0,0,0,0,0,0,0,0,0,0,0,0
0,-494.009755126186,0,-15.589587237353,0,-276.207432739864,1490.1444807762,2441.46046666852,656.800675252875,148.328161274677,1339.07465158283,0,0,-875.800411155862,60.2970504884169,0,17020.5074825118,-884.474164431939,-3745.30187529984,0,0,0,-3690.37699907359,259.104474510602,0,0,1591.84901445335,0,0,0,0,70.3656458112143,0,-808.346880403881,0,0,-75.2654713095177,0,0,-51.5330482696661,-850.314987429936,0,0,0,0,970.319978041403,1302.04765838523,-2647.03117903152,1247.15342009791,-1975.15526754043,89.4984576930882,449.616045599577,0,0,-1328.23940065279,0,-1402.64548283793,0,-801.697181244839,527.250749354368
0,745.534711549285,0,-333.359371389061,0,-2357.81743913853,1107.14134973738,-1855.9455943856,-2364.11307541362,-1555.55093041501,337.428168336322,0,0,379.725656191632,-79.0210523104239,0,-884.474164431938,15855.6199803804,-856.263043905006,0,0,0,2787.79269810854,-143.861806490773,0,0,-3213.0044223576,0,0,0,0,1317.07743859776,0,2115.71298859201,0,0,-1532.66090088152,0,0,8.26346396839478,1293.49084008653,0,0,0,0,1150.83282588572,755.251841722672,-10.9252080969068,-1248.38811375382,367.033556157251,221.861828856062,-2010.79135060046,0,0,615.523439641962,0,1913.65259033394,0,1238.42222253061,678.747936812047
0,-446.777064532151,0,387.452910030161,0,-489.251277291934,-1897.11461999892,1254.44924190153,-201.009678357468,-1702.29461676155,-811.125190012277,0,0,-646.181622044523,476.388910752916,0,-3745.30187529984,-856.263043905006,19968.1641526315,0,0,0,-128.924668864951,-3048.10342010967,0,0,1436.80382977293,0,0,0,0,-1806.94717071692,0,466.735903397826,0,0,-2461.9134220141,0,0,-204.900738794878,407.737642999334,0,0,0,0,-1962.62388344323,-589.861442483076,1382.95186713289,-1124.37238736005,438.493794385961,-457.404509403534,493.29022229334,0,0,-942.21412122981,0,1706.1295007678,0,-114.296319681957,-1239.94496175617
0,0,0,0,0,0,0,0,0,0,0,0,0,0,0,0,0,0,0,0.0856500737713912,0,0,0,0,0,0,0,0,0,0,0,0,0,0,0,0,0,0,0,0,0,0,0,0,0,0,0,0,0,0,0,0,0,0,0,0,0,0,0,0
0,0,0,0,0,0,0,0,0,0,0,0,0,0,0,0,0,0,0,0,0.0712922041836258,0,0,0,0,0,0,0,0,0,0,0,0,0,0,0,0,0,0,0,0,0,0,0,0,0,0,0,0,0,0,0,0,0,0,0,0,0,0,0
0,0,0,0,0,0,0,0,0,0,0,0,0,0,0,0,0,0,0,0,0,0.0621994905324351,0,0,0,0,0,0,0,0,0,0,0,0,0,0,0,0,0,0,0,0,0,0,0,0,0,0,0,0,0,0,0,0,0,0,0,0,0,0
0,788.046941620613,0,788.080439334289,0,-868.9955677706,2444.55840556204,-4331.21635760354,454.293399021759,-603.148738253661,-496.520791657722,0,0,345.543870367124,-755.267057422296,0,-3690.37699907359,2787.79269810854,-128.924668864951,0,0,0,16270.9113505472,1621.20913833871,0,0,2312.68806782115,0,0,0,0,560.107907266167,0,-101.351087654099,0,0,1815.66728549001,0,0,391.86420238354,-1084.96381969768,0,0,0,0,-239.721178754848,-890.943326927616,-963.408551725066,727.647324839176,3454.61662379774,-247.354440495538,-737.859149620579,0,0,-87.0875086741572,0,1981.99248384092,0,-119.814903168268,-216.53662403048
0,875.711043532601,0,-402.129054774006,0,-40.9852967073358,239.570426944759,104.264283436438,1338.38783529469,571.338322256937,1142.28393445634,0,0,-1595.37479315885,1463.78020096552,0,259.104474510602,-143.861806490773,-3048.10342010967,0,0,0,1621.20913833871,15805.357285046,0,0,-415.423726898029,0,0,0,0,2346.43025758958,0,3112.37524544088,0,0,3811.44566570016,0,0,-237.135010203347,101.063122036266,0,0,0,0,-305.887860046466,-1060.83775292493,-1279.13772587771,1580.1399242045,-911.180199477655,-1243.13237898861,1133.99261589758,0,0,-1517.16239831919,0,581.611992505202,0,-356.89867965103,-62.8493249404939
0,0,0,0,0,0,0,0,0,0,0,0,0,0,0,0,0,0,0,0,0,0,0,0,0.0511366389252526,0,0,0,0,0,0,0,0,0,0,0,0,0,0,0,0,0,0,0,0,0,0,0,0,0,0,0,0,0,0,0,0,0,0,0
0,0,0,0,0,0,0,0,0,0,0,0,0,0,0,0,0,0,0,0,0,0,0,0,0,0.0813307469904821,0,0,0,0,0,0,0,0,0,0,0,0,0,0,0,0,0,0,0,0,0,0,0,0,0,0,0,0,0,0,0,0,0,0
0,616.176381592588,0,-55.2199138535664,0,-988.655626268249,-658.156782576492,1163.39622543945,-187.739782265699,375.193373556865,298.971945603013,0,0,308.372482620208,437.875309878593,0,1591.84901445335,-3213.0044223576,1436.80382977293,0,0,0,2312.68806782115,-415.423726898029,0,0,17138.7768309525,0,0,0,0,-957.342694063519,0,-285.280793841648,0,0,1961.86312051995,0,0,-2537.18874155322,-4050.33060934108,0,0,0,0,-106.904792088276,-1373.39212073391,-1386.8797023681,1110.60322614746,-653.458720744878,-423.717207674581,956.082453167878,0,0,-875.133752297559,0,1029.56081874831,0,-109.112377565057,68.4329581143819
0,0,0,0,0,0,0,0,0,0,0,0,0,0,0,0,0,0,0,0,0,0,0,0,0,0,0,0.054031352978512,0,0,0,0,0,0,0,0,0,0,0,0,0,0,0,0,0,0,0,0,0,0,0,0,0,0,0,0,0,0,0,0
0,0,0,0,0,0,0,0,0,0,0,0,0,0,0,0,0,0,0,0,0,0,0,0,0,0,0,0,0.0687606685042973,0,0,0,0,0,0,0,0,0,0,0,0,0,0,0,0,0,0,0,0,0,0,0,0,0,0,0,0,0,0,0
0,0,0,0,0,0,0,0,0,0,0,0,0,0,0,0,0,0,0,0,0,0,0,0,0,0,0,0,0,0.0575998053837259,0,0,0,0,0,0,0,0,0,0,0,0,0,0,0,0,0,0,0,0,0,0,0,0,0,0,0,0,0,0
0,0,0,0,0,0,0,0,0,0,0,0,0,0,0,0,0,0,0,0,0,0,0,0,0,0,0,0,0,0,0.0488873927230387,0,0,0,0,0,0,0,0,0,0,0,0,0,0,0,0,0,0,0,0,0,0,0,0,0,0,0,0,0
0,-380.857064138024,0,264.337593679479,0,-832.934864125933,993.179668515654,2120.67044417066,-655.194136374045,320.372069767087,2459.00608472507,0,0,-506.435109099641,969.46971204223,0,70.3656458112143,1317.07743859776,-1806.94717071692,0,0,0,560.107907266167,2346.43025758958,0,0,-957.342694063519,0,0,0,0,13091.9808887902,0,2320.7018123327,0,0,945.506214151722,0,0,286.508650708712,328.936272894414,0,0,0,0,1520.72221488524,987.055791729765,610.468174074664,-389.058604910783,-1492.59293613961,326.769022415919,488.617844960424,0,0,-169.407175943454,0,-99.5181618247074,0,2349.69091915028,596.907815730677
0,0,0,0,0,0,0,0,0,0,0,0,0,0,0,0,0,0,0,0,0,0,0,0,0,0,0,0,0,0,0,0,0.0393293027936734,0,0,0,0,0,0,0,0,0,0,0,0,0,0,0,0,0,0,0,0,0,0,0,0,0,0,0
0,535.38106673242,0,-766.154440681468,0,-2702.81497389039,386.422231926053,-1033.46089707733,-158.75322574887,322.237274663148,711.647262814732,0,0,661.447195949158,-732.039634134374,0,-808.346880403882,2115.71298859201,466.735903397826,0,0,0,-101.351087654099,3112.37524544088,0,0,-285.280793841648,0,0,0,0,2320.7018123327,0,12838.8598830141,0,0,-2703.27436116416,0,0,1467.35201323502,-524.899689193765,0,0,0,0,-1077.51672422228,248.559608218092,187.09714120994,1890.12945916382,-1930.20274023709,-124.943100657539,391.427239271862,0,0,-1290.14324631271,0,892.758718740327,0,-496.848144573613,853.054602042896
0,0,0,0,0,0,0,0,0,0,0,0,0,0,0,0,0,0,0,0,0,0,0,0,0,0,0,0,0,0,0,0,0,0,0.0597593349036836,0,0,0,0,0,0,0,0,0,0,0,0,0,0,0,0,0,0,0,0,0,0,0,0,0
0,0,0,0,0,0,0,0,0,0,0,0,0,0,0,0,0,0,0,0,0,0,0,0,0,0,0,0,0,0,0,0,0,0,0,0.070127296231023,0,0,0,0,0,0,0,0,0,0,0,0,0,0,0,0,0,0,0,0,0,0,0,0
0,179.804255913918,0,537.27905699731,0,1518.91482423304,528.929235110401,-74.003334283246,-429.357395503222,121.939561868481,-202.852740775664,0,0,-796.794554366553,1495.88649047215,0,-75.2654713095177,-1532.66090088152,-2461.9134220141,0,0,0,1815.66728549001,3811.44566570015,0,0,1961.86312051995,0,0,0,0,945.506214151722,0,-2703.27436116416,0,0,17938.7359616072,0,0,-330.170371003828,119.408587541803,0,0,0,0,2865.69322965385,-732.050509832204,920.712106334049,1003.80795165319,126.896178351477,753.545566089877,983.282133341141,0,0,-1073.72298343454,0,115.074538468157,0,114.438445362725,-695.400195811717
0,0,0,0,0,0,0,0,0,0,0,0,0,0,0,0,0,0,0,0,0,0,0,0,0,0,0,0,0,0,0,0,0,0,0,0,0,0.0451041516796538,0,0,0,0,0,0,0,0,0,0,0,0,0,0,0,0,0,0,0,0,0,0
0,0,0,0,0,0,0,0,0,0,0,0,0,0,0,0,0,0,0,0,0,0,0,0,0,0,0,0,0,0,0,0,0,0,0,0,0,0,0.0348216640655994,0,0,0,0,0,0,0,0,0,0,0,0,0,0,0,0,0,0,0,0,0
0,-377.30915290483,0,203.338694657927,0,343.435172774241,871.885349412023,-5.13962128447678,-102.044101643146,1040.10039789771,-719.851566462318,0,0,177.115428039533,250.052387787033,0,-51.5330482696661,8.26346396839478,-204.900738794878,0,0,0,391.86420238354,-237.135010203347,0,0,-2537.18874155322,0,0,0,0,286.508650708712,0,1467.35201323502,0,0,-330.170371003828,0,0,5468.83585463161,493.95194922399,0,0,0,0,582.168721453847,394.027121776609,121.81804449053,-587.406297233141,231.904783438931,233.824086053598,-313.495109271494,0,0,213.836175431013,0,-984.174617152243,0,469.068413069327,211.700094857109
0,36.4989728912717,0,22.0496271578363,0,399.296683530356,429.375106020717,799.863731334051,-779.132406558649,-938.040796220545,-246.085820553469,0,0,-63.6483731401055,288.136791081713,0,-850.314987429936,1293.49084008653,407.737642999334,0,0,0,-1084.96381969768,101.063122036266,0,0,-4050.33060934108,0,0,0,0,328.936272894414,0,-524.899689193765,0,0,119.408587541803,0,0,493.95194922399,6037.81503422309,0,0,0,0,-230.149509173198,185.858301104275,388.689322828861,-545.830730398929,236.582062657849,-128.934782052502,392.913561599715,0,0,-450.389790297438,0,-87.3040515683542,0,210.370054044408,-315.029281366077
0,0,0,0,0,0,0,0,0,0,0,0,0,0,0,0,0,0,0,0,0,0,0,0,0,0,0,0,0,0,0,0,0,0,0,0,0,0,0,0,0,0.030689739903806,0,0,0,0,0,0,0,0,0,0,0,0,0,0,0,0,0,0
0,0,0,0,0,0,0,0,0,0,0,0,0,0,0,0,0,0,0,0,0,0,0,0,0,0,0,0,0,0,0,0,0,0,0,0,0,0,0,0,0,0,0.0176432193904042,0,0,0,0,0,0,0,0,0,0,0,0,0,0,0,0,0
0,0,0,0,0,0,0,0,0,0,0,0,0,0,0,0,0,0,0,0,0,0,0,0,0,0,0,0,0,0,0,0,0,0,0,0,0,0,0,0,0,0,0,0.0292182902655953,0,0,0,0,0,0,0,0,0,0,0,0,0,0,0,0
0,0,0,0,0,0,0,0,0,0,0,0,0,0,0,0,0,0,0,0,0,0,0,0,0,0,0,0,0,0,0,0,0,0,0,0,0,0,0,0,0,0,0,0,0.052298679736644,0,0,0,0,0,0,0,0,0,0,0,0,0,0,0
0,34.286835230829,0,170.882811642814,0,-207.320261497313,-213.025201368864,-428.539158976188,24.2924179407518,-561.868454698339,969.527916001958,0,0,-288.285028269453,470.815886274114,0,970.319978041403,1150.83282588572,-1962.62388344323,0,0,0,-239.721178754848,-305.887860046466,0,0,-106.904792088276,0,0,0,0,1520.72221488524,0,-1077.51672422228,0,0,2865.69322965385,0,0,582.168721453847,-230.149509173198,0,0,0,0,7573.20076970171,584.55593867324,1168.64665178088,66.942659003899,1921.3036511049,85.8953126732079,234.053735299976,0,0,-1783.41292823784,0,1738.05129814914,0,743.550622417439,142.778054762933
0,-475.032247541631,0,47.0965595366322,0,-212.68383317348,-531.886456639839,-254.956417718606,-670.018421408168,184.866461477436,363.393721041203,0,0,164.488074892521,-731.843828950395,0,1302.04765838523,755.251841722672,-589.861442483076,0,0,0,-890.943326927616,-1060.83775292493,0,0,-1373.39212073391,0,0,0,0,987.055791729765,0,248.559608218092,0,0,-732.050509832204,0,0,394.027121776609,185.858301104275,0,0,0,0,584.55593867324,4294.44242395011,348.713791057289,-489.368741537403,-1380.44682404697,48.6183468592908,-481.313598361126,0,0,-1029.43461176999,0,499.348770243205,0,-55.7631387766412,-419.824533358653
0,-232.053971497298,0,-363.891497991561,0,291.650839243621,70.6139138090608,388.647106557869,495.736357414072,-1181.161605794,145.18130388141,0,0,380.606601712727,-1109.980494128,0,-2647.03117903152,-10.9252080969068,1382.95186713289,0,0,0,-963.408551725066,-1279.13772587771,0,0,-1386.8797023681,0,0,0,0,610.468174074664,0,187.09714120994,0,0,920.712106334049,0,0,121.81804449053,388.689322828861,0,0,0,0,1168.64665178088,348.713791057289,7049.90989648431,325.532059488143,-261.106312396516,-86.413173856098,35.1950488389545,0,0,556.657179924724,0,1118.95345006508,0,669.261366771481,542.525903021131
0,-176.567917002364,0,-217.37358592657,0,-1856.12969056537,65.2330588745103,-1370.02763515373,824.660175600305,401.458293979574,52.9705022416342,0,0,-828.651283792295,-1596.321587561,0,1247.15342009791,-1248.38811375382,-1124.37238736005,0,0,0,727.647324839176,1580.1399242045,0,0,1110.60322614746,0,0,0,0,-389.058604910783,0,1890.12945916382,0,0,1003.80795165319,0,0,-587.406297233141,-545.830730398929,0,0,0,0,66.942659003899,-489.368741537403,325.532059488143,7118.91169581032,-585.841531760802,370.152683880675,-561.951923813495,0,0,424.853738965836,0,141.91596390676,0,-221.100933746882,144.246273215711
0,691.302706514275,0,550.777459737659,0,427.486100127247,109.729077044983,-637.097338268548,-460.529089914684,230.945129939705,-264.271216023499,0,0,504.171411406113,-507.528085565366,0,-1975.15526754043,367.033556157251,438.493794385961,0,0,0,3454.61662379774,-911.180199477655,0,0,-653.458720744878,0,0,0,0,-1492.59293613961,0,-1930.20274023709,0,0,126.896178351477,0,0,231.904783438931,236.582062657849,0,0,0,0,1921.3036511049,-1380.44682404697,-261.106312396516,-585.841531760802,6941.96199780791,569.46463355993,99.6436782183027,0,0,1885.97134270314,0,261.371681137455,0,518.65964249107,630.454378879458
0,45.3004879076652,0,277.512087118682,0,162.968229506419,-471.556280871838,233.736553385953,-128.636625801761,-292.055900970072,-130.662551742553,0,0,660.385799289006,290.908516887,0,89.4984576930882,221.861828856062,-457.404509403534,0,0,0,-247.354440495538,-1243.13237898861,0,0,-423.717207674581,0,0,0,0,326.769022415919,0,-124.943100657539,0,0,753.545566089877,0,0,233.824086053598,-128.934782052502,0,0,0,0,85.8953126732079,48.6183468592908,-86.4131738560979,370.152683880675,569.46463355993,1906.86305023557,563.994770294645,0,0,936.939392197461,0,-169.429737464723,0,192.189358008605,387.327485381337
0,-139.212436153315,0,-8.53060535456701,0,-488.22289066783,-778.550331077545,392.466738176385,31.900933211866,-205.915847879534,-795.622137082776,0,0,303.018459403746,430.69708958275,0,449.616045599577,-2010.79135060046,493.29022229334,0,0,0,-737.859149620579,1133.99261589758,0,0,956.082453167878,0,0,0,0,488.617844960424,0,391.427239271862,0,0,983.282133341141,0,0,-313.495109271494,392.913561599715,0,0,0,0,234.053735299976,-481.313598361126,35.1950488389545,-561.951923813495,99.6436782183027,563.994770294645,6157.36411141718,0,0,-798.454292308495,0,171.844610408289,0,-482.551695567077,875.261687372713
0,0,0,0,0,0,0,0,0,0,0,0,0,0,0,0,0,0,0,0,0,0,0,0,0,0,0,0,0,0,0,0,0,0,0,0,0,0,0,0,0,0,0,0,0,0,0,0,0,0,0,0,0.0324616797728662,0,0,0,0,0,0,0
0,0,0,0,0,0,0,0,0,0,0,0,0,0,0,0,0,0,0,0,0,0,0,0,0,0,0,0,0,0,0,0,0,0,0,0,0,0,0,0,0,0,0,0,0,0,0,0,0,0,0,0,0,0.0466256798100437,0,0,0,0,0,0
0,-503.580822962837,0,425.966103760506,0,1256.03400387433,-81.5435938693966,1311.05645853896,-142.070362141991,648.060037854434,-168.570059546475,0,0,571.826287417627,-153.50426063966,0,-1328.23940065279,615.523439641962,-942.21412122981,0,0,0,-87.0875086741571,-1517.16239831919,0,0,-875.133752297559,0,0,0,0,-169.407175943454,0,-1290.14324631271,0,0,-1073.72298343454,0,0,213.836175431013,-450.389790297438,0,0,0,0,-1783.41292823784,-1029.43461176999,556.657179924724,424.853738965836,1885.97134270314,936.939392197461,-798.454292308495,0,0,9612.95868106706,0,-2556.19173427134,0,-1135.61829702567,738.5507820713
0,0,0,0,0,0,0,0,0,0,0,0,0,0,0,0,0,0,0,0,0,0,0,0,0,0,0,0,0,0,0,0,0,0,0,0,0,0,0,0,0,0,0,0,0,0,0,0,0,0,0,0,0,0,0,0.0139037648177578,0,0,0,0
0,198.175070118594,0,123.57075784369,0,-1663.27038364542,575.776002455062,564.612162794192,1883.70178644714,-1060.79526700417,9.13706069893541,0,0,-664.856295218977,340.047087520124,0,-1402.64548283793,1913.65259033394,1706.1295007678,0,0,0,1981.99248384092,581.611992505202,0,0,1029.56081874831,0,0,0,0,-99.5181618247074,0,892.758718740327,0,0,115.074538468157,0,0,-984.174617152243,-87.3040515683542,0,0,0,0,1738.05129814914,499.348770243205,1118.95345006508,141.91596390676,261.371681137455,-169.429737464723,171.844610408289,0,0,-2556.19173427134,0,7649.06342081568,0,229.425950600879,460.700024539948
0,0,0,0,0,0,0,0,0,0,0,0,0,0,0,0,0,0,0,0,0,0,0,0,0,0,0,0,0,0,0,0,0,0,0,0,0,0,0,0,0,0,0,0,0,0,0,0,0,0,0,0,0,0,0,0,0,0.0125780255258028,0,0
0,324.375266181231,0,20.7161206411724,0,-822.464205231071,408.493352609861,427.517579486561,252.824532878693,-344.451688976609,62.8489961097719,0,0,-570.160437791355,-87.688438783828,0,-801.697181244839,1238.42222253061,-114.296319681957,0,0,0,-119.814903168268,-356.89867965103,0,0,-109.112377565057,0,0,0,0,2349.69091915028,0,-496.848144573613,0,0,114.438445362725,0,0,469.068413069327,210.370054044408,0,0,0,0,743.550622417439,-55.7631387766412,669.261366771481,-221.100933746882,518.65964249107,192.189358008605,-482.551695567077,0,0,-1135.61829702567,0,229.425950600879,0,5483.4068884031,215.775412564577
0,167.78798888633,0,366.767323512254,0,-444.756572860966,543.292714838345,153.165788672869,915.528764615087,-133.211639050027,-424.010471558991,0,0,207.164049052016,-414.883350035339,0,527.250749354368,678.747936812047,-1239.94496175617,0,0,0,-216.53662403048,-62.8493249404939,0,0,68.4329581143819,0,0,0,0,596.907815730677,0,853.054602042896,0,0,-695.400195811717,0,0,211.700094857109,-315.029281366077,0,0,0,0,142.778054762933,-419.824533358653,542.525903021131,144.246273215711,630.454378879458,387.327485381337,875.261687372713,0,0,738.550782071301,0,460.700024539948,0,215.775412564577,2321.00542080409
