0.0253873583883268,0.0208778693655601,-0.00536894211466988,-0.0089074549402969,-0.00879882341689554,-0.00404255142640667,-0.00191729540203881,-0.00283941877756284,-0.00130278264266347,-0.00843760083189606,-0.00234808009558388,-0.00442036287107789,-0.000664243299259731,-0.0104946328547008,0.000715942328060502,-0.00387834131093018,-0.0110644084598284,-0.0342876964546852,-0.0122085981902746,0.000766414454567559,-0.0116220988768056,-0.0179800707929187
0.0208778693655601,0.0232565904057113,-0.00360128249109154,-0.00865742982849107,-0.0111953391496525,-0.00839407419178341,-0.00527721249357898,-0.00672975255565413,-0.00798367556058474,-0.0151483541776861,-0.0104885541587315,-0.00893552092501309,-0.00568159485784605,-0.0099786220311256,-0.00168748568762922,0.00230544939229312,-0.0168858841064736,-0.0334441074495149,-0.0164186872801417,-0.000894027260566547,-0.0134280567940212,-0.0228445044640896
-0.00536894211466988,-0.00360128249109154,0.0127429829591055,0.000866793693808458,-0.0014098651277021,-0.00230822710600933,-0.00332800289114788,-0.00226743720780281,-0.00193965770914918,-0.000691934745089639,-0.00193908011015571,0.000131722571486938,-0.0059761938440505,0.00781062313441696,-3.58728560969381e-05,0.0026403200732382,0.0147650753525007,0.0160819179129223,-0.0038313122338451,-0.0111599787619162,0.0118147700784792,0.0031478532744416
-0.0089074549402969,-0.00865742982849107,0.000866793693808459,0.0210700160284122,0.00962780621934845,0.00847037788259775,0.00663864957181631,0.00892997633722254,0.0140132065229957,0.0218326850164287,0.0164241572270792,0.0161180337123113,0.016923510323587,0.0284739773858608,0.00256610982185913,-0.0222027470029428,0.01224374993044,0.0186408807262605,0.0246248177915049,0.0205641244206429,0.0184554202620552,0.0224845863123354
-0.00879882341689554,-0.0111953391496525,-0.0014098651277021,0.00962780621934845,0.00849093771142656,0.00718513739455728,0.00579473350421566,0.00651374103199708,0.00770419196693547,0.0128630470400563,0.00909761703459938,0.00757509333323681,0.00836608878651433,0.00978585806147962,0.00174966073080643,-0.00988434284865713,0.00989814635532563,0.0130644983249035,0.0160715058649788,0.00834746462167762,0.00909845666442669,0.0150915871122498
-0.00404255142640667,-0.00839407419178341,-0.00230822710600933,0.00847037788259775,0.00718513739455728,0.00753952001543181,0.0059289132585469,0.00697846263752347,0.0101240824576381,0.0142655019096582,0.0121954925877288,0.00943736636483098,0.0101231346489637,0.00981429472579376,0.00246930585774359,-0.0112084961369268,0.00897120446834601,0.00962852467999511,0.0146413054345742,0.00928709475811669,0.00801467482539541,0.0143139664075594
-0.00191729540203881,-0.00527721249357898,-0.00332800289114788,0.00663864957181631,0.00579473350421565,0.0059289132585469,0.00512351182666094,0.00553080113905051,0.00709781367101984,0.0102020553583087,0.00824376304997419,0.0061568727045618,0.00783436274353532,0.00625158703140987,0.00179444900303727,-0.0097258852119359,0.00591808859179283,0.00340518881392315,0.0120383264548603,0.00824731717005178,0.00502582706883164,0.00969976394947115
-0.00283941877756284,-0.00672975255565413,-0.00226743720780281,0.00892997633722254,0.00651374103199708,0.00697846263752347,0.00553080113905051,0.00666454669112899,0.0101287871351077,0.0139590007218489,0.0121337950894588,0.00963642800105457,0.0106077549353278,0.0108243126783591,0.00240684489718822,-0.0121472739555581,0.00765437707582689,0.00821421901930549,0.0142530901866923,0.0104938689797753,0.00785268656783411,0.0134769195870411
-0.00130278264266347,-0.00798367556058474,-0.00193965770914918,0.0140132065229957,0.00770419196693547,0.0101240824576381,0.00709781367101984,0.0101287871351077,0.0195630408980367,0.0243799229242143,0.0241266911620267,0.0195679696413582,0.0196817705325931,0.0214181787261364,0.00441353116483363,-0.0197983086960315,0.00924225984345823,0.0157221820697519,0.0195954100979457,0.0185985645562979,0.0126829109235537,0.0220183250732435
-0.00843760083189606,-0.0151483541776861,-0.000691934745089639,0.0218326850164287,0.0128630470400563,0.0142655019096582,0.0102020553583087,0.0139590007218489,0.0243799229242143,0.0332382096918639,0.0298699115697693,0.0251652200519453,0.0245703937196332,0.0314693844029248,0.00533536316511357,-0.0261410729652666,0.0177251479574789,0.0274070613609167,0.0300184631714662,0.0234725680290316,0.0212967764446606,0.0327500469378402
-0.00234808009558388,-0.0104885541587315,-0.00193908011015571,0.0164241572270792,0.00909761703459938,0.0121954925877288,0.00824376304997419,0.0121337950894588,0.0241266911620267,0.0298699115697693,0.0300024271362606,0.0243287261371658,0.0238361967569689,0.0259593026784281,0.00536378920458406,-0.0225930526625166,0.0108220690172721,0.0213077423474004,0.0229347113119637,0.0218911506885756,0.0151782634599061,0.027283726591305
-0.00442036287107789,-0.00893552092501309,0.000131722571486938,0.0161180337123113,0.00757509333323682,0.00943736636483098,0.0061568727045618,0.00963642800105457,0.0195679696413582,0.0251652200519453,0.0243287261371658,0.0208386346296119,0.0198684251901749,0.0257290510899422,0.00403469315678604,-0.0192819122432144,0.00942055996146007,0.0212568963722876,0.0199721193324091,0.0192869734710294,0.0149964897021886,0.0238352149766077
-0.000664243299259731,-0.00568159485784605,-0.0059761938440505,0.016923510323587,0.00836608878651433,0.0101231346489637,0.00783436274353532,0.0106077549353278,0.0196817705325931,0.0245703937196332,0.0238361967569689,0.0198684251901749,0.0230483395270408,0.0225959158289028,0.00398431738184983,-0.023430840807518,0.0021450255208712,0.0104883556518891,0.0228946365900206,0.0262829247857119,0.00984226192727513,0.0212113126347733
-0.0104946328547008,-0.0099786220311256,0.00781062313441696,0.0284739773858608,0.00978585806147962,0.00981429472579376,0.00625158703140987,0.0108243126783591,0.0214181787261364,0.0314693844029248,0.0259593026784281,0.0257290510899422,0.0225959158289028,0.0457013538887158,0.00403912192712968,-0.0290893194837552,0.0209999751939977,0.0332253527735044,0.0286214727321811,0.02426260434817,0.0302261536568651,0.0319359248161988
0.000715942328060502,-0.00168748568762922,-3.58728560969381e-05,0.00256610982185913,0.00174966073080643,0.00246930585774359,0.00179444900303727,0.00240684489718822,0.00441353116483363,0.00533536316511357,0.00536378920458406,0.00403469315678604,0.00398431738184983,0.00403912192712968,0.00123104452412722,-0.00494958365168814,0.00380336943910816,0.00261691094977457,0.0041806881174152,0.00301781144287259,0.00332017975010741,0.00466044638713485
-0.00387834131093018,0.00230544939229312,0.0026403200732382,-0.0222027470029428,-0.00988434284865713,-0.0112084961369268,-0.0097258852119359,-0.0121472739555581,-0.0197983086960315,-0.0261410729652666,-0.0225930526625166,-0.0192819122432144,-0.023430840807518,-0.0290893194837552,-0.00494958365168814,0.0349253530744028,-0.0141348317204482,-0.0043533793296645,-0.0284583550511115,-0.0272194275735499,-0.0187504298581552,-0.0216675557607609
-0.0110644084598284,-0.0168858841064736,0.0147650753525007,0.01224374993044,0.00989814635532563,0.00897120446834601,0.00591808859179283,0.00765437707582689,0.00924225984345823,0.0177251479574789,0.0108220690172721,0.00942055996146007,0.0021450255208712,0.0209999751939977,0.00380336943910816,-0.0141348317204482,0.0430664501267612,0.029454009023489,0.0171367655636239,-0.00784286731660038,0.0305277996150737,0.0229709191039528
-0.0342876964546852,-0.0334441074495149,0.0160819179129223,0.0186408807262605,0.0130644983249035,0.00962852467999511,0.00340518881392315,0.00821421901930549,0.0157221820697519,0.0274070613609167,0.0213077423474004,0.0212568963722876,0.010488355651889,0.0332253527735044,0.00261691094977456,-0.00435337932966451,0.029454009023489,0.0680106348251749,0.0216645864171751,0.001835345935659,0.0307590396788305,0.0397356593004083
-0.0122085981902746,-0.0164186872801417,-0.0038313122338451,0.0246248177915049,0.0160715058649788,0.0146413054345742,0.0120383264548603,0.0142530901866923,0.0195954100979457,0.0300184631714662,0.0229347113119637,0.0199721193324091,0.0228946365900206,0.0286214727321811,0.0041806881174152,-0.0284583550511115,0.0171367655636239,0.0216645864171751,0.0354836656346092,0.0259692065001382,0.0204312555160132,0.0311927882623508
0.000766414454567559,-0.000894027260566547,-0.0111599787619162,0.0205641244206429,0.00834746462167762,0.00928709475811669,0.00824731717005178,0.0104938689797753,0.0185985645562979,0.0234725680290316,0.0218911506885756,0.0192869734710294,0.0262829247857119,0.02426260434817,0.00301781144287259,-0.0272194275735499,-0.00784286731660038,0.001835345935659,0.0259692065001382,0.0357811753388116,0.00571431606713608,0.0184405050536288
-0.0116220988768056,-0.0134280567940212,0.0118147700784792,0.0184554202620552,0.00909845666442669,0.00801467482539541,0.00502582706883164,0.00785268656783411,0.0126829109235537,0.0212967764446606,0.0151782634599061,0.0149964897021886,0.00984226192727513,0.0302261536568651,0.00332017975010741,-0.0187504298581552,0.0305277996150737,0.0307590396788305,0.0204312555160132,0.00571431606713608,0.0286775359753165,0.0250472198944293
-0.0179800707929187,-0.0228445044640896,0.0031478532744416,0.0224845863123354,0.0150915871122498,0.0143139664075594,0.00969976394947115,0.0134769195870411,0.0220183250732435,0.0327500469378402,0.027283726591305,0.0238352149766077,0.0212113126347733,0.0319359248161988,0.00466044638713485,-0.0216675557607609,0.0229709191039528,0.0397356593004083,0.0311927882623508,0.0184405050536288,0.0250472198944293,0.0367421920794276
