0.0316071551126564,0.0039627054352446,0.00126325280824786,-0.00526595082714912,-0.000746767520498214,-0.0039600648827985,-0.000177172118276063,0.0180711979607101
0.0039627054352446,0.0246135516570828,0.00453798503948445,-0.00132030837524702,0.00655021550863156,0.00205588655656308,0.000881585861653061,0.00455141388683974
0.00126325280824786,0.00453798503948445,0.0258504975901038,0.00642384137591721,0.00267547656918707,0.00885459094020462,0.00206942207265009,0.00749391550813345
-0.00526595082714912,-0.00132030837524702,0.00642384137591721,0.028421418836995,0.00903748455919017,0.00895260379155048,0.00513824061943551,-0.00100252144219962
-0.000746767520498214,0.00655021550863156,0.00267547656918707,0.00903748455919017,0.014957614417321,0.00312798701435805,0.00185664547839546,0.0013220619837412
-0.0039600648827985,0.00205588655656308,0.00885459094020462,0.00895260379155048,0.00312798701435805,0.0140709802649293,0.00215417815396533,0.000384642645171409
-0.000177172118276063,0.000881585861653061,0.00206942207265009,0.00513824061943551,0.00185664547839546,0.00215417815396533,0.0192727908999372,0.00116165660115227
0.0180711979607101,0.00455141388683974,0.00749391550813345,-0.00100252144219962,0.0013220619837412,0.000384642645171409,0.00116165660115227,0.0342139415297522
