0.000311125044187521,-0.00238632981887333,0.000545367102160526,0.0013772580468369,0.000968541880850713,0.00166937433630273,0.00300164570430085,0.0017674744909733,0.000527536759531572,-0.00107643212487498
-0.00238632981887333,0.1158184456746,0.0496490949607067,0.045090885398821,0.103418572530989,0.0220099441970025,0.0642691653194913,0.0191797334265431,0.0683215638424176,0.0586127416228062
0.000545367102160526,0.0496490949607067,0.112308729238854,0.105354426122299,0.0618079123423153,0.0381095897253441,0.105117616222915,0.0827302851770327,0.068047668888791,0.0482815180219166
0.0013772580468369,0.045090885398821,0.105354426122299,0.104333662542439,0.0675692399134596,0.044923066419431,0.114331269796014,0.0819804121848546,0.0656880096512929,0.040691478327961
0.000968541880850713,0.103418572530989,0.0618079123423153,0.0675692399134596,0.138321865501018,0.0552689138910218,0.124587308999947,0.0383903059993891,0.0798517295087879,0.0442143699728766
0.00166937433630273,0.0220099441970025,0.0381095897253441,0.044923066419431,0.0552689138910218,0.0453888682194761,0.0889075595765048,0.0252799205384193,0.0200624158141976,-0.00647112076114864
0.00300164570430085,0.0642691653194913,0.105117616222915,0.114331269796014,0.124587308999947,0.0889075595765048,0.187603013903809,0.0738425027089335,0.0667073529926672,0.0146183426773819
0.0017674744909733,0.0191797334265431,0.0827302851770327,0.0819804121848546,0.0383903059993891,0.0252799205384193,0.0738425027089335,0.075202558457851,0.0559723837928253,0.0392821759572674
0.000527536759531572,0.0683215638424176,0.068047668888791,0.0656880096512929,0.0798517295087879,0.0200624158141976,0.0667073529926672,0.0559723837928253,0.0779440593007851,0.062013741722648
-0.00107643212487498,0.0586127416228062,0.0482815180219166,0.040691478327961,0.0442143699728766,-0.00647112076114864,0.0146183426773819,0.0392821759572674,0.062013741722648,0.0650191499642065
