0.0625200053100581,0.00745721741437431,0.0143529105572408,-0.0200161745155547,-0.00325880109431345,-0.0320525979864224,0.0115062989493983,-0.00732284656018552,0.0191632893106901,-0.0151736033689791,0.00474261111219708,-0.0267902444486385,-0.0247554647996494,-0.0178606969980013,0.0189126749835565,-0.00129986471633455,0.0126473954132206
0.00745721741437431,0.107792627600175,0.00640425757639522,0.058665293385358,0.0125838851132682,0.0542153961242626,0.0240119342756092,0.0465665810170502,0.00886048036532429,0.053127608043791,0.0358507628253803,0.0401830464158873,0.010687478554562,0.051227767687219,0.014653919741102,0.0387722536574034,0.0141348302336459
0.0143529105572408,0.00640425757639522,0.0562075144052869,-0.0104388605336193,0.0424480687512863,0.00621297310753083,0.0125703950669924,-0.00835747520297192,0.0398985104567614,-0.0017394452790662,0.0133167128993285,-0.0108120448235877,0.0292091307910071,-0.0154041137277906,0.0116456988767748,0.000905663319837876,0.0162065812567048
-0.0200161745155547,0.058665293385358,-0.0104388605336193,0.111801600803947,0.0069870400950446,0.0573941325180071,0.000308041906774673,0.0645994919251559,0.0158969134785875,0.048355430332175,0.0266922748803999,0.0500690726588039,0.014702738679787,0.0522795343094996,0.00794464206289169,0.0425024596815945,-0.00236015614400888
-0.00325880109431345,0.0125838851132682,0.0424480687512863,0.0069870400950446,0.0676239797218968,0.0301430224552794,0.015877630472592,-0.00463179604999604,0.0272650883590569,0.00250042654315564,0.0238019700476587,0.0230243668285691,0.0404574806067437,-0.00214589414549779,0.00911738846459191,0.00683212797225973,0.0168781488645119
-0.0320525979864224,0.0542153961242626,0.00621297310753083,0.0573941325180071,0.0301430224552794,0.110940111244916,0.00628279191007874,0.060730030277751,0.0293402847213685,0.0559324162247519,0.028472209522423,0.0660274961965182,0.0355535324692373,0.0374731524209986,-0.00191295326724293,0.0349103102096122,0.00169167686132958
0.0115062989493983,0.0240119342756092,0.0125703950669924,0.000308041906774673,0.015877630472592,0.00628279191007874,0.0771025302844386,-0.00561878339145769,0.0161681313741222,0.00869284158808112,0.040406799907273,-0.0116076524391985,0.0136626043589876,0.0145956151028046,0.00738523070387306,-0.00431881855490384,0.00538712578625151
-0.00732284656018552,0.0465665810170502,-0.00835747520297192,0.0645994919251559,-0.00463179604999604,0.060730030277751,-0.00561878339145769,0.091800014321467,0.0215348279229926,0.0459529786087111,-0.00114789701672774,0.0488180086771402,0.0184006473908027,0.0500369506628633,-0.00491103004637198,0.0323058492904486,-0.00280341717587309
0.0191632893106901,0.00886048036532429,0.0398985104567614,0.0158969134785875,0.0272650883590569,0.0293402847213685,0.0161681313741222,0.0215348279229926,0.0646063772050642,0.016417621913066,0.013783548574076,-0.00242506741334477,0.0362103633469009,-0.0195630963024337,0.0258230983951762,0.000628375632242773,0.0124020297873898
-0.0151736033689791,0.053127608043791,-0.0017394452790662,0.048355430332175,0.00250042654315564,0.0559324162247519,0.00869284158808112,0.0459529786087111,0.016417621913066,0.0782601179062903,0.00696732844161521,0.0428912224171637,0.0310241848225909,0.0445201184414699,0.0233975336638853,0.0398420884117958,0.0194783617490877
0.00474261111219708,0.0358507628253803,0.0133167128993285,0.0266922748803999,0.0238019700476587,0.028472209522423,0.040406799907273,-0.00114789701672774,0.013783548574076,0.00696732844161521,0.0882757376671246,0.0254363827911985,0.0199279853219681,0.0289514462628141,0.0314790885263836,0.0132505236938228,0.0308281102505047
-0.0267902444486385,0.0401830464158873,-0.0108120448235877,0.0500690726588039,0.0230243668285691,0.0660274961965182,-0.0116076524391985,0.0488180086771402,-0.00242506741334477,0.0428912224171637,0.0254363827911985,0.0967296317016876,0.0318906930356791,0.0406221440909742,0.0123927203076745,0.0488109000583613,0.00253016353245684
-0.0247554647996494,0.010687478554562,0.0292091307910071,0.014702738679787,0.0404574806067437,0.0355535324692373,0.0136626043589876,0.0184006473908027,0.0362103633469009,0.0310241848225909,0.0199279853219681,0.0318906930356791,0.0752382700140456,0.00654619013213044,0.0245008890497911,-0.000330200560113151,0.0182460517629763
-0.0178606969980013,0.051227767687219,-0.0154041137277906,0.0522795343094996,-0.00214589414549779,0.0374731524209986,0.0145956151028046,0.0500369506628633,-0.0195630963024337,0.0445201184414699,0.0289514462628141,0.0406221440909742,0.00654619013213044,0.0820032471246536,-0.0112564381462573,0.0347889352688391,0.00973395639733327
0.0189126749835565,0.014653919741102,0.0116456988767748,0.00794464206289169,0.00911738846459192,-0.00191295326724293,0.00738523070387306,-0.00491103004637198,0.0258230983951762,0.0233975336638853,0.0314790885263836,0.0123927203076745,0.0245008890497911,-0.0112564381462573,0.0674633186673442,0.0123979132330312,0.0490534983124082
-0.00129986471633455,0.0387722536574034,0.000905663319837876,0.0425024596815945,0.00683212797225973,0.0349103102096122,-0.00431881855490384,0.0323058492904486,0.000628375632242773,0.0398420884117958,0.0132505236938228,0.0488109000583613,-0.000330200560113151,0.0347889352688391,0.0123979132330312,0.0492248683878954,0.00938147671088548
0.0126473954132206,0.0141348302336459,0.0162065812567048,-0.00236015614400888,0.0168781488645119,0.00169167686132958,0.0053871257862515,-0.00280341717587309,0.0124020297873898,0.0194783617490877,0.0308281102505047,0.00253016353245684,0.0182460517629763,0.00973395639733327,0.0490534983124082,0.00938147671088548,0.0588073888285597
