0.00406114828677325,-0.00183428448301472,-0.00138605390772629,-0.00109422871035174,-0.00236679103765901,-0.00096488577802245,-0.00343545714883367,-0.00150373204771579,-0.00178038534004711,-0.000476905437368318
-0.00183428448301472,0.106663420557579,0.0743454131419451,0.0718996761398478,0.0574025553128067,0.0417156180194241,0.0783368801516468,0.0507117612652386,0.0577342022741021,0.0251361664709076
-0.00138605390772629,0.0743454131419451,0.123497108547479,0.114356816211926,0.0874722019052995,0.0687500666186567,0.0981326511524131,0.0763220278177713,0.0853282683526854,0.0321202689951836
-0.00109422871035174,0.0718996761398478,0.114356816211926,0.12218344578718,0.0883034091585663,0.0696296478339372,0.101541991084536,0.0747344419379524,0.0867976329821744,0.0302465659630164
-0.00236679103765901,0.0574025553128067,0.0874722019052995,0.0883034091585663,0.131578228152614,0.056749319470444,0.103415368400357,0.070731526865215,0.084957138730362,0.0246858171095847
-0.00096488577802245,0.0417156180194241,0.0687500666186567,0.0696296478339372,0.056749319470444,0.0625395736038179,0.0631954999948458,0.049125569462142,0.0568573098840063,0.0225960293111871
-0.00343545714883367,0.0783368801516468,0.0981326511524131,0.101541991084536,0.103415368400357,0.0631954999948458,0.180716511884083,0.082316191165313,0.0909468794902401,0.0271136827587897
-0.00150373204771579,0.0507117612652386,0.0763220278177714,0.0747344419379524,0.070731526865215,0.049125569462142,0.082316191165313,0.078428692003751,0.0688115142233355,0.0227103447223501
-0.00178038534004711,0.0577342022741021,0.0853282683526854,0.0867976329821744,0.084957138730362,0.0568573098840063,0.0909468794902401,0.0688115142233355,0.116657129494813,0.0295561955363702
-0.000476905437368318,0.0251361664709076,0.0321202689951836,0.0302465659630164,0.0246858171095846,0.0225960293111871,0.0271136827587897,0.0227103447223501,0.0295561955363702,0.0381734890309392
