0.000600947563767848,-0.00528075571064265,0.000740767504341149,0.00121045048859223,-0.0043729596290742,-0.00284069953190448,-0.00409154976101786,-0.00185903970670936,-0.000891135380490971,0.00339437523066742
-0.00528075571064265,0.109262949391477,0.0134301175068936,-0.029751964477136,0.0590994492836834,0.0583204806413426,0.0140147763148003,0.0464688262593822,-0.0137291015261542,-0.038226809040842
0.000740767504341149,0.0134301175068936,0.155251459015504,0.109760967516717,0.0867591678618746,0.0944786537358907,0.110755729457579,0.0488241769054839,0.102897805312857,0.070160100997815
0.00121045048859223,-0.029751964477136,0.109760967516717,0.10831684767524,0.0683948470254673,0.0600962476513848,0.0880189215740865,0.0369105105909374,0.110942194744023,0.0698182358377391
-0.0043729596290742,0.0590994492836834,0.0867591678618746,0.0683948470254673,0.121459417214212,0.0947563932105676,0.079849528320491,0.0752665845511128,0.0955430043991413,0.023480064864635
-0.00284069953190448,0.0583204806413426,0.0944786537358907,0.0600962476513848,0.0947563932105676,0.0889160321940266,0.0761712354982878,0.0623231742872685,0.0730457608873819,0.0253734235483655
-0.00409154976101786,0.0140147763148003,0.110755729457579,0.0880189215740865,0.079849528320491,0.0761712354982878,0.149977355142388,0.0233220797207082,0.0949695553709591,0.0330946934612953
-0.00185903970670936,0.0464688262593822,0.0488241769054839,0.0369105105909374,0.0752665845511128,0.0623231742872685,0.0233220797207082,0.0634754865351188,0.0550995963876446,0.0161445963495778
-0.000891135380490971,-0.0137291015261542,0.102897805312857,0.110942194744023,0.0955430043991413,0.0730457608873819,0.0949695553709591,0.0550995963876446,0.128239499543156,0.0623112782960094
0.00339437523066742,-0.038226809040842,0.0701601009978151,0.0698182358377391,0.023480064864635,0.0253734235483655,0.0330946934612952,0.0161445963495778,0.0623112782960094,0.0568551628224443
