0.0667210633449903,0.00723268838220898,0.0227668779576613,-0.000364309227939887,-0.00877376038498276,0.00126146887660894,-0.00116016035631458,0.00111767630070358,-0.00149951651780162,0.00272627387711364,-0.0033751918297691,0.000404148322944994,0.00289615636606072,-0.00397029426207373,0.00111844787596577,0.00604452914869314,-0.0282679500490947,-0.0321932124703763,-0.013068443719439,0.0152437586654522,0.00605512502013006,-0.00516286057894138
0.00723268838220898,0.035855792463515,0.0224797317954695,-0.00894706785833879,-0.0085812217564722,-0.00586906470290117,-0.00716571227833825,-0.00597036667374641,-0.0105901722867296,-0.00947157059659019,-0.0115243329586283,-0.00908166056136706,-0.00733056363245631,-0.0119512463631841,-0.000439739139779738,0.00392002307813729,0.0121014376835613,-0.0179539217285838,-0.0184985269604843,-0.00368550711880491,0.00112210165266149,-0.018663446665546
0.0227668779576613,0.0224797317954695,0.0737336511156977,-0.001302790606315,-0.00366773892447119,0.00215288300411997,-2.59118424362339e-05,0.00237929165409693,0.000511738642916916,0.00447928693957445,0.00219565399903695,0.000633392382484543,0.000518894711298715,0.000866307355626525,0.00136145322582775,0.00533036944634759,-0.0207117354377131,-0.0227970436270112,-0.0228207789898942,-0.0188948047768848,-0.00440786384117755,-0.0138595668041087
-0.000364309227939887,-0.00894706785833879,-0.001302790606315,0.0199852398369721,0.0199754053393682,0.0209891060888736,0.0194590304701077,0.0208930559562663,0.019261004754248,0.0182570998073568,0.023118866302418,0.0163938857720065,0.0167695643474158,0.0206768173631395,0.0154722603634807,-0.0222081698538068,-0.00358531314428808,0.00167723023749952,0.0228395128150006,0.00400500983859372,0.00795700850969321,0.0233355661271119
-0.00877376038498276,-0.0085812217564722,-0.00366773892447119,0.0199754053393682,0.0216168410447202,0.0209493415424057,0.0193859026797131,0.0208044348025948,0.0188378432394859,0.0173435749102454,0.0231113999416038,0.0155383232207471,0.0156792416515036,0.0207073260742642,0.0153756598840066,-0.0231857565289889,0.00198329026993323,0.0020593751937391,0.0241328485796972,0.00210463418566731,0.0087520912409898,0.0229093194400724
0.00126146887660894,-0.00586906470290117,0.00215288300411997,0.0209891060888736,0.0209493415424057,0.0229322616879249,0.0205997830722462,0.0228198185357702,0.0208157575800278,0.0197959771933967,0.0251907304376157,0.0175988071956011,0.0186561955213863,0.0223030859917175,0.0167819495787193,-0.0238852688666445,-0.00456332032274095,0.000387788535733128,0.0214937720366143,0.00247104769417966,0.00859658847470025,0.0222870658882088
-0.00116016035631458,-0.00716571227833825,-2.59118424362339e-05,0.0194590304701077,0.0193859026797131,0.0205997830722462,0.0193304617215196,0.0205530844270189,0.0191720212888857,0.0182112097068871,0.0228755820728373,0.0165136801647313,0.0170838394512372,0.0203971579778317,0.0155603704389817,-0.0222223815087796,-0.00320644649130027,0.0030989349091395,0.0224033955704301,0.00454029373379574,0.00700224857890507,0.0231143076950388
0.00111767630070358,-0.00597036667374641,0.00237929165409693,0.0208930559562663,0.0208044348025948,0.0228198185357702,0.0205530844270189,0.0227327065502011,0.0210507773733787,0.0200023367361033,0.0254323683113376,0.0178542143666383,0.0188343169836545,0.0225667383826066,0.0166805613771931,-0.0239640516853013,-0.00457221537614014,0.000740432437976726,0.0212123604661673,0.00221495603489168,0.00808222755559032,0.0221759966216406
-0.00149951651780162,-0.0105901722867296,0.000511738642916916,0.019261004754248,0.0188378432394859,0.0208157575800278,0.0191720212888857,0.0210507773733787,0.0320842159302507,0.0292615585848517,0.0375216081817033,0.0277280966873208,0.0263038688087515,0.0353193803042942,0.015469259714117,-0.0267842537305881,-0.00200230064849381,0.00727483458576179,0.0230651620412172,0.00750013953109579,0.00836982277522549,0.0259263997562841
0.00272627387711364,-0.00947157059659019,0.00447928693957445,0.0182570998073568,0.0173435749102454,0.0197959771933967,0.0182112097068871,0.0200023367361033,0.0292615585848517,0.0272540898315211,0.0342116600111808,0.0253591346167245,0.0244042525950587,0.0320285027885503,0.0146735249450692,-0.0238706344050096,-0.00536482862144268,0.00485500537626483,0.0205941449016632,0.00777706072083759,0.00738021108086528,0.0239689984574892
-0.0033751918297691,-0.0115243329586283,0.00219565399903695,0.023118866302418,0.0231113999416038,0.0251907304376157,0.0228755820728373,0.0254323683113376,0.0375216081817033,0.0342116600111808,0.0447459372764389,0.0320615427156921,0.0303564615238531,0.042017039357715,0.0184552045302645,-0.0325234701112179,-0.00216451656091296,0.00714357483448092,0.0254559830570906,0.00625295987301484,0.00803517365950952,0.0281713938858721
0.000404148322944994,-0.00908166056136706,0.000633392382484543,0.0163938857720065,0.0155383232207471,0.0175988071956011,0.0165136801647313,0.0178542143666383,0.0277280966873208,0.0253591346167245,0.0320615427156921,0.0243912971063483,0.0230020075743719,0.0302355816745242,0.0132796671912287,-0.0235307027961995,-0.00137694252965837,0.00692209942737334,0.0202894594243412,0.00706704478186976,0.00687634304622592,0.0232331258551869
0.00289615636606072,-0.00733056363245631,0.000518894711298715,0.0167695643474158,0.0156792416515036,0.0186561955213863,0.0170838394512372,0.0188343169836545,0.0263038688087515,0.0244042525950587,0.0303564615238531,0.0230020075743719,0.023354429834347,0.0281063474751123,0.014061147378799,-0.0221902439827885,-0.00599935250053686,0.00657374912462909,0.0194399714768979,0.00886973327075081,0.00721829100672979,0.0222715191020204
-0.00397029426207373,-0.0119512463631841,0.000866307355626525,0.0206768173631395,0.0207073260742642,0.0223030859917175,0.0203971579778317,0.0225667383826066,0.0353193803042942,0.0320285027885503,0.042017039357715,0.0302355816745242,0.0281063474751123,0.0397308597846287,0.0162871498653474,-0.0298800953474838,-0.000934641956489977,0.0074355399828183,0.023581571157691,0.00610401586163402,0.00712420279660869,0.026144053226989
0.00111844787596577,-0.000439739139779738,0.00136145322582775,0.0154722603634807,0.0153756598840066,0.0167819495787193,0.0155603704389817,0.0166805613771931,0.015469259714117,0.0146735249450692,0.0184552045302645,0.0132796671912287,0.014061147378799,0.0162871498653474,0.0139987893651528,-0.0186762398457664,-0.0013276793354771,-0.00159569147096564,0.0183996052657668,0.00748840244259834,0.00854423683165552,0.0186539564964504
0.00604452914869314,0.00392002307813729,0.00533036944634759,-0.0222081698538068,-0.0231857565289889,-0.0238852688666445,-0.0222223815087796,-0.0239640516853013,-0.0267842537305881,-0.0238706344050096,-0.0325234701112179,-0.0235307027961995,-0.0221902439827885,-0.0298800953474838,-0.0186762398457664,0.035712968220478,-0.0118665126002043,2.40672209105044e-05,-0.0258932261044853,-0.00220167632815759,-0.00784852389329928,-0.0249170598766939
-0.0282679500490947,0.0121014376835613,-0.0207117354377131,-0.00358531314428808,0.00198329026993323,-0.00456332032274095,-0.00320644649130027,-0.00457221537614014,-0.00200230064849381,-0.00536482862144268,-0.00216451656091296,-0.00137694252965837,-0.00599935250053686,-0.000934641956489977,-0.0013276793354771,-0.0118665126002043,0.0543804448834924,0.00132493302029965,0.00790415173112819,-0.00652144711191084,0.00694720558141331,0.000851274053827833
-0.0321932124703763,-0.0179539217285838,-0.0227970436270112,0.00167723023749952,0.0020593751937391,0.000387788535733128,0.0030989349091395,0.000740432437976726,0.00727483458576179,0.00485500537626484,0.00714357483448092,0.00692209942737334,0.00657374912462909,0.00743553998281831,-0.00159569147096564,2.40672209105044e-05,0.00132493302029965,0.0553696182599916,0.0144789587375475,-0.00350173077062421,-0.00970647266146472,0.0142834318835479
-0.013068443719439,-0.0184985269604843,-0.0228207789898942,0.0228395128150006,0.0241328485796972,0.0214937720366143,0.0224033955704301,0.0212123604661673,0.0230651620412172,0.0205941449016632,0.0254559830570906,0.0202894594243412,0.0194399714768979,0.023581571157691,0.0183996052657668,-0.0258932261044853,0.00790415173112819,0.0144789587375475,0.0483206288092917,0.0235555226972043,0.0226240079371074,0.0450218593202424
0.0152437586654522,-0.00368550711880491,-0.0188948047768848,0.00400500983859371,0.00210463418566731,0.00247104769417966,0.00454029373379574,0.00221495603489168,0.00750013953109579,0.00777706072083759,0.00625295987301484,0.00706704478186976,0.00886973327075081,0.00610401586163402,0.00748840244259834,-0.00220167632815759,-0.00652144711191084,-0.00350173077062421,0.0235555226972043,0.0465572721524345,0.0163979076504115,0.0221273686984659
0.00605512502013006,0.00112210165266149,-0.00440786384117755,0.00795700850969321,0.0087520912409898,0.00859658847470025,0.00700224857890507,0.00808222755559032,0.00836982277522549,0.00738021108086528,0.00803517365950952,0.00687634304622592,0.00721829100672979,0.00712420279660869,0.00854423683165552,-0.00784852389329928,0.00694720558141331,-0.00970647266146472,0.0226240079371074,0.0163979076504115,0.0292903098558306,0.0204911302352502
-0.00516286057894138,-0.018663446665546,-0.0138595668041087,0.0233355661271119,0.0229093194400724,0.0222870658882088,0.0231143076950388,0.0221759966216406,0.0259263997562841,0.0239689984574892,0.0281713938858721,0.0232331258551869,0.0222715191020204,0.026144053226989,0.0186539564964504,-0.0249170598766939,0.000851274053827833,0.0142834318835479,0.0450218593202424,0.0221273686984659,0.0204911302352502,0.0451598736044893
