0.0394599733936431,-0.00545083242065674,-0.000741703580215711,0.00954704485139034,0.000140619236050406,0.0141128231951323,0.00551966338235425,-0.0152545508867344,0.00318112303721998,0.0217559036120257,0.00777775391922078,0.0405235869139023,0.0255851981081021
-0.00545083242065674,0.234724957592219,0.0287713545124694,-0.0183539599752035,-0.0146022304908558,-0.0349049965455414,-0.016891175155836,0.00621347423243023,-0.0226280602194041,-0.00847775321107909,-0.00288729619415032,0.0470323767846349,0.127707150252377
-0.000741703580215711,0.0287713545124694,0.101051982412664,-0.0156807515439762,0.00298508957939797,-0.0628619844809787,0.00773476273613906,-0.0231491901668433,0.0326292802678677,0.0243706965297745,0.00244043485927183,0.00963199904491532,0.0463044032874113
0.00954704485139034,-0.0183539599752035,-0.0156807515439762,0.0383373266648229,0.00960633526242545,-0.00660010280402993,0.00296545042031843,4.85045122217772e-07,0.00276734131231459,0.00356672637212265,-0.00862910787010044,0.0177605777691102,-0.035884802736941
0.000140619236050406,-0.0146022304908558,0.00298508957939797,0.00960633526242545,0.00978062904090486,0.00256078151646068,0.000257973509879985,-0.0036421242482965,0.0104719946903676,0.00155414998601652,0.00490044576718198,0.00323664045392444,-0.00811354650986682
0.0141128231951323,-0.0349049965455414,-0.0628619844809787,-0.00660010280402993,0.00256078151646068,0.124118323353496,0.0686986847213443,-0.00723702715717105,-0.00531326172329581,-0.0198105318445989,-0.0109310874822083,-0.00818174196091185,-0.00354852242170459
0.00551966338235425,-0.016891175155836,0.00773476273613906,0.00296545042031843,0.000257973509879985,0.0686986847213443,0.26870800333045,-0.0163879886222276,0.0400763029827207,0.0070299790509467,0.00783927616022632,0.0796484748115874,0.0262611096314538
-0.0152545508867344,0.00621347423243023,-0.0231491901668433,4.85045122217772e-07,-0.0036421242482965,-0.00723702715717105,-0.0163879886222276,0.0309942210284663,-0.020393649287888,-0.0112083774018316,-0.0184977969963001,0.000436198781556192,-0.0159947457602495
0.00318112303721998,-0.0226280602194041,0.0326292802678677,0.00276734131231459,0.0104719946903676,-0.00531326172329581,0.0400763029827207,-0.020393649287888,0.237071808060855,0.0224877193152757,0.0168596205626703,-0.0284624292338463,0.136316896250001
0.0217559036120257,-0.0084777532110791,0.0243706965297745,0.00356672637212265,0.00155414998601652,-0.0198105318445989,0.0070299790509467,-0.0112083774018316,0.0224877193152757,0.0365660505058536,0.00558341311479411,0.0275528580603781,0.0223028148276544
0.00777775391922078,-0.00288729619415032,0.00244043485927183,-0.00862910787010044,0.00490044576718198,-0.0109310874822083,0.00783927616022632,-0.0184977969963001,0.0168596205626703,0.00558341311479411,0.0777911637656484,0.0275440842808559,0.0320359656092765
0.0405235869139023,0.0470323767846349,0.00963199904491532,0.0177605777691102,0.00323664045392444,-0.00818174196091185,0.0796484748115874,0.000436198781556192,-0.0284624292338463,0.027552858060378,0.0275440842808559,0.142108546851384,0.0652285706150779
0.0255851981081021,0.127707150252377,0.0463044032874113,-0.035884802736941,-0.00811354650986683,-0.00354852242170459,0.0262611096314538,-0.0159947457602495,0.136316896250001,0.0223028148276544,0.0320359656092765,0.0652285706150779,0.255350527667437
