0.217547562536585,0.002584110343896,-0.016783170925771,-0.00197193451729859,0.0124220742061748,-0.00846606779370694,0.000240319659434439,0.050206660819243,0.0384793477254173,0.00639029459388938,0.000866719215787712,0.00865951376303708,0.00309860691826335,0.0056151474182308
0.002584110343896,0.0378890162434715,0.00505385256501503,0.00692553352506867,-0.0185367391232069,-0.00153851831741677,0.00647910458297413,-0.00272068865498516,0.00151822815549218,-0.00157454930551265,-0.0169966117798808,0.00303104998724105,-6.33755775427895e-05,7.46301398179849e-05
-0.016783170925771,0.00505385256501503,0.0345085693537759,0.00666915999985787,0.0097536972100644,0.00063995809645473,0.00311814158866259,0.0517257731110062,0.0358585075779973,0.00225509371232454,-0.0144970920813304,0.00579332978226638,-0.00416636394551643,-0.00335804667591511
-0.00197193451729859,0.00692553352506867,0.00666915999985787,0.051598181146199,0.0130042191573642,0.00355868668300078,-0.000111015517365559,0.0106278548796975,0.0248237957469863,0.00288315395611705,0.0206564304105751,-0.0125129859931414,0.000861740694098161,-0.00502090522456898
0.0124220742061748,-0.0185367391232069,0.0097536972100644,0.0130042191573642,0.094604443174193,0.0319978393387368,0.00224007058822657,0.0774265539128085,0.0159111518064474,0.00163711977251018,-0.0353084234559933,-0.000423350059991701,-0.000644255741566903,0.000934870599306552
-0.00846606779370694,-0.00153851831741677,0.00063995809645473,0.00355868668300078,0.0319978393387368,0.0583557203275649,0.00596473477997505,0.0473916056270832,0.0186744460543586,-0.00294998771908091,0.0301456691642607,-0.0141959381763154,-0.00133120032690187,0.00378935886217446
0.000240319659434439,0.00647910458297413,0.00311814158866259,-0.000111015517365559,0.00224007058822657,0.00596473477997505,0.00705407514754298,0.0229030685781974,0.0244400069823463,0.00193195845260444,0.00775086433683821,0.000851068324929694,0.00262382606670722,0.00145896270862449
0.050206660819243,-0.00272068865498516,0.0517257731110062,0.0106278548796975,0.0774265539128085,0.0473916056270832,0.0229030685781974,0.292669735234489,0.0940473794940069,0.0163827084947171,0.0498095407071345,-0.00371845161249991,0.00324673415137408,0.007248669218513
0.0384793477254173,0.00151822815549218,0.0358585075779973,0.0248237957469863,0.0159111518064474,0.0186744460543586,0.0244400069823463,0.0940473794940069,0.279939849368556,0.0170972510712565,0.0359545076815279,0.0359199686336247,-0.0125082618530628,0.00509549552616792
0.00639029459388938,-0.00157454930551265,0.00225509371232454,0.00288315395611705,0.00163711977251018,-0.00294998771908091,0.00193195845260444,0.0163827084947171,0.0170972510712565,0.00413315789633893,-0.00397760217297449,0.00115960751757391,-7.46678210151917e-05,0.000817939173243666
0.000866719215787712,-0.0169966117798808,-0.0144970920813304,0.0206564304105751,-0.0353084234559933,0.0301456691642607,0.00775086433683821,0.0498095407071345,0.0359545076815279,-0.00397760217297449,0.252646121396494,-0.0125334584409394,0.0149006008099062,-0.00091312977287035
0.00865951376303708,0.00303104998724105,0.00579332978226638,-0.0125129859931414,-0.000423350059991701,-0.0141959381763154,0.000851068324929694,-0.00371845161249991,0.0359199686336247,0.00115960751757391,-0.0125334584409394,0.0301041202295324,-0.00583217257247019,0.000209559621728191
0.00309860691826335,-6.33755775427895e-05,-0.00416636394551643,0.000861740694098161,-0.000644255741566903,-0.00133120032690187,0.00262382606670722,0.00324673415137408,-0.0125082618530628,-7.46678210151917e-05,0.0149006008099062,-0.00583217257247019,0.00715990814999856,-0.000890831777706621
0.0056151474182308,7.46301398179849e-05,-0.00335804667591511,-0.00502090522456898,0.000934870599306552,0.00378935886217446,0.00145896270862449,0.007248669218513,0.00509549552616792,0.000817939173243666,-0.00091312977287035,0.000209559621728191,-0.000890831777706621,0.00303267362017614
