0.0279372877716591,0,0,0,0,0,0,0,0,0,0,0,0,0,0,0,0,0,0,0,0,0,0,0,0,0,0,0,0,0,0,0,0,0,0,0,0,0,0,0,0,0,0,0,0,0,0,0,0,0,0,0,0,0,0,0,0,0,0,0
0,2464.06205134982,-486.259864090387,-304.588040332451,0,0,441.54311375685,285.15872393549,38.1385618064243,-222.253799720311,0,0,-212.825573007208,-254.214494074817,-323.662849821548,0,-590.37187894086,-522.13755729934,0,0,-686.443372012008,181.110984512263,-365.909452766738,0,-33.0960482825594,-598.613408858897,718.875006436735,0,0,0,0,1492.25805637963,108.400342999743,-514.920076424234,-507.215510778706,426.907189967629,0,390.711113151859,-564.273268260866,-57.8423980358991,-837.603764046471,-88.7823151075517,258.919123588798,11.1593367650683,72.9511992472227,154.84267749832,-51.4781005525681,11.4565533914456,11.7599174931052,597.350958054033,153.26322458416,361.475418763769,70.5742924065162,-239.982955450984,99.7964147691223,-373.753740525929,133.361614068486,105.937199532484,0,-89.8603335273098
0,-486.259864090387,7318.84336516978,667.302436096194,0,0,196.014083508441,-624.044719637237,165.192815341803,-137.703964609712,0,0,-571.948138748672,-675.539976365748,601.9347730741,0,24.090812525427,1645.75066356922,0,0,1571.39064402783,1121.35105935182,617.581164760892,0,648.168303338039,-1547.30541859546,-1169.77086196422,0,0,0,0,550.955210602343,-348.279984991718,-1789.20352431651,1610.0589276325,385.188026142905,0,813.804259288921,-1208.86436472631,-1023.04681323079,492.968448470795,-506.009841809413,-826.255103765737,513.949862131815,124.876907847259,144.631928147848,155.184181440916,-1343.74133428562,-682.075253580447,2017.9661168416,63.1999280030852,-169.970564186884,-541.130642645654,283.526381548252,-322.729152958154,182.056902598004,-1086.16930527484,567.474770572871,0,-2.04104349062433
0,-304.588040332451,667.302436096194,3147.62109449106,0,0,-317.675062190517,-594.926318743649,270.061115242323,-269.857194592243,0,0,-406.886329500817,429.279658600391,534.373717566487,0,-507.685342823351,-778.771034971396,0,0,1379.62278398644,-771.622452276896,421.830963812996,0,1604.70505074718,1207.22608217802,-737.222918173696,0,0,0,0,376.171396217288,-416.606084123168,85.638692853214,-294.627262448823,212.65847324336,0,113.717447693981,-183.506021145527,-270.498937839194,-14.5987193913754,-402.105505339113,-56.3008962417806,83.9437925112744,-808.19876024164,574.519968252925,-296.951516807234,-703.996074435486,887.632402413401,695.549140773967,333.298164138515,-86.6630685370518,407.863744754138,-81.9847061233162,-435.996711610744,-668.047158595601,751.660077146876,-217.163779291228,0,-152.706179418422
0,0,0,0,0.0263340356331133,0,0,0,0,0,0,0,0,0,0,0,0,0,0,0,0,0,0,0,0,0,0,0,0,0,0,0,0,0,0,0,0,0,0,0,0,0,0,0,0,0,0,0,0,0,0,0,0,0,0,0,0,0,0,0
0,0,0,0,0,0.0209958511476642,0,0,0,0,0,0,0,0,0,0,0,0,0,0,0,0,0,0,0,0,0,0,0,0,0,0,0,0,0,0,0,0,0,0,0,0,0,0,0,0,0,0,0,0,0,0,0,0,0,0,0,0,0,0
0,441.54311375685,196.014083508441,-317.675062190517,0,0,5147.98184413685,-106.057583233083,127.065409796215,-596.017030593689,0,0,76.6656168463831,484.481743346513,-323.705837323159,0,830.893397881939,1874.60387678392,0,0,646.120043535419,-91.2581217829769,-1354.92799196822,0,429.405843310508,-1255.31480652027,1070.49091570707,0,0,0,0,-350.760148589464,-494.350243811624,976.52750147085,867.493516413912,2014.15844754713,0,657.140910229971,186.072029091024,-757.563950763703,64.4004312539469,-753.918911754712,66.8196608877896,46.6563744457375,387.959623347423,-39.750257501558,-659.841213540541,-232.115251667666,56.2851265904817,834.928437940708,38.017387337155,112.187299260984,-134.968827720836,-324.775463228186,-50.9324385021923,-33.5257910882915,541.307832186686,119.449347739729,0,-547.543515510629
0,285.15872393549,-624.044719637237,-594.92631874365,0,0,-106.057583233083,4076.77728748238,671.376742068154,824.514560787253,0,0,-775.692636059278,75.068989499935,-752.004282775631,0,-43.7040170140332,859.967121476062,0,0,262.772157131249,-281.314041805011,-1814.66992392194,0,-1165.76860536411,-459.803287522672,-1445.74881718762,0,0,0,0,612.460456324734,148.141461793644,1337.34451119869,984.504074305271,-394.151512742534,0,-518.34433068492,540.048668582043,-538.109035871886,552.644766964789,-515.501736550205,419.200032090539,130.380770658017,689.354165193018,-431.11698959742,-762.159836208627,661.723605537157,-839.160265391014,304.316906415949,73.3625836470736,369.891360843595,-500.925991667741,203.747794825311,-156.014313798925,-326.749560678318,-177.782676837225,-206.647799593033,0,78.9450122613796
0,38.1385618064243,165.192815341803,270.061115242323,0,0,127.065409796215,671.376742068154,3462.57683687219,-158.169773257416,0,0,-167.363995677258,-69.5289719919158,223.351129820161,0,-615.508299783442,6.07891043654296,0,0,710.76980912676,185.530667831664,-28.7389127471306,0,-321.91734321348,-704.813714591214,969.808470271883,0,0,0,0,-405.990829724945,-317.630198444004,-474.815786618896,-1100.76910977743,-88.8776094567144,0,463.453066592198,3.80923716596174,-325.434855147329,324.532416381732,-720.097657313091,136.633355958887,-385.160702428902,502.540209448606,759.237381656328,-911.893104459982,58.4623664244069,-199.335486025685,68.2724356031846,549.414183230627,-104.368506147256,116.47032829524,188.09000201921,-145.218570239955,140.072070789855,-342.316762098565,52.7703988131272,0,-577.949271478226
0,-222.253799720311,-137.703964609712,-269.857194592243,0,0,-596.017030593689,824.514560787253,-158.169773257416,4255.8303649873,0,0,-1089.41793367511,-569.454510253819,-307.239964143935,0,936.189805325292,-1005.2794974012,0,0,-192.734435335621,1169.84007613499,1633.23676032994,0,505.13043891177,61.1128024281372,745.654293063364,0,0,0,0,-408.918674230592,1021.69120250923,1305.44158407342,-137.854479340125,-1391.6014229804,0,212.51873076345,-341.23615586013,423.071502732374,634.651478051124,-454.380522807946,-911.35388439805,-262.800559636736,392.405189233792,-158.538851690494,-79.6590811695155,-315.161394041907,434.216920365156,-706.49219520029,-222.437644403972,-162.801524608556,771.945490597337,-514.729561639094,164.772353798552,487.726880390344,388.600172358637,-59.83934670674,0,-289.014275359426
0,0,0,0,0,0,0,0,0,0,0.0250194155416174,0,0,0,0,0,0,0,0,0,0,0,0,0,0,0,0,0,0,0,0,0,0,0,0,0,0,0,0,0,0,0,0,0,0,0,0,0,0,0,0,0,0,0,0,0,0,0,0,0
0,0,0,0,0,0,0,0,0,0,0,0.0311440375098606,0,0,0,0,0,0,0,0,0,0,0,0,0,0,0,0,0,0,0,0,0,0,0,0,0,0,0,0,0,0,0,0,0,0,0,0,0,0,0,0,0,0,0,0,0,0,0,0
0,-212.825573007208,-571.948138748672,-406.886329500817,0,0,76.6656168463831,-775.692636059278,-167.363995677258,-1089.41793367511,0,0,8593.85685179051,622.247327344259,553.818821770151,0,-1023.09438839643,1742.13382682425,0,0,-1229.91098031285,-1410.75032178386,-516.782655362039,0,551.88066219609,336.618494990699,-1141.90147708249,0,0,0,0,-452.286528078681,-1174.69876713672,134.385105019964,502.53524173248,1940.59302883038,0,-554.719276733127,-1463.92814842185,-518.843381777317,573.590452734304,-521.694471387412,476.289383854158,-874.387497045875,-1523.72781395557,-414.042079209884,207.648280576661,1936.39602261581,802.163838593347,-1157.99944211831,259.270308909042,424.375255398519,-174.375941248986,-424.231252009177,-789.799741978459,240.216185487435,320.362351060449,152.493254799753,0,263.403725037698
0,-254.214494074817,-675.539976365748,429.279658600391,0,0,484.481743346513,75.068989499935,-69.5289719919158,-569.454510253819,0,0,622.247327344259,3936.69848547542,78.9628603820213,0,-1953.00485434495,1131.07843654562,0,0,-76.7916069634946,-1405.31955123289,631.925709710967,0,700.327076253927,-47.6994858579091,-622.629740187944,0,0,0,0,-219.987151403037,-89.6467170078427,1224.27012393414,-901.450374279022,942.218832308048,0,321.847046001659,-516.684365208409,-862.983640166984,860.385936247511,-269.021991614575,522.856510777445,-529.018410074547,12.3223936008643,-690.452919859157,384.664074095017,706.310995452865,433.161957636718,-110.821699172443,-294.396266925474,380.776597126868,-25.8887843092991,-834.033506147274,254.296344103822,239.730151201957,1133.27103270878,653.223485081473,0,-8.01854081673924
0,-323.662849821548,601.9347730741,534.373717566487,0,0,-323.705837323159,-752.004282775631,223.351129820161,-307.239964143935,0,0,553.818821770151,78.9628603820213,7030.89779988413,0,-456.595202053393,-2295.84754791008,0,0,-606.184201130483,1909.04486363927,2182.11228701882,0,587.138644399868,-1341.64134644358,-780.158285810042,0,0,0,0,253.058623786104,-804.788973782709,-873.097458203619,1185.84452318709,1099.1634610053,0,-56.2951773494718,747.796355823033,273.557626953958,-279.292802458008,570.563581807117,-347.736224332359,573.711861594114,202.344930551209,-537.35217030965,747.298563797933,-79.8469991172615,-77.7092643705131,353.882141189417,-109.340211315523,4.31083003183703,752.732503108999,-2127.81701295523,702.449728629744,660.348798391872,867.112913245969,549.794037549135,0,623.089784190203
0,0,0,0,0,0,0,0,0,0,0,0,0,0,0,0.0663337855986551,0,0,0,0,0,0,0,0,0,0,0,0,0,0,0,0,0,0,0,0,0,0,0,0,0,0,0,0,0,0,0,0,0,0,0,0,0,0,0,0,0,0,0,0
0,-590.37187894086,24.090812525427,-507.685342823351,0,0,830.893397881939,-43.7040170140332,-615.508299783442,936.189805325292,0,0,-1023.09438839643,-1953.00485434495,-456.595202053393,0,18512.0063688247,927.787694282641,0,0,1570.90139256273,1953.0582107146,-526.266943444411,0,1136.20938615611,778.481661440686,-1409.79053243455,0,0,0,0,343.168322266355,1562.81950625233,-3660.10826001597,1858.16486593019,-1629.05013324176,0,-1355.95280905491,1837.64686621098,2152.22668122884,1762.1123421032,737.406219362412,1489.70214581221,-1167.4512631535,2154.07692259166,1176.3717843449,-11.9845647348049,822.988710474359,263.540870541973,-2633.45009553834,-435.737605594947,-1735.3943835534,-110.566659652173,-373.593821635481,1108.17337228852,51.3829377061063,-501.823161336089,758.772487594376,0,501.5906115953
0,-522.13755729934,1645.75066356922,-778.771034971396,0,0,1874.60387678392,859.967121476062,6.07891043654296,-1005.2794974012,0,0,1742.13382682425,1131.07843654562,-2295.84754791008,0,927.787694282641,18474.3666530845,0,0,3526.64046015846,341.210639156907,-2968.45705906438,0,1981.03033393008,916.783716982311,-1259.08837928167,0,0,0,0,-261.73264061884,-1220.03954953372,414.331698686692,1200.77603144849,-1805.11608983339,0,-1109.13860140673,-1315.45974607416,-484.614805464845,3298.5790935827,854.559741391508,1457.20481752186,1169.59728304741,294.944615908529,666.991097274633,415.125959641292,-204.775485862899,-731.695683600382,1188.51708498719,-448.580429521185,-416.237302296881,-1591.20412410661,-1116.52680695166,713.658646223461,957.170917042571,-1464.70958721475,-441.820491107715,0,-296.909748399164
0,0,0,0,0,0,0,0,0,0,0,0,0,0,0,0,0,0,0.0745487924972787,0,0,0,0,0,0,0,0,0,0,0,0,0,0,0,0,0,0,0,0,0,0,0,0,0,0,0,0,0,0,0,0,0,0,0,0,0,0,0,0,0
0,0,0,0,0,0,0,0,0,0,0,0,0,0,0,0,0,0,0,0.0824764841691069,0,0,0,0,0,0,0,0,0,0,0,0,0,0,0,0,0,0,0,0,0,0,0,0,0,0,0,0,0,0,0,0,0,0,0,0,0,0,0,0
0,-686.443372012008,1571.39064402783,1379.62278398644,0,0,646.120043535419,262.772157131249,710.76980912676,-192.734435335621,0,0,-1229.91098031285,-76.7916069634946,-606.184201130483,0,1570.90139256273,3526.64046015846,0,0,18186.2149077337,-175.343556685723,-751.73429034378,0,805.079075102771,-452.126811199709,1096.62219100357,0,0,0,0,933.521959440963,616.488335578733,193.953139177266,732.570108134329,1865.93357086433,0,-118.354922238843,346.034754811576,-755.208138934014,838.676125370172,1212.08531248652,-1022.48052397934,1448.61268586835,-447.004714837515,1528.69021401786,-722.715759232486,-438.355631606214,635.701194166123,489.258283521264,-535.690617854479,-1408.84585177349,800.325701647626,-623.462422306392,-622.320629778829,-67.3281317411523,-1737.93054277108,-905.185100996473,0,856.946366838276
0,181.110984512263,1121.35105935182,-771.622452276895,0,0,-91.2581217829769,-281.314041805011,185.530667831664,1169.84007613499,0,0,-1410.75032178386,-1405.31955123289,1909.04486363927,0,1953.0582107146,341.210639156907,0,0,-175.343556685723,12927.6328329249,1849.03259590203,0,504.702217706909,-2918.55569284415,1299.03974642193,0,0,0,0,-600.603893462998,-479.253151047401,867.000444913465,-1136.76777134086,-1616.5506176382,0,-860.294755222798,206.109660996679,-1082.93551572904,-543.414218560487,595.147393096401,-99.4746774349361,641.494911326786,70.263169114205,136.883907264089,809.060655414487,-1782.84098576423,-749.729330579197,302.367335624658,323.87467371186,1042.41066130644,1356.9503531477,596.851703768707,-173.123073431206,-14.0653139364091,-537.480275950753,-1177.49878035713,0,-157.114822552376
0,-365.909452766738,617.581164760892,421.830963812996,0,0,-1354.92799196822,-1814.66992392194,-28.7389127471306,1633.23676032994,0,0,-516.782655362039,631.925709710967,2182.11228701882,0,-526.266943444411,-2968.45705906438,0,0,-751.73429034378,1849.03259590203,12678.5874801765,0,3988.50114629973,-697.227003033396,2418.69233841887,0,0,0,0,496.48677706042,2061.02583239944,295.483192600242,-2263.99850105332,-2251.44860467177,0,-493.733943322972,2040.27911932337,405.166124394263,-1482.00627095524,258.346932858816,-946.847002770235,786.335704999052,216.702706192869,805.364050296264,882.419860969312,-32.0550641796437,-512.655026194055,-40.617841627704,112.140819510486,794.779474276392,560.967999418699,118.050535192676,1518.53512951335,-213.65533378669,1206.99507855194,1319.92725748201,0,-340.477122455713
0,0,0,0,0,0,0,0,0,0,0,0,0,0,0,0,0,0,0,0,0,0,0,0.0584486736308263,0,0,0,0,0,0,0,0,0,0,0,0,0,0,0,0,0,0,0,0,0,0,0,0,0,0,0,0,0,0,0,0,0,0,0,0
0,-33.0960482825594,648.168303338039,1604.70505074718,0,0,429.405843310508,-1165.76860536411,-321.917343213479,505.13043891177,0,0,551.88066219609,700.327076253927,587.138644399868,0,1136.20938615611,1981.03033393008,0,0,805.079075102771,504.702217706909,3988.50114629973,0,15111.4790042628,-649.828549459661,-905.205482145302,0,0,0,0,-60.9885450665702,424.463077277054,644.923862516489,-335.494734133219,-408.922710340549,0,-2095.07212608227,677.568591488118,-259.612166235105,-1987.73387864413,343.2352293063,463.075868704609,371.12998770016,-60.9300222665745,755.748089858033,-367.72010481144,442.570553816322,-528.603952847219,1250.59400812947,243.181671502001,454.677260952148,-359.776027653475,-2892.81663457889,279.476897483903,214.766821447685,-212.266469241336,-609.917904394336,0,-171.020708859223
0,-598.613408858897,-1547.30541859546,1207.22608217802,0,0,-1255.31480652027,-459.803287522672,-704.813714591214,61.1128024281372,0,0,336.618494990699,-47.6994858579091,-1341.64134644358,0,778.481661440686,916.783716982311,0,0,-452.126811199709,-2918.55569284415,-697.227003033396,0,-649.828549459661,15127.1704408459,-1436.27905810982,0,0,0,0,133.902276806963,-323.845541212539,2087.46325723614,-1932.36940580607,-2225.47197178883,0,472.438380667532,-614.719051421062,1319.29844685842,2168.83202586458,560.029617422894,283.27723714345,-714.338059559267,-176.675054433971,34.3167872412844,60.8637894579838,177.054895269227,1192.15850597168,-909.409541650945,491.467561694199,-146.498497448525,1319.00791983641,388.738880743602,370.822286758489,356.127380456958,-577.130956467934,762.477002757959,0,1676.72090634544
0,718.875006436735,-1169.77086196422,-737.222918173696,0,0,1070.49091570707,-1445.74881718762,969.808470271883,745.654293063364,0,0,-1141.90147708249,-622.629740187943,-780.158285810042,0,-1409.79053243455,-1259.08837928167,0,0,1096.62219100357,1299.03974642193,2418.69233841887,0,-905.205482145302,-1436.27905810982,14379.9548975369,0,0,0,0,1420.01307948826,2402.75756958014,-1998.97575055184,-2044.83921689725,-1621.65853372773,0,936.597910131159,350.282620244948,1086.01328055521,-1359.20137757423,-1424.96318783446,-425.904370452372,-386.739148970868,722.976760153525,-109.378544717133,354.423524983397,30.4347213340595,-457.899205878113,-1539.73246572943,-187.356709112242,500.879809957817,1627.57470745767,855.525059982285,246.723827738429,1009.35646398308,-1191.43624929675,947.224720072574,0,-212.97862947932
0,0,0,0,0,0,0,0,0,0,0,0,0,0,0,0,0,0,0,0,0,0,0,0,0,0,0,0.0548698598197022,0,0,0,0,0,0,0,0,0,0,0,0,0,0,0,0,0,0,0,0,0,0,0,0,0,0,0,0,0,0,0,0
0,0,0,0,0,0,0,0,0,0,0,0,0,0,0,0,0,0,0,0,0,0,0,0,0,0,0,0,0.0455742424718238,0,0,0,0,0,0,0,0,0,0,0,0,0,0,0,0,0,0,0,0,0,0,0,0,0,0,0,0,0,0,0
0,0,0,0,0,0,0,0,0,0,0,0,0,0,0,0,0,0,0,0,0,0,0,0,0,0,0,0,0,0.0564853744459161,0,0,0,0,0,0,0,0,0,0,0,0,0,0,0,0,0,0,0,0,0,0,0,0,0,0,0,0,0,0
0,0,0,0,0,0,0,0,0,0,0,0,0,0,0,0,0,0,0,0,0,0,0,0,0,0,0,0,0,0,0.0497425892415357,0,0,0,0,0,0,0,0,0,0,0,0,0,0,0,0,0,0,0,0,0,0,0,0,0,0,0,0,0
0,1492.25805637963,550.955210602343,376.171396217288,0,0,-350.760148589464,612.460456324734,-405.990829724945,-408.918674230592,0,0,-452.286528078681,-219.987151403037,253.058623786104,0,343.168322266355,-261.73264061884,0,0,933.521959440963,-600.603893462998,496.48677706042,0,-60.9885450665702,133.902276806963,1420.01307948826,0,0,0,0,9963.01912592783,583.756509495432,-1032.4676404296,1567.76107484126,-3530.73962645209,0,651.31060454098,-663.219483840777,355.985988584438,389.045620271457,224.88689642895,993.485777520604,-26.8264530816213,189.762233437684,282.935186616032,370.27907020103,401.083998664209,-880.529153079192,825.144071508298,-387.66889435576,56.5103551161888,73.3884796246172,108.626017893895,78.2723657140728,143.049252229503,631.341755304335,871.805329642142,0,1948.86991774118
0,108.400342999743,-348.279984991718,-416.606084123168,0,0,-494.350243811624,148.141461793643,-317.630198444004,1021.69120250923,0,0,-1174.69876713672,-89.6467170078427,-804.788973782709,0,1562.81950625233,-1220.03954953372,0,0,616.488335578733,-479.253151047401,2061.02583239944,0,424.463077277054,-323.845541212539,2402.75756958014,0,0,0,0,583.756509495432,7751.89357706892,138.218305752364,231.647628161271,-1160.00375875025,0,708.23290504034,2605.01877627688,611.929126886641,-581.673685746728,-121.765643070008,1244.13261729459,-570.478180221536,97.5059481036033,74.943593064983,-66.1222161153513,-682.436401759915,155.633063137847,-585.745502908618,524.133997372302,-450.756294905178,1048.0526676043,-726.187514166677,954.003046448914,-1049.86740031192,-103.756769531948,1116.10568575108,0,489.578170958014
0,-514.920076424234,-1789.20352431651,85.638692853214,0,0,976.52750147085,1337.34451119869,-474.815786618896,1305.44158407342,0,0,134.385105019964,1224.27012393414,-873.097458203619,0,-3660.10826001597,414.331698686692,0,0,193.953139177266,867.000444913466,295.483192600242,0,644.923862516489,2087.46325723614,-1998.97575055184,0,0,0,0,-1032.4676404296,138.218305752364,12750.3858826342,828.418305903685,2134.4746887848,0,1182.97825992163,1278.59863517734,-1104.31494131621,-344.686421392297,27.1145240327442,-356.441322510671,124.284407178107,77.338570686854,-447.318730224427,-1915.77998995523,142.422623955294,143.439058192026,-493.39971827864,1034.62347801554,559.552817082544,-135.057622594805,155.298869263741,54.0655596598468,14.915694615853,1369.39057746285,-482.30172110107,0,47.8411878404582
0,-507.215510778706,1610.0589276325,-294.627262448823,0,0,867.493516413912,984.504074305271,-1100.76910977743,-137.854479340125,0,0,502.53524173248,-901.450374279022,1185.84452318709,0,1858.16486593019,1200.77603144849,0,0,732.570108134329,-1136.76777134086,-2263.99850105332,0,-335.494734133219,-1932.36940580607,-2044.83921689725,0,0,0,0,1567.76107484126,231.64762816127,828.418305903685,11763.6561182701,1044.75382684558,0,1007.04599502732,1313.80169088035,161.478858204962,117.080163033103,566.071951050602,-1123.99137529752,1424.17766898304,1119.83813650739,-1781.17527080419,307.831170721965,241.595431093586,-238.074840432951,-198.286325767795,309.762149979714,-95.5432563847416,-1071.37673829147,-118.053772970359,-168.113422176348,735.109733877209,-21.1291045995414,227.377621211512,0,696.798464475814
0,426.907189967629,385.188026142905,212.65847324336,0,0,2014.15844754713,-394.151512742534,-88.8776094567145,-1391.6014229804,0,0,1940.59302883038,942.218832308048,1099.1634610053,0,-1629.05013324176,-1805.11608983339,0,0,1865.93357086433,-1616.5506176382,-2251.44860467177,0,-408.922710340549,-2225.47197178883,-1621.65853372773,0,0,0,0,-3530.73962645209,-1160.00375875025,2134.4746887848,1044.75382684558,18631.6251198094,0,2764.10102488632,672.870886413257,-794.015533907368,2343.1676285992,-1269.39023549115,-32.14222124714,514.190430230794,406.692523112244,-1659.17367947022,-47.2044675806619,1135.03764365128,603.129665348806,-241.447092647422,502.654753433508,226.125483612695,-214.145451235229,-2296.50610624552,107.746111747744,-808.216864640565,2117.25648252826,-1128.082239766,0,-1716.42361659832
0,0,0,0,0,0,0,0,0,0,0,0,0,0,0,0,0,0,0,0,0,0,0,0,0,0,0,0,0,0,0,0,0,0,0,0,0.0608275994278966,0,0,0,0,0,0,0,0,0,0,0,0,0,0,0,0,0,0,0,0,0,0,0
0,390.711113151859,813.804259288921,113.717447693981,0,0,657.140910229971,-518.34433068492,463.453066592198,212.51873076345,0,0,-554.719276733127,321.847046001659,-56.2951773494718,0,-1355.95280905491,-1109.13860140673,0,0,-118.354922238843,-860.294755222798,-493.733943322972,0,-2095.07212608227,472.438380667532,936.597910131159,0,0,0,0,651.31060454098,708.23290504034,1182.97825992163,1007.04599502732,2764.10102488632,0,6779.34248738055,-265.85863795291,-325.527922859796,581.88820024607,1329.85451315378,-71.0397856896106,-1075.16376392153,-748.768740897939,-982.407488740482,-112.43938426252,-184.829778329348,184.788531314543,221.200228815625,442.773424143655,-72.0923824266408,-452.785119269118,-93.1477587061546,-485.077844065006,-294.193837217795,-11.7831894136115,684.364680339558,0,-753.321263129688
0,-564.273268260866,-1208.86436472631,-183.506021145527,0,0,186.072029091024,540.048668582043,3.80923716596173,-341.23615586013,0,0,-1463.92814842185,-516.684365208409,747.796355823033,0,1837.64686621098,-1315.45974607416,0,0,346.034754811576,206.109660996679,2040.27911932337,0,677.568591488118,-614.719051421062,350.282620244948,0,0,0,0,-663.219483840777,2605.01877627688,1278.59863517734,1313.80169088035,672.870886413257,0,-265.85863795291,7281.50485947993,526.746071908313,-1037.40983147829,130.825437464686,-154.238214571756,453.214808072399,2020.47335324564,420.331998350611,262.874666457069,208.916451987931,-791.371636567429,-599.378849860535,856.600580054834,-512.753324746438,315.11967757404,275.543585851845,118.57847267315,-692.923436230873,1135.46094692891,192.067476845303,0,984.21760479088
0,-57.8423980358991,-1023.04681323079,-270.498937839194,0,0,-757.563950763703,-538.109035871886,-325.434855147329,423.071502732374,0,0,-518.843381777317,-862.983640166984,273.557626953958,0,2152.22668122884,-484.614805464845,0,0,-755.208138934014,-1082.93551572904,405.166124394263,0,-259.612166235105,1319.29844685842,1086.01328055521,0,0,0,0,355.985988584438,611.929126886641,-1104.31494131621,161.478858204962,-794.015533907368,0,-325.527922859796,526.746071908313,7788.2274357627,-158.238695381556,161.431654842229,-48.3010727675094,-71.9715318731712,-14.5843792125419,522.058421832619,121.049111672418,1367.23413852822,272.420618008381,-1605.28803821773,-6.35159254933179,20.0956275971397,730.498390065944,-587.636657648303,96.9268863426455,661.631330706184,-965.210943104496,343.849970054148,0,-229.662155801779
0,-837.603764046471,492.968448470795,-14.5987193913754,0,0,64.4004312539469,552.644766964789,324.532416381732,634.651478051124,0,0,573.590452734304,860.385936247511,-279.292802458008,0,1762.1123421032,3298.5790935827,0,0,838.676125370172,-543.414218560487,-1482.00627095524,0,-1987.73387864413,2168.83202586458,-1359.20137757423,0,0,0,0,389.045620271457,-581.673685746728,-344.686421392297,117.080163033103,2343.1676285992,0,581.88820024607,-1037.40983147829,-158.238695381556,8028.12233618078,-272.256224049315,68.7398205512612,623.485979348472,590.099293911215,-505.818068653864,1066.6949076615,-28.8934900364858,1116.61697179961,-806.441443051277,-347.604740113007,51.7842776439311,446.234148121232,-2136.84420063057,72.0904408988955,426.291370326302,566.236055809635,-27.1293225193822,0,-274.72497418476
0,-88.7823151075517,-506.009841809413,-402.105505339112,0,0,-753.918911754711,-515.501736550205,-720.097657313091,-454.380522807946,0,0,-521.694471387412,-269.021991614575,570.563581807117,0,737.406219362412,854.559741391508,0,0,1212.08531248652,595.147393096401,258.346932858816,0,343.2352293063,560.029617422894,-1424.96318783446,0,0,0,0,224.88689642895,-121.765643070008,27.1145240327442,566.071951050602,-1269.39023549115,0,1329.85451315378,130.825437464686,161.431654842229,-272.256224049315,6995.38237302466,1075.74764690165,-109.746819792898,-761.354936310285,1882.84063488095,173.615194140535,583.925283687998,-129.073301773509,-860.688996747091,-190.188090102759,-23.2228562327969,-381.217417082554,1461.197264127,-359.732861112965,45.5785795467742,-1028.4746125883,-120.009670533761,0,297.968776043139
0,258.919123588798,-826.255103765737,-56.3008962417806,0,0,66.8196608877896,419.200032090539,136.633355958887,-911.35388439805,0,0,476.289383854158,522.856510777445,-347.736224332359,0,1489.70214581221,1457.20481752186,0,0,-1022.48052397934,-99.4746774349361,-946.847002770235,0,463.075868704609,283.27723714345,-425.904370452372,0,0,0,0,993.485777520604,1244.13261729459,-356.44132251067,-1123.99137529752,-32.14222124714,0,-71.0397856896106,-154.238214571756,-48.3010727675094,68.7398205512612,1075.74764690165,6019.96312816839,-992.952360072808,-596.876230315055,878.243459920545,-714.030907846546,685.04434645205,-246.991276113057,-967.687623758524,41.4535551880696,-112.228619498564,155.795617254589,1443.67186846359,-358.758587838044,-279.464482280898,-52.5688536530882,343.849984463138,0,493.650789040778
0,11.1593367650683,513.949862131815,83.9437925112743,0,0,46.6563744457375,130.380770658017,-385.160702428902,-262.800559636736,0,0,-874.387497045875,-529.018410074547,573.711861594114,0,-1167.4512631535,1169.59728304741,0,0,1448.61268586835,641.494911326786,786.335704999052,0,371.12998770016,-714.338059559267,-386.739148970868,0,0,0,0,-26.8264530816213,-570.478180221536,124.284407178107,1424.17766898304,514.190430230794,0,-1075.16376392153,453.214808072399,-71.9715318731712,623.485979348472,-109.746819792898,-992.952360072807,3507.85501135194,353.393926118086,-299.955044890617,171.872666160077,-1461.43035940839,-226.818238369023,714.211607209303,-92.8233960259882,981.751882189904,-397.296177627856,-638.107062033769,-119.947929409255,-68.7901707966614,-89.9645668524676,-215.252742164565,0,-320.413711076288
0,72.9511992472227,124.876907847259,-808.198760241639,0,0,387.959623347423,689.354165193018,502.540209448606,392.405189233792,0,0,-1523.72781395557,12.3223936008643,202.344930551209,0,2154.07692259166,294.944615908529,0,0,-447.004714837515,70.263169114205,216.702706192869,0,-60.9300222665745,-176.675054433971,722.976760153525,0,0,0,0,189.762233437684,97.5059481036033,77.338570686854,1119.83813650739,406.692523112244,0,-748.768740897939,2020.47335324564,-14.5843792125419,590.099293911215,-761.354936310285,-596.876230315055,353.393926118086,6650.09839251472,-639.260953259327,-475.916075669399,106.96338260704,-1155.92884132261,-37.9842758633499,-333.34079624246,-1030.62639679839,834.577226522369,1031.97562817193,-582.927033571455,257.405279730842,665.453929005548,-127.241221482018,0,590.408606763065
0,154.84267749832,144.631928147848,574.519968252925,0,0,-39.750257501558,-431.11698959742,759.237381656328,-158.538851690494,0,0,-414.042079209884,-690.452919859157,-537.35217030965,0,1176.3717843449,666.991097274633,0,0,1528.69021401786,136.883907264089,805.364050296264,0,755.748089858033,34.3167872412844,-109.378544717133,0,0,0,0,282.935186616032,74.943593064983,-447.318730224427,-1781.17527080419,-1659.17367947022,0,-982.407488740482,420.331998350611,522.058421832619,-505.818068653864,1882.84063488095,878.243459920545,-299.955044890617,-639.260953259327,4964.35566025499,-178.427051795701,-355.082181792377,-636.666342304107,-704.483175050275,-169.185343144281,-417.585542783781,18.2373745980664,1190.97599157429,-486.90990647057,-362.409116249683,-1066.83117700181,-932.157644725484,0,-182.469569252023
0,-51.4781005525681,155.184181440916,-296.951516807234,0,0,-659.841213540541,-762.159836208627,-911.893104459982,-79.6590811695155,0,0,207.648280576661,384.664074095017,747.298563797933,0,-11.9845647348049,415.125959641292,0,0,-722.715759232486,809.060655414487,882.419860969312,0,-367.72010481144,60.8637894579838,354.423524983397,0,0,0,0,370.27907020103,-66.1222161153513,-1915.77998995523,307.831170721965,-47.2044675806619,0,-112.43938426252,262.874666457069,121.049111672418,1066.6949076615,173.615194140535,-714.030907846546,171.872666160077,-475.916075669399,-178.427051795701,5197.18706606284,209.324664713987,753.589222849292,334.597978441622,-403.218889076465,25.8340298568554,306.570641946068,-567.582518159884,455.874948735302,-103.499674862364,148.219906566146,127.440462427689,0,404.593234076036
0,11.4565533914456,-1343.74133428562,-703.996074435486,0,0,-232.115251667666,661.723605537157,58.4623664244069,-315.161394041907,0,0,1936.39602261581,706.310995452865,-79.8469991172615,0,822.98871047436,-204.775485862899,0,0,-438.355631606214,-1782.84098576423,-32.0550641796437,0,442.570553816322,177.054895269227,30.4347213340595,0,0,0,0,401.083998664209,-682.436401759915,142.422623955294,241.595431093586,1135.03764365128,0,-184.829778329348,208.916451987931,1367.23413852822,-28.8934900364857,583.925283687998,685.04434645205,-1461.43035940839,106.96338260704,-355.082181792377,209.324664713987,5026.85886773554,885.414835787233,-1498.16819556875,52.6212067159847,-362.608402881683,-760.747782508255,-342.439145227583,147.341635988494,370.040173301565,190.623450295823,357.281394567675,0,639.342951756896
0,11.7599174931052,-682.075253580447,887.632402413401,0,0,56.2851265904817,-839.160265391014,-199.335486025685,434.216920365156,0,0,802.163838593347,433.161957636718,-77.7092643705131,0,263.540870541973,-731.695683600382,0,0,635.701194166123,-749.729330579197,-512.655026194055,0,-528.603952847219,1192.15850597168,-457.899205878114,0,0,0,0,-880.529153079192,155.633063137847,143.439058192026,-238.074840432951,603.129665348806,0,184.788531314543,-791.371636567429,272.420618008381,1116.61697179961,-129.073301773509,-246.991276113057,-226.818238369023,-1155.92884132261,-636.666342304108,753.589222849292,885.414835787233,4853.98801526126,-606.271928062229,378.152338797038,-788.363940547245,662.093306271621,-1169.5923374051,144.114067956887,-82.8718068345315,191.210042372847,-251.833755309825,0,-123.905195928716
0,597.350958054033,2017.9661168416,695.549140773967,0,0,834.928437940708,304.316906415949,68.2724356031846,-706.492195200289,0,0,-1157.99944211831,-110.821699172443,353.882141189417,0,-2633.45009553834,1188.51708498719,0,0,489.258283521264,302.367335624658,-40.617841627704,0,1250.59400812947,-909.409541650945,-1539.73246572943,0,0,0,0,825.144071508298,-585.745502908618,-493.39971827864,-198.286325767795,-241.447092647422,0,221.200228815625,-599.378849860535,-1605.28803821773,-806.441443051277,-860.688996747091,-967.687623758524,714.211607209303,-37.9842758633499,-704.483175050275,334.597978441622,-1498.16819556875,-606.271928062229,5450.257841823,-184.549167811414,272.49249941328,69.6313013503737,1223.78052583473,453.653881582633,-95.1177206786209,173.383582947034,246.575133106337,0,-615.14268427902
0,153.26322458416,63.1999280030852,333.298164138515,0,0,38.017387337155,73.3625836470735,549.414183230627,-222.437644403972,0,0,259.270308909042,-294.396266925474,-109.340211315523,0,-435.737605594947,-448.580429521185,0,0,-535.690617854479,323.87467371186,112.140819510486,0,243.181671502001,491.467561694198,-187.356709112242,0,0,0,0,-387.66889435576,524.133997372302,1034.62347801554,309.762149979714,502.654753433508,0,442.773424143655,856.600580054834,-6.35159254933179,-347.604740113007,-190.188090102759,41.4535551880696,-92.8233960259882,-333.34079624246,-169.185343144281,-403.218889076465,52.6212067159847,378.152338797038,-184.549167811414,1785.28818109614,332.407249342035,-51.6189592914792,-180.995140789884,21.9348789008517,-375.88218252325,175.403243940282,-65.2832861392855,0,19.4553614692767
0,361.475418763769,-169.970564186884,-86.6630685370518,0,0,112.187299260984,369.891360843595,-104.368506147256,-162.801524608556,0,0,424.375255398519,380.776597126868,4.31083003183703,0,-1735.3943835534,-416.237302296881,0,0,-1408.84585177349,1042.41066130644,794.779474276392,0,454.677260952148,-146.498497448525,500.879809957817,0,0,0,0,56.5103551161888,-450.756294905178,559.552817082544,-95.5432563847416,226.125483612695,0,-72.0923824266408,-512.753324746438,20.0956275971397,51.7842776439311,-23.2228562327969,-112.228619498564,981.751882189904,-1030.62639679839,-417.585542783781,25.8340298568554,-362.608402881683,-788.363940547245,272.49249941328,332.407249342035,2730.68989708832,-78.85350800032,-151.762248908266,-272.401211731222,-16.1553660420567,200.720632817844,171.745617487616,0,-434.362465443913
0,70.5742924065162,-541.130642645654,407.863744754138,0,0,-134.968827720836,-500.925991667741,116.47032829524,771.945490597337,0,0,-174.375941248986,-25.8887843092991,752.732503108999,0,-110.566659652173,-1591.20412410661,0,0,800.325701647626,1356.9503531477,560.967999418699,0,-359.776027653475,1319.00791983641,1627.57470745767,0,0,0,0,73.3884796246172,1048.0526676043,-135.057622594805,-1071.37673829147,-214.145451235229,0,-452.785119269118,315.11967757404,730.498390065944,446.234148121232,-381.217417082554,155.795617254589,-397.296177627856,834.57722652237,18.2373745980664,306.570641946068,-760.747782508255,662.093306271621,69.6313013503737,-51.6189592914791,-78.85350800032,4646.38885620953,623.947797177194,763.5682835794,199.451387509471,554.061517737894,622.718416341359,0,432.666887710738
0,-239.982955450984,283.526381548252,-81.9847061233162,0,0,-324.775463228186,203.747794825311,188.09000201921,-514.729561639094,0,0,-424.231252009177,-834.033506147274,-2127.81701295523,0,-373.593821635481,-1116.52680695166,0,0,-623.462422306392,596.851703768707,118.050535192676,0,-2892.81663457889,388.738880743602,855.525059982285,0,0,0,0,108.626017893895,-726.187514166677,155.298869263741,-118.053772970359,-2296.50610624552,0,-93.1477587061546,275.543585851845,-587.636657648303,-2136.84420063057,1461.197264127,1443.67186846359,-638.107062033769,1031.97562817193,1190.97599157429,-567.582518159884,-342.439145227583,-1169.5923374051,1223.78052583473,-180.995140789884,-151.762248908266,623.947797177194,11088.328094403,-486.683316980155,-50.9198006313903,-495.04836975097,467.368712657489,0,668.626791050793
0,99.7964147691223,-322.729152958154,-435.996711610744,0,0,-50.9324385021923,-156.014313798925,-145.218570239955,164.772353798552,0,0,-789.799741978459,254.296344103822,702.449728629744,0,1108.17337228852,713.658646223461,0,0,-622.320629778829,-173.123073431206,1518.53512951335,0,279.476897483903,370.822286758489,246.723827738429,0,0,0,0,78.2723657140728,954.003046448914,54.0655596598468,-168.113422176348,107.746111747744,0,-485.077844065006,118.57847267315,96.9268863426455,72.0904408988955,-359.732861112965,-358.758587838044,-119.947929409255,-582.927033571455,-486.90990647057,455.874948735302,147.341635988494,144.114067956887,453.653881582633,21.9348789008517,-272.401211731222,763.5682835794,-486.683316980155,4097.12182354536,213.358365044343,573.140866770621,932.04390295666,0,410.698750042931
0,-373.753740525929,182.056902598004,-668.047158595602,0,0,-33.5257910882915,-326.749560678318,140.072070789855,487.726880390344,0,0,240.216185487435,239.730151201957,660.348798391872,0,51.3829377061063,957.170917042571,0,0,-67.3281317411523,-14.0653139364091,-213.65533378669,0,214.766821447685,356.127380456958,1009.35646398308,0,0,0,0,143.049252229503,-1049.86740031192,14.915694615853,735.109733877209,-808.216864640565,0,-294.193837217795,-692.923436230873,661.631330706185,426.291370326302,45.5785795467742,-279.464482280898,-68.7901707966614,257.405279730842,-362.409116249683,-103.499674862364,370.040173301565,-82.8718068345315,-95.1177206786209,-375.88218252325,-16.1553660420567,199.451387509471,-50.9198006313903,213.358365044343,2816.1822179856,-651.763254676914,1023.35257327792,0,187.806784570404
0,133.361614068486,-1086.16930527484,751.660077146876,0,0,541.307832186686,-177.782676837225,-342.316762098565,388.600172358637,0,0,320.362351060449,1133.27103270878,867.112913245969,0,-501.823161336089,-1464.70958721475,0,0,-1737.93054277108,-537.480275950753,1206.99507855194,0,-212.266469241336,-577.130956467934,-1191.43624929675,0,0,0,0,631.341755304335,-103.756769531948,1369.39057746285,-21.1291045995414,2117.25648252826,0,-11.7831894136115,1135.46094692891,-965.210943104496,566.236055809635,-1028.4746125883,-52.5688536530882,-89.9645668524676,665.453929005548,-1066.83117700181,148.219906566146,190.623450295823,191.210042372847,173.383582947034,175.403243940282,200.720632817844,554.061517737894,-495.04836975097,573.140866770621,-651.763254676914,4921.84569294902,-100.157273690744,0,250.878487135456
0,105.937199532484,567.474770572871,-217.163779291228,0,0,119.449347739729,-206.647799593033,52.7703988131272,-59.8393467067399,0,0,152.493254799753,653.223485081473,549.794037549135,0,758.772487594376,-441.820491107715,0,0,-905.185100996473,-1177.49878035713,1319.92725748201,0,-609.917904394336,762.477002757959,947.224720072574,0,0,0,0,871.805329642142,1116.10568575108,-482.30172110107,227.377621211512,-1128.082239766,0,684.364680339558,192.067476845303,343.849970054148,-27.1293225193822,-120.009670533761,343.849984463138,-215.252742164565,-127.241221482018,-932.157644725484,127.440462427689,357.281394567675,-251.833755309825,246.575133106337,-65.2832861392855,171.745617487616,622.718416341359,467.368712657489,932.04390295666,1023.35257327792,-100.157273690744,2785.70881149889,0,474.786972525559
0,0,0,0,0,0,0,0,0,0,0,0,0,0,0,0,0,0,0,0,0,0,0,0,0,0,0,0,0,0,0,0,0,0,0,0,0,0,0,0,0,0,0,0,0,0,0,0,0,0,0,0,0,0,0,0,0,0,0.0313181345089351,0
0,-89.8603335273098,-2.04104349062433,-152.706179418422,0,0,-547.543515510629,78.9450122613796,-577.949271478226,-289.014275359426,0,0,263.403725037698,-8.01854081673924,623.089784190203,0,501.5906115953,-296.909748399164,0,0,856.946366838276,-157.114822552376,-340.477122455713,0,-171.020708859223,1676.72090634544,-212.97862947932,0,0,0,0,1948.86991774118,489.578170958014,47.8411878404582,696.798464475814,-1716.42361659832,0,-753.321263129688,984.21760479088,-229.662155801779,-274.72497418476,297.968776043139,493.650789040778,-320.413711076288,590.408606763065,-182.469569252023,404.593234076036,639.342951756896,-123.905195928716,-615.14268427902,19.4553614692767,-434.362465443913,432.666887710738,668.626791050793,410.698750042931,187.806784570404,250.878487135456,474.786972525559,0,3248.97973802855
