0.201961179367707,0.028229608148891,0.00765404767867261,-0.00557613888590516,0.013063612893587,0.0465911807952588,0.00313413568455092,0.0149867589711493,-0.0289779050117138,-0.00131325647032035,-0.0826975616181829,-0.00865976099411099,0.0071842052214796,-0.00186036656267981
0.028229608148891,0.0328631026902352,0.0157063630499868,-0.00311073902954659,0.00456328411439731,0.0132852364009353,0.00504046843881918,0.00345804979384028,0.0471389417547453,0.00403302030972745,-0.0272004318906528,-0.00582797712436596,0.00490270303888223,-5.06238165285847e-05
0.00765404767867261,0.0157063630499868,0.0349336304391199,-0.0150210791764758,0.0160694481484731,-0.0165834908707965,6.88177842387411e-06,0.0106855464480128,0.0386303767001255,0.0018282741076845,-0.0284181811375148,-0.00121543960738675,-0.00243600084845274,-0.00022169680559421
-0.00557613888590516,-0.00311073902954659,-0.0150210791764758,0.055564503681246,-0.018737230571063,-0.0119318979321852,0.00215177873003431,0.0470605572379798,-0.0114673791331242,-0.00121032400332153,0.00133416767600539,-0.00722797116994631,0.0060551473840099,-0.0027973749439526
0.013063612893587,0.00456328411439731,0.0160694481484731,-0.018737230571063,0.0855861062468632,-0.012047301473813,0.0082816664907912,0.0225861990372613,0.0417605603906363,0.00390843899816408,0.0142591357907717,0.007105155716578,-0.0053751156188158,0.00293518963844448
0.0465911807952588,0.0132852364009353,-0.0165834908707965,-0.0119318979321852,-0.012047301473813,0.0735894746892924,0.00763394609299113,0.0255218239957814,0.0210551926645302,0.00335716184874428,0.0322392045846452,-0.00220007377421479,0.00229062276593673,0.00175013762839634
0.00313413568455092,0.00504046843881918,6.88177842387411e-06,0.00215177873003431,0.0082816664907912,0.00763394609299113,0.0105769700875273,0.0184836193893099,0.00519520440952211,0.00170137473393417,0.018714685890988,-0.0116006970235461,-0.00098252097271019,0.000475875239183986
0.0149867589711493,0.00345804979384028,0.0106855464480128,0.0470605572379798,0.0225861990372613,0.0255218239957814,0.0184836193893099,0.25716043132634,0.0815943730996116,0.00278967177359792,0.0810561242447739,0.008679387336359,0.00319024154077094,0.00217452131865143
-0.0289779050117138,0.0471389417547453,0.0386303767001255,-0.0114673791331242,0.0417605603906363,0.0210551926645302,0.00519520440952211,0.0815943730996116,0.260068773265891,0.0100988333877326,0.103124418467268,0.0103277781241154,0.0116646241452467,0.00075460855534831
-0.00131325647032035,0.00403302030972745,0.0018282741076845,-0.00121032400332153,0.00390843899816408,0.00335716184874428,0.00170137473393417,0.00278967177359792,0.0100988333877326,0.00153573510445207,0.000862600553015977,-0.001006129749292,-0.00101556304948575,0.000245491878907003
-0.0826975616181829,-0.0272004318906528,-0.0284181811375148,0.00133416767600539,0.0142591357907717,0.0322392045846452,0.018714685890988,0.0810561242447739,0.103124418467268,0.000862600553015977,0.232061059387122,-0.00926532874389711,0.00335649585860825,0.00212310088971115
-0.00865976099411099,-0.00582797712436595,-0.00121543960738675,-0.00722797116994631,0.007105155716578,-0.00220007377421479,-0.0116006970235461,0.008679387336359,0.0103277781241154,-0.001006129749292,-0.00926532874389711,0.025936950681234,0.00124528028077222,0.00153852689980834
0.0071842052214796,0.00490270303888223,-0.00243600084845274,0.0060551473840099,-0.0053751156188158,0.00229062276593673,-0.00098252097271019,0.00319024154077094,0.0116646241452467,-0.00101556304948575,0.00335649585860824,0.00124528028077222,0.00581274166491022,-0.000424092886378135
-0.00186036656267981,-5.06238165285847e-05,-0.00022169680559421,-0.0027973749439526,0.00293518963844448,0.00175013762839634,0.000475875239183985,0.00217452131865143,0.00075460855534831,0.000245491878907003,0.00212310088971115,0.00153852689980834,-0.000424092886378135,0.000489941012680228
