0.0424039141328743,0.00184250798316584,0.00161533902708476,0.0113229639161728,0.00652080918199273,0.00723636097875256,0.0135326088023938,-0.0197671931496206,0.0143007967481284,0.0123853144971877,0.0122555638448667,0.0319252442737395,0.022910409415788
0.00184250798316584,0.228860204669296,-0.00851292931740979,0.00563741940994978,-0.0105597544081347,0.0151471718910714,-0.000377956521524504,0.00998301809743794,0.0575261834095521,0.00560404998627959,0.00725098282919743,-0.00654893206200789,0.0768469136817952
0.00161533902708476,-0.00851292931740979,0.0844796911381349,-0.00217059564067636,0.00693238399433256,0.00798370191687865,-0.00438485005639574,-0.0122668320592059,0.0598835048804359,0.0131211655195081,0.0215609036142064,0.0145684286836151,0.0286923625597634
0.0113229639161728,0.00563741940994978,-0.00217059564067636,0.0300161970651654,-0.000194698284197983,0.00994957342778967,0.00942890308519748,0.00152525488232465,0.00832987729164078,0.00706595325188897,0.00284187416462473,0.00916422759852909,0.0229952861414939
0.00652080918199273,-0.0105597544081347,0.00693238399433256,-0.000194698284197983,0.011750241931668,0.000941268945324416,0.0138166807837422,-0.00325881375114459,0.00561539889307643,0.00321363478173846,-0.00185762934315447,0.0100791651305202,0.00533549306944746
0.00723636097875255,0.0151471718910714,0.00798370191687865,0.00994957342778967,0.000941268945324416,0.0951240815676791,0.00628215239374661,0.00418386741800027,0.00848398476629515,0.00172364283701477,0.0043657347964096,0.00643471018929844,0.0241928067437437
0.0135326088023938,-0.000377956521524504,-0.00438485005639574,0.00942890308519748,0.0138166807837422,0.00628215239374661,0.246233359118747,-0.010864012539249,0.0217717165685849,0.00353401756640136,0.0209807069901899,0.00857983630268602,0.00362088178388107
-0.0197671931496206,0.00998301809743794,-0.0122668320592059,0.00152525488232465,-0.00325881375114459,0.00418386741800027,-0.010864012539249,0.0331913959181054,-0.0298106460460939,-0.0155478026839415,-0.0232871003939946,-0.0225264698230781,-0.0232020137795696
0.0143007967481284,0.0575261834095521,0.0598835048804359,0.00832987729164078,0.00561539889307643,0.00848398476629515,0.0217717165685849,-0.0298106460460939,0.217011690523168,0.0287700385551586,0.0609603534002607,0.0252358598860216,0.0658478158183439
0.0123853144971877,0.00560404998627959,0.0131211655195081,0.00706595325188897,0.00321363478173846,0.00172364283701477,0.00353401756640136,-0.0155478026839415,0.0287700385551586,0.041283833867933,0.0437591559873383,0.0248303654394833,0.0407966068062989
0.0122555638448667,0.00725098282919743,0.0215609036142064,0.00284187416462473,-0.00185762934315447,0.0043657347964096,0.0209807069901899,-0.0232871003939946,0.0609603534002607,0.0437591559873383,0.10469091272455,0.0217521769014214,0.0577146577796922
0.0319252442737395,-0.00654893206200789,0.0145684286836151,0.00916422759852909,0.0100791651305202,0.00643471018929844,0.00857983630268601,-0.0225264698230781,0.0252358598860216,0.0248303654394833,0.0217521769014214,0.0937501913396569,0.0529808790653969
0.022910409415788,0.0768469136817952,0.0286923625597634,0.0229952861414939,0.00533549306944746,0.0241928067437437,0.00362088178388107,-0.0232020137795696,0.0658478158183439,0.0407966068062989,0.0577146577796922,0.0529808790653969,0.228028854567523
