0.0343521481052786,-0.00659913673138082,0.000327549277759009,0.011774623711279,0.00312675256279177,0.0120167004836891,-0.0189780838021263,-0.0126981003404761,-0.00194704380442759,0.00379864773659621,0.00853446403196719,0.0269452094196199,-0.0034422706989475
-0.00659913673138082,0.228029623409647,-0.0224626757215182,-0.00437455506303298,-0.0141595985556862,-0.00769734804943869,0.0516619548960728,-0.00570517395194024,0.016351983813528,0.0012154998918474,0.00924700219558562,0.00943277976503988,0.095742111282852
0.000327549277759009,-0.0224626757215182,0.105335987830694,-0.00417494310876486,0.0051573649535807,-0.0153610571230351,0.00879603367076155,-0.0216891295119033,0.0575961826693454,0.00766824934806888,0.0203843604947245,0.0311220775254492,0.0132044241806657
0.011774623711279,-0.00437455506303298,-0.00417494310876486,0.0275465928443518,0.0042710341320697,0.000716888414837949,-0.000677149277628171,-0.00133056342070322,0.015097672923544,-0.000335085311444536,-0.00324560553749736,0.0107653923712614,0.00219052675683775
0.00312675256279177,-0.0141595985556862,0.0051573649535807,0.0042710341320697,0.00989855701901396,0.00204745702228621,0.0038035202127124,-0.00191596499969544,0.00585265294890614,0.00317312195706357,-0.000337566133346288,0.00824681152972547,-0.00531118755414815
0.0120167004836891,-0.00769734804943869,-0.0153610571230351,0.000716888414837949,0.00204745702228621,0.123681783919691,-0.0120640876597494,-0.00228680503179566,-0.0116392145606483,0.00637798545171714,0.0112920435673175,-0.000244625840479784,-0.00127173940704172
-0.0189780838021263,0.0516619548960728,0.00879603367076155,-0.000677149277628171,0.0038035202127124,-0.0120640876597494,0.248709920583548,0.0101877379420184,-0.00837018285054467,-0.00221206977597888,0.00448723464437878,-0.00436596123937849,0.0211574501413035
-0.0126981003404761,-0.00570517395194024,-0.0216891295119033,-0.00133056342070322,-0.00191596499969544,-0.00228680503179566,0.0101877379420184,0.033843010569495,-0.0405787781109597,-0.0145394110644424,-0.0253227247922928,-0.0233907192762164,-0.00448681091319431
-0.00194704380442759,0.016351983813528,0.0575961826693454,0.015097672923544,0.00585265294890614,-0.0116392145606483,-0.00837018285054467,-0.0405787781109597,0.22882279522206,0.0327690813698059,0.0526630955347568,0.0255297979168595,0.0452892707099487
0.00379864773659621,0.0012154998918474,0.00766824934806888,-0.000335085311444536,0.00317312195706357,0.00637798545171714,-0.00221206977597888,-0.0145394110644424,0.0327690813698059,0.0362118018533627,0.0336734478622868,0.0155248481626073,0.0247146843265151
0.00853446403196719,0.00924700219558562,0.0203843604947245,-0.00324560553749736,-0.000337566133346288,0.0112920435673175,0.00448723464437878,-0.0253227247922928,0.0526630955347568,0.0336734478622868,0.0888038881822394,0.0133678296731977,0.035935637981776
0.0269452094196199,0.00943277976503988,0.0311220775254492,0.0107653923712614,0.00824681152972547,-0.000244625840479784,-0.00436596123937849,-0.0233907192762164,0.0255297979168595,0.0155248481626073,0.0133678296731977,0.111704426042268,0.0145568410979915
-0.0034422706989475,0.095742111282852,0.0132044241806657,0.00219052675683775,-0.00531118755414815,-0.00127173940704172,0.0211574501413035,-0.00448681091319431,0.0452892707099487,0.0247146843265151,0.035935637981776,0.0145568410979915,0.229525637948239
