0.0348482964982611,-0.0103661398879563,0.00274395513144563,0.0123652787213379,0.00341999068090795,0.0132832229731106,0.0174509861857936,-0.012456229265138,0.0044630235216946,0.00553646984187599,0.00675582022018911,0.0346086576717654,0.0108110117138432
-0.0103661398879563,0.224454940199764,-0.0115357040487182,-0.0111617092386906,-0.00830036726522571,0.0188280211931218,-0.0299230925252486,-0.0139478822129257,0.0155430757049423,0.00427958692819393,-0.00687024025144125,-0.0137354127348181,0.0799086386141773
0.00274395513144563,-0.0115357040487182,0.105039722814359,0.00304757325619634,0.0116739090698513,-0.0024388962434608,0.0072340906706237,-0.0161926908731086,0.0244131895826136,0.0150447243913956,0.0289354572768242,0.022609618046711,0.0534938550332736
0.0123652787213379,-0.0111617092386906,0.00304757325619634,0.02338273628563,-0.00055382488669424,0.0118493144108818,0.0254753015224737,-0.00543061593983613,0.00925885910346191,0.00453093800611491,0.00125838785604371,0.0154561542437206,0.00336736917860201
0.00341999068090795,-0.00830036726522571,0.0116739090698513,-0.00055382488669424,0.0142419400825253,-0.000374218423721919,0.00640143030726492,-0.000712500446838308,0.00956527958712411,-0.00374781618743953,-0.00159352348250747,0.0110505787838502,0.00852599970572331
0.0132832229731106,0.0188280211931218,-0.0024388962434608,0.0118493144108818,-0.000374218423721919,0.102303650706006,0.027241369916066,0.000306133505059462,-0.00192572652813152,-0.0035287890592048,-0.0304597804719061,0.0176996520087771,-0.0103481257286386
0.0174509861857936,-0.0299230925252486,0.0072340906706237,0.0254753015224737,0.00640143030726492,0.027241369916066,0.249040500715951,-0.0081700142422359,0.0160836939400324,0.0113396024422086,0.00942493243592467,0.0340698427961831,-0.033696864784726
-0.012456229265138,-0.0139478822129257,-0.0161926908731086,-0.00543061593983613,-0.000712500446838308,0.000306133505059462,-0.0081700142422359,0.0312057227303029,-0.0304427101087078,-0.0102462873395587,-0.0132625074818243,-0.0129638299354639,-0.0241125374226358
0.0044630235216946,0.0155430757049423,0.0244131895826136,0.00925885910346191,0.00956527958712411,-0.00192572652813152,0.0160836939400324,-0.0304427101087078,0.230527845412523,0.0177769769455021,0.0246999551916909,0.015848428256324,0.0331381160309393
0.00553646984187599,0.00427958692819393,0.0150447243913956,0.00453093800611491,-0.00374781618743953,-0.0035287890592048,0.0113396024422086,-0.0102462873395587,0.0177769769455021,0.0368061286219935,0.0343784796423619,0.0193934794461116,0.0342774707053365
0.00675582022018911,-0.00687024025144125,0.0289354572768242,0.00125838785604371,-0.00159352348250747,-0.0304597804719061,0.00942493243592467,-0.0132625074818243,0.0246999551916909,0.0343784796423619,0.0979859746034531,0.0225367112343714,0.0389906563694238
0.0346086576717654,-0.0137354127348181,0.022609618046711,0.0154561542437206,0.0110505787838502,0.0176996520087771,0.0340698427961831,-0.0129638299354639,0.015848428256324,0.0193934794461116,0.0225367112343714,0.110233496245637,0.0475576651995999
0.0108110117138432,0.0799086386141773,0.0534938550332736,0.00336736917860201,0.00852599970572331,-0.0103481257286386,-0.033696864784726,-0.0241125374226358,0.0331381160309392,0.0342774707053365,0.0389906563694238,0.0475576651995999,0.239122393934845
