0.176032047189142,-0.00594540331490629,0.0211559962855817,-0.00385338270039928,0.040143141909459,0.0175889050693112,0.00582495691816003,-0.00682815361951822,-0.00335130464519472,0.00326619874290328,0.00549715563440996,0.00739565320772549,-0.00333189656435654,0.0100200187051587,-0.00617552107321243,-0.00441378784143717,-0.00228076211996077,0.00860335200103394,0.00110909857190932,-0.0116296884457842,0.0188112393223971,-0.00261752614399372,-0.0137934283759614,0.0313911844471357
-0.0059454033149063,0.0302892716405247,-0.000982094149674542,0.0156365583505965,0.00319212573873375,0.00352000096566386,-0.00105705688994328,0.00149167524233388,0.0159916749438853,-0.000173720392058984,-0.00330221395441673,-0.00209768372299697,-0.00389434213327106,0.0158244812415552,-0.00466413142991847,-0.00753379182426602,0.00780288277775135,0.000991729785313284,0.000574260130329762,-0.00327044639442658,-0.00576100691174407,-0.000554797246216972,-0.0170818135507622,0.00429048776496945
0.0211559962855817,-0.000982094149674542,0.0664275780734688,-0.00182012268893423,0.0116052953725639,0.0139757503632498,0.00344063493146611,0.0117730086375747,9.55436061509972e-05,0.0111556145734268,0.0141116707024352,0.0244150433955869,0.00392843580222005,0.00808440590678404,-0.000219814311301626,0.0112958016878707,0.000711535947692603,0.00157021262590029,0.000653103346350687,-0.0124603599884967,0.0078089972813731,-0.00354621870191589,0.00210136116018012,0.00177201525751983
-0.00385338270039928,0.0156365583505965,-0.00182012268893423,0.0239617728302596,0.00496003517511722,4.78090238429187e-05,-0.00211887825827367,-0.0011363790773237,0.0180963621103839,0.00171114573732179,-0.00325655483237189,-0.00089285874744949,-0.00248743585151209,0.0232224988278996,-0.00291517498797567,-0.00121312315723729,0.0144233453922699,0.0014261245084296,0.00174387158103716,-0.00390724829210466,-0.00775263488766212,0.000367626281498662,-0.0138558037182938,-0.00852534165536296
0.040143141909459,0.00319212573873375,0.0116052953725639,0.00496003517511722,0.152945822701663,0.0283834693866961,-0.00154447817196381,0.0234053023768185,0.00564250316892199,0.0118820269404235,-0.00210259655895299,-0.000119732691489865,0.00433729055720504,0.0279758054634266,-0.00162972438464236,0.00061303270260603,0.0145982345724828,0.0135213299049359,-0.00452509705538909,0.000701266193935257,-0.00221411013846983,-0.000285605468737342,-0.0164080669453147,0.0244973753914533
0.0175889050693112,0.00352000096566386,0.0139757503632498,4.78090238429187e-05,0.0283834693866961,0.0944112426144219,0.0110073395718599,0.0308070574279207,0.00305364078136677,0.016192783569125,-0.00694276899472294,0.00659443501492846,0.0164899513361516,0.017754798384151,-0.00375174857154387,0.00803283173181708,0.00478847918149227,-0.00115594732695924,-0.00221185170596369,-0.00439341049815952,0.00293414818451487,-0.0102193716116569,0.000498839757789668,0.0201652087609067
0.00582495691816003,-0.00105705688994328,0.00344063493146611,-0.00211887825827367,-0.00154447817196381,0.0110073395718599,0.0522890344400044,-0.00281833252929577,0.00228506181004449,0.00366188124085906,-0.00410354590703472,0.00614814979396105,0.0118639411357608,-8.45200451567003e-05,0.00242333408287509,0.00971560057355588,-0.000231096463837352,-0.00835616008151615,-0.000792012027172552,-0.0123755019065158,0.00547878704493204,-0.00152033514713798,0.00936032497767198,-0.00770890797531424
-0.00682815361951822,0.00149167524233388,0.0117730086375747,-0.0011363790773237,0.0234053023768185,0.0308070574279207,-0.00281833252929577,0.147426881307399,0.0191332404705626,0.0207493670842038,-0.00278617558130182,0.00751781298443031,0.00547332459887916,0.00752578621284532,-0.00619590377874906,0.0122324643453604,0.0101985564086354,0.00677196406167572,-6.62676704729917e-05,0.0283742789783687,-0.0540341323401893,-0.00467259493674845,0.0072795670152992,0.00410257945595553
-0.00335130464519472,0.0159916749438853,9.55436061509972e-05,0.0180963621103839,0.00564250316892199,0.00305364078136677,0.00228506181004449,0.0191332404705626,0.124101153110848,0.00837021647278236,-0.0139803583139137,-0.00124483973657414,-0.00242720496599212,0.0363917518925981,-0.00996954360749552,-0.0154737318466048,0.0200983374971918,0.0124842320080381,0.0070494540596752,-0.0120638430151761,-0.0455165357312157,-0.00322422691233883,-0.0370689233548763,0.00640685021322824
0.00326619874290328,-0.000173720392058984,0.0111556145734268,0.00171114573732179,0.0118820269404235,0.016192783569125,0.00366188124085906,0.0207493670842038,0.00837021647278236,0.0446801771003568,-0.00344843106796414,0.00659263279255277,0.00880847101112386,0.0191954502290207,0.00187630648524849,0.0140332826690383,0.00835496645103097,0.00542862838202895,0.000765327309940839,-0.0135966339573951,-0.00414594869920949,-0.0013790307219779,0.000132812997946209,-0.0116126409119138
0.00549715563440996,-0.00330221395441673,0.0141116707024352,-0.00325655483237189,-0.00210259655895299,-0.00694276899472294,-0.00410354590703472,-0.00278617558130182,-0.0139803583139137,-0.00344843106796414,0.143536555791559,-0.00260752515356029,-0.0140217912045082,-0.0131090915868811,-5.46160640095953e-05,0.0036382239788542,-0.00245386259186264,0.0123608063082007,-0.00916670320053005,0.0052593524318935,0.000850344925303387,0.00396508400663384,-0.00421043124122281,0.0213036973676993
0.00739565320772549,-0.00209768372299697,0.0244150433955869,-0.00089285874744949,-0.000119732691489865,0.00659443501492846,0.00614814979396105,0.00751781298443031,-0.00124483973657414,0.00659263279255277,-0.00260752515356029,0.0383864283558098,0.00976415050011746,0.00627148423077141,0.0021013840178091,0.0106462964874146,-0.00213369514459383,-0.00252172991559408,0.00220090687625358,-0.00319525568282673,0.00441571493795362,-0.00128963685603422,0.00280825609131055,-0.00488194799740916
-0.00333189656435654,-0.00389434213327106,0.00392843580222005,-0.00248743585151209,0.00433729055720504,0.0164899513361516,0.0118639411357608,0.00547332459887916,-0.00242720496599212,0.00880847101112386,-0.0140217912045082,0.00976415050011746,0.118882867146475,0.00228886230263906,0.00829381698266895,0.0306258209013113,0.00501509767092799,0.00554159902441965,-0.00441861530646475,-0.00929935532360625,0.00347318813059794,-0.00153529414583986,0.0204314949726059,-0.0236975441387143
0.0100200187051587,0.0158244812415552,0.00808440590678404,0.0232224988278996,0.0279758054634266,0.017754798384151,-8.45200451567003e-05,0.00752578621284532,0.0363917518925981,0.0191954502290207,-0.0131090915868811,0.00627148423077141,0.00228886230263906,0.240643932729769,-0.0119877952032706,-0.0050345420670886,0.0174133241662282,-9.49034195711267e-05,0.00497336439377264,-0.0132157046844605,-0.0120046683367702,-0.0026944792008586,-0.0697829236103475,-0.0122135429390631
-0.00617552107321243,-0.00466413142991847,-0.000219814311301626,-0.00291517498797567,-0.00162972438464236,-0.00375174857154387,0.00242333408287509,-0.00619590377874906,-0.00996954360749552,0.00187630648524849,-5.46160640095953e-05,0.0021013840178091,0.00829381698266895,-0.0119877952032706,0.0396341945006003,0.0156609845002527,-0.000935930854573057,-0.000469526715095971,-0.00117046705148159,0.000412535072531782,0.00429433083536856,0.00235538281031487,0.00701335028152892,-0.00427503874756009
-0.00441378784143717,-0.00753379182426602,0.0112958016878707,-0.00121312315723729,0.00061303270260603,0.00803283173181708,0.00971560057355588,0.0122324643453604,-0.0154737318466048,0.0140332826690383,0.0036382239788542,0.0106462964874146,0.0306258209013113,-0.0050345420670886,0.0156609845002527,0.175381827648203,-0.0195619466342173,-0.000589929289787461,-0.00236507962904683,-0.00868975045740677,0.0104368871785708,0.00646950473966029,0.0208679364546198,-0.0220182766445691
-0.00228076211996077,0.00780288277775135,0.000711535947692603,0.0144233453922699,0.0145982345724828,0.00478847918149227,-0.000231096463837352,0.0101985564086354,0.0200983374971918,0.00835496645103097,-0.00245386259186264,-0.00213369514459383,0.00501509767092799,0.0174133241662282,-0.000935930854573057,-0.0195619466342173,0.0866020978257675,0.00790280782772732,-0.00212071511996812,0.00217665107079041,-0.0283082658175958,-0.00161018857634439,-0.0156776592932448,-0.00991619767274392
0.00860335200103394,0.000991729785313284,0.00157021262590029,0.0014261245084296,0.0135213299049359,-0.00115594732695924,-0.00835616008151615,0.00677196406167572,0.0124842320080381,0.00542862838202895,0.0123608063082007,-0.00252172991559408,0.00554159902441965,-9.49034195711267e-05,-0.000469526715095971,-0.000589929289787461,0.00790280782772732,0.0816166905260658,-0.0256365005037142,-0.00627250577184162,2.00499808298525e-06,0.00140104039316764,-0.00356783463686495,-0.000537174287310556
0.00110909857190932,0.000574260130329762,0.000653103346350687,0.00174387158103716,-0.00452509705538909,-0.00221185170596369,-0.000792012027172552,-6.62676704729917e-05,0.0070494540596752,0.000765327309940839,-0.00916670320053005,0.00220090687625358,-0.00441861530646475,0.00497336439377264,-0.00117046705148159,-0.00236507962904683,-0.00212071511996812,-0.0256365005037142,0.0271094690502682,0.00179436910344095,-0.00309105122013398,-0.000459731154473154,-0.00585674417840844,-0.00373116004333823
-0.0116296884457842,-0.00327044639442658,-0.0124603599884967,-0.00390724829210466,0.000701266193935257,-0.00439341049815952,-0.0123755019065158,0.0283742789783687,-0.0120638430151761,-0.0135966339573951,0.0052593524318935,-0.00319525568282673,-0.00929935532360625,-0.0132157046844605,0.000412535072531782,-0.00868975045740677,0.00217665107079041,-0.00627250577184161,0.00179436910344095,0.155738052709435,-0.134526063951767,0.00163235994938963,0.0189805504326707,-0.0252499811175113
0.0188112393223971,-0.00576100691174407,0.0078089972813731,-0.00775263488766212,-0.00221411013846983,0.00293414818451487,0.00547878704493204,-0.0540341323401893,-0.0455165357312157,-0.00414594869920949,0.000850344925303387,0.00441571493795362,0.00347318813059794,-0.0120046683367702,0.00429433083536856,0.0104368871785708,-0.0283082658175958,2.00499808298525e-06,-0.00309105122013398,-0.134526063951767,0.209502832442374,0.000671649998038115,0.000691694853248091,0.01432484555861
-0.00261752614399372,-0.000554797246216972,-0.00354621870191589,0.000367626281498662,-0.000285605468737342,-0.0102193716116569,-0.00152033514713798,-0.00467259493674846,-0.00322422691233883,-0.0013790307219779,0.00396508400663384,-0.00128963685603423,-0.00153529414583986,-0.0026944792008586,0.00235538281031487,0.00646950473966029,-0.00161018857634439,0.00140104039316764,-0.000459731154473154,0.00163235994938963,0.000671649998038115,0.0189368888182647,-0.00395076170267346,-0.01125441740617
-0.0137934283759614,-0.0170818135507622,0.00210136116018012,-0.0138558037182938,-0.0164080669453147,0.000498839757789668,0.00936032497767198,0.0072795670152992,-0.0370689233548763,0.000132812997946209,-0.00421043124122281,0.00280825609131055,0.0204314949726059,-0.0697829236103475,0.00701335028152892,0.0208679364546198,-0.0156776592932448,-0.00356783463686495,-0.00585674417840844,0.0189805504326707,0.000691694853248091,-0.00395076170267346,0.161380259880816,-0.117747749675931
0.0313911844471357,0.00429048776496945,0.00177201525751983,-0.00852534165536296,0.0244973753914533,0.0201652087609067,-0.00770890797531424,0.00410257945595553,0.00640685021322824,-0.0116126409119138,0.0213036973676993,-0.00488194799740916,-0.0236975441387143,-0.0122135429390631,-0.00427503874756009,-0.0220182766445691,-0.00991619767274392,-0.000537174287310556,-0.00373116004333823,-0.0252499811175113,0.01432484555861,-0.01125441740617,-0.117747749675931,0.236451162909084
