0.0356494809169093,-0.00718371243146928,-0.00466254290485617,0.0103945105932503,0.00982978119167091,0.00845709611044584,0.0132379017549884,-0.0182140226014723,0.000395719890254374,0.0084467098513605,0.00844300458049073,0.0293206503466494,0.0266313601293127
-0.00718371243146929,0.246015484630354,-0.0129608175142023,0.00394931359169011,-0.00878320123822489,0.00178916425648523,-0.0265913900539613,0.00493033022707773,0.0449236404303671,-0.0064757166982385,-0.0215962026164528,0.0110104791310365,0.0818216640613049
-0.00466254290485617,-0.0129608175142023,0.0845298404748929,-0.00750210857573518,0.0035649286809029,-0.00775930567547823,0.0288839944668901,-0.0255513543792639,0.0565030176436601,0.0181118347655959,0.0182683669780502,0.0110665271142871,0.0304969689208279
0.0103945105932503,0.00394931359169011,-0.00750210857573518,0.0291129393660754,0.00269497562213432,0.020455200602798,0.00117948712659201,-0.00261001645608035,0.00469794848933345,0.0083339535617989,0.00451934095479115,0.0172315122986946,0.020719233382409
0.0098297811916709,-0.00878320123822489,0.0035649286809029,0.00269497562213432,0.0158910008922944,0.00842357321007345,0.022659181677627,-0.00482370749629585,0.00026779949671153,-0.00772804440922276,-0.00931458677208712,0.00990086161439658,0.000484737704929826
0.00845709611044584,0.00178916425648523,-0.00775930567547823,0.020455200602798,0.00842357321007345,0.137521443198234,0.0396544776895011,-0.00875387188319389,0.00133260679959825,0.0133749668022608,0.0171196660950523,0.0217732277104365,0.0234496632821737
0.0132379017549884,-0.0265913900539613,0.0288839944668901,0.00117948712659201,0.0226591816776271,0.0396544776895011,0.239374535003458,-0.0165251012010436,0.00833557074683389,0.00265186823734387,0.0650600395688867,0.0172167507926119,-0.0156435436491502
-0.0182140226014723,0.00493033022707773,-0.0255513543792639,-0.00261001645608035,-0.00482370749629585,-0.00875387188319389,-0.0165251012010436,0.0344286816156239,-0.0354947695438698,-0.0154204161038048,-0.0296273003567519,-0.0214311993209074,-0.0183817786750882
0.000395719890254374,0.0449236404303671,0.0565030176436601,0.00469794848933345,0.00026779949671153,0.00133260679959825,0.00833557074683389,-0.0354947695438698,0.232329009964691,0.0380843685376642,0.100071980562358,-0.00731485150256105,0.0803297762368869
0.0084467098513605,-0.0064757166982385,0.0181118347655959,0.0083339535617989,-0.00772804440922276,0.0133749668022608,0.00265186823734387,-0.0154204161038048,0.0380843685376642,0.0459200753140183,0.0454034180347569,0.0237870895282032,0.0479773648036587
0.00844300458049073,-0.0215962026164528,0.0182683669780502,0.00451934095479115,-0.00931458677208712,0.0171196660950523,0.0650600395688868,-0.0296273003567519,0.100071980562358,0.0454034180347569,0.123730653613562,0.00852346775123012,0.0484533049861569
0.0293206503466494,0.0110104791310365,0.0110665271142871,0.0172315122986946,0.00990086161439658,0.0217732277104365,0.0172167507926119,-0.0214311993209074,-0.00731485150256105,0.0237870895282032,0.00852346775123012,0.0895043257335632,0.0449869340258716
0.0266313601293127,0.0818216640613049,0.0304969689208279,0.020719233382409,0.000484737704929826,0.0234496632821737,-0.0156435436491502,-0.0183817786750882,0.0803297762368869,0.0479773648036587,0.0484533049861569,0.0449869340258716,0.227147788411611
