0.0383236007710286,-0.00468061127021032,0.0136659797158897,0.00889619496172883,0.00291552401148528,-0.0160544970545411,-0.0126891268905047,-0.0116714724394044,-0.00436535244941141,0.00826671610398702,0.00825557279633937,8.84471713172285e-05,0.013504836821194
-0.00468061127021032,0.244599439673368,0.00828486734237049,-0.00950816380610437,-0.013430129736816,-0.0257592957084951,0.0401816030400169,0.00333641880546934,0.0271166286541518,0.0151989882162325,0.0346694491263523,0.0245613006966754,0.0847508769751885
0.0136659797158897,0.00828486734237049,0.120946375301227,-0.00846764478917698,0.00434471687393305,-0.0258553169779768,0.0717345501304745,-0.0091775422188836,0.0646489031992119,0.020749549351766,0.0303954278339036,0.0267470499184517,0.0442472043188813
0.00889619496172883,-0.00950816380610437,-0.00846764478917698,0.0196722144756113,0.00278549522943307,0.0200709411367815,-0.018945930898655,0.00429191096214176,-0.00688481761201522,0.00355850148801544,0.00282827106358292,0.00993428379272222,-0.0135151634232863
0.00291552401148528,-0.013430129736816,0.00434471687393305,0.00278549522943307,0.0119981735071046,0.0126288556071958,0.00573346339053899,0.00421927930873078,-0.00554230540883228,-0.00415718727051679,-0.00796492949122394,-0.0129945748616673,-0.00670908204400788
-0.0160544970545411,-0.0257592957084951,-0.0258553169779768,0.0200709411367815,0.0126288556071958,0.114985318049746,0.041473898643737,0.0128990668771543,0.00912589682029388,-0.00504183676831006,0.00419274514873275,0.0102965380604085,-0.0571295082075168
-0.0126891268905047,0.0401816030400169,0.0717345501304745,-0.018945930898655,0.00573346339053899,0.041473898643737,0.257038811126167,-0.000263503274258422,0.0311249911228664,0.020375978824402,0.0304052598608818,0.01023026704361,0.0241602839864263
-0.0116714724394044,0.00333641880546934,-0.0091775422188836,0.00429191096214176,0.00421927930873078,0.0128990668771543,-0.000263503274258422,0.0277395862900987,-0.0166044441346662,-0.011229083038592,-0.0288186754404119,0.0209932735378919,-0.00339731070909649
-0.00436535244941141,0.0271166286541518,0.0646489031992119,-0.00688481761201522,-0.00554230540883228,0.00912589682029388,0.0311249911228664,-0.0166044441346662,0.20435643600116,0.0237531373804437,0.0238111277351039,-0.00222475543450063,0.113525760754069
0.00826671610398702,0.0151989882162325,0.020749549351766,0.00355850148801544,-0.00415718727051679,-0.00504183676831006,0.020375978824402,-0.011229083038592,0.0237531373804437,0.0224707327672106,0.0298909875947584,0.00351482605902196,0.0312826658131686
0.00825557279633937,0.0346694491263523,0.0303954278339036,0.00282827106358292,-0.00796492949122394,0.00419274514873275,0.0304052598608818,-0.0288186754404119,0.0238111277351039,0.0298909875947584,0.0935445302295992,-0.00819481505351568,0.0280548592613235
8.84471713172285e-05,0.0245613006966754,0.0267470499184517,0.00993428379272222,-0.0129945748616673,0.0102965380604085,0.01023026704361,0.0209932735378919,-0.00222475543450063,0.00351482605902196,-0.00819481505351568,0.0976956893168447,0.0288780700052284
0.013504836821194,0.0847508769751885,0.0442472043188813,-0.0135151634232863,-0.00670908204400788,-0.0571295082075168,0.0241602839864263,-0.00339731070909649,0.113525760754069,0.0312826658131686,0.0280548592613235,0.0288780700052284,0.232373232458782
