0.0783707158265195,0.0128084357667702,-0.0258648493142359,-0.0453710622925349,-0.0175564128564385,-0.0202122374612099,0.0554100881800441,-0.0366039682834284,0.0293871181509846,-0.00980382720141062,0.0239619239480263,-0.0116866350401536,-0.0227022471013542,-0.00431636542372035,0.00862664345626099,-0.01387428349232,0.0265758919509489
0.0128084357667702,0.0990141377145971,-0.00101015482085444,0.0163065252902074,-0.0078123597928071,0.0782341732750741,0.00711824728515685,0.0198993589385187,0.0647591853419423,0.0636116475341268,0.0582578923251575,0.0586721957100172,0.00563962428056135,0.0493132707150937,0.0209592397739918,0.0208879692820176,-0.00163445423769936
-0.0258648493142359,-0.00101015482085444,0.0460947263680753,0.0369306435126124,0.0152415011604311,-0.0131181524776908,-0.017126171000687,0.0313394031383424,0.0212184286840672,0.0217752220629961,0.0283861099934488,-0.0235005689255485,0.0222667765003341,-0.033735507286446,0.0371230877246979,-0.00342831876777187,-0.0110353621150477
-0.0453710622925349,0.0163065252902074,0.0369306435126124,0.0760335290301103,0.019171976022737,0.0198368907176039,-0.0109134173222993,0.0402712297996689,-0.0179522134459019,0.0257585132322341,-0.00720130896984179,0.00463380672792197,0.026413788022282,-0.0160819247789513,0.0250145705578622,0.0247034906972796,-0.0163183982789907
-0.0175564128564385,-0.0078123597928071,0.0152415011604311,0.019171976022737,0.0274180941913262,-0.00769430800894978,-0.0173194238636776,0.00728283817596116,-0.00496397051882981,-0.0203738467475282,-0.00164080454256466,-0.0191894450267039,0.0173708800644623,-0.0287898519783037,-0.00862920938332392,-0.0123310012115835,-0.0340085936899124
-0.0202122374612099,0.0782341732750741,-0.0131181524776908,0.0198368907176039,-0.00769430800894978,0.0879330822864051,-0.0152520520500756,0.0219426252599485,0.0244431382554295,0.0503981592148746,0.0178122328979913,0.0739608246436933,0.00244204278362025,0.0686886328557027,-0.00789368401092943,0.0307390553166995,-0.00785653599912602
0.0554100881800441,0.00711824728515685,-0.017126171000687,-0.0109134173222993,-0.0173194238636776,-0.0152520520500756,0.05687396208735,-0.0240165552927196,-0.00143198302589907,-0.00171741538812935,-0.000684505956801568,-0.00720794237651784,-0.0151750155910324,-0.00719409333838308,0.0165184283626146,0.00573990232315674,0.032723199234522
-0.0366039682834284,0.0198993589385187,0.0313394031383424,0.0402712297996689,0.00728283817596116,0.0219426252599485,-0.0240165552927196,0.0446617279627018,0.0141776714014767,0.0361884634132859,0.0169801181258961,0.0173002419432258,0.00376614590027378,0.0137957066294479,0.0202212049765829,0.0145319462743171,-0.0137516587203217
0.0293871181509846,0.0647591853419423,0.0212184286840672,-0.0179522134459019,-0.00496397051882981,0.0244431382554295,-0.00143198302589907,0.0141776714014767,0.102890256058651,0.0522417562432535,0.0957065823153784,0.00992361325999056,0.00600122192845852,0.00977606408200082,0.0409570900301462,-0.0150756165938256,-0.000108799417381243
-0.00980382720141062,0.0636116475341268,0.0217752220629961,0.0257585132322341,-0.0203738467475282,0.0503981592148746,-0.00171741538812935,0.0361884634132859,0.0522417562432535,0.0790010256360657,0.0509901106843106,0.0430475245151291,0.00346379025385,0.0398560642616549,0.0466094677348196,0.0274177290938914,0.0225470718783557
0.0239619239480263,0.0582578923251575,0.0283861099934488,-0.00720130896984179,-0.00164080454256466,0.0178122328979913,-0.000684505956801568,0.0169801181258961,0.0957065823153784,0.0509901106843106,0.0913577463917095,0.00194571447729327,0.0116214975356291,-0.00172679855833034,0.0466548465324173,-0.0137353319828294,-0.000118097277358233
-0.0116866350401536,0.0586721957100172,-0.0235005689255485,0.00463380672792197,-0.0191894450267039,0.0739608246436934,-0.00720794237651783,0.0173002419432258,0.00992361325999056,0.0430475245151291,0.00194571447729327,0.0746152728099371,-0.0177961870548051,0.0801072068989307,-0.0142101941521542,0.0325302547724517,0.0054586794414232
-0.0227022471013542,0.00563962428056135,0.0222667765003341,0.026413788022282,0.0173708800644623,0.00244204278362025,-0.0151750155910324,0.00376614590027378,0.00600122192845852,0.00346379025385,0.0116214975356291,-0.0177961870548051,0.0383976593635396,-0.035434256460133,0.0140964845150342,-0.00434270693536246,-0.0132775091798603
-0.00431636542372035,0.0493132707150937,-0.033735507286446,-0.0160819247789513,-0.0287898519783037,0.0686886328557027,-0.00719409333838308,0.0137957066294479,0.00977606408200082,0.0398560642616549,-0.00172679855833034,0.0801072068989307,-0.035434256460133,0.0966782232380769,-0.022673994581185,0.0302491625725137,0.0124677727829717
0.00862664345626099,0.0209592397739918,0.0371230877246979,0.0250145705578622,-0.00862920938332392,-0.00789368401092943,0.0165184283626146,0.0202212049765829,0.0409570900301462,0.0466094677348196,0.0466548465324173,-0.0142101941521542,0.0140964845150342,-0.022673994581185,0.0615948919914037,0.00637122123145133,0.0248345475961179
-0.01387428349232,0.0208879692820176,-0.00342831876777187,0.0247034906972796,-0.0123310012115835,0.0307390553166995,0.00573990232315674,0.0145319462743171,-0.0150756165938256,0.0274177290938914,-0.0137353319828294,0.0325302547724517,-0.00434270693536246,0.0302491625725137,0.00637122123145133,0.0286998707243156,0.0145192967226582
0.0265758919509489,-0.00163445423769936,-0.0110353621150477,-0.0163183982789907,-0.0340085936899124,-0.00785653599912602,0.032723199234522,-0.0137516587203217,-0.000108799417381243,0.0225470718783557,-0.000118097277358233,0.0054586794414232,-0.0132775091798603,0.0124677727829717,0.0248345475961179,0.0145192967226582,0.0519225932885196
