3508.56977283603,0,-228.08533341331,0,11.0566026118187,-110.865414944785,318.258069736708,265.929455538431,-65.1725158951512,479.117542122411,7.46162065496219,-1234.66920562383,0,-204.087539974911,-137.968993616239,310.0416200741,0,-55.650598226625,-56.5296119533526,0,-1033.39473204159,-15.9720231173927,678.872993447927,-576.347593669297,1281.92265756445,0,0,11.0775683677148,-475.230298377636,0,22.0706904079636,1019.66232485671,-128.088501002156,-384.607851589991,439.791443864521,-498.677601716386,309.684658142105,645.247476433727,129.722908257864,-358.04678800447,251.442544662451,276.176338993438,0,263.400913879807,-321.10084942308,-560.848005812819,-490.695329132319,0,-35.1986126628795,629.137329079758,-509.95318930896,954.455972887728,379.106857214605,1297.29044380613,247.275420817801,-186.617199062101,-24.1255726608754,-547.307199250255,-219.641651066634,0
0,0.0113479461790918,0,0,0,0,0,0,0,0,0,0,0,0,0,0,0,0,0,0,0,0,0,0,0,0,0,0,0,0,0,0,0,0,0,0,0,0,0,0,0,0,0,0,0,0,0,0,0,0,0,0,0,0,0,0,0,0,0,0
-228.08533341331,0,2273.96742916748,0,-205.116448775168,-30.6195026734264,-155.122228733455,-222.293684673817,28.3195596227335,371.407504885565,360.306810372421,307.791620666674,0,137.35856816172,-521.085112152448,328.880865894843,0,4.65121300848919,1410.30745510165,0,1099.83883841339,-33.9859676499526,-379.067943655693,237.666179635139,-392.163957467613,0,0,-791.704757482905,-317.363586443085,0,243.618042422248,-174.478085994848,475.526881697735,-478.990527595254,453.357540128787,-276.869386594708,-585.014809191289,-373.884969571103,-123.678327333734,3.34549379798292,-610.67618717204,-490.657776435292,0,76.9000148781436,627.640948423824,-112.487461231434,126.811029071304,0,1.86457940867556,-140.492560559205,-209.918301496106,188.117445201139,-202.485603618052,-856.625213315121,254.950065077987,366.634912172454,-673.092845362309,0.0291950041746496,-111.141454564295,0
0,0,0,0.00752400302669076,0,0,0,0,0,0,0,0,0,0,0,0,0,0,0,0,0,0,0,0,0,0,0,0,0,0,0,0,0,0,0,0,0,0,0,0,0,0,0,0,0,0,0,0,0,0,0,0,0,0,0,0,0,0,0,0
11.0566026118187,0,-205.116448775168,0,3771.2795728028,72.3374872808668,-88.0755949966635,192.450428687152,-701.059769224699,-400.366341888935,297.338739707654,795.69850335561,0,-449.668090790843,387.818660419625,588.255118729948,0,1054.48360939577,-1151.53843277369,0,-608.540652706769,-391.100644124973,-1508.74826274492,-781.552130962815,-281.707742238634,0,0,727.702233642982,-1457.68375942307,0,326.029014604722,1478.55917757332,360.164297971042,1824.63774631026,-1238.45008112419,1018.80257526117,354.861636984789,751.604951091773,349.834080039247,109.901313859379,-1024.06734463263,-124.592422506004,0,-259.081918415916,-452.328195737807,-956.18123390469,-563.634279473606,0,-734.304449969387,562.247303800362,622.533883860889,-146.747685898475,-106.563668977442,-916.293450913688,209.807274997764,-65.1029599165615,-342.884682024642,329.597170857917,-3.35935147755023,0
-110.865414944785,0,-30.6195026734264,0,72.3374872808668,3335.01860517822,-24.036340117235,878.123711819135,488.524941754585,-940.018325474506,-491.880321707366,648.977425506474,0,-47.7976993546092,437.021326734942,609.763160408187,0,1391.92364265952,-125.951839992375,0,231.656432756969,512.226572321722,-326.404778057582,713.583757350492,-68.8929949980314,0,0,-578.003919896816,1701.52217736646,0,-1155.54123262901,-275.637278708348,-556.951009722751,-147.393296602943,-158.911773598925,-1115.61365667499,90.60320691241,-179.582084006842,42.7297635236137,255.047921746862,-56.4153893518521,-192.754371908732,0,-95.9353487875503,-414.174280197949,1476.64040789886,32.8179019033137,0,1180.04338933306,-114.037366619141,132.12096120198,-327.530044005159,3.82604454453832,1299.7964926185,-607.912307482653,-466.861093687497,-774.334271511579,480.11647446019,-674.677140773732,0
318.258069736708,0,-155.122228733455,0,-88.0755949966635,-24.036340117235,4719.93001470814,52.5921277285212,47.1641172962692,367.366214914464,137.746576894353,199.134585856142,0,177.334515150461,-27.7042489872267,532.765628722414,0,-393.416431403656,-1506.46696641123,0,-1054.03513258668,280.525295761645,-565.537705951083,55.9104240177234,255.353170913529,0,0,163.509628990875,676.149118205022,0,816.610349848765,-553.691024507705,485.70027563079,-316.277532653942,-347.667334027985,-435.538915345184,-23.4687253623777,-415.771051687717,-122.250229937342,510.405065060187,-291.919261181405,473.131420618654,0,-516.543973447787,-212.278178410252,-523.599841461257,-100.068212519015,0,-243.191346061191,-620.927279548594,-759.331115058012,-205.607351777621,229.661025093729,2778.36086688652,392.415496281071,-634.126798652435,84.1772607361088,99.8641732062105,696.081433922085,0
265.929455538431,0,-222.293684673817,0,192.450428687152,878.123711819135,52.5921277285212,5406.30888335517,-1030.79154921453,-177.33231526835,-90.6997336920773,1382.13441746996,0,-8.92695480753547,651.229850805738,-738.348411704286,0,2623.13175433963,-1962.18376045551,0,-238.69686048008,-1774.94907623609,-924.386947515941,-124.021677261278,-558.430987599464,0,0,-108.874525002388,-611.948443691428,0,-779.641945024604,-806.523425784517,-611.99359998304,-107.668358659486,480.609689549491,-213.09694232825,-417.621668842841,433.031916407964,155.936188384772,-460.968909966408,57.5339637976832,310.088982056383,0,-427.324480641599,-438.7038812935,-802.377627727103,-704.013750391085,0,-428.056238653877,-516.436473893656,847.164714172679,330.248112019425,52.1460609506132,74.5320856628363,-405.211394263349,-549.44248909917,-11.2204030954138,-13.7798305092433,-327.513832276901,0
-65.1725158951512,0,28.3195596227335,0,-701.059769224699,488.524941754585,47.1641172962692,-1030.79154921453,4765.562742762,-1490.95780156222,-534.059642616682,50.5181065891363,0,-9.41100923938962,-217.535903359368,324.943953944679,0,594.394160320862,1194.32564358864,0,389.411965628961,2017.53674240672,271.710599952009,443.97499578159,-8.96888630930454,0,0,-101.105311879796,1091.51604832094,0,-203.386993325508,340.765302474227,375.303582622611,-102.918586887817,-109.634330775314,-196.947335815712,-389.479887598142,-1123.28980644281,-835.521115541112,-9.98615667141622,1391.12724739792,288.428221376221,0,270.866112700085,1011.50157997247,572.535172581568,1672.57496935455,0,373.242048866428,-76.5970256033269,-342.319051936975,-333.533221195685,-285.779744471385,1161.13333071841,-380.328202056575,-238.454143702037,-10.3506681934411,-10.9123951081593,128.944469916277,0
479.117542122411,0,371.407504885565,0,-400.366341888934,-940.018325474506,367.366214914464,-177.33231526835,-1490.95780156222,7214.6843674333,1376.33149194912,-935.108310778968,0,808.868326628234,-1169.59400315121,894.520394353842,0,-221.265760696798,-220.682862026615,0,-247.074099007937,-1522.81245125474,-980.212273527242,249.812801919467,-490.966488230147,0,0,-74.4589286424749,395.303786155787,0,-153.377647489762,698.108083056892,-807.779712216969,-1184.54900185404,524.760098194313,948.276122085166,976.003393706117,231.699339767174,-1510.59089547028,753.680768655846,-259.813883842979,304.162141570444,0,-413.289734927249,-560.781772049619,-409.437830562085,-359.74549135394,0,274.236220906372,379.881544258902,-485.41278208032,228.965477435011,127.169712452513,534.211835063236,295.921389708566,865.143757095063,-418.723740304027,966.924753295071,1485.69277464727,0
7.46162065496218,0,360.306810372421,0,297.338739707654,-491.880321707366,137.746576894353,-90.6997336920773,-534.059642616682,1376.33149194912,5332.60397729971,-299.142519028257,0,46.6143575977377,-158.265702035701,1002.47944166231,0,123.878042216014,-1199.93620092832,0,-792.935729550425,-1636.45544644064,-211.726310863911,-598.198974312289,67.2205683935498,0,0,-596.990305009105,-500.587632713025,0,1105.13451411298,518.746902688744,532.225438053057,-20.8635452432624,-21.4261828250109,1065.4325664048,268.128808769256,572.917048047725,-803.581357470701,-1286.91488989612,-294.84142785988,-589.517561159505,0,1084.14920848091,-862.502228148772,-245.278724802026,-638.748120301025,0,73.4138629085059,-17.1947754807916,-302.478308236147,-288.029193922264,-262.975651317087,200.40513873404,-357.165423419198,100.908395573305,59.5512772652143,-300.601441397725,713.421162192931,0
-1234.66920562383,0,307.791620666674,0,795.69850335561,648.977425506474,199.134585856142,1382.13441746996,50.5181065891363,-935.108310778968,-299.142519028257,5676.52247395776,0,-166.626747903679,391.482076477999,-1482.7423766665,0,2081.75889209028,-421.999322782449,0,699.465142095573,926.938795987134,-42.4314722210961,-504.055439860569,-239.083362393142,0,0,-887.868615526958,-387.545994918358,0,-173.689489855319,-613.700772689132,1497.85832564291,698.374999283155,-945.316900104771,-474.10537799597,549.65131351839,573.87663416076,-137.413015350188,134.316921693034,-1674.90698635341,-856.097158994925,0,-566.577523034169,-234.750683157463,-128.620994171872,279.541467552054,0,-1054.36055236831,-272.962267385429,31.6274659692594,-546.971574890077,-420.145009171879,-822.888614006423,428.668207691798,-694.399004057353,-498.264608809826,108.008468143415,-123.727741658864,0
0,0,0,0,0,0,0,0,0,0,0,0,0.0443323781004367,0,0,0,0,0,0,0,0,0,0,0,0,0,0,0,0,0,0,0,0,0,0,0,0,0,0,0,0,0,0,0,0,0,0,0,0,0,0,0,0,0,0,0,0,0,0,0
-204.087539974911,0,137.35856816172,0,-449.668090790843,-47.7976993546092,177.334515150461,-8.92695480753547,-9.41100923938961,808.868326628234,46.6143575977377,-166.626747903679,0,3169.83018635697,-425.067199846667,874.18223829518,0,756.637308661925,-318.881507877987,0,-14.5212530947945,-629.941455267833,-87.2241009671337,-846.655967763087,-331.323934793197,0,0,-404.270303453492,193.366835404833,0,-806.038071541617,530.747208021803,-721.202015188999,-391.127445691161,553.317350937347,-9.05419597008067,275.969610262069,559.877791809766,-555.11648224957,-218.689673488962,650.0575033996,-400.467581347044,0,-256.796640658404,-190.557165406355,644.289749402302,229.29167334852,0,-536.697107217815,43.6149363700263,62.9732442839828,-169.058693576674,117.942320738074,256.610793443199,31.0109783869728,-109.035898245077,-404.641286007717,-468.942172681383,1401.63963588329,0
-137.968993616239,0,-521.085112152448,0,387.818660419625,437.021326734942,-27.7042489872267,651.229850805738,-217.535903359368,-1169.59400315121,-158.265702035701,391.482076477999,0,-425.067199846667,5195.80230251673,-1312.13259611288,0,-159.89782969505,-154.315292770315,0,294.070163119667,-602.081493179123,1320.08430630389,322.887129779812,-612.262161965135,0,0,882.815311714849,-139.01536346412,0,-910.673647454482,-904.819669007825,272.952759468731,-179.986362305041,376.229611651439,810.327901127284,688.39457107696,297.478307044783,555.656746434128,-106.239023895656,-520.238214288271,-241.69669581742,0,908.617693825217,-32.8762714534593,500.201025352003,43.5912099466119,0,-489.318878712746,-551.785426392322,163.868292654356,-410.512970425858,-334.681515459384,-592.790548660416,206.810989733991,-21.4320654069853,225.638987046928,597.771918824003,-395.843314387011,0
310.0416200741,0,328.880865894843,0,588.255118729948,609.763160408187,532.765628722414,-738.348411704286,324.943953944679,894.520394353842,1002.47944166231,-1482.7423766665,0,874.18223829518,-1312.13259611288,7377.0768684595,0,2292.17877024844,-28.9744583014573,0,-1799.64454565603,220.874199638353,-1790.61176106882,552.83871502927,-16.488904877809,0,0,1178.923178625,668.53219803503,0,-253.934930353054,428.0237386497,-1302.982067837,-123.366178437826,-131.492623066198,-241.139499423913,-483.785339212159,-124.747132870802,-419.304113134572,-539.220843471937,-1037.73824574159,363.59280349114,0,757.091087196432,77.791100486538,1263.85176993224,628.948948135965,0,465.456233622089,912.457887954169,-72.645002565246,-817.083490748959,473.089096196967,2127.20075599097,-77.3687254629947,-296.456872540621,-372.497629678355,-434.235444416233,1257.26130874069,0
0,0,0,0,0,0,0,0,0,0,0,0,0,0,0,0,0.0809459134134315,0,0,0,0,0,0,0,0,0,0,0,0,0,0,0,0,0,0,0,0,0,0,0,0,0,0,0,0,0,0,0,0,0,0,0,0,0,0,0,0,0,0,0
-55.650598226625,0,4.65121300848919,0,1054.48360939577,1391.92364265953,-393.416431403656,2623.13175433963,594.394160320862,-221.265760696798,123.878042216014,2081.75889209028,0,756.637308661925,-159.89782969505,2292.17877024844,0,13289.7365772359,-1750.84538930209,0,-958.777541800828,-1652.39681928605,-1941.75913756646,1596.96230854951,-1250.39991075176,0,0,-1455.13403272695,927.6407422857,0,-1311.04117186186,-284.995494754694,-2250.66968477266,138.528448092627,155.944090489691,-30.10259066462,-144.928210091589,-91.8782807351003,-1088.23441671167,-1847.07701153467,-668.496034632032,1352.26272462793,0,-420.342078823337,-1219.46929271373,352.833007082564,309.599214208451,0,643.766100026357,111.211134423105,-53.8058241008087,-1417.66730098032,312.861124784968,257.388266806328,-876.440356102396,-704.551257640291,-398.921634504666,1076.1166890482,1676.41734404468,0
-56.5296119533526,0,1410.30745510165,0,-1151.53843277369,-125.951839992375,-1506.46696641123,-1962.18376045551,1194.32564358864,-220.682862026615,-1199.93620092832,-421.999322782449,0,-318.881507877987,-154.315292770315,-28.9744583014573,0,-1750.84538930209,12709.181146255,0,1786.05742873513,2021.93138219188,626.191599831618,2390.41281306071,1066.45777944914,0,0,-643.993056650966,-747.520664375222,0,-504.036850873088,-283.979470522641,621.822027271497,140.67781030641,990.535135119555,-1632.684241913,-991.509857091908,665.94985864302,1124.94332996294,1301.95332241738,-1317.08902409778,-1367.2570947589,0,89.0270782300846,-1190.00630986243,1001.28944287294,-272.833968633633,0,57.3065411474698,108.37085763224,-474.305804617075,43.1560110248358,-190.587201702017,-549.487640375052,85.2010583883518,950.874469676471,-389.891201259639,46.4833672279745,-1600.88867081575,0
0,0,0,0,0,0,0,0,0,0,0,0,0,0,0,0,0,0,0,0.0890818453116604,0,0,0,0,0,0,0,0,0,0,0,0,0,0,0,0,0,0,0,0,0,0,0,0,0,0,0,0,0,0,0,0,0,0,0,0,0,0,0,0
-1033.39473204159,0,1099.83883841339,0,-608.540652706769,231.656432756969,-1054.03513258668,-238.69686048008,389.411965628961,-247.074099007937,-792.935729550425,699.465142095574,0,-14.5212530947945,294.070163119667,-1799.64454565603,0,-958.777541800828,1786.05742873513,0,10615.1101362591,260.19198341099,391.329438170577,-999.029104278477,-1551.87795618234,0,0,-148.696008546093,-860.018557678624,0,1268.74841192552,-311.917745141901,567.768125680483,622.117609748781,-162.178513287394,-1101.6441608899,-590.298447142394,1365.62656798186,956.280198252669,-647.983781646404,-1250.01242356007,-243.801141620609,0,-602.371318243758,800.30966172217,1511.10593887611,-405.978256165107,0,-21.5777194879592,-724.861025371122,-88.0846145475384,-19.1742780103281,-427.849582308575,914.064101407937,-94.1697452683627,467.672068414051,-449.613138094244,483.428476579707,-1112.68853650441,0
-15.9720231173927,0,-33.9859676499526,0,-391.100644124973,512.226572321722,280.525295761645,-1774.94907623609,2017.53674240672,-1522.81245125474,-1636.45544644064,926.938795987134,0,-629.941455267833,-602.081493179123,220.874199638354,0,-1652.39681928605,2021.93138219188,0,260.19198341099,14848.7596047245,862.915646514447,-868.169790238155,-142.976560558032,0,0,435.866301980705,193.182014654372,0,874.300167913539,-244.234697490783,-734.369805253348,1197.53806329966,-1216.26153278105,-1385.52660921937,-549.510934887575,-27.1035744124446,-169.845681256045,142.823724524521,-62.8157392994305,-479.069830403407,0,786.972121461825,-360.259053028261,-158.586485198453,1607.96009528548,0,-1023.08813099908,-272.313082700256,-438.815098293607,-1334.87548019692,-457.833602716202,405.461033687617,-209.928555716354,-619.683844459627,542.229020518739,-889.668140828455,-1464.48834001825,0
678.872993447927,0,-379.067943655693,0,-1508.74826274492,-326.404778057582,-565.537705951083,-924.386947515941,271.710599952009,-980.212273527242,-211.726310863911,-42.4314722210961,0,-87.2241009671337,1320.08430630389,-1790.61176106882,0,-1941.75913756646,626.191599831618,0,391.329438170577,862.915646514447,9658.41248213452,-1104.99063220305,2728.87461751327,0,0,475.952480198938,585.819437074402,0,217.943043001069,-2759.41819586841,371.56976219592,-245.317145271845,513.115588317648,-1146.17784483842,158.242922914826,399.944214092023,-1283.31690615958,431.989611291719,-99.2872711305448,-953.97999033263,0,307.065569575233,-46.6356067492213,1905.4657439555,60.2108519642226,0,-667.782251912044,-199.633621215928,-958.130816714987,1668.94050254643,929.72090600181,-52.3504526570196,-153.125959176713,-27.3018053771854,-505.432751270844,-579.694926538727,-535.907772071669,0
-576.347593669297,0,237.666179635139,0,-781.552130962815,713.583757350492,55.9104240177234,-124.021677261278,443.97499578159,249.812801919467,-598.198974312289,-504.055439860569,0,-846.655967763087,322.887129779812,552.83871502927,0,1596.96230854951,2390.41281306071,0,-999.029104278477,-868.169790238155,-1104.99063220305,11149.3023676919,-519.09407098765,0,0,732.61468936602,-90.6116593770402,0,749.172234513603,1065.56043005039,-1525.06702904813,13.4704339227655,1548.44763788253,-149.172185535005,-999.806145058138,-238.792513320477,891.52935153801,-1211.29095823511,441.701257611627,491.735763968581,0,469.605229292496,69.3895934085846,204.883107277616,-349.575924910848,0,2575.92949744234,-1088.28739602193,-910.138878091275,-928.31366021996,-234.390608518986,-657.512126929202,871.604304540929,40.0758324431858,-448.700271586744,1327.24571630369,-396.816547661812,0
1281.92265756445,0,-392.163957467613,0,-281.707742238634,-68.8929949980314,255.353170913529,-558.430987599464,-8.96888630930454,-490.966488230147,67.2205683935499,-239.083362393142,0,-331.323934793197,-612.262161965135,-16.488904877809,0,-1250.39991075176,1066.45777944914,0,-1551.87795618234,-142.976560558032,2728.87461751327,-519.09407098765,6642.43076674797,0,0,-580.447053228461,980.800182502623,0,818.855456595617,-1996.81467729012,1348.93457730825,725.359559578855,-1327.30328092534,-1375.20066617762,400.563402697085,802.812570970399,-191.56110146548,1263.50598266879,-184.435129015767,-577.863055583602,0,52.0967322657443,-1462.47786904579,-726.077685667037,-636.110084119039,0,-285.973400290496,62.036474138182,-265.075002324137,1373.60202938204,172.251058241295,377.21038444959,-347.748791426914,-504.600666326431,143.466860378625,176.048489662569,-719.767311643274,0
0,0,0,0,0,0,0,0,0,0,0,0,0,0,0,0,0,0,0,0,0,0,0,0,0,0.0614843710985203,0,0,0,0,0,0,0,0,0,0,0,0,0,0,0,0,0,0,0,0,0,0,0,0,0,0,0,0,0,0,0,0,0,0
0,0,0,0,0,0,0,0,0,0,0,0,0,0,0,0,0,0,0,0,0,0,0,0,0,0,0.0661699405941818,0,0,0,0,0,0,0,0,0,0,0,0,0,0,0,0,0,0,0,0,0,0,0,0,0,0,0,0,0,0,0,0,0
11.0775683677148,0,-791.704757482905,0,727.702233642982,-578.003919896816,163.509628990875,-108.874525002388,-101.105311879796,-74.4589286424749,-596.990305009105,-887.868615526958,0,-404.270303453492,882.815311714849,1178.923178625,0,-1455.13403272695,-643.993056650966,0,-148.696008546093,435.866301980705,475.952480198938,732.61468936602,-580.447053228461,0,0,7421.85863228031,130.787010657446,0,-48.0754167000792,-90.7483578228295,630.218323225707,-20.9549621651033,-744.345055951262,1960.6433682002,-1146.51242454569,-640.756479490698,-322.945124424902,98.0401105510759,804.459519845504,-690.595181668813,0,-446.116685948715,206.266166020557,283.264204331885,1248.09548449827,0,94.0667272414323,1022.37496978137,375.667405583458,72.6915250154207,-740.707271320338,237.265460950713,803.57012660139,476.014744353133,442.214155120769,-352.485076321513,-282.226609663756,0
-475.230298377636,0,-317.363586443085,0,-1457.68375942307,1701.52217736646,676.149118205022,-611.948443691428,1091.51604832094,395.303786155787,-500.587632713025,-387.545994918358,0,193.366835404833,-139.01536346412,668.53219803503,0,927.6407422857,-747.520664375222,0,-860.018557678624,193.182014654372,585.819437074402,-90.6116593770402,980.800182502623,0,0,130.787010657446,10695.4682235377,0,-1174.59888015719,-249.479980920946,-78.1878915181522,128.539941400905,139.216396682857,709.160318933636,1420.25785803524,-2167.62826274178,1019.11638159581,53.2834067761868,2434.08796726648,1210.51648807461,0,541.664500241909,201.214433087754,1524.38910075258,1867.94308527187,0,2686.99477139876,-1000.39286762064,342.040745703558,45.6096059559196,1187.06101602754,2461.48069401207,-1215.07829767288,118.8092785479,-362.504867170684,48.7842208501463,313.064241331107,0
0,0,0,0,0,0,0,0,0,0,0,0,0,0,0,0,0,0,0,0,0,0,0,0,0,0,0,0,0,0.0567456516262043,0,0,0,0,0,0,0,0,0,0,0,0,0,0,0,0,0,0,0,0,0,0,0,0,0,0,0,0,0,0
22.0706904079636,0,243.618042422248,0,326.029014604722,-1155.54123262901,816.610349848765,-779.641945024604,-203.386993325508,-153.377647489762,1105.13451411298,-173.689489855319,0,-806.038071541617,-910.673647454482,-253.934930353054,0,-1311.04117186186,-504.036850873088,0,1268.74841192552,874.300167913539,217.943043001069,749.172234513604,818.855456595617,0,0,-48.0754167000792,-1174.59888015719,0,12098.7423034804,1234.41704870771,1861.31644746119,1277.15429089214,-49.9568822077848,428.192989959277,-94.6037513763801,30.4668254092926,-2538.89661056345,-344.393591282542,-116.491536358784,-224.317350082204,0,-897.08070326773,410.254209345497,-6.88271596755565,-4.03626112215937,0,1174.38901466436,-1079.77493667563,751.457869225238,978.114462801293,-1047.44773712764,-932.147972996819,785.231396053363,-473.014428692848,-241.830835828523,-277.627280721929,-6.54982883149949,0
1019.66232485671,0,-174.478085994848,0,1478.55917757332,-275.637278708348,-553.691024507705,-806.523425784517,340.765302474227,698.108083056892,518.746902688744,-613.700772689132,0,530.747208021803,-904.819669007825,428.0237386497,0,-284.995494754694,-283.979470522641,0,-311.917745141901,-244.234697490784,-2759.41819586841,1065.56043005039,-1996.81467729012,0,0,-90.7483578228295,-249.479980920946,0,1234.41704870771,11255.7218053735,-1010.90878693015,1296.48149928074,2168.97856064336,1183.89895112994,450.981185787385,293.658238551894,-570.599532072673,-1316.05490980798,276.178503403343,987.180131899475,0,-514.572844135402,-64.3677551548311,-1106.10077832278,597.401771943777,0,862.684053690059,-68.8891989038108,928.349353993319,287.29908463522,-294.714639412072,-806.134807633946,367.48125655106,-37.943637612288,-917.682781644356,300.519414232803,670.870325504248,0
-128.088501002156,0,475.526881697735,0,360.164297971042,-556.951009722751,485.70027563079,-611.99359998304,375.303582622611,-807.779712216969,532.225438053057,1497.85832564291,0,-721.202015188999,272.952759468731,-1302.982067837,0,-2250.66968477266,621.822027271497,0,567.768125680483,-734.369805253348,371.56976219592,-1525.06702904813,1348.93457730825,0,0,630.218323225707,-78.1878915181522,0,1861.31644746119,-1010.90878693015,8082.23809454895,1807.6444977494,-642.792801527152,3012.76603753796,1130.49130568903,-209.200237118971,188.712988595936,-59.7970520856991,-140.788098852628,-1162.39942719585,0,397.434688183647,608.652251182851,172.247628335123,-299.524016541102,0,-1403.49573755461,481.651051613458,544.799500995939,702.199156832723,-587.739797859628,-566.792607206028,10.569564753684,32.6547629915557,-41.7127572598326,-49.9677990341047,-845.376199157407,0
-384.607851589991,0,-478.990527595254,0,1824.63774631026,-147.393296602943,-316.277532653942,-107.668358659486,-102.918586887817,-1184.54900185404,-20.8635452432624,698.374999283155,0,-391.127445691161,-179.986362305041,-123.366178437826,0,138.528448092627,140.67781030641,0,622.11760974878,1197.53806329966,-245.317145271845,13.4704339227655,725.359559578854,0,0,-20.9549621651033,128.539941400905,0,1277.15429089214,1296.48149928074,1807.6444977494,7103.37287112218,-734.170249535468,550.489030706915,-409.511747828361,2582.59990057541,302.790981976852,-432.30188464918,-341.062658793619,-112.041527114067,0,405.40059119728,-397.281598064808,-1392.68822945118,241.38406520765,0,-401.272174020511,-16.7882580344897,365.751260135683,74.4262750433355,115.851565499374,-457.041066688256,-809.98895258527,-578.670914058651,-301.710619702562,-351.427560800192,-276.468685602836,0
439.791443864521,0,453.357540128787,0,-1238.45008112419,-158.911773598925,-347.667334027985,480.609689549491,-109.634330775314,524.760098194313,-21.4261828250109,-945.316900104771,0,553.317350937347,376.229611651439,-131.492623066198,0,155.944090489691,990.535135119555,0,-162.178513287394,-1216.26153278105,513.115588317648,1548.44763788253,-1327.30328092534,0,0,-744.345055951262,139.216396682857,0,-49.9568822077848,2168.97856064336,-642.792801527152,-734.170249535468,8472.18946502255,1344.26154464802,-450.340662501338,718.399930958049,1004.23101441959,-1048.86430587394,2079.60661115966,-747.55590031473,0,442.873773688779,-434.269810884033,906.455835504952,266.31366132652,0,-437.195677559635,539.711182668198,8.34075468236602,80.4895992381805,-332.575248566035,250.028221507371,419.166616569543,128.861380094717,874.081119863657,-844.356648473859,297.566601537743,0
-498.677601716386,0,-276.869386594708,0,1018.80257526117,-1115.61365667499,-435.538915345184,-213.09694232825,-196.947335815712,948.276122085166,1065.4325664048,-474.10537799597,0,-9.05419597008067,810.327901127283,-241.139499423913,0,-30.10259066462,-1632.684241913,0,-1101.6441608899,-1385.52660921937,-1146.17784483842,-149.172185535005,-1375.20066617762,0,0,1960.6433682002,709.160318933636,0,428.192989959277,1183.89895112994,3012.76603753796,550.489030706915,1344.26154464802,8347.83470960455,-520.969008662531,-1490.37325305906,842.894965944966,-22.0496776725959,659.154483139511,-817.651522273659,0,356.657657808,1964.63673537062,-993.246322718629,-356.273860622278,0,-531.613037804148,1506.60475482872,1427.67463236356,-19.5558939047798,62.1208240052303,-627.829807442219,340.571771170874,46.3792502479089,759.912761080358,-16.5114148178302,756.476075272371,0
309.684658142105,0,-585.014809191289,0,354.861636984789,90.60320691241,-23.4687253623777,-417.621668842841,-389.479887598142,976.003393706117,268.128808769256,549.65131351839,0,275.969610262069,688.39457107696,-483.785339212159,0,-144.928210091589,-991.509857091908,0,-590.298447142394,-549.510934887575,158.242922914826,-999.806145058138,400.563402697085,0,0,-1146.51242454569,1420.25785803524,0,-94.6037513763801,450.981185787385,1130.49130568903,-409.511747828361,-450.340662501338,-520.969008662532,6976.56015162776,-210.970028226098,-1325.63015714435,-1268.01285102887,-1096.33653914584,-433.573190554766,0,670.997282703053,-692.857927304966,660.333177930342,578.74945349501,0,444.588787868334,-318.276110965567,675.216931068305,372.877560511119,-147.68485005836,-33.2892712774097,191.383767842699,364.472305223333,-68.2319736383793,-80.8111681421853,-565.128607250435,0
645.247476433727,0,-373.884969571103,0,751.604951091773,-179.582084006842,-415.771051687717,433.031916407964,-1123.28980644281,231.699339767174,572.917048047725,573.87663416076,0,559.877791809766,297.478307044783,-124.747132870802,0,-91.8782807351003,665.949858643019,0,1365.62656798186,-27.1035744124446,399.944214092023,-238.792513320477,802.812570970399,0,0,-640.756479490698,-2167.62826274178,0,30.4668254092926,293.658238551894,-209.200237118971,2582.59990057541,718.399930958049,-1490.37325305906,-210.970028226098,9295.33618209057,812.395689210731,-67.0023662722478,-1256.42104241531,-676.360134593652,0,427.852326307115,-1118.61152044815,-366.314336558765,-322.183910375318,0,-61.7009968645291,11.4776550154278,-478.45418513097,352.650729065886,-629.457321823125,-601.78183242953,-382.889315258187,-995.00859278186,320.613614820679,-895.200956715548,1275.20554396669,0
129.722908257864,0,-123.678327333734,0,349.834080039247,42.7297635236137,-122.250229937342,155.936188384772,-835.521115541112,-1510.59089547028,-803.581357470701,-137.413015350188,0,-555.11648224957,555.656746434128,-419.304113134572,0,-1088.23441671167,1124.94332996294,0,956.280198252669,-169.845681256045,-1283.31690615958,891.52935153801,-191.56110146548,0,0,-322.945124424902,1019.11638159581,0,-2538.89661056345,-570.599532072673,188.712988595936,302.790981976852,1004.23101441959,842.894965944966,-1325.63015714435,812.395689210731,7604.10728127608,-238.631566901937,300.468334721989,-381.727573640188,0,601.304832374786,-161.868163057966,-48.1949947919098,-1438.7304375951,0,-686.020838369539,727.395958048996,-227.470560919762,-566.90736029421,1152.94015209517,476.664791130402,-192.870010959424,239.974490448088,1237.98696873704,211.471927815697,-566.405780600303,0
-358.04678800447,0,3.34549379798292,0,109.901313859379,255.047921746862,510.405065060187,-460.968909966408,-9.98615667141622,753.680768655846,-1286.91488989612,134.316921693034,0,-218.689673488962,-106.239023895656,-539.220843471937,0,-1847.07701153467,1301.95332241738,0,-647.983781646404,142.823724524521,431.989611291719,-1211.29095823511,1263.50598266879,0,0,98.0401105510759,53.2834067761868,0,-344.393591282542,-1316.05490980798,-59.7970520856991,-432.30188464918,-1048.86430587394,-22.0496776725959,-1268.01285102887,-67.0023662722478,-238.631566901937,6045.4838766149,456.162934984199,-480.620435828509,0,-628.001594214466,1605.38406426276,-213.059093716889,208.917740208324,0,432.530403991904,-338.594507778045,837.138426039644,-298.474422191143,-129.356442596456,-382.554142950292,-266.051806287267,653.180412359567,-272.905558254859,722.189097389027,-207.718746837235,0
251.442544662451,0,-610.67618717204,0,-1024.06734463263,-56.4153893518521,-291.919261181405,57.5339637976832,1391.12724739792,-259.813883842979,-294.84142785988,-1674.90698635341,0,650.0575033996,-520.238214288271,-1037.73824574159,0,-668.496034632032,-1317.08902409778,0,-1250.01242356007,-62.8157392994305,-99.2872711305448,441.701257611627,-184.435129015767,0,0,804.459519845504,2434.08796726648,0,-116.491536358784,276.178503403343,-140.788098852628,-341.062658793619,2079.60661115966,659.154483139511,-1096.33653914584,-1256.42104241531,300.468334721989,456.1629349842,8046.98426413352,1042.71210198032,0,144.360758265958,1173.64295498709,-209.377894479928,1505.35446313325,0,845.024043686347,617.283443404653,537.275662788354,2.18631474697613,-377.846742219318,176.022187953592,-552.827664859039,988.452536370981,1271.84414720698,6.32658619634143,-205.445811985169,0
276.176338993438,0,-490.657776435292,0,-124.592422506004,-192.754371908732,473.131420618654,310.088982056383,288.428221376221,304.162141570444,-589.517561159505,-856.097158994925,0,-400.467581347044,-241.69669581742,363.59280349114,0,1352.26272462793,-1367.2570947589,0,-243.801141620609,-479.069830403407,-953.97999033263,491.735763968581,-577.863055583602,0,0,-690.595181668813,1210.51648807461,0,-224.317350082204,987.180131899475,-1162.39942719585,-112.041527114067,-747.55590031473,-817.651522273659,-433.573190554766,-676.360134593652,-381.727573640188,-480.620435828509,1042.71210198032,5808.21935901838,0,-69.7975943497038,591.609486279076,-828.521507555934,-300.202768907634,0,839.938754904288,-532.007653830828,-378.179822492466,-722.519071539807,-312.647315810001,1284.21273549594,-418.328389825269,344.188943691372,-335.074335458227,1101.09401737338,145.619067492583,0
0,0,0,0,0,0,0,0,0,0,0,0,0,0,0,0,0,0,0,0,0,0,0,0,0,0,0,0,0,0,0,0,0,0,0,0,0,0,0,0,0,0,0.0265916524167871,0,0,0,0,0,0,0,0,0,0,0,0,0,0,0,0,0
263.400913879807,0,76.9000148781436,0,-259.081918415916,-95.9353487875503,-516.543973447787,-427.324480641599,270.866112700085,-413.289734927249,1084.14920848091,-566.57752303417,0,-256.796640658404,908.617693825217,757.091087196432,0,-420.342078823337,89.0270782300846,0,-602.371318243758,786.972121461825,307.065569575233,469.605229292496,52.0967322657443,0,0,-446.116685948715,541.664500241909,0,-897.08070326773,-514.572844135402,397.434688183647,405.40059119728,442.873773688779,356.657657808,670.997282703053,427.852326307115,601.304832374786,-628.001594214466,144.360758265958,-69.7975943497038,0,3030.77289325617,131.939854684198,546.836756696048,-156.997305180905,0,57.7969396298813,322.816555871157,-227.175087785206,-216.682819311935,73.9544593953821,151.632029053618,250.537515987053,-149.762428658053,44.003901034683,48.2552352963589,-182.334565521624,0
-321.10084942308,0,627.640948423824,0,-452.328195737807,-414.174280197949,-212.278178410252,-438.7038812935,1011.50157997247,-560.781772049619,-862.502228148772,-234.750683157463,0,-190.557165406355,-32.8762714534593,77.791100486538,0,-1219.46929271373,-1190.00630986243,0,800.30966172217,-360.259053028261,-46.6356067492213,69.3895934085846,-1462.47786904579,0,0,206.266166020557,201.214433087754,0,410.254209345497,-64.3677551548311,608.652251182851,-397.281598064808,-434.269810884033,1964.63673537062,-692.857927304966,-1118.61152044815,-161.868163057966,1605.38406426276,1173.64295498709,591.609486279076,0,131.939854684198,7422.37015543827,-142.653220105981,772.197407418597,0,137.589825736258,625.547387267966,692.992385189805,861.165407448661,673.944912294237,-308.024005256831,-244.192847660783,483.995858125279,779.386393693694,-661.54873915902,-143.807351304788,0
-560.848005812819,0,-112.487461231434,0,-956.18123390469,1476.64040789886,-523.599841461257,-802.377627727103,572.535172581568,-409.437830562085,-245.278724802026,-128.620994171872,0,644.289749402302,500.201025352003,1263.85176993224,0,352.833007082565,1001.28944287294,0,1511.10593887611,-158.586485198453,1905.4657439555,204.883107277616,-726.077685667037,0,0,283.264204331885,1524.38910075258,0,-6.88271596755565,-1106.10077832278,172.247628335123,-1392.68822945118,906.455835504952,-993.246322718629,660.333177930342,-366.314336558765,-48.1949947919098,-213.059093716889,-209.377894479928,-828.521507555934,0,546.836756696048,-142.653220105981,6153.47437663214,-34.5830334699144,0,1058.24012203,215.271928616175,-202.251516506302,-163.638759916885,316.542094063715,425.809883350905,-173.666733556865,215.296208056006,-779.049758959179,-536.502696961907,430.994132566843,0
-490.695329132319,0,126.811029071304,0,-563.634279473606,32.8179019033137,-100.068212519015,-704.013750391085,1672.57496935455,-359.74549135394,-638.748120301025,279.541467552054,0,229.29167334852,43.5912099466119,628.948948135965,0,309.599214208451,-272.833968633633,0,-405.978256165107,1607.96009528548,60.2108519642226,-349.575924910848,-636.110084119039,0,0,1248.09548449827,1867.94308527187,0,-4.03626112215937,597.401771943777,-299.524016541102,241.38406520765,266.31366132652,-356.273860622278,578.74945349501,-322.183910375318,-1438.7304375951,208.917740208324,1505.35446313325,-300.202768907634,0,-156.997305180905,772.197407418597,-34.5830334699144,4754.47316131583,0,193.552142730646,-578.21620198503,359.417477024662,-449.895945581647,-669.942513196493,-660.632432384305,148.78890821608,713.544651984183,-131.112332897577,-468.701467087083,378.828951305469,0
0,0,0,0,0,0,0,0,0,0,0,0,0,0,0,0,0,0,0,0,0,0,0,0,0,0,0,0,0,0,0,0,0,0,0,0,0,0,0,0,0,0,0,0,0,0,0,0.0368039017561482,0,0,0,0,0,0,0,0,0,0,0,0
-35.1986126628795,0,1.86457940867556,0,-734.304449969387,1180.04338933306,-243.191346061191,-428.056238653877,373.242048866428,274.236220906372,73.4138629085059,-1054.36055236831,0,-536.697107217815,-489.318878712746,465.456233622089,0,643.766100026357,57.3065411474699,0,-21.5777194879592,-1023.08813099908,-667.782251912044,2575.92949744234,-285.973400290496,0,0,94.0667272414323,2686.99477139876,0,1174.38901466436,862.68405369006,-1403.49573755461,-401.272174020511,-437.195677559635,-531.613037804148,444.588787868334,-61.7009968645291,-686.020838369539,432.530403991904,845.024043686346,839.938754904288,0,57.7969396298813,137.589825736258,1058.24012203,193.552142730646,0,5146.97540822878,-694.37794494997,505.343367109607,-275.049867055686,-117.77118937207,679.470466052868,-246.210567089523,-180.652758599352,-526.438655768371,665.87236027153,-192.528089182648,0
629.137329079758,0,-140.492560559205,0,562.247303800362,-114.037366619141,-620.927279548594,-516.436473893657,-76.5970256033269,379.881544258902,-17.1947754807916,-272.962267385429,0,43.6149363700263,-551.785426392322,912.457887954169,0,111.211134423105,108.37085763224,0,-724.861025371122,-272.313082700256,-199.633621215928,-1088.28739602193,62.036474138182,0,0,1022.37496978137,-1000.39286762064,0,-1079.77493667563,-68.8891989038108,481.651051613458,-16.7882580344897,539.711182668198,1506.60475482872,-318.276110965567,11.4776550154278,727.395958048996,-338.594507778045,617.283443404653,-532.007653830828,0,322.816555871157,625.547387267966,215.271928616175,-578.21620198503,0,-694.37794494997,4389.57315731514,6.57426686446,689.705831285887,-566.429100607929,-893.560988535291,304.905477509308,-180.351185208938,918.263149496899,-940.705013740086,-646.030602576591,0
-509.95318930896,0,-209.918301496106,0,622.533883860889,132.12096120198,-759.331115058012,847.16471417268,-342.319051936975,-485.41278208032,-302.478308236147,31.6274659692594,0,62.9732442839828,163.868292654356,-72.645002565246,0,-53.8058241008087,-474.305804617075,0,-88.0846145475384,-438.815098293607,-958.130816714987,-910.138878091275,-265.075002324137,0,0,375.667405583458,342.040745703558,0,751.457869225238,928.349353993319,544.799500995939,365.751260135682,8.34075468236602,1427.67463236356,675.216931068305,-478.45418513097,-227.470560919762,837.138426039644,537.275662788354,-378.179822492466,0,-227.175087785206,692.992385189805,-202.251516506302,359.417477024662,0,505.343367109608,6.57426686446,2901.14523094164,-28.0536642015797,-117.698125304731,-1099.73989081217,-215.516893556697,211.486509177947,177.532180609949,-29.2431686724913,-504.475537447886,0
954.455972887728,0,188.117445201139,0,-146.747685898475,-327.530044005159,-205.607351777621,330.248112019425,-333.533221195685,228.965477435011,-288.029193922264,-546.971574890077,0,-169.058693576674,-410.512970425858,-817.083490748959,0,-1417.66730098032,43.1560110248358,0,-19.1742780103281,-1334.87548019692,1668.94050254643,-928.31366021996,1373.60202938204,0,0,72.6915250154207,45.6096059559196,0,978.114462801293,287.29908463522,702.199156832723,74.4262750433355,80.4895992381805,-19.5558939047798,372.877560511119,352.650729065886,-566.90736029421,-298.474422191143,2.18631474697613,-722.519071539807,0,-216.682819311935,861.165407448661,-163.638759916885,-449.895945581647,0,-275.049867055686,689.705831285887,-28.0536642015797,3560.01975301022,423.515492510613,-293.133226910445,-203.086596821605,-149.833047565122,479.784290951924,-504.802791818818,-504.356094070352,0
379.106857214605,0,-202.485603618052,0,-106.563668977442,3.82604454453832,229.661025093729,52.1460609506132,-285.779744471385,127.169712452513,-262.975651317087,-420.145009171879,0,117.942320738074,-334.681515459384,473.089096196967,0,312.861124784968,-190.587201702017,0,-427.849582308575,-457.833602716202,929.72090600181,-234.390608518986,172.251058241295,0,0,-740.707271320338,1187.06101602754,0,-1047.44773712764,-294.714639412072,-587.739797859628,115.851565499374,-332.575248566035,62.1208240052303,-147.68485005836,-629.457321823125,1152.94015209517,-129.356442596456,-377.846742219318,-312.647315810001,0,73.9544593953821,673.944912294238,316.542094063715,-669.942513196493,0,-117.77118937207,-566.429100607929,-117.698125304731,423.515492510613,2586.65744742749,1218.28805205694,-443.697644681637,-280.71417444016,146.976099197159,-378.002215417949,1380.24079916176,0
1297.29044380613,0,-856.625213315121,0,-916.293450913688,1299.7964926185,2778.36086688652,74.5320856628363,1161.13333071841,534.211835063236,200.40513873404,-822.888614006423,0,256.610793443199,-592.790548660416,2127.20075599097,0,257.388266806328,-549.487640375052,0,914.064101407937,405.461033687617,-52.3504526570196,-657.512126929202,377.21038444959,0,0,237.265460950713,2461.48069401207,0,-932.147972996819,-806.134807633946,-566.792607206028,-457.041066688256,250.028221507371,-627.829807442219,-33.2892712774097,-601.78183242953,476.664791130402,-382.554142950292,176.022187953592,1284.21273549594,0,151.632029053618,-308.024005256831,425.809883350905,-660.632432384305,0,679.470466052868,-893.560988535291,-1099.73989081217,-293.133226910445,1218.28805205694,9816.63249473958,-280.107487517848,-914.702216666178,-264.940731242552,141.907189053973,1004.36096929541,0
