0.0544174080040287,0.0156068446329403,0.034076221051723,-0.00182759437165953,-0.00961949643580396,-0.000172700366926337,-0.00127957737793568,-0.000166233932981329,-0.00126327484274208,-0.00109609094500219,-0.000643040732396313,-0.000101416173333421,-0.00168150557333624,-0.000644274004508613,0.000461041935379238,0.00097287024502003,-0.0210068886897643,-0.0220442739777852,-0.0160526728318409,-0.0166905766489289,0.00613345908053918,-0.0126021268707291
0.0156068446329403,0.0421280821852969,-0.00463286871403143,0.00801509427468402,0.00499923476846846,0.00753199030986334,0.00733392948208553,0.00753449753459602,0.00298203355003602,0.00389468359640542,0.00371568394027618,0.00216054642456106,0.00103419178572896,0.00371709968812585,0.00674023127845585,-0.00147293461236177,-0.00690341098467296,-0.0139711982490994,0.00192442997347447,0.00247332958668089,0.00599380023664772,0.00330213727606852
0.034076221051723,-0.00463286871403143,0.0671301952731331,-0.0131785683915382,-0.0158229007081356,-0.0114619579363897,-0.00992125233282194,-0.0114558528956502,-0.0111824681457397,-0.0101151280375634,-0.014136548115629,-0.00765749121905037,-0.00518103392832074,-0.0141341346054455,-0.00982718664152659,0.0136587996627588,-0.0240851988793617,0.00465243214742634,-0.0205259346321266,-0.0173142640885094,-0.0060030566398435,-0.0180028264499773
-0.00182759437165953,0.00801509427468402,-0.0131785683915382,0.023758116271211,0.0208769270965182,0.0218649020097841,0.0219260119101128,0.0218614186018994,0.0187981792911256,0.0171269028896968,0.0213827725794203,0.0159019907596327,0.0124347954481144,0.0213796881521614,0.0161913451452932,-0.0199526848012353,0.0138913205213568,-0.00241137437460354,0.0204749395360436,0.00851456871757792,0.0112459688522915,0.0204094451228832
-0.00961949643580396,0.00499923476846846,-0.0158229007081356,0.0208769270965182,0.0201336436473466,0.0191207562669967,0.0191907129226171,0.0191169077397748,0.0163060666196738,0.0148235536430944,0.0185092697005937,0.0135521248289049,0.0107181585655483,0.0185069679104061,0.0140008787436441,-0.0171795488822712,0.0152115827115757,0.000293665943029074,0.0202377749053332,0.00967082046817802,0.0080557422752027,0.0195838271035717
-0.000172700366926337,0.00753199030986334,-0.0114619579363897,0.0218649020097841,0.0191207562669967,0.0205727409106399,0.0202651838046011,0.0205692107796231,0.0175926753925064,0.0159307093390003,0.0201627904634401,0.0148283640310261,0.0114263735544706,0.0201598098396853,0.0149387475634298,-0.0183490668222263,0.0122011455719357,-0.00333801046257199,0.0185964399570424,0.00636844921511639,0.0102189002974926,0.018485848702977
-0.00127957737793568,0.00733392948208553,-0.00992125233282194,0.0219260119101128,0.0191907129226171,0.0202651838046011,0.0212716463313743,0.0202617973076448,0.018172717415202,0.0166212051569604,0.0204233470035877,0.0159734627387033,0.0124957016360576,0.0204206200728934,0.0146979771037107,-0.0189484458248629,0.0129272007111641,-0.000564397026217515,0.0198422222756684,0.0080323205463497,0.00982984906235121,0.0199586414992776
-0.000166233932981329,0.00753449753459602,-0.0114558528956502,0.0218614186018994,0.0191169077397748,0.0205692107796231,0.0202617973076448,0.0205656965896286,0.017589033359497,0.0159277170174102,0.0201588253136544,0.014825408293013,0.0114232718704336,0.0201558444443437,0.014937569043179,-0.0183459984819038,0.0121943548859609,-0.00334114786933725,0.0185926172267626,0.00636751552104559,0.0102198853947404,0.0184821175079239
-0.00126327484274208,0.00298203355003602,-0.0111824681457397,0.0187981792911256,0.0163060666196738,0.0175926753925064,0.018172717415202,0.017589033359497,0.0257192978011875,0.0223601929047629,0.0301328678017909,0.0226637219958567,0.0167382212140602,0.0301290308864808,0.0135510318048763,-0.0235705247243935,0.0191458062325346,-0.00179282808639553,0.0184584197405645,0.0106392667513127,0.012202170240412,0.0188420077008952
-0.00109609094500219,0.00389468359640542,-0.0101151280375634,0.0171269028896968,0.0148235536430944,0.0159307093390003,0.0166212051569604,0.0159277170174102,0.0223601929047629,0.0197866104889549,0.0260223291893817,0.0197968812557678,0.0147140470935781,0.0260192404466217,0.0123489970978524,-0.0204153359196852,0.0155370797645434,-0.00153686676691224,0.0162976560774573,0.00900480998884574,0.0106132562438203,0.0166716400883336
-0.000643040732396313,0.00371568394027618,-0.014136548115629,0.0213827725794203,0.0185092697005937,0.0201627904634401,0.0204233470035877,0.0201588253136544,0.0301328678017909,0.0260223291893817,0.03608182134246,0.0262441155835449,0.0188583403637094,0.0360772431530656,0.015508768864618,-0.0273417628684901,0.0220702219395433,-0.00251646838354739,0.0200398048677161,0.0108545890840503,0.012851719666168,0.020575559317282
-0.000101416173333421,0.00216054642456106,-0.00765749121905037,0.0159019907596327,0.0135521248289049,0.0148283640310261,0.0159734627387033,0.014825408293013,0.0226637219958567,0.0197968812557678,0.0262441155835449,0.0206242830136393,0.0151514672244635,0.0262409438973065,0.011484908286691,-0.0210060861976166,0.0163532611168476,-0.000798417335835405,0.0163826004290767,0.00943660517785268,0.010893008918313,0.0167470194842865
-0.00168150557333624,0.00103419178572896,-0.00518103392832074,0.0124347954481144,0.0107181585655483,0.0114263735544706,0.0124957016360576,0.0114232718704336,0.0167382212140602,0.0147140470935781,0.0188583403637094,0.0151514672244635,0.0118432518227111,0.0188558203004833,0.00874331446279226,-0.015551753658298,0.0129471084408767,0.000136534019317242,0.013026720351665,0.0084198512514003,0.00876414908300186,0.013192847676049
-0.000644274004508613,0.00371709968812585,-0.0141341346054455,0.0213796881521614,0.0185069679104061,0.0201598098396853,0.0204206200728934,0.0201558444443437,0.0301290308864808,0.0260192404466217,0.0360772431530656,0.0262409438973065,0.0188558203004833,0.0360726677770809,0.0155066619923636,-0.0273385439531164,0.0220676452519018,-0.00251623803755909,0.0200365123260887,0.0108516884381322,0.0128483144334364,0.0205729089883657
0.000461041935379238,0.00674023127845585,-0.00982718664152659,0.0161913451452932,0.0140008787436441,0.0149387475634298,0.0146979771037107,0.014937569043179,0.0135510318048763,0.0123489970978524,0.015508768864618,0.011484908286691,0.00874331446279226,0.0155066619923636,0.0124819809128964,-0.0144132563407406,0.00923646215428549,-0.00656840084862002,0.0126341469730472,0.00552894798983093,0.00885773653380322,0.0126042133776593
0.00097287024502003,-0.00147293461236177,0.0136587996627588,-0.0199526848012353,-0.0171795488822712,-0.0183490668222263,-0.0189484458248629,-0.0183459984819038,-0.0235705247243935,-0.0204153359196852,-0.0273417628684901,-0.0210060861976166,-0.015551753658298,-0.0273385439531164,-0.0144132563407406,0.0309223262076827,-0.0278436923635828,0.00542753032281507,-0.021462615716331,-0.0106135012036854,-0.014722393513025,-0.0215548582259768
-0.0210068886897643,-0.00690341098467296,-0.0240851988793617,0.0138913205213568,0.0152115827115757,0.0122011455719357,0.0129272007111641,0.0121943548859609,0.0191458062325346,0.0155370797645434,0.0220702219395433,0.0163532611168476,0.0129471084408767,0.0220676452519018,0.00923646215428549,-0.0278436923635828,0.0562647560893113,-0.00318156631573651,0.0281048754095629,0.0240283029069653,0.00781573477093573,0.0250314976058079
-0.0220442739777852,-0.0139711982490994,0.00465243214742634,-0.00241137437460354,0.000293665943029074,-0.00333801046257199,-0.000564397026217515,-0.00334114786933725,-0.00179282808639553,-0.00153686676691224,-0.00251646838354739,-0.000798417335835405,0.000136534019317242,-0.00251623803755909,-0.00656840084862002,0.00542753032281507,-0.00318156631573651,0.0431097184366596,0.00267985397874483,0.00576269405774202,-0.00584627201118508,0.00339632955553497
-0.0160526728318409,0.00192442997347447,-0.0205259346321266,0.0204749395360436,0.0202377749053332,0.0185964399570424,0.0198422222756684,0.0185926172267626,0.0184584197405645,0.0162976560774573,0.0200398048677161,0.0163826004290767,0.013026720351665,0.0200365123260887,0.0126341469730472,-0.021462615716331,0.0281048754095629,0.00267985397874483,0.0354227577393385,0.0188683541761804,0.0132197360075627,0.0318980507258059
-0.0166905766489289,0.00247332958668089,-0.0173142640885094,0.00851456871757792,0.00967082046817802,0.00636844921511639,0.0080323205463497,0.00636751552104559,0.0106392667513127,0.00900480998884574,0.0108545890840503,0.00943660517785268,0.0084198512514003,0.0108516884381322,0.00552894798983093,-0.0106135012036854,0.0240283029069653,0.00576269405774202,0.0188683541761804,0.0304416278324716,0.012312341838166,0.0169514123844687
0.00613345908053918,0.00599380023664772,-0.0060030566398435,0.0112459688522915,0.0080557422752027,0.0102189002974926,0.00982984906235121,0.0102198853947404,0.012202170240412,0.0106132562438203,0.012851719666168,0.010893008918313,0.00876414908300186,0.0128483144334364,0.00885773653380322,-0.014722393513025,0.00781573477093573,-0.00584627201118508,0.0132197360075627,0.012312341838166,0.0238284657279434,0.0133460563052742
-0.0126021268707291,0.00330213727606852,-0.0180028264499773,0.0204094451228832,0.0195838271035717,0.018485848702977,0.0199586414992776,0.0184821175079239,0.0188420077008952,0.0166716400883336,0.020575559317282,0.0167470194842865,0.013192847676049,0.0205729089883657,0.0126042133776593,-0.0215548582259768,0.0250314976058079,0.00339632955553497,0.0318980507258059,0.0169514123844687,0.0133460563052742,0.0306855307371928
