0.000382506262368634,-0.000205172639131895,0.000483510737931627,-0.000131687911029426,-0.000286563757520927,0.000357547863928014,-9.19324149388943e-05,0.000404015933432257,-0.000501185642476779,-0.000507229523735678
-0.000205172639131895,0.0920554543741638,0.067469129192584,0.0690933516868394,0.0522838239288707,0.0407528347723837,0.0616666543994772,0.0445387949957765,0.0568175603140804,0.0125888764037426
0.000483510737931627,0.067469129192584,0.131132212021711,0.118200502472361,0.0887004231527762,0.0778956486477609,0.107953911249559,0.0753213691679364,0.108391228600292,0.0274974757240169
-0.000131687911029426,0.0690933516868394,0.118200502472361,0.11899628695333,0.0788307029871396,0.0728060632785379,0.0958496823869135,0.0694904954903596,0.101452674983288,0.0231141079928843
-0.000286563757520927,0.0522838239288707,0.0887004231527762,0.0788307029871396,0.113136820474029,0.0516907511913835,0.0801300088348086,0.0634798580737679,0.0775209737310594,0.0246419622407727
0.000357547863928014,0.0407528347723837,0.0778956486477609,0.0728060632785379,0.0516907511913835,0.0715934140794799,0.0725003848214348,0.0452379997752465,0.0651939082594508,0.0160224461323996
-9.19324149388943e-05,0.0616666543994772,0.107953911249559,0.0958496823869135,0.0801300088348086,0.0725003848214348,0.166802192260983,0.0789762500936891,0.0987907401053034,0.0242217440605227
0.000404015933432257,0.0445387949957765,0.0753213691679364,0.0694904954903596,0.0634798580737679,0.0452379997752465,0.0789762500936891,0.0751774527716615,0.0706009671786653,0.0151593684024289
-0.000501185642476779,0.0568175603140804,0.108391228600292,0.101452674983288,0.0775209737310594,0.0651939082594508,0.0987907401053034,0.0706009671786653,0.137118730282161,0.0293550637698853
-0.000507229523735678,0.0125888764037426,0.0274974757240169,0.0231141079928843,0.0246419622407727,0.0160224461323996,0.0242217440605227,0.0151593684024289,0.0293550637698853,0.0269176498749683
