3266.28171521177,42.2938873043523,-168.800825462457,-94.6881467897167,235.347858267737,3.93880475178444,-69.1793144111959,-32.0346641423624,-0.0736389989766079,0.0571504477200028,-132.893036557691,-48.379639086192,-505.888419530772,224.77328312948,-96.9180410118298,328.669849113435,-54.167093210223,-716.99465193598,-0.317941524328653,-0.223976308401508,303.738006900811,1025.56424786991,-317.444881133691,-328.996954052868,18863671.8351486,320.139322880797,-888.790709442623,-0.462480276980746,-156.692919281744,406.902225008162,1381.68354392887,51.9446409807089,482.045535896952,-113.084588099143,21535567.7964273,132.177030649759,-300.633516661342,86.4955988735447,283.886579834517,97.2999609335978,-33.506144512515,-392.306864184486,-70.8884206842649,190.842772565815,823.285338377516,247.222557103021,527.199944033066,649.127464364045,-121.066316459296,0.199577534539436,-312.523051379325,16.9899712819217,-182.754364254805,-368.289618876292,-208.377530130195,-337.40027540645,294.030574201345,-315.75735693216,-141.36521069933,-182.302568414774
42.2938873043523,594.388964546493,-42.5722935062542,-54.6253075484501,-52.5099241929763,-72.0605154562075,93.7237353307768,127.203277332647,-0.017943656955162,0.0162167362360278,97.7427074405883,-101.877025777764,-127.620576286524,-93.8176705782765,-121.890853478102,-136.833279388714,-144.160498805603,150.297815687284,-0.0943995347210753,-0.0608724590549961,-184.463739238281,-118.002768599457,-81.0019071252869,99.326220538609,7777614.39850959,-290.023753895818,-223.029876307598,-0.112940644069476,288.720991304593,168.01193359081,79.8271199270467,76.982139486722,-76.6555777895773,-138.860981370847,8587479.17775449,-198.912798062883,-75.8910966000655,-78.7975270554397,-119.456783424912,308.899662949897,-91.709939729235,-96.9074903413016,-87.4859342117847,96.3617706110639,-93.8899802437055,-105.328020775366,299.427167941914,-74.333552531528,-104.938515067665,0.0551313936423194,-77.2613359709759,-66.7732448409243,-127.19832043394,73.7551972955311,-51.9731247111961,115.033815730048,43.1802003434344,-78.3316366958199,-121.761434204077,-45.9774962705405
-168.800825462457,-42.5722935062542,561.87260344102,11.3639008950915,71.0080745597065,265.618343163782,-97.4285017282373,-104.075598781926,0.0683999672208631,0.0979751380652364,-128.051114538049,-112.264360928785,86.9606624850751,416.184586404828,88.109779358151,-152.388891737617,-160.043006681858,390.99123173783,-1.25212963760326,-0.199756862670706,-204.248441189418,-129.715919064623,499.180713211094,-217.140442018101,187448764.868706,-322.107697791115,329.262443953448,0.788283781639056,-44.4013165251714,-137.583851354982,25.8726892234188,276.592273892622,-86.0889108073393,-154.510727599653,215284288.321955,-222.362370426293,-83.3575916699119,-86.8614109934963,-130.626297078189,-169.111389004661,92.0959268163999,304.666398428554,64.5052022323511,61.3055944544498,-103.961686597358,78.1104266249427,-105.061218122264,-81.803564853469,56.1424533156418,0.362703653586456,-85.3106621047855,88.964404978669,47.4929483554848,507.489162546299,-57.818724370263,84.694600085526,-172.619202740955,80.5533532164705,-134.919612512772,143.4723516818
-94.6881467897167,-54.6253075484501,11.3639008950915,490.772562567289,-74.5691503678492,-102.412435438826,220.132743889094,-134.412459606991,-0.860685911764391,-0.907969201614162,-29.7208274504951,-141.572997069315,-10.9581064936745,-10.8344435883333,-14.9779354059627,-16.9840725005134,10.396972972099,-47.1017481841519,2.40405106173045,2.53181900174745,381.299947862846,-168.305254082287,305.287700459621,470.564748346387,-33552958.0240377,-8.31622222053511,-90.6996794505917,-0.43138943752497,-56.7616919227049,-177.45167476334,-299.8470571307,-113.464387290621,52.750538311816,-16.5876509392877,-38206812.4152034,-96.3408040152978,90.3144880765919,-112.950207933972,143.999664155923,-72.7033707642813,-131.072239160563,-140.255755687258,-126.197256174975,236.980760356424,30.9348597406945,-11.2913802939384,-10.5526860973752,24.3348699249627,-149.528881826682,-0.609076833031678,94.4718841054844,21.0525247332067,-48.6033221167247,-109.41242774328,62.4084433017738,6.18560597166609,-223.364321470549,126.733970363478,-174.52528246138,72.7223256458247
235.347858267737,-52.5099241929763,71.0080745597065,-74.5691503678492,921.666047743304,115.588348796673,-119.855659861819,377.57591384613,-0.0243490106083207,0.0208945957332683,85.6021181940566,-141.195967129501,-175.209545114386,317.622488339713,406.713198640361,-189.428274093111,572.401662362105,511.414116754684,-0.113936535280326,-0.0805353431203955,521.226087384983,212.494781125105,269.895762357625,-267.904019197978,5478364.49222177,338.495759873708,64.314384756764,-0.158312340050848,-54.5922223197134,-170.81815932451,43.0195684976367,-281.108212222186,-107.891501211416,138.527787980845,7811650.87134848,71.3540764919328,-104.124064185751,-109.068291875535,-164.446550729894,-209.819478312972,-126.199818190815,131.062334934963,87.5226902701602,-157.4806315354,-129.982209334143,105.31025802536,-130.753604927146,133.57626182084,-143.62115352875,0.0700107701962333,-105.798475680753,117.94637248966,66.9860507927892,42.1225872286215,-72.1409222371769,-115.393973990366,240.427654072233,-108.930891209494,-167.193534959945,-61.8575889646115
3.93880475178444,-72.0605154562075,265.618343163782,-102.412435438826,115.588348796673,1558.39878007823,-163.218742462993,152.536095662949,0.272504609885512,0.359660635677729,-217.93863906088,-191.179352828985,139.101147858239,111.216484872122,-229.980522903515,-259.147247346848,226.066145548442,-341.549113302915,-3.41043836188694,-0.774983565712586,153.167715940392,-220.986336166356,-149.739797104585,-368.135003098832,381962750.948697,-542.866462283841,-414.23269303237,1.96869498483085,-71.7655148274582,-228.550800390425,466.94149633613,455.543941108274,-143.89929321022,166.967738541983,439253164.258382,524.961552469154,321.98939286161,-145.966670684149,-222.780684966657,56.5400702791107,-171.186744008356,-183.976330894388,103.633987551414,97.2578993614765,-175.221380291113,-196.302027131365,-177.378744589927,-138.150799682708,88.875641384343,0.983692077460461,-146.26050185486,145.819090731939,74.2832007049957,34.5396913697441,222.425383083111,432.795605768171,294.42179756175,131.155797444064,-229.567724567924,74.9337262065544
-69.1793144111959,93.7237353307768,-97.4285017282373,220.132743889094,-119.855659861819,-163.218742462993,1880.55893491846,101.609217068809,-0.0434994966740039,0.0311867738532112,38.6113735554091,-234.031283168255,-291.563563037088,-214.489977375474,-277.294836718768,-314.218623886135,-330.762928930224,62.646055336781,-0.176960685428876,-0.123894404145608,66.4444256129862,195.357241701693,-181.561062400208,821.808273453584,12218014.9812636,715.390756568057,-47.9112429333531,-0.265820915885284,-88.8961718557284,-281.935330775041,348.769756114916,339.550946535936,190.879477447793,92.6768877706642,12340263.7795588,407.355048276061,272.725554067984,-182.04631419744,80.4027495594142,-21.1256715867515,-211.027118519598,-225.190637749749,59.8127079560413,341.847633235649,-216.765688075197,71.8329978155845,631.437347901774,124.193889013163,36.2089317336486,0.112852351349061,53.2945157728516,-151.552410013549,-291.400372880375,-60.8994586397872,-121.555946310164,91.7482866685414,-72.6509264532179,-182.070089177217,-280.316143464978,-106.153078574967
-32.0346641423624,127.203277332647,-104.075598781926,-134.412459606991,377.57591384613,152.536095662949,101.609217068809,2487.78365975319,-0.143954102566961,-0.086932605405042,460.214734531604,-249.379009558718,590.263337202439,451.222570100616,141.146498267422,163.743852868211,239.332791711209,717.040143824936,0.151899183962835,0.22453267628354,1319.9878441141,-288.395727671787,-194.705054372883,-483.573683054757,69591482.1263275,413.021087010762,19.4732438473737,-0.278790918390484,477.849886734312,-302.910711053878,497.011565447274,-503.997735760366,262.47890179906,1164.40692171403,83112764.7128803,568.407402041971,-186.400091323929,-193.286530563098,-294.998059022275,26.8281771532733,-226.597296713187,-240.679578872691,-216.651776940118,-280.184336313427,-230.306368576488,-258.028248561644,111.673368768564,-184.059889356459,-257.384279722609,0.0187862853345486,90.3104148881705,156.497547079288,56.6499025636166,466.36233625264,-129.637790738365,142.58488936829,-35.2215582725876,135.767594503238,92.5474369932326,76.2737928209717
-0.0736389989766079,-0.017943656955162,0.0683999672208631,-0.860685911764391,-0.0243490106083207,0.272504609885512,-0.0434994966740039,-0.143954102566961,0.011703674733582,0.0118766047258277,-0.0446938535188238,-0.724018782685619,-1.91315916862868,-0.049951474763235,-0.0760063443922641,-0.0875740667198764,-1.0882014728877,-0.104756478467756,-0.0289611594821889,-0.0329543801842567,-0.124629345901091,-0.0928827039730561,-0.0722575588992993,-0.119546390722785,1161667.65292119,-0.149733452738326,-5.29137521787075,0.00569403476440831,0.0001812645413082,-0.0322456994950911,-0.0780109099184198,-0.079994843817623,-0.0242702184658059,-0.0543984176183634,1343704.3444511,-0.0680679867357724,-0.0118455267009594,-0.0142197077451879,-0.0339987795563026,-0.0532912259869913,-0.0265468134381525,-0.0321547921071185,-0.0270029567226144,-0.0362698547024254,-0.0275991056260476,-0.0392327706291815,-0.0416991004172511,-0.0211809366955295,-0.0352062193550782,0.00687757150801433,-0.0353556428087524,-0.0243965324184551,-0.0614134053828654,-0.0949599234994489,-0.0220142844574233,-0.046633068209584,-0.0739131199291143,-0.0363965783879334,-0.0600912389914525,-0.0226699634789612
0.0571504477200028,0.0162167362360278,0.0979751380652364,-0.907969201614162,0.0208945957332683,0.359660635677729,0.0311867738532112,-0.086932605405042,0.0118766047258277,0.0122870494678208,0.0571699581140012,-0.788394841569539,-2.03868583949277,0.0303490480899723,0.0232710496798578,0.0217453852453677,-1.03192388126189,0.0430041386019782,-0.0306771569585434,-0.0341931133584765,0.0232520022201967,0.0014013739966027,-0.00775816058240004,0.0463604969038158,1079834.52117343,0.0987366332968375,-5.70128884953208,0.00536319272119521,0.0383546287420371,0.077938093668872,0.103061227278957,0.0971140030619568,0.0454622671946171,0.0671686827273901,1248153.44129301,0.109369701263832,0.0543028544329567,0.0541860094910296,0.0700551076692105,0.0805129763083695,0.055819530555471,0.0565750956216119,0.0523197376194552,0.0642740680061898,0.0558105516513907,0.0540685205762911,0.0433050045223642,0.0450120753260346,0.057198332005187,0.00752180948574592,0.0310483315929157,0.0316674785510731,0.0448412586704006,0.0718221318049653,0.0241328032690302,0.0265079708452589,0.0591842759102165,0.0334071887048246,0.0453458848331896,0.0179131510304127
-132.893036557691,97.7427074405883,-128.051114538049,-29.7208274504951,85.6021181940566,-217.93863906088,38.6113735554091,460.214734531604,-0.0446938535188238,0.0571699581140012,2901.42513145163,86.0588951127232,-385.387877339753,-285.270949404581,-368.858807236399,67.7184061335598,-433.306474343438,1697.44987098002,-0.281061564738915,-0.210294747184166,15.1740595956595,741.733452710474,-241.316332616235,-98.2822338256241,2539191.94386538,745.837519212116,-136.276566142032,-0.35098093993578,430.810417436449,115.202432671895,-638.441290567341,-625.777192664677,199.605854642665,548.66118108449,6224669.71472675,-98.3392733755341,299.906810819333,-238.439003962167,472.915926235537,313.872243900212,88.1367837614887,95.9795912115156,-268.119668636121,8.45647942090595,-284.768787809476,-320.482823626993,42.795437917438,119.981675998259,-319.101585964245,0.163314376487667,584.409716402184,-200.557752504569,-27.8944036721119,-141.343446716394,-157.849369183693,419.037119301221,-473.770058515175,76.9809320952565,7.82577973522323,-139.533725076968
-48.379639086192,-101.877025777764,-112.264360928785,-141.572997069315,-141.195967129501,-191.179352828985,-234.031283168255,-249.379009558718,-0.724018782685619,-0.788394841569539,86.0588951127233,2797.33944202247,-325.975687011351,-252.097163650383,137.072284899188,680.968592973164,246.339892490758,-483.525979938148,2.60124067858157,2.18111303726367,133.532448369996,285.291703005569,395.347403819362,21.6832623614516,6468593.03659882,406.567065458782,1248.71369375619,-0.705575040609082,-108.783716965311,207.745763592409,-26.3109228943309,-30.0253385093951,267.305798524338,-370.978838768528,7630136.0384557,-537.825105881242,-200.538139167995,-208.25167329685,139.095861212891,18.2574176187084,-244.783943502354,-259.608573605242,102.987004094836,-301.999174297082,235.26802518336,-279.713870178009,476.804807479948,-197.189736039695,432.1757450508,-0.69216274869079,93.2532832147179,-175.28646775904,48.6728545608402,-24.4218074596856,-140.120025238965,142.024822032807,316.911436099244,-214.683135649625,88.2880226594186,-122.605865253626
-505.888419530772,-127.620576286524,86.9606624850751,-10.9581064936745,-175.209545114386,139.101147858239,-291.563563037088,590.263337202439,-1.91315916862868,-2.03868583949277,-385.387877339754,-325.975687011351,3775.03171251491,-315.09404759214,-406.375555538915,122.215007358774,220.247653766354,76.0222922601092,5.59597903828961,5.6494576862001,75.6082661602463,-389.754110635537,402.098425062795,-52.2543873248963,-171365388.233989,-310.680611217217,629.933811639084,-1.0447613568808,-135.444502150971,-412.955073627655,-108.127716335019,-110.043102063268,-259.894871479541,119.946381178823,-197579938.800127,-52.6950666514644,-250.754640281784,-260.549940689791,-398.958592912789,426.585151435289,574.97172948478,144.039072177448,-292.660136928375,-379.084472347548,-311.517170844719,-348.328587829245,-316.269389154502,-247.014140001519,43.1760001987785,-1.43987558303123,68.6695979119267,149.181549627278,433.83347566093,-657.583918941426,705.093407713748,-283.87491003685,285.158957000655,115.278387651684,-405.200769482534,287.771761185951
224.77328312948,-93.8176705782765,416.184586404828,-10.8344435883333,317.622488339713,111.216484872122,-214.489977375474,451.222570100616,-0.049951474763235,0.0303490480899723,-285.270949404581,-252.097163650383,-315.09404759214,2170.41510222677,858.422709568156,537.742661666763,164.692176824631,69.0294893599316,-0.18210389788099,-0.124180310725009,69.6876175331642,-288.417276312484,310.95384435531,-481.0894427309,15957059.9545681,-217.010383200654,946.867731006954,-0.287905968427005,-98.0355366894011,-304.114245870205,376.523245718634,366.804476158,207.406867475757,102.534380508037,16520081.6709831,-26.6445075901695,-187.275310901565,-193.424672708589,89.192740497852,-376.355856229745,108.418857658992,474.700793847293,-215.693299824552,42.9022657321011,-231.012874826179,411.926605459672,-233.17330035821,450.24024746753,-255.507643915163,0.119423941965053,56.778280815589,117.651712892989,12.9057279521246,1189.92998769392,-129.118608655204,99.3005271977296,533.759459913102,95.9531149151656,394.281870612958,53.4777311005369
-96.9180410118298,-121.890853478102,88.109779358151,-14.9779354059627,406.713198640361,-229.980522903515,-277.294836718768,141.146498267422,-0.0760063443922641,0.0232710496798578,-368.858807236399,137.072284899188,-406.375555538915,858.422709568156,3589.66763763348,692.607744312152,209.95056160312,89.2176312049954,-0.17605234558552,-0.115073431389358,86.990292755532,-371.484967317838,1051.70418328882,-621.896466610032,26492815.0333488,359.477288076275,575.430185187498,-0.376274070828045,-128.17756974851,-393.305483167503,-89.8806595153826,469.163928257965,775.791422828483,-438.17839987994,28163244.4141766,-633.292745082513,-239.955163345629,-249.874803565382,605.032851603143,-486.470223106298,-291.058450582267,-307.691369135407,-277.323680462169,-362.365641785161,-300.432381191561,957.725041567939,-302.033795021637,172.425338356192,-329.999930694537,0.135610359735306,-247.731356174512,-212.093246051006,436.208162097064,991.36544849345,-168.364703096239,126.022779239529,-100.092095727527,-253.35189768247,505.716003580904,70.2334707230417
328.669849113435,-136.833279388714,-152.388891737617,-16.9840725005134,-189.428274093111,-259.147247346848,-314.218623886135,163.743852868211,-0.0875740667198764,0.0217453852453677,67.7184061335598,680.968592973164,122.215007358774,537.742661666763,692.607744312152,4608.66311841161,237.023332659184,-645.976303230321,-0.167334384817033,-0.118336497220414,103.05551015547,309.9784809611,-288.714832459398,-707.319950731195,24682223.7245115,405.326350729088,-74.0987376843861,-0.431314782059011,-142.637895971058,211.597717840266,546.660782665575,532.454703548848,879.055946293998,-498.565470106738,25736662.8867606,-719.899970277896,-272.412748058079,-282.344012109574,129.372696938815,-551.149362795177,643.328768607411,-351.674759797105,91.899765480023,-411.55384204779,-338.213617629651,-376.046432059712,-342.643656774267,195.799702852551,57.9641710519975,0.142405331883377,-280.41915940397,-240.410530442787,493.055479711616,-93.5881922933628,299.25679152658,143.434505712009,328.570239093872,138.378810357404,1576.70751200284,-166.442683135032
-54.167093210223,-144.160498805603,-160.043006681858,10.396972972099,572.401662362105,226.066145548442,-330.762928930224,239.332791711209,-1.0882014728877,-1.03192388126189,-433.306474343438,246.339892490758,220.247653766354,164.692176824631,209.95056160312,237.023332659184,5724.38467271298,-671.339904647841,2.37567763392573,2.89435446092922,1113.66378445243,-434.745850386824,580.401131199702,1620.87753275576,227994358.47917,-1089.77896085641,58.8583265822159,-0.726382216015009,-150.331428444807,-468.54947372946,743.751775195372,-24.0149870241332,-297.09726060337,1765.85635187215,263733364.348972,52.7305081615253,-282.309702790596,-293.559058703296,-448.873654142713,651.609607186094,-346.253087305794,-368.218222183811,151.36139597019,-431.079544235467,-355.586477291088,183.316345207366,-359.630990702089,-281.407361538936,-394.097119549315,-0.494404691001806,-293.74283025842,234.423112062039,84.842008506477,-18.2600573980446,-199.767761757128,-322.601141864528,465.273534640309,203.152460253908,1330.12098340752,116.8704796482
-716.99465193598,150.297815687284,390.99123173783,-47.1017481841519,511.414116754684,-341.549113302915,62.646055336781,717.040143824936,-0.104756478467756,0.0430041386019782,1697.44987098002,-483.525979938148,76.0222922601092,69.0294893599316,89.2176312049954,-645.976303230321,-671.339904647841,6997.04064004817,-0.275669127178513,-0.196452325987204,28.8644189172671,-549.413693690693,1357.59437004427,630.39562329136,25068483.247087,1161.25106091886,644.02476258658,-0.561299237853795,672.857813977279,180.439078624649,-987.281940248163,-969.127624049103,-368.577901214528,97.2253778352881,34078190.5224,-155.568707550143,-360.305181578584,-372.600398344209,-567.614632292818,-724.013457701261,136.477682058089,146.471008215316,540.691582331275,562.797369907875,-448.87932913403,645.006703250214,68.3021380931339,187.129488053324,11.9151390533313,0.204699397349036,-369.683277342749,167.023621345992,-43.7688352305918,498.016513434999,-248.696940787606,-400.04203874445,-215.778677691692,120.207105051766,604.053429890629,67.85653900971
-0.317941524328653,-0.0943995347210753,-1.25212963760326,2.40405106173045,-0.113936535280326,-3.41043836188694,-0.176960685428876,0.151899183962835,-0.0289611594821889,-0.0306771569585434,-0.281061564738915,2.60124067858157,5.59597903828961,-0.18210389788099,-0.17605234558552,-0.167334384817033,2.37567763392573,-0.275669127178513,0.0879616896559739,0.0848270508704694,-0.219802455743353,-0.112741208679604,-0.0688726176245048,-0.342370731216651,-2948032.98433059,-0.584118907766949,15.3108198358629,-0.0198454040376523,-0.162429983764207,-0.354096430188024,-0.504924505546763,-0.485670473232622,-0.219575321849951,-0.341778625742411,-3406374.29124271,-0.519588391578128,-0.219913833679138,-0.216468997159006,-0.300480098758765,-0.378550981318175,-0.26025024640312,-0.277306717527974,-0.251627808722137,-0.302854599933718,-0.257549256156613,-0.274107256437804,-0.239818537799639,-0.207850363827619,-0.274165029108095,-0.0225511799714171,-0.159392352305181,-0.142534743184974,-0.232686696544015,-0.384017731919299,-0.1216975995449,-0.171786688635934,-0.319051942218679,-0.179996376839568,-0.257684203568889,-0.104452979292411
-0.223976308401508,-0.0608724590549961,-0.199756862670706,2.53181900174745,-0.0805353431203955,-0.774983565712586,-0.123894404145608,0.22453267628354,-0.0329543801842567,-0.0341931133584765,-0.210294747184166,2.18111303726367,5.64945768620011,-0.124180310725009,-0.115073431389358,-0.118336497220414,2.89435446092922,-0.196452325987204,0.0848270508704694,0.0952993426254158,-0.141210657364178,-0.0507821046692392,-0.00781405200304524,-0.209015226168388,-2718734.75299891,-0.396845626704916,15.9129816615953,-0.0139735348046996,-0.124601691727262,-0.271759811451218,-0.377278957640794,-0.357857163227666,-0.160106102780146,-0.246447243848694,-3141946.86207141,-0.393299672165197,-0.186300440804646,-0.188084678298222,-0.25047111449519,-0.292270831896886,-0.195878349645922,-0.199949715920915,-0.183822609415696,-0.228988846647368,-0.19704505389821,-0.1954943656605,-0.160302319404751,-0.158063898112358,-0.204989021220821,-0.0208686218884979,-0.120688856580656,-0.118333585221406,-0.180964111627896,-0.285461282552681,-0.0904279267743656,-0.108417294104888,-0.231975021894869,-0.127290794453494,-0.177954535735829,-0.0691625391552704
303.738006900811,-184.463739238281,-204.248441189418,381.299947862846,521.226087384984,153.167715940392,66.4444256129862,1319.9878441141,-0.124629345901091,0.0232520022201967,15.1740595956595,133.532448369996,75.6082661602463,69.6876175331642,86.990292755532,103.05551015547,1113.66378445243,28.8644189172671,-0.219802455743353,-0.141210657364178,7209.30681480731,-557.702687165934,500.065055820149,639.954415919525,41693854.4831923,322.590862600334,-1073.13727354723,-0.579491999442565,-189.301587303947,-594.864151324692,2068.18857013237,-233.148761103402,312.372198832083,100.34734265563,49431097.0482376,653.488272356412,471.626523365787,318.987168463663,-575.138831666529,498.519483612964,-438.903419545002,-469.042429993544,-421.168149173771,-546.304054749022,-452.394918576049,76.6494641754769,593.734771033856,-357.181042109966,-502.482092165195,0.191496043170912,58.103293734322,169.661757672319,519.428824888732,-941.954635332879,-251.92266424444,-405.356951548739,-219.465917955358,123.273957044487,-581.958658025109,-219.33559727053
1025.56424786991,-118.002768599457,-129.715919064623,-168.305254082287,212.494781125105,-220.986336166356,195.357241701693,-288.395727671787,-0.0928827039730561,0.0014013739966027,741.733452710474,285.291703005569,-389.754110635537,-288.417276312484,-371.484967317838,309.9784809611,-434.745850386824,-549.413693690694,-0.112741208679604,-0.0507821046692392,-557.702687165934,4633.40538716065,-244.122642342869,914.817551162892,42505461.6449629,757.360010972368,-688.83395960433,-0.372229995739169,-123.663976780193,1866.14544452686,93.8314927620863,90.0960752656034,420.006433349505,-422.302595343251,48670884.2206357,940.960033730473,-230.920844125069,-238.13739530238,905.595050602042,121.402521118185,273.999608257462,293.259882131275,197.168189398982,-350.934451427424,-289.091104265148,-319.787735671422,212.992640359863,297.599136482066,-322.402525680545,0.115971791226227,175.994718847796,-203.10269288266,-392.144472299486,94.9769840546764,-161.02432916072,-260.6505189979,537.009690250059,-248.426325611479,-374.249204286439,-141.309439991665
-317.444881133691,-81.001907125287,499.180713211094,305.287700459621,269.895762357625,-149.739797104585,-181.561062400208,-194.705054372883,-0.0722575588992993,-0.00775816058240004,-241.316332616235,395.347403819362,402.098425062795,310.95384435531,1051.70418328882,-288.714832459398,580.401131199702,1357.59437004427,-0.0688726176245048,-0.00781405200304524,500.065055820149,-244.122642342869,3271.05799875341,367.959603057327,42775508.2598494,233.31024152735,1217.71893322576,-0.248143233574223,-82.9620552675109,-256.72547113417,-437.433578889054,-428.064401553754,-162.63392031724,-285.624031925085,51708326.2308662,-423.5699366859,-160.584323265996,-164.766197052885,395.017060112592,284.215617247924,-189.859667659021,-202.310594427299,-182.969854995251,-238.528771998352,-197.434356311646,346.984778389738,-199.551512575583,-154.004189127681,-219.26679888822,0.0780036555068543,-163.218063792372,340.083375537929,-264.813835499681,1009.49403923579,-110.462301733989,-176.205109607141,-324.510107671525,322.879151822347,-253.565560360139,187.590864281386
-328.996954052867,99.326220538609,-217.140442018101,470.564748346387,-267.904019197978,-368.135003098832,821.808273453584,-483.573683054757,-0.119546390722785,0.0463604969038158,-98.2822338256241,21.6832623614516,-52.2543873248963,-481.0894427309,-621.896466610032,-707.319950731195,1620.87753275576,630.39562329136,-0.342370731216651,-0.209015226168388,639.954415919525,914.817551162892,367.959603057327,6604.34800476959,49504428.9846987,-746.880668901397,-1149.81127504455,-0.598648932100629,-201.515475293191,734.969598665584,-399.649213905337,-391.971671352317,200.629829543519,629.706006477792,59297121.9547118,380.676507058489,340.129209055462,-404.468564455161,546.246025297261,835.35699311054,37.8584875034548,-501.64337122499,398.808193055444,395.6871618932,125.72066396739,-29.7805064330764,895.009178910259,99.0750180327829,361.626756822548,0.239146137456481,735.942192759893,-337.070099800463,-657.796152088706,262.900024918602,237.654242894803,33.1418904199755,592.023528260765,29.7837276225121,424.689370997365,17.3486657581066
18863671.8351486,7777614.39850959,187448764.868706,-33552958.0240376,5478364.49222177,381962750.948697,12218014.9812636,69591482.1263275,1161667.65292119,1079834.52117343,2539191.94386538,6468593.03659882,-171365388.233989,15957059.9545681,26492815.0333488,24682223.7245115,227994358.47917,25068483.247087,-2948032.98433059,-2718734.75299891,41693854.4831923,42505461.6449629,42775508.2598494,49504428.9846987,1584386210452451,45481247.246439,-451262836.033086,1275853.66362393,-6250670.90719867,-7393788.65820934,9939072.33143353,21746912.6031057,2450651.3236405,9575455.67340189,1831837620009430,-1921315.69499413,-15708431.4433321,-18655787.431622,-14869466.585164,-2743431.34554284,-1575218.31845523,4428449.65004224,1929702.45804098,-1945751.95365108,-3887791.05693844,6776387.5362286,14942380.7712565,-1275243.42589216,985695.345825085,624672.070986119,3410272.74780442,-4923568.52468135,4967607.38853634,18266914.6270851,2222509.40698371,20860412.7746131,14817460.3403895,9528376.23825874,17948248.3687421,8229027.54383202
320.139322880797,-290.023753895818,-322.107697791115,-8.31622222053511,338.495759873708,-542.866462283841,715.390756568057,413.021087010762,-0.149733452738326,0.0987366332968375,745.837519212116,406.567065458782,-310.680611217217,-217.010383200654,359.477288076275,405.326350729088,-1089.77896085641,1161.25106091886,-0.584118907766949,-0.396845626704916,322.590862600334,757.360010972368,233.31024152735,-746.880668901397,45481247.246439,10059.2081023661,-66.5343844561882,-0.880478417403771,528.618221510229,-198.018857987851,-128.320501444521,-839.513587729059,-595.028233162871,407.262703423484,56997262.8518668,6.43737265801744,219.026277453062,65.6955034583687,981.354947899296,-1167.87861958792,-146.136140047192,433.46771877337,257.255049832028,734.405148244482,-52.938202866483,1410.71902217434,-727.770790327718,-42.0559413700625,-307.13670859519,0.374717006108853,227.938608246124,-502.634304468214,-440.459121032146,-112.70933180868,-395.657667851668,-131.50082712868,-177.192286174237,-128.368166393378,-928.959695491965,203.136463609523
-888.790709442623,-223.029876307597,329.262443953448,-90.6996794505917,64.314384756764,-414.23269303237,-47.911242933353,19.4732438473737,-5.29137521787075,-5.70128884953208,-136.276566142032,1248.71369375619,629.933811639084,946.867731006954,575.430185187498,-74.0987376843861,58.8583265822159,644.02476258658,15.3108198358629,15.9129816615953,-1073.13727354723,-688.83395960433,1217.71893322576,-1149.81127504455,-451262836.033086,-66.5343844561882,7978.26837760721,-2.33501220514943,-237.010677156596,-723.526402184127,253.227742332797,247.700973241912,-457.188703571307,-71.8487697655429,-523121152.422926,373.922824777272,-442.756245383954,-460.818456180399,567.145428726734,-896.11763346044,22.9080367822238,23.6171919060388,-50.4114400577109,-129.901165572451,-551.178900906825,-56.8843952295616,-557.39977148431,-432.044042981094,-122.610929617712,-3.98591360441182,-41.8731514759577,-383.032613094711,-210.367155108786,1629.31973836166,-304.705181611424,-494.341242309779,106.613661895395,499.265446603652,435.015628720049,9.14133015344702
-0.462480276980746,-0.112940644069476,0.788283781639056,-0.43138943752497,-0.158312340050848,1.96869498483085,-0.265820915885284,-0.278790918390484,0.00569403476440831,0.0053631927211952,-0.35098093993578,-0.705575040609082,-1.0447613568808,-0.287905968427005,-0.376274070828045,-0.431314782059011,-0.726382216015009,-0.561299237853795,-0.0198454040376523,-0.0139735348046996,-0.579491999442565,-0.372229995739169,-0.248143233574223,-0.598648932100629,1275853.66362393,-0.880478417403771,-2.33501220514943,0.0104859178255735,-0.108434838135636,-0.361356516414694,-0.621534489145296,-0.609271790132824,-0.226566685615718,-0.411684739098868,1478474.79936587,-0.600636790954646,-0.222348130158599,-0.236366791005768,-0.365181540817318,-0.461393161517473,-0.27016523958044,-0.288110189581452,-0.257062647778629,-0.336622568871038,-0.277679337693554,-0.309654586876138,-0.28139461449884,-0.218484600790893,-0.310062498884696,0.00461176770063539,-0.239763665270496,-0.204061686453437,-0.395503544251811,-0.606722163746873,-0.161128842014105,-0.255308861372775,-0.476162995934145,-0.242425576418987,-0.37049941458378,-0.138744995439072
-156.692919281744,288.720991304593,-44.4013165251714,-56.7616919227049,-54.5922223197134,-71.7655148274582,-88.8961718557284,477.849886734312,0.0001812645413082,0.0383546287420371,430.810417436449,-108.783716965311,-135.444502150971,-98.0355366894011,-128.17756974851,-142.637895971058,-150.331428444807,672.857813977279,-0.162429983764207,-0.124601691727262,-189.301587303947,-123.663976780193,-82.9620552675109,-201.515475293191,-6250670.90719867,528.618221510229,-237.010677156596,-0.108434838135636,1665.18520208187,-124.411517110812,-214.645370636051,522.811780028614,-78.8443173403791,603.545766586612,-9976752.19297137,-207.999798150536,-76.2052173102844,-80.6783228824931,-128.615707716995,-162.114755388889,-95.0989447144775,-103.640973563639,-93.2970857777234,-115.697195677729,-96.4887613144183,-110.85505211537,-98.6971164753307,-79.3160378067949,-109.70097245951,0.0751649071101253,-82.4128975029445,-67.0458411684476,416.447674998869,1205.72460018232,-53.4815598306719,431.424988877479,-159.162867153631,-83.6327998529038,-128.660413123814,-47.8560563248616
406.902225008162,168.01193359081,-137.583851354982,-177.45167476334,-170.81815932451,-228.550800390425,-281.935330775041,-302.910711053878,-0.0322456994950911,0.077938093668872,115.202432671895,207.745763592409,-412.955073627655,-304.114245870205,-393.305483167503,211.597717840266,-468.54947372946,180.439078624649,-0.354096430188024,-0.271759811451218,-594.864151324692,1866.14544452686,-256.72547113417,734.969598665584,-7393788.65820934,-198.018857987851,-723.526402184127,-0.361356516414694,-124.411517110812,4331.40631959167,-673.518056773175,-659.095132696156,346.346547835617,217.576066734261,-5085052.24799389,54.4284154393058,-240.97117610625,349.366516008183,186.153324845521,36.8287082588411,203.492808427221,214.534804504771,-287.733576638475,118.037095486342,-304.55902777266,-340.27215530619,-308.182052974437,-243.178701263586,105.777547207619,0.188762114112344,-253.679547076922,632.73860692914,-414.701717879848,-638.384433362502,334.876021168927,189.666426321283,871.2102522806,-259.953322428143,121.840451942453,-148.91176359412
1381.68354392887,79.8271199270467,25.8726892234188,-299.8470571307,43.0195684976367,466.94149633613,348.769756114916,497.011565447274,-0.0780109099184198,0.103061227278957,-638.441290567341,-26.3109228943309,-108.127716335019,376.523245718634,-89.8806595153826,546.660782665575,743.751775195372,-987.281940248163,-0.504924505546763,-0.377278957640794,2068.18857013237,93.8314927620863,-437.433578889054,-399.649213905337,9939072.33143353,-128.320501444521,253.227742332797,-0.621534489145296,-214.645370636051,-673.518056773175,6743.34755120924,2101.54670889341,-424.005566629967,547.062125988165,438771.602853865,977.782783581544,-413.139907740896,-428.242217940362,479.139378733132,742.532690621871,-5.20702025297,-537.267527140943,-66.2283656584047,-141.494340561335,-512.520074591717,-573.013425567318,379.999646823941,529.903112083292,-131.63381141457,0.291620133438357,312.135150537186,473.286964241628,-217.097173262793,162.625335411291,-284.261183623254,-7.25481714289218,54.2673937368121,-439.880864259303,355.264169032539,-1.8874945822567
51.9446409807089,76.982139486722,276.592273892622,-113.464387290621,-281.108212222186,455.543941108274,339.550946535936,-503.997735760366,-0.079994843817623,0.0971140030619568,-625.777192664677,-30.0253385093951,-110.043102063268,366.804476158,469.163928257965,532.454703548848,-24.0149870241332,-969.127624049103,-0.485670473232622,-0.357857163227666,-233.148761103402,90.0960752656034,-428.064401553754,-391.971671352317,21746912.6031057,-839.513587729059,247.700973241912,-0.609271790132824,522.811780028614,-659.095132696156,2101.54670889341,6471.38768581733,162.292426916095,-99.907659334692,-8885993.43478398,-1072.29691927932,295.326390178708,-418.759696396588,-83.8617663364513,-303.129316943854,-4.75604709171232,-6.87318395880943,-63.4028127097875,-609.031531303808,-505.112506161689,-562.385814370939,-69.8453408020683,518.30712852433,-130.519674436526,0.28336921998175,-418.604362434383,-354.44316651843,-686.297415023642,1372.52820565083,-279.840323652706,883.685546703358,53.7420198999855,416.286250963161,347.946177537545,-1.41000634608012
482.045535896952,-76.6555777895773,-86.0889108073393,52.750538311816,-107.891501211416,-143.89929321022,190.879477447793,262.47890179906,-0.024270218465806,0.0454622671946171,199.605854642665,267.305798524338,-259.894871479541,207.406867475757,775.791422828482,879.055946293998,-297.09726060337,-368.577901214528,-0.219575321849951,-0.160106102780146,312.372198832083,420.006433349505,-162.63392031724,200.629829543519,2450651.32364049,-595.028233162871,-457.188703571307,-0.226566685615718,-78.8443173403791,346.346547835617,-424.005566629967,162.292426916095,2479.46964105549,-282.664384183692,1979139.98935238,209.013134040274,-155.213316121735,-159.164831105449,-243.793459526506,-311.725275460726,256.104857241874,-201.206508076252,-178.889119187467,-230.434772650744,339.156378069491,-215.199332881513,610.942134626385,-154.053327682808,180.080595740138,0.11863249389514,-159.247116723254,-134.510228336881,-260.557370914582,154.935828274869,-106.171663638079,237.611909995549,-315.043044665199,-163.158895876919,206.293552344004,-92.3185047665633
-113.084588099143,-138.860981370847,-154.510727599653,-16.5876509392877,138.527787980845,166.967738541983,92.6768877706642,1164.40692171403,-0.0543984176183634,0.0671686827273901,548.66118108449,-370.978838768528,119.946381178823,102.534380508037,-438.17839987994,-498.565470106738,1765.85635187215,97.2253778352881,-0.341778625742411,-0.246447243848694,100.34734265563,-422.302595343251,-285.624031925085,629.706006477792,9575455.67340189,407.262703423484,-71.8487697655429,-0.411684739098868,603.545766586612,217.576066734261,547.062125988165,-99.907659334692,-282.664384183692,4703.96921036161,11594911.0580343,644.712126287799,435.616874793659,-285.941309518819,129.546073843623,-558.57792908682,-335.230201756697,-358.075355239565,94.4061403393322,65.0509974223495,-342.79034301701,113.858724824529,-346.713578927307,-272.472156650196,-381.169033082343,0.196779045595117,84.8634932346817,589.502822252575,16.4482181808092,518.675868514485,-191.152180765272,599.190611944295,-115.198686226915,140.38204710252,1081.57924839554,326.747399199008
21535567.7964273,8587479.17775449,215284288.321955,-38206812.4152034,7811650.87134849,439253164.258382,12340263.7795588,83112764.7128803,1343704.3444511,1248153.44129301,6224669.71472675,7630136.0384557,-197579938.800127,16520081.6709831,28163244.4141766,25736662.8867606,263733364.348972,34078190.5224,-3406374.29124271,-3141946.86207141,49431097.0482376,48670884.2206357,51708326.2308662,59297121.9547118,1831837620009430,56997262.8518668,-523121152.422926,1478474.79936587,-9976752.19297137,-5085052.2479939,438771.602853865,-8885993.43478398,1979139.98935238,11594911.0580343,2118115249003552,3413955.40063599,-19716626.4889789,-19369793.6429592,-16753466.8010999,-1580363.91867359,-1797574.1401914,5155162.61160008,2563396.65351289,951040.180589484,-1840563.50597798,10790788.9906369,17642922.3238894,-4200835.23048649,1824536.31490202,720848.842073951,6143006.38469466,-3830111.52840198,9350440.46082726,13901022.546899,4040422.06069929,19471874.7837976,16847646.7275054,8827038.47023002,18921149.5899425,9521486.17025657
132.177030649759,-198.912798062883,-222.362370426293,-96.3408040152978,71.3540764919328,524.961552469154,407.355048276061,568.407402041971,-0.0680679867357724,0.109369701263832,-98.3392733755341,-537.825105881242,-52.6950666514644,-26.6445075901695,-633.292745082513,-719.899970277896,52.7305081615253,-155.568707550143,-0.519588391578128,-0.393299672165197,653.488272356412,940.960033730473,-423.5699366859,380.676507058489,-1921315.69499413,6.43737265801743,373.922824777272,-0.600636790954646,-207.999798150536,54.4284154393058,977.782783581544,-1072.29691927932,209.013134040274,644.712126287799,3413955.40063599,6949.65798366089,-402.178378764184,210.106546609622,562.156876782708,302.194039051185,557.372258278972,-520.74451323263,-27.5604047600411,404.613247969045,126.499895061086,-552.169572534696,443.682018910558,-394.883249588866,-91.1824414735402,0.291718660495607,-23.552414144358,527.64789105596,-166.586938706141,-1040.07848471863,-276.838386241445,-446.29642273218,-344.358989390177,487.186440322411,-105.626343559539,19.5921438064594
-300.633516661342,-75.8910966000655,-83.3575916699119,90.3144880765919,-104.124064185751,321.98939286161,272.725554067984,-186.400091323929,-0.0118455267009594,0.0543028544329567,299.906810819333,-200.538139167995,-250.754640281784,-187.275310901565,-239.955163345629,-272.412748058079,-282.309702790596,-360.305181578584,-0.219913833679138,-0.186300440804646,471.626523365788,-230.920844125069,-160.584323265996,340.129209055462,-15708431.4433321,219.026277453062,-442.756245383954,-0.222348130158599,-76.2052173102844,-240.97117610625,-413.139907740896,295.326390178708,-155.213316121735,435.616874793659,-19716626.4889789,-402.178378764184,2942.17788076866,487.120115709147,375.792302451717,-304.163915571389,-182.118960850272,-196.348718128888,-176.092424146841,292.36347190221,458.453334553362,-206.833858991027,298.856032908324,-149.948257456574,-208.406718652159,0.114531737776215,245.250409078462,-131.516248317589,-252.097044872014,282.684463021502,-103.993204536578,821.520192726986,-307.789863491607,311.166232360921,-241.899310389078,-90.3879843085312
