0.033574173231632,-0.00361935147537185,0.000311112509870894,-0.00796825353321167,-0.00534726050064869,-0.00491489290141976,0.00464266399205771,0.0148870009146479
-0.00361935147537185,0.0220964481892639,0.00118706552788256,0.00451647586784075,0.00913050897814161,0.00134563742242541,-0.00168509361594152,0.00943544988954188
0.000311112509870894,0.00118706552788256,0.0290855215515483,0.00421581765980449,0.00495869077353667,0.00550428912391649,0.00235728693469618,0.0160893615680105
-0.00796825353321167,0.00451647586784075,0.00421581765980449,0.0288325336832649,0.0103206985039274,0.00427680586457723,0.00187665153328701,0.00122809449880488
-0.00534726050064869,0.00913050897814161,0.00495869077353667,0.0103206985039274,0.0178683548008499,0.000749911078498091,0.000683507925468774,-0.00707900449992256
-0.00491489290141976,0.00134563742242541,0.00550428912391649,0.00427680586457723,0.000749911078498091,0.0122477114312985,0.0020984624183174,-0.003135104948706
0.00464266399205771,-0.00168509361594152,0.00235728693469618,0.00187665153328701,0.000683507925468774,0.0020984624183174,0.0175765330171142,0.00367658396117099
0.0148870009146479,0.00943544988954188,0.0160893615680105,0.00122809449880488,-0.00707900449992256,-0.003135104948706,0.00367658396117099,0.0441477943439912
