0.0419160945602329,0.00501435113503936,0.00524506493060856,-0.000937150756250956,-0.00258055258490737,0.000304271171937354,-0.00196038429515885,0.0195708585868444
0.00501435113503936,0.0242176474591569,0.00303454485544772,0.00159512228629081,0.00398238389337488,0.00444845569215381,0.0013937808390207,0.00828439635909937
0.00524506493060856,0.00303454485544772,0.0204700486363073,0.00363252963928462,0.000197526298665849,0.00303795773866018,-0.00136906835648663,0.00395995134455278
-0.000937150756250956,0.00159512228629081,0.00363252963928462,0.0260198569007799,0.00930448270664925,0.00750065309597263,0.00344408501757563,-0.0030616259049536
-0.00258055258490737,0.00398238389337488,0.000197526298665849,0.00930448270664925,0.0158276015207952,0.00213221445514115,0.00235552556413513,-0.00195813566718007
0.000304271171937354,0.00444845569215381,0.00303795773866018,0.00750065309597263,0.00213221445514115,0.0135580568752395,0.00154203064535331,0.000864686474844872
-0.00196038429515885,0.0013937808390207,-0.00136906835648663,0.00344408501757563,0.00235552556413513,0.00154203064535331,0.0171745060343826,0.00128387815479676
0.0195708585868444,0.00828439635909936,0.00395995134455278,-0.0030616259049536,-0.00195813566718007,0.000864686474844872,0.00128387815479676,0.0351861046786712
