0.0395249598219149,0.0878974387178781,-0.012008759522835,-0.00965569811650726,0.00438813687555351,0.0206906238896508,-0.0831043878269698,-0.00615701062092325,0.0712353643057056,-0.00174948902184364,-0.00116394040141111,0.0344113584166122,0.0195568683104503
0.0878974387178781,0.23318476236821,-0.0877272473973495,-0.0437320343353505,0.0161050247683354,0.0763703125162231,-0.116646542251491,-0.0103581311383539,0.177140872970628,-0.000959141473680499,-0.0101250324073725,0.0512030917184822,-0.0194841143606631
-0.012008759522835,-0.0877272473973495,0.157734432555669,0.0398269608771468,-0.023840732861193,-0.0529459111083446,-0.0747833263080091,-0.00853341679632232,-0.0671129828455719,0.0055867589187345,0.0282131863122184,0.071595180160798,0.111181621715254
-0.00965569811650726,-0.0437320343353505,0.0398269608771468,0.0233538321636403,-0.0067311416424591,0.00336652799112359,-0.0164371858326609,-0.0135191797657229,-0.054112730474918,0.00165066307608467,0.00327612181797937,0.0074197697491893,0.00831682283600436
0.00438813687555351,0.0161050247683354,-0.023840732861193,-0.0067311416424591,0.00990886946549915,-0.00145567874456145,-0.00349812826883693,0.00718241840153994,0.0287234598113173,-0.0145961697946142,-0.0247209612314701,-0.0102170201555575,-0.0303357961870383
0.0206906238896508,0.0763703125162231,-0.0529459111083446,0.00336652799112359,-0.00145567874456145,0.125841965330311,0.0247646672107243,-0.0462142575967569,-0.0386198000529781,0.0172864395028777,-0.00191511684737497,0.000538488235439942,-0.110816584965505
-0.0831043878269698,-0.116646542251491,-0.0747833263080091,-0.0164371858326609,-0.00349812826883693,0.0247646672107243,0.303042015095339,0.0107338834374296,-0.13443023747665,0.0184535996828423,0.00168847752057313,-0.110071088534358,-0.150335504594052
-0.00615701062092325,-0.0103581311383539,-0.00853341679632232,-0.0135191797657229,0.00718241840153995,-0.0462142575967569,0.0107338834374296,0.0254976754273187,0.0397665236811536,-0.0126051560967682,-0.0117204133222429,-0.01210390922261,0.015647526857999
0.0712353643057056,0.177140872970628,-0.0671129828455719,-0.054112730474918,0.0287234598113173,-0.0386198000529781,-0.13443023747665,0.0397665236811536,0.239443917503864,-0.0337288384128737,-0.0382520404315007,0.036375392066262,0.0397311127257576
-0.00174948902184365,-0.000959141473680499,0.0055867589187345,0.00165066307608467,-0.0145961697946142,0.0172864395028777,0.0184535996828423,-0.0126051560967682,-0.0337288384128737,0.031126043433815,0.0485016583658324,0.00533705588288795,0.0434129586899656
-0.00116394040141111,-0.0101250324073725,0.0282131863122184,0.00327612181797937,-0.0247209612314701,-0.00191511684737497,0.00168847752057313,-0.0117204133222429,-0.0382520404315007,0.0485016583658324,0.0846415143751061,0.0180848983996878,0.114040710222538
0.0344113584166122,0.0512030917184822,0.071595180160798,0.0074197697491893,-0.0102170201555575,0.000538488235439942,-0.110071088534358,-0.01210390922261,0.036375392066262,0.00533705588288795,0.0180848983996878,0.077545392165512,0.0728004227550699
0.0195568683104503,-0.0194841143606631,0.111181621715254,0.00831682283600436,-0.0303357961870383,-0.110816584965505,-0.150335504594052,0.015647526857999,0.0397311127257576,0.0434129586899656,0.114040710222538,0.0728004227550699,0.304763083675081
