0.041291035720249,-0.00663899310473297,0.00287720332736072,0.00784409569603896,0.00267887187891445,0.00109734603160481,0.0199952257084632,-0.0144134750824915,0.0109350773028793,0.00546097244289928,0.00910368904748639,0.0117701686990298,0.0193495707363838
-0.00663899310473297,0.200697650454847,-0.0229969637168079,0.000225889254286469,-0.0115021986091935,0.00759934459173283,-0.00151515027171694,0.00346233101181193,-0.00982183985188722,0.0049606676731035,0.00505816044335894,0.0237436584894868,0.0654555014921257
0.00287720332736072,-0.0229969637168079,0.0927127181203856,0.00949626427507896,0.00210224673663219,0.00448223699141999,0.0103918393823207,-0.0204427251938266,0.058725211350634,0.0143523376910317,0.0225733965948982,0.00816394253640799,0.0495858012687353
0.00784409569603896,0.000225889254286469,0.00949626427507896,0.0252004157014241,-0.00180186215228567,0.0150605830893771,0.00760478123385261,-2.73373708535005e-05,0.0129352059693865,0.00474733253685391,0.00382454028759806,0.00835139126136646,0.00790026416574927
0.00267887187891445,-0.0115021986091935,0.00210224673663219,-0.00180186215228567,0.0191505386014809,0.00269026912915149,0.00991049894926382,-0.00290492295665856,0.00354058541885974,-0.00127929232661781,-0.00355331399352734,0.00448109706659885,0.0116554636054611
0.00109734603160481,0.00759934459173283,0.00448223699141999,0.0150605830893771,0.00269026912915149,0.124652415392275,0.0405976667629162,0.00192107014306164,0.00474249802239614,0.00105542771149821,0.0188945151578884,0.0127675602964143,0.00750915282928587
0.0199952257084632,-0.00151515027171694,0.0103918393823207,0.00760478123385261,0.00991049894926382,0.0405976667629162,0.244268175186132,0.00680246356258708,-0.00171515691023236,-0.0153557509403787,0.00174240627168742,0.0282598821132124,0.00432766260845703
-0.0144134750824915,0.00346233101181193,-0.0204427251938266,-2.73373708535005e-05,-0.00290492295665856,0.00192107014306164,0.00680246356258708,0.0279020547682134,-0.0429178719029482,-0.0164359949335608,-0.0227694216402615,-0.0156852824956375,-0.0216299973957411
0.0109350773028793,-0.00982183985188722,0.058725211350634,0.0129352059693864,0.00354058541885974,0.00474249802239614,-0.00171515691023236,-0.0429178719029482,0.234016326911642,0.0252823155315769,0.0409642563197269,0.025858864102105,0.0998850650064638
0.00546097244289928,0.0049606676731035,0.0143523376910317,0.00474733253685391,-0.00127929232661781,0.00105542771149821,-0.0153557509403787,-0.0164359949335608,0.0252823155315769,0.0397747348531528,0.0397922373851939,0.0145824701858753,0.0278289772253184
0.00910368904748639,0.00505816044335894,0.0225733965948982,0.00382454028759806,-0.00355331399352734,0.0188945151578884,0.00174240627168743,-0.0227694216402615,0.0409642563197269,0.0397922373851939,0.0922039280810763,0.00990197233198627,0.0622101054001515
0.0117701686990298,0.0237436584894868,0.00816394253640799,0.00835139126136646,0.00448109706659885,0.0127675602964143,0.0282598821132124,-0.0156852824956375,0.025858864102105,0.0145824701858753,0.00990197233198627,0.100862540461488,0.0412359360330052
0.0193495707363838,0.0654555014921257,0.0495858012687353,0.00790026416574927,0.0116554636054611,0.00750915282928587,0.00432766260845703,-0.0216299973957411,0.0998850650064638,0.0278289772253184,0.0622101054001515,0.0412359360330052,0.224403785043727
