0.250107095281725,0.0217409860742531,0.0076367734593875,-0.00309175891103664,0.0148890562418094,-0.0011938162718356,0.0125999579514079,0.0194799818156716,-0.0282073463224162,0.00152830734146731,0.0590132330172606,-0.0228811337380331,0.0204423294539882,0.000257460773982634
0.0217409860742531,0.0353545700328001,0.0124328120484661,0.00323755035737737,0.0106971101256378,0.0121495679862162,0.00936603115167554,0.0255658807146369,-0.000330954606699856,0.00375942551499477,0.00190241426640147,0.00770110601822639,-0.00334769104227037,0.000535885198793247
0.0076367734593875,0.0124328120484661,0.0377435540936081,0.00114316062789062,-0.00248391245535848,0.0133032151167146,0.00937403217416105,0.0316327834760733,0.00922533771446992,0.00464975572662264,-0.00248469713525536,-0.000624000387382158,-0.0035295480529835,0.000223724765758463
-0.00309175891103664,0.00323755035737737,0.00114316062789062,0.0495487664008813,0.00965440977929583,-0.00266701714401958,-0.00312067498971876,0.00333101857271431,0.00852807085362602,-0.00101024095941406,0.0149268039158236,-0.00383735437243788,0.000189035698912892,0.000628884668148592
0.0148890562418094,0.0106971101256378,-0.00248391245535848,0.00965440977929583,0.0812469711847548,0.0172700001162883,3.38904213805373e-05,0.0574685112408082,0.0229064596855781,0.00348189593728705,-0.0174309528531836,0.00666724950455388,0.0114931289007614,0.00107005622861248
-0.0011938162718356,0.0121495679862162,0.0133032151167146,-0.00266701714401958,0.0172700001162883,0.0580505394972635,0.0077173156315159,0.060511198089895,0.00705585633915731,0.000689948826745443,0.00236683012259444,-0.00128822308326388,-0.00259315491279395,0.000114619161533687
0.0125999579514079,0.00936603115167554,0.00937403217416105,-0.00312067498971876,3.38904213805373e-05,0.0077173156315159,0.0186482251074113,0.0154033124354818,0.00833179169362817,0.00688516158796474,0.0130072896567245,-0.000964644876548492,-0.00173276840671232,3.99344135419739e-05
0.0194799818156716,0.0255658807146369,0.0316327834760733,0.00333101857271431,0.0574685112408082,0.060511198089895,0.0154033124354818,0.250889461975968,0.0687894652903522,0.0109350346374746,-9.52366986017023e-05,0.0043820128451442,0.0151437588734539,0.00077881726874044
-0.0282073463224162,-0.000330954606699856,0.00922533771446992,0.00852807085362602,0.0229064596855781,0.00705585633915731,0.00833179169362817,0.0687894652903522,0.2361121194751,0.0186152759720331,-0.0249655733518334,0.017747182824479,0.00695624657920088,0.00213959396386525
0.00152830734146731,0.00375942551499477,0.00464975572662264,-0.00101024095941406,0.00348189593728705,0.000689948826745443,0.00688516158796474,0.0109350346374746,0.0186152759720331,0.00587749374840543,-0.00436644899160304,0.00200316870803596,-0.000823719997866499,0.000358749587776846
0.0590132330172606,0.00190241426640147,-0.00248469713525536,0.0149268039158236,-0.0174309528531836,0.00236683012259444,0.0130072896567245,-9.52366986017023e-05,-0.0249655733518334,-0.00436644899160304,0.268858061061585,0.00257787779100967,0.0197085313263755,-0.00295721439056351
-0.0228811337380331,0.00770110601822638,-0.000624000387382158,-0.00383735437243788,0.00666724950455388,-0.00128822308326388,-0.000964644876548492,0.0043820128451442,0.017747182824479,0.00200316870803596,0.00257787779100967,0.0215513753885705,0.00146631180738223,0.000438579578969062
0.0204423294539882,-0.00334769104227037,-0.0035295480529835,0.000189035698912892,0.0114931289007614,-0.00259315491279395,-0.00173276840671232,0.0151437588734539,0.00695624657920088,-0.000823719997866499,0.0197085313263755,0.00146631180738223,0.0130454324664709,0.000321766187753811
0.000257460773982634,0.000535885198793247,0.000223724765758463,0.000628884668148592,0.00107005622861248,0.000114619161533687,3.99344135419739e-05,0.00077881726874044,0.00213959396386525,0.000358749587776846,-0.00295721439056351,0.000438579578969062,0.000321766187753811,0.000287846710814677
