0.0370981134231864,0.00360237461939614,-0.0061248524970037,0.00907672849506078,-0.00572038767325224,-0.00315034957722168,-0.00421864423822297,0.0277371852749141
0.00360237461939614,0.0211210445833127,0.00429274437578491,0.00482723375855784,0.00468982352617595,0.00689914784477913,0.00513938688442743,0.0202964738616299
-0.0061248524970037,0.00429274437578491,0.0218195697284796,0.00333641787305507,0.00880496142586161,0.00965131638103961,-1.0874949415755e-05,-0.00219669436327431
0.00907672849506078,0.00482723375855784,0.00333641787305507,0.0227271813746017,0.00184145783250549,0.01337467202891,0.00751494855424735,0.0118066917677141
-0.00572038767325224,0.00468982352617595,0.00880496142586161,0.00184145783250549,0.00828429467028761,0.0020193465511004,0.00743827328447737,0.00227095110904521
-0.00315034957722168,0.00689914784477913,0.00965131638103961,0.01337467202891,0.0020193465511004,0.0161650246154569,0.00104478323954844,0.00137504964824648
-0.00421864423822297,0.00513938688442743,-1.0874949415755e-05,0.00751494855424735,0.00743827328447737,0.00104478323954844,0.0142588388684675,0.0066396197528194
0.0277371852749141,0.0202964738616299,-0.00219669436327431,0.0118066917677141,0.00227095110904521,0.00137504964824648,0.0066396197528194,0.0388153578708221
