0.219291236059268,0.0362664493670001,0.014595554937286,-0.0280944086142192,0.046607542626419,-0.00122244616046069,0.0175254040961838,-0.0391871202386877,0.0136973746080441,0.0060212391533923,0.0683942846226689,-0.009763493750285,-0.00108932032454098,0.00046380786109756
0.0362664493670001,0.0357157452793446,0.00646057024733059,-0.00918099456744321,0.00646824341497461,0.0375122059833705,0.0145706534241724,0.010980454500156,0.0103598961590016,0.0135063607175465,0.0160927677052948,-0.00191800176489153,-0.00123464662306322,-0.000924841526906943
0.014595554937286,0.00646057024733059,0.0396410911809456,-0.00124140625046087,0.0138274021244839,0.0141770279727603,0.0122509023034366,0.0603980663028019,-0.0447594302832271,0.0122163977507397,0.043241851929486,0.0115286549129475,-0.0103215887318629,-0.00021798372553855
-0.0280944086142192,-0.00918099456744321,-0.00124140625046087,0.0370277827398648,-0.0367699110681216,-0.0238235007930687,-0.00996474628902994,0.0142906157298204,0.0308429042096489,-0.00364506133343339,-0.00895291122443732,0.0137706192930798,-0.00112622002388836,0.0016540219468361
0.046607542626419,0.00646824341497461,0.0138274021244839,-0.0367699110681216,0.0777832422415488,0.0300116042751508,0.0203540011158325,-0.00707354690078088,-0.0338437536465311,-0.000659949223407471,-0.00430389669356552,-0.00284744498288095,-0.00272881373009098,-0.00178521910553761
-0.00122244616046069,0.0375122059833705,0.0141770279727603,-0.0238235007930687,0.0300116042751508,0.0698671824666996,0.0249589566243937,0.0141172312569608,-0.0174394206921961,0.0193331265198022,-0.00304802859152618,0.00222240292095444,-0.00478471149074738,-0.00288124524950215
0.0175254040961838,0.0145706534241724,0.0122509023034366,-0.00996474628902994,0.0203540011158325,0.0249589566243937,0.0124668802542946,0.0118847523552531,-0.0166676570294453,0.00724861755842686,0.0129732413724954,0.00178089541792055,-0.00261079574319496,-0.00129456783388192
-0.0391871202386877,0.010980454500156,0.0603980663028019,0.0142906157298204,-0.00707354690078088,0.0141172312569608,0.0118847523552531,0.229143046384127,-0.100964304430727,0.0103530808509071,0.142907924240268,-0.00986152805017383,-0.00124441607667028,0.000329041757235135
0.0136973746080441,0.0103598961590016,-0.0447594302832271,0.0308429042096489,-0.0338437536465311,-0.0174394206921961,-0.0166676570294453,-0.100964304430727,0.251107694595397,-0.0029439521837025,-0.174243061012308,0.0259979277649952,-0.00863885656242716,0.00681957595018736
0.0060212391533923,0.0135063607175465,0.0122163977507397,-0.00364506133343339,-0.000659949223407471,0.0193331265198022,0.00724861755842686,0.0103530808509071,-0.0029439521837025,0.0109934304927434,0.00502469740232866,0.00574336238594266,-0.00540849087061532,-0.000320178426966343
0.0683942846226689,0.0160927677052948,0.043241851929486,-0.00895291122443732,-0.00430389669356552,-0.00304802859152618,0.0129732413724954,0.142907924240268,-0.174243061012308,0.00502469740232866,0.24820225670437,-0.039036833990484,0.0157817178824968,-0.00556262851945589
-0.009763493750285,-0.00191800176489153,0.0115286549129475,0.0137706192930798,-0.00284744498288095,0.00222240292095444,0.00178089541792055,-0.00986152805017383,0.0259979277649952,0.00574336238594266,-0.039036833990484,0.0231879923649445,-0.0106867461311621,0.00126559094816786
-0.00108932032454098,-0.00123464662306322,-0.0103215887318629,-0.00112622002388836,-0.00272881373009098,-0.00478471149074738,-0.00261079574319496,-0.00124441607667028,-0.00863885656242716,-0.00540849087061532,0.0157817178824968,-0.0106867461311622,0.00699518573720136,-0.000793212773036998
0.00046380786109756,-0.000924841526906943,-0.00021798372553855,0.0016540219468361,-0.00178521910553761,-0.00288124524950215,-0.00129456783388192,0.000329041757235135,0.00681957595018736,-0.000320178426966343,-0.00556262851945589,0.00126559094816786,-0.000793212773036998,0.000591361844376862
