0.0492240046757408,0.0102222056836281,0.035726411503502,-0.00788317703988206,-0.0135380666741523,-0.00641041237684301,-0.00863616209808975,-0.00642532583280066,-0.00825311761908489,-0.00825904431176139,-0.0103102265922043,-0.00670186458681851,-0.00621819608688419,-0.0102844605974269,-0.00444433812788362,0.00287413690754958,-0.0278334591655717,-0.017763047022787,-0.021661578749079,-0.0155107424736651,0.010011009306348,-0.0212089976332187
0.0102222056836281,0.0484594245404123,0.000450592707317614,-0.00309315166051925,-0.00378494975569775,-0.00183158829433731,-0.0028774242301905,-0.001890841774714,-0.00295224325912324,-0.00212229526460948,-0.00429605568530986,-0.0029361899900568,-0.00153343832817661,-0.0042894059119493,-0.00074927473304621,0.00127118200791925,-0.00693490829309242,-0.0170710810587432,-0.00512289896943108,-0.00495298708186253,0.00148560063675437,-0.00302866587976024
0.035726411503502,0.000450592707317614,0.110768938695009,-0.0249768445098193,-0.026475055144292,-0.0216015776012731,-0.026808484505492,-0.0215591634687431,-0.02246951815327,-0.0260818209070503,-0.022854924602363,-0.0216087167992675,-0.0169089922115847,-0.0228090947113103,-0.0229227942707223,0.0254309682351976,-0.0457686547068501,0.0079046319117822,-0.0378103842455077,-0.0218929826106063,-0.0217771158225869,-0.0353801202687932
-0.00788317703988206,-0.00309315166051925,-0.0249768445098193,0.0119232413720812,0.012390474453895,0.0105403506885791,0.0112664785647837,0.0105364755385749,0.00953048957417353,0.010565831721746,0.0103826651169729,0.00902613668818982,0.00621910192389184,0.0103720998350629,0.0108682879826288,-0.0135842037058267,0.0116163867331022,-0.00178826427500758,0.0110757431533227,0.00814392151295834,0.00931181984810604,0.0115183481776194
-0.0135380666741523,-0.00378494975569775,-0.026475055144292,0.012390474453895,0.0142632528659054,0.0107293703401545,0.011879404256065,0.0107290663121388,0.0106002119033387,0.0115089032299804,0.0115724618475688,0.00981481864423317,0.00703014497160603,0.0115595240792117,0.0115167081326864,-0.0138290911386544,0.0129449677615553,0.00161725707971478,0.0137250432018441,0.0117532748615837,0.00954996052796427,0.0137645284858111
-0.00641041237684301,-0.00183158829433731,-0.0216015776012731,0.0105403506885791,0.0107293703401545,0.00948845924688241,0.00979169514544185,0.0094810778329332,0.0081770370011544,0.00924815988643588,0.00892103733463947,0.007659740133265,0.00534103600794936,0.00891238002117955,0.00978829834148346,-0.0121965738072928,0.0102553217060718,-0.00277193557454884,0.00910166535603889,0.0059977275935588,0.00803347951274484,0.00954997244109562
-0.00863616209808975,-0.0028774242301905,-0.026808484505492,0.0112664785647837,0.011879404256065,0.00979169514544185,0.0122272078169931,0.00978055515004674,0.0104817527298273,0.0112976096356427,0.0110459254026053,0.0106933209066875,0.00703247787663006,0.0110360436843952,0.00944635452674812,-0.0128013136299757,0.0105215617260934,0.00102258107608112,0.0130454497133762,0.0101510165957902,0.00811612106310336,0.0139141571320382
-0.00642532583280066,-0.001890841774714,-0.0215591634687431,0.0105364755385749,0.0107290663121388,0.0094810778329332,0.00978055515004674,0.00947408105196644,0.00816929949871603,0.00923814207516843,0.00891950645483581,0.00764540054353413,0.00533318509620294,0.00891085949087733,0.00978203317779871,-0.0121879094143262,0.0102729670685287,-0.00275073490295295,0.0090965325691857,0.00601232292524602,0.00799917313016882,0.00953817944769909
-0.00825311761908489,-0.00295224325912324,-0.02246951815327,0.00953048957417353,0.0106002119033387,0.0081770370011544,0.0104817527298273,0.00816929949871603,0.0206235080114926,0.0194457151868902,0.0235987707181564,0.0201899600659064,0.0134647927081061,0.0235940673766002,0.00855345200726372,-0.0170353750979048,0.0129361463777638,0.00224106850608881,0.0121627060313079,0.0104199964492392,0.0111612832071067,0.0121455884391713
-0.00825904431176139,-0.00212229526460948,-0.0260818209070503,0.010565831721746,0.0115089032299804,0.00924815988643588,0.0112976096356427,0.00923814207516843,0.0194457151868902,0.0192588495287556,0.0219419121254075,0.0187895912669344,0.0129513777993378,0.0219367712693104,0.00970621466167374,-0.01693680995084,0.012728629160948,0.00127450607991052,0.0117721263174809,0.0098361737213025,0.010851967592565,0.0114630531041426
-0.0103102265922043,-0.00429605568530986,-0.022854924602363,0.0103826651169729,0.0115724618475688,0.00892103733463947,0.0110459254026053,0.00891950645483581,0.0235987707181564,0.0219419121254075,0.0275301872375304,0.0228498361170835,0.015217962176154,0.0275253125275779,0.00928509833662263,-0.0193044390220705,0.0162293655238753,0.00292822934878432,0.0128425242897087,0.011227863173802,0.0108894461833511,0.0129409940943563
-0.00670186458681851,-0.0029361899900568,-0.0216087167992675,0.00902613668818982,0.00981481864423317,0.007659740133265,0.0106933209066875,0.00764540054353413,0.0201899600659064,0.0187895912669344,0.0228498361170835,0.0204397243312302,0.0131439787682441,0.0228456245513665,0.00749439809415019,-0.0155803067487211,0.0105666843334692,0.00370262465424193,0.0116483169231901,0.0104683260180228,0.0106946173579951,0.0124134312786674
-0.00621819608688419,-0.00153343832817661,-0.0169089922115847,0.00621910192389184,0.00703014497160603,0.00534103600794936,0.00703247787663006,0.00533318509620293,0.0134647927081061,0.0129513777993378,0.015217962176154,0.0131439787682441,0.0090208794521783,0.0152143239314866,0.00555913123396753,-0.0109759639273174,0.00860521497281757,0.0016653737762509,0.00858338198459571,0.00750102367559644,0.0076426284441841,0.00823510236486836
-0.0102844605974269,-0.0042894059119493,-0.0228090947113103,0.0103720998350629,0.0115595240792117,0.00891238002117955,0.0110360436843952,0.00891085949087733,0.0235940673766002,0.0219367712693104,0.0275253125275779,0.0228456245513665,0.0152143239314866,0.0275204808773342,0.00927596573120198,-0.0192939771002677,0.0162096872572072,0.00291577196941092,0.0128208891466154,0.0112154109337614,0.0108743178597868,0.0129213749955272
-0.00444433812788362,-0.00074927473304621,-0.0229227942707223,0.0108682879826288,0.0115167081326864,0.00978829834148346,0.00944635452674812,0.00978203317779871,0.00855345200726373,0.00970621466167374,0.00928509833662263,0.00749439809415019,0.00555913123396753,0.00927596573120198,0.013070341133014,-0.0148723938928592,0.0129984941651273,-0.00760571210065855,0.00862199447404826,0.00937189498019909,0.0136886541525441,0.00823213495106817
0.00287413690754958,0.00127118200791925,0.0254309682351976,-0.0135842037058267,-0.0138290911386544,-0.0121965738072928,-0.0128013136299757,-0.0121879094143262,-0.0170353750979048,-0.01693680995084,-0.0193044390220705,-0.0155803067487211,-0.0109759639273174,-0.0192939771002677,-0.0148723938928592,0.029517323522401,-0.0230805922863347,0.0140519212635377,-0.0188653267520585,-0.0109268566263179,-0.0232622136774754,-0.0167443340828897
-0.0278334591655717,-0.00693490829309242,-0.0457686547068501,0.0116163867331022,0.0129449677615553,0.0102553217060718,0.0105215617260934,0.0102729670685287,0.0129361463777638,0.012728629160948,0.0162293655238753,0.0105666843334692,0.00860521497281757,0.0162096872572072,0.0129984941651273,-0.0230805922863347,0.0547314616194633,-0.0232680124397731,0.0210864981042355,0.0122315105091213,0.00717845673405474,0.0193349835850087
-0.017763047022787,-0.0170710810587432,0.0079046319117822,-0.00178826427500758,0.00161725707971478,-0.00277193557454884,0.00102258107608112,-0.00275073490295294,0.00224106850608881,0.00127450607991052,0.00292822934878432,0.00370262465424193,0.0016653737762509,0.00291577196941092,-0.00760571210065855,0.0140519212635377,-0.0232680124397731,0.0543864226520434,-4.65039914059492e-05,0.00979649097771975,-0.0139276546372906,0.00180116524257337
-0.021661578749079,-0.00512289896943108,-0.0378103842455077,0.0110757431533227,0.0137250432018441,0.00910166535603889,0.0130454497133762,0.0090965325691857,0.0121627060313079,0.0117721263174809,0.0128425242897087,0.0116483169231901,0.00858338198459571,0.0128208891466154,0.00862199447404826,-0.0188653267520585,0.0210864981042355,-4.65039914059492e-05,0.0310544374400525,0.0154874099798949,0.0143592507277306,0.028225099965179
-0.0155107424736651,-0.00495298708186253,-0.0218929826106063,0.00814392151295834,0.0117532748615837,0.0059977275935588,0.0101510165957902,0.00601232292524602,0.0104199964492392,0.0098361737213025,0.011227863173802,0.0104683260180228,0.00750102367559644,0.0112154109337614,0.00937189498019909,-0.0109268566263179,0.0122315105091213,0.00979649097771975,0.0154874099798949,0.0331392537783499,0.0131173175131008,0.0155429050424376
0.010011009306348,0.00148560063675437,-0.0217771158225869,0.00931181984810604,0.00954996052796427,0.00803347951274484,0.00811612106310336,0.00799917313016882,0.0111612832071067,0.010851967592565,0.0108894461833511,0.0106946173579951,0.0076426284441841,0.0108743178597868,0.0136886541525441,-0.0232622136774754,0.00717845673405474,-0.0139276546372906,0.0143592507277306,0.0131173175131008,0.0392271666037843,0.0105063806419056
-0.0212089976332187,-0.00302866587976024,-0.0353801202687932,0.0115183481776194,0.0137645284858111,0.00954997244109562,0.0139141571320382,0.00953817944769909,0.0121455884391713,0.0114630531041426,0.0129409940943563,0.0124134312786674,0.00823510236486836,0.0129213749955272,0.00823213495106817,-0.0167443340828897,0.0193349835850087,0.00180116524257337,0.028225099965179,0.0155429050424376,0.0105063806419056,0.0277878360561021
