0.0389988970180487,0.00521251316077281,0.00252911386450352,-0.00796720014785166,0.00454533420112705,0.00495974446625464,0.000179297796631988,0.0209510969585
0.00521251316077281,0.0176569147529782,-0.000600349614128515,0.00376920201297584,-0.00178350944170189,0.00495265183434645,-0.000561772271862923,2.88349110621744e-05
0.00252911386450352,-0.000600349614128515,0.0217707241477373,0.0152651198705748,-2.35642541843289e-05,0.0121876583105701,-0.00182494780844686,0.0200043527686218
-0.00796720014785166,0.00376920201297584,0.0152651198705748,0.0277923821495094,0.00631060691171611,0.0100922254911387,0.00474570893370787,0.00306044993886409
0.00454533420112705,-0.00178350944170189,-2.35642541843289e-05,0.00631060691171611,0.00922085299289015,0.000396546200534426,0.00295249372462769,-0.00360238571344655
0.00495974446625463,0.00495265183434645,0.0121876583105701,0.0100922254911387,0.000396546200534426,0.0100231377774303,-0.00376299275324475,0.0115450094909729
0.000179297796631988,-0.000561772271862923,-0.00182494780844686,0.00474570893370786,0.00295249372462769,-0.00376299275324475,0.0105909107229042,-0.00156498901741554
0.0209510969585,2.88349110621744e-05,0.0200043527686218,0.00306044993886409,-0.00360238571344655,0.0115450094909729,-0.00156498901741554,0.0342840249844161
