0.174447224040922,-0.00424322028209142,0.0197004980376423,-0.00237991911099555,0.0330816053750664,0.0142235130238942,-0.000278992880931655,-0.00697728324133349,-0.00426949506677996,0.00738507645469301,0.0124810666601374,0.00158117510712562,-0.00709421848332889,0.0156147051242,-0.00807210858119551,-0.0120285327828884,0.00664626627866689,0.0177205282872673,-0.00173346512035119,-0.00588126995592278,0.019333342890225,0.000754256452415347,-0.0133746361889819,0.0101686190612519
-0.00424322028209142,0.0308927729840328,-0.00511846242325524,0.0174997610572165,0.00610033191809593,0.00595073887582012,0.00139909470490889,0.00360386942738643,0.0221552165576512,-0.000193018561867171,-0.00344320486226741,-0.000537233515311698,-7.69163698422096e-05,0.0159134690329597,-0.00728465857933055,-0.00864291555311142,0.00797989424767828,0.00164967926564422,0.00253551341564342,-0.00928696590942333,-0.00695412945145871,-0.00273927896928311,-0.014539661561941,0.0104606989018909
0.0197004980376423,-0.00511846242325524,0.074757015802057,-0.00554175282648624,-0.00204955293987144,0.00502978935527684,0.00319158400460325,0.00277576570294618,-0.00781036299841574,0.00770974906056879,0.0143896312076794,0.0203542182011236,-0.00551517751791068,-0.00124943456204005,0.0100826683351534,0.00109375511772116,-0.0013125781369344,0.00237121177101344,-0.000776453323534399,-0.000967389373158863,0.0113668264460988,0.00150255870348369,0.00242931296055159,0.00878713702017962
-0.00237991911099555,0.0174997610572165,-0.00554175282648624,0.0231215841072821,0.00751243214493979,-0.000206165810916048,-0.00264657986020587,0.00290426372220951,0.0205848129546134,0.00265132520422492,-0.00535717642554282,0.00130836581798646,-0.000292561795004725,0.0218604958512901,-0.00387772386489267,-0.00460415431195952,0.0123559551792097,0.00200061673031354,0.00226877581657243,-0.00210126526793289,-0.0108174773167411,-0.00111786385408695,-0.0121924595647804,-0.00287465392253806
0.0330816053750664,0.00610033191809593,-0.00204955293987144,0.00751243214493979,0.158327176349245,0.0155031932131267,-0.00178524011309825,0.0197419565096069,0.00745800444952657,0.0114824603127995,0.00028856729341439,-0.00688761619248945,-0.00916643624624055,0.0242759570529759,-0.0041285528673746,0.00385508838608572,0.0111827476407455,0.0179427179216511,-0.00698067530677424,0.00118066558095385,-0.0105679521305395,-0.00130841527419025,-0.0196506652007684,0.0165989995216926
0.0142235130238942,0.00595073887582012,0.00502978935527684,-0.000206165810916048,0.0155031932131267,0.0859220540031258,0.00763191734259963,0.0239204013988043,0.0138704639685669,0.0201575451974136,-0.00153605204006393,0.00238490246742693,0.0127918999068432,0.0158985902338637,-0.00561039150625714,-0.0170525763465986,0.0127902371506789,-0.00251876758278677,0.000302840431645272,-0.012649958211134,-0.00400458416456405,-0.0105215751390262,-0.00737682442319277,0.0201925664944596
-0.000278992880931655,0.00139909470490889,0.00319158400460325,-0.00264657986020587,-0.00178524011309825,0.00763191734259963,0.0547963587696558,-0.011523667538588,-0.00554851266389131,0.00324827176051261,-0.00682333104446164,0.000324381188342744,0.00928539834440354,0.000658287082892786,0.00276929697547932,0.00478561665056626,-0.000351647674199709,-0.00468124756273609,0.0014106480857593,-0.00610688046168094,0.00559833354779809,-0.002781635119873,9.19548421546678e-05,0.00511854276558231
-0.00697728324133349,0.00360386942738643,0.00277576570294618,0.00290426372220951,0.0197419565096069,0.0239204013988043,-0.011523667538588,0.129094838418582,0.0260519856994885,0.0180340329738397,0.00402821480867967,0.00258260040167972,0.017475488758406,0.016365011048464,-0.00242478345217572,-0.00322382468899863,0.0110359075489535,0.00428890176227427,-0.00442992547491807,0.0194712792512808,-0.0543422883323732,-0.00385758610935588,-0.000156251603371446,0.00951588907914857
-0.00426949506677996,0.0221552165576512,-0.00781036299841574,0.0205848129546134,0.00745800444952657,0.0138704639685669,-0.00554851266389131,0.0260519856994885,0.126479016616511,0.00742488435905684,-0.0113922033810043,-0.00016489552537271,0.0194692873450204,0.0438237449452459,-0.0141975384965606,-0.000124072653078855,0.0195679195913354,0.0169889936661754,-0.000272247922927489,-0.0108558816626671,-0.0621298886089164,-0.00305963042112972,-0.0403808592552786,0.00916325717119704
0.00738507645469301,-0.000193018561867171,0.00770974906056879,0.00265132520422492,0.0114824603127995,0.0201575451974136,0.00324827176051261,0.0180340329738397,0.00742488435905684,0.0368474046805888,-0.00303865312058087,0.00632522928109522,0.0113935121408201,0.0120230773663339,0.0030981616926187,0.00431591775392713,0.0101952624448825,0.00181380486266686,-0.000864733486243325,-0.0126297192811432,-0.00457896338843042,0.00240560330177421,-0.0032356671039065,-0.00601976563768367
0.0124810666601374,-0.00344320486226741,0.0143896312076794,-0.00535717642554282,0.00028856729341439,-0.00153605204006393,-0.00682333104446164,0.00402821480867967,-0.0113922033810043,-0.00303865312058087,0.120785633046445,-0.0063633953092143,0.00190573449744409,-0.0156533626755452,0.000652690159609602,0.00872007694535031,-0.0049746705974153,0.00984449249521858,-0.00164412887622293,0.0137127778428576,-0.0103121074408502,0.000969199236416377,0.00320529774825906,0.0131317865987652
0.00158117510712562,-0.000537233515311698,0.0203542182011236,0.00130836581798646,-0.00688761619248945,0.00238490246742693,0.000324381188342744,0.00258260040167972,-0.00016489552537271,0.00632522928109522,-0.0063633953092143,0.0387181238241858,0.00784153154824934,0.00208341017742715,0.00307189564165329,0.00592013520472537,-0.00144012296907503,0.00651597816428238,-0.00137847435110217,-0.0020218893724161,0.000790048380590567,0.00353847392030859,0.00107159729483207,-0.0018521062429252
-0.00709421848332889,-7.69163698422096e-05,-0.00551517751791068,-0.000292561795004725,-0.00916643624624055,0.0127918999068432,0.00928539834440354,0.017475488758406,0.0194692873450204,0.0113935121408201,0.00190573449744409,0.00784153154824934,0.148426229161016,-0.0053608471541962,0.0106112369856109,0.0109942629638804,0.00998321261322823,-0.000545882934370578,-0.00190140399444649,-0.0110421563424188,-0.0192987112704818,-0.000829862203227647,0.0191977466952651,-0.0250979031594282
0.0156147051242,0.0159134690329597,-0.00124943456204005,0.0218604958512901,0.0242759570529759,0.0158985902338637,0.000658287082892786,0.016365011048464,0.0438237449452459,0.0120230773663339,-0.0156533626755452,0.00208341017742715,-0.0053608471541962,0.245622126766696,-0.0204871543880587,-0.00521476002360754,0.0149255608640504,0.0120971487164138,0.00046881236275045,-0.00734962793634346,-0.0054931468410535,-0.00942812438138446,-0.0577852670988492,-0.0018376235364103
-0.00807210858119551,-0.00728465857933055,0.0100826683351534,-0.00387772386489267,-0.0041285528673746,-0.00561039150625714,0.00276929697547932,-0.00242478345217572,-0.0141975384965606,0.0030981616926187,0.000652690159609602,0.00307189564165329,0.0106112369856109,-0.0204871543880587,0.0443923353357336,0.0161826619366145,-0.00153532326831302,-0.00329686143873113,0.000598472522687348,0.00345381672112129,0.0024285784470934,0.00202551740155903,0.012909228831721,-0.00680119790769181
-0.0120285327828884,-0.00864291555311142,0.00109375511772116,-0.00460415431195952,0.00385508838608572,-0.0170525763465986,0.00478561665056626,-0.00322382468899863,-0.000124072653078855,0.00431591775392713,0.00872007694535031,0.00592013520472537,0.0109942629638804,-0.00521476002360754,0.0161826619366145,0.187239007421846,-0.0229654845871349,0.00717357897709267,-0.0014394062189534,0.00751282492984335,-0.00823481540376297,0.00959718632074857,0.00359462260990291,-0.00724243221658267
0.00664626627866689,0.00797989424767828,-0.0013125781369344,0.0123559551792097,0.0111827476407455,0.0127902371506789,-0.000351647674199709,0.0110359075489535,0.0195679195913354,0.0101952624448825,-0.0049746705974153,-0.00144012296907503,0.00998321261322823,0.0149255608640504,-0.00153532326831302,-0.0229654845871349,0.0864378654743515,0.0101115931311048,-0.0044406235394662,-0.000431784432108085,-0.0180704727944859,-0.00247729071852172,-0.0149804733583679,-0.0021204782356441
0.0177205282872673,0.00164967926564422,0.00237121177101344,0.00200061673031354,0.0179427179216511,-0.00251876758278677,-0.00468124756273609,0.00428890176227427,0.0169889936661754,0.00181380486266686,0.00984449249521859,0.00651597816428238,-0.000545882934370578,0.0120971487164138,-0.00329686143873113,0.00717357897709267,0.0101115931311048,0.0958715776798354,-0.0436893649405792,-0.00291538110534354,-0.00233747716697278,0.00259568218834706,-0.0176515459244479,0.00388570605853833
-0.00173346512035119,0.00253551341564342,-0.000776453323534399,0.00226877581657243,-0.00698067530677424,0.000302840431645272,0.0014106480857593,-0.00442992547491807,-0.000272247922927489,-0.000864733486243325,-0.00164412887622293,-0.00137847435110217,-0.00190140399444649,0.00046881236275045,0.000598472522687348,-0.0014394062189534,-0.0044406235394662,-0.0436893649405792,0.0475213486621801,0.00195762547480748,-0.00182997852844278,-0.00152485470246854,-0.000803854593358672,0.00179002552321683
-0.00588126995592278,-0.00928696590942333,-0.000967389373158863,-0.00210126526793289,0.00118066558095385,-0.012649958211134,-0.00610688046168094,0.0194712792512808,-0.0108558816626671,-0.0126297192811432,0.0137127778428576,-0.0020218893724161,-0.0110421563424188,-0.00734962793634346,0.00345381672112129,0.00751282492984335,-0.000431784432108085,-0.00291538110534355,0.00195762547480748,0.13241201032657,-0.110017561276071,0.00353590826328578,-0.000168796296790373,0.00617919602630533
0.019333342890225,-0.00695412945145871,0.0113668264460988,-0.0108174773167411,-0.0105679521305395,-0.00400458416456405,0.00559833354779809,-0.0543422883323732,-0.0621298886089164,-0.00457896338843042,-0.0103121074408502,0.000790048380590567,-0.0192987112704818,-0.0054931468410535,0.0024285784470934,-0.00823481540376297,-0.0180704727944859,-0.00233747716697278,-0.00182997852844278,-0.110017561276071,0.20129187513864,-0.00435277258536835,0.0177902404109682,-0.00441821038776318
0.000754256452415347,-0.00273927896928311,0.00150255870348369,-0.00111786385408695,-0.00130841527419025,-0.0105215751390262,-0.002781635119873,-0.00385758610935588,-0.00305963042112972,0.00240560330177421,0.000969199236416377,0.00353847392030859,-0.000829862203227647,-0.00942812438138446,0.00202551740155903,0.00959718632074857,-0.00247729071852172,0.00259568218834706,-0.00152485470246854,0.00353590826328578,-0.00435277258536835,0.0190437198505824,-0.00355748616819765,-0.0121977912413368
-0.0133746361889819,-0.014539661561941,0.00242931296055159,-0.0121924595647804,-0.0196506652007684,-0.00737682442319277,9.19548421546678e-05,-0.000156251603371446,-0.0403808592552786,-0.0032356671039065,0.00320529774825906,0.00107159729483207,0.0191977466952651,-0.0577852670988492,0.012909228831721,0.00359462260990291,-0.0149804733583679,-0.0176515459244479,-0.000803854593358672,-0.000168796296790373,0.0177902404109682,-0.00355748616819765,0.153937424458203,-0.122887889690037
0.0101686190612519,0.0104606989018909,0.00878713702017962,-0.00287465392253806,0.0165989995216926,0.0201925664944596,0.00511854276558231,0.00951588907914857,0.00916325717119704,-0.00601976563768367,0.0131317865987652,-0.0018521062429252,-0.0250979031594282,-0.0018376235364103,-0.00680119790769181,-0.00724243221658267,-0.0021204782356441,0.00388570605853834,0.00179002552321683,0.00617919602630533,-0.00441821038776318,-0.0121977912413368,-0.122887889690037,0.229892464127331
