0.0527287048302944,-0.0106671734994323,0.0273846978740794,-0.00212223395882074,0.0235283339485285,-0.00903300072162357,0.0256224404186154,-0.00388071429626113,0.023418744284739,-0.00531900909794896,0.00744927089894878,-0.00436479770417511,0.0231758192718474,-0.02256205788684,0.0267879076217999,-0.0213360166913641,-0.00999228070097865
-0.0106671734994323,0.102111081249777,0.015874277295856,0.067640450158392,0.0238575418584214,0.059953604640191,0.00591861310094984,0.0666028838131352,-0.00552190433988521,0.0275687275267291,0.0195434466658475,0.0256284861838632,-0.00567660856556625,0.0450066834741827,0.00295266190281614,0.0448808802285626,-0.00515722331979458
0.0273846978740794,0.015874277295856,0.0704454366544047,0.00543014901785749,0.0304979590810826,-0.0193695652588318,0.0384258691854522,-0.00923733379183012,0.0431517814222504,-0.00985634408678563,0.0240655805537897,-0.030910672912193,0.016853735937038,-0.00746144686990705,-0.00106272923649838,0.00743485635214412,0.00900028559654445
-0.00212223395882074,0.067640450158392,0.00543014901785749,0.104136752395752,-0.00156227973073749,0.0549026057844967,0.00605757978880032,0.0499545255026054,0.00476002661436017,0.0219572100075582,0.00350351384408336,0.0478393983950905,-0.00727523552503569,0.0625916098393641,0.00904797003009722,0.0636972736128796,0.0187131992068207
0.0235283339485285,0.0238575418584214,0.0304979590810826,-0.00156227973073749,0.0816084291372424,0.0154036080337074,0.0344524314072814,0.00784303208408637,0.0120763884626545,0.0205823033044503,0.0314119658975502,-0.0126166116991407,0.0112016417159952,-0.019727490508468,0.00798695270197266,-0.00453532106517911,0.0162401932505158
-0.00903300072162357,0.059953604640191,-0.0193695652588318,0.0549026057844967,0.0154036080337074,0.0818640678820511,0.00399093912843226,0.0518111226622317,-0.0224226031748256,0.0411335778639308,0.0147385955542304,0.0559930356004198,-0.00191765683742593,0.0440902828443983,0.0153261460910645,0.0415276765821926,0.00493701181657648
0.0256224404186154,0.00591861310094984,0.0384258691854522,0.00605757978880032,0.0344524314072814,0.00399093912843226,0.0736154635286494,0.00376940286369506,0.0401008007896963,-0.000893571066630442,0.0271949102225035,-0.0152517901300622,0.00947075640361284,0.000983638607897812,-0.00411383179639061,-0.0194022957777005,0.0118508775497043
-0.00388071429626113,0.0666028838131352,-0.00923733379183012,0.0499545255026054,0.00784303208408637,0.0518111226622317,0.00376940286369506,0.0839901381531681,0.0147389887180438,0.0323966362264693,0.00306205718110852,0.0340493033149246,-0.000870893820901854,0.0237192368875663,-0.00852483689974233,0.0346469578341691,-0.0233345108482178
0.023418744284739,-0.00552190433988521,0.0431517814222504,0.00476002661436017,0.0120763884626545,-0.0224226031748256,0.0401008007896963,0.0147389887180438,0.0752185493984639,-0.00442774301603319,0.00702715794336747,-0.0140120324354643,0.0265058803395527,-0.0278762491799261,-0.0064730568886638,0.000444100385388062,0.00898634334819497
-0.00531900909794896,0.0275687275267291,-0.00985634408678563,0.0219572100075582,0.0205823033044503,0.0411335778639308,-0.000893571066630442,0.0323966362264693,-0.00442774301603319,0.0671579446792483,0.0120994118079079,0.048496560019202,0.0218766439560329,0.00627455732136904,0.00805597706777956,0.0302919888803525,0.00224904193462398
0.00744927089894878,0.0195434466658475,0.0240655805537897,0.00350351384408336,0.0314119658975502,0.0147385955542304,0.0271949102225035,0.00306205718110852,0.00702715794336747,0.0120994118079079,0.0734340831570061,-0.0125740154670283,0.0332255938466252,0.00193928705357121,0.024478339666172,-0.0142704570364767,0.0199862240317404
-0.00436479770417511,0.0256284861838632,-0.030910672912193,0.0478393983950905,-0.0126166116991407,0.0559930356004198,-0.0152517901300622,0.0340493033149246,-0.0140120324354643,0.048496560019202,-0.0125740154670283,0.0958826816663848,0.0237323380797599,0.0144460579619062,0.0117432566933374,0.0354386725834794,0.00311610480140127
0.0231758192718474,-0.00567660856556625,0.016853735937038,-0.00727523552503569,0.0112016417159952,-0.00191765683742593,0.00947075640361284,-0.000870893820901854,0.0265058803395527,0.0218766439560329,0.0332255938466252,0.0237323380797599,0.0693143996677306,-0.0539820025325989,0.0269918861703206,-0.0214133495277343,0.00455346279029521
-0.02256205788684,0.0450066834741827,-0.00746144686990705,0.0625916098393641,-0.019727490508468,0.0440902828443983,0.000983638607897812,0.0237192368875663,-0.0278762491799261,0.00627455732136904,0.00193928705357121,0.0144460579619062,-0.0539820025325989,0.106970219021682,-0.00417006341937043,0.0516331208073974,0.012610587967702
0.0267879076217999,0.00295266190281614,-0.00106272923649838,0.00904797003009723,0.00798695270197266,0.0153261460910645,-0.00411383179639061,-0.00852483689974232,-0.0064730568886638,0.00805597706777956,0.024478339666172,0.0117432566933374,0.0269918861703206,-0.00417006341937043,0.0704861695333488,-0.00756337117771276,0.0153034110000532
-0.0213360166913641,0.0448808802285626,0.00743485635214412,0.0636972736128796,-0.00453532106517911,0.0415276765821926,-0.0194022957777005,0.0346469578341691,0.000444100385388063,0.0302919888803525,-0.0142704570364767,0.0354386725834794,-0.0214133495277343,0.0516331208073974,-0.00756337117771276,0.0908548190117205,0.0135106320429141
-0.00999228070097865,-0.00515722331979458,0.00900028559654445,0.0187131992068207,0.0162401932505158,0.00493701181657648,0.0118508775497043,-0.0233345108482178,0.00898634334819497,0.00224904193462398,0.0199862240317404,0.00311610480140127,0.00455346279029521,0.012610587967702,0.0153034110000532,0.0135106320429141,0.0528484097130203
