0.0364714330405327,0.00601104817925137,0.00403033277605469,-0.00590276518944452,-0.00331775362783555,-0.000619864688344257,-0.00167019317899737,0.0186875983163561
0.00601104817925137,0.0226080009542353,0.00442077569344905,0.000877826081594686,0.00699614909011288,0.00538222971180053,0.000530434336272447,0.0110411648671322
0.00403033277605469,0.00442077569344905,0.0280705514859603,0.00517909396621773,0.00164070180432335,0.00835810020734878,0.000388995093614168,0.00604770360441936
-0.00590276518944452,0.000877826081594686,0.00517909396621773,0.0287028180445546,0.0118535494029333,0.00574822906967923,0.00399691479082614,-0.00490960598433289
-0.00331775362783555,0.00699614909011288,0.00164070180432335,0.0118535494029333,0.0164617553453624,0.00273912089694691,0.00162619337055492,-0.00121356711719094
-0.000619864688344257,0.00538222971180053,0.00835810020734878,0.00574822906967923,0.00273912089694691,0.0147412980987334,0.00353067896394799,-4.77641024831541e-05
-0.00167019317899737,0.000530434336272447,0.000388995093614168,0.00399691479082614,0.00162619337055492,0.00353067896394799,0.0218938134626654,0.00421494171600794
0.0186875983163561,0.0110411648671322,0.00604770360441936,-0.00490960598433289,-0.00121356711719094,-4.77641024831541e-05,0.00421494171600794,0.0438314968580624
