0.00047748311470757,0.000220851330121747,0.000469084924387895,-0.000914012839776655,-0.000547664856596581,-0.000410107192785094,-0.00260810440452974,-0.000551149921474845,-0.00183397859689625,-0.000332935633716397
0.000220851330121747,0.119964965519346,0.0823807158035761,0.0765713255087435,0.0572677058533676,0.0427332225669994,0.0933585222980119,0.0585074679189482,0.0659974656775531,0.0266613703460352
0.000469084924387895,0.0823807158035761,0.116382512145842,0.0957780231216195,0.0709065839956181,0.0479093148059581,0.0933910263378948,0.0765893114454877,0.0805129052833757,0.0226661241704278
-0.000914012839776655,0.0765713255087435,0.0957780231216195,0.104624568281727,0.0506220051812115,0.0447368178988033,0.106837363326848,0.0528038649640427,0.0851946891587204,0.0344770873754533
-0.000547664856596581,0.0572677058533676,0.0709065839956181,0.0506220051812115,0.0769121444632484,0.0359253351271548,0.0722261460758317,0.0644181174299246,0.052513486220997,0.0152711391294018
-0.000410107192785094,0.0427332225669994,0.0479093148059581,0.0447368178988033,0.0359253351271548,0.0398981638181038,0.0547956080363076,0.0363279808104475,0.0534331110815585,0.0170470199205024
-0.00260810440452974,0.0933585222980119,0.0933910263378948,0.106837363326848,0.0722261460758317,0.0547956080363076,0.173926432444228,0.0795443357156281,0.0725683808435912,0.035342099361798
-0.000551149921474845,0.0585074679189482,0.0765893114454877,0.0528038649640427,0.0644181174299246,0.0363279808104475,0.0795443357156281,0.0844383127456577,0.0582408640825,0.00389167254360538
-0.00183397859689625,0.0659974656775531,0.0805129052833757,0.0851946891587204,0.052513486220997,0.0534331110815585,0.0725683808435912,0.0582408640825,0.125447062345301,0.0358783514110371
-0.000332935633716397,0.0266613703460352,0.0226661241704278,0.0344770873754533,0.0152711391294018,0.0170470199205024,0.035342099361798,0.00389167254360539,0.0358783514110371,0.0515845513877799
