0.0383879887489953,0.0017783963813022,0.00668946556091715,-0.00524482419875593,-0.00315296591502362,-0.000424470140600609,-0.00346970714226972,0.0182482030016348
0.0017783963813022,0.0241349266525998,0.00152178379166481,0.00176904541875168,0.00555838844078282,0.00409116331459028,0.00343997513245124,0.0060787478846694
0.00668946556091715,0.00152178379166481,0.0239469460366353,0.00717845168718325,0.00147149533287044,0.00496117605556983,-0.00192625305151922,0.00573491794727622
-0.00524482419875593,0.00176904541875168,0.00717845168718325,0.0258226301794965,0.0100651538692148,0.00975997110654266,0.0039800879456504,-0.00338673002841092
-0.00315296591502362,0.00555838844078282,0.00147149533287044,0.0100651538692148,0.0138597931301868,0.00336510211295378,0.0033741867308821,-9.13167581234689e-05
-0.000424470140600609,0.00409116331459028,0.00496117605556983,0.00975997110654266,0.00336510211295378,0.0127861124081804,0.0012912075400932,0.000171769031548705
-0.00346970714226972,0.00343997513245124,-0.00192625305151922,0.0039800879456504,0.0033741867308821,0.0012912075400932,0.0206739108887045,0.00318503257943646
0.0182482030016348,0.0060787478846694,0.00573491794727622,-0.00338673002841092,-9.13167581234689e-05,0.000171769031548705,0.00318503257943646,0.0303457662858132
