0.0315795939532589,0.00315669029063399,-0.00105316947868334,-0.00330173439515377,0.000946313677104076,-0.0041092544490674,-0.000725875563268615,0.0186926487532439
0.00315669029063399,0.0222374736899858,0.00380780489951661,1.84504557385789e-05,0.00686913623276108,0.00258818124839689,-0.000668814558346085,0.000860287330914368
-0.00105316947868334,0.00380780489951661,0.0244196985691498,0.00537572329539728,0.00235428606078281,0.00809159034261815,0.00216067140065634,0.0058141360202462
-0.00330173439515377,1.84504557385789e-05,0.00537572329539728,0.0255702118012469,0.00971655575802118,0.009440624835083,0.00449626414417236,-0.00557407468101765
0.000946313677104076,0.00686913623276108,0.00235428606078281,0.00971655575802118,0.0155292309278922,0.00304766423952471,0.00103608387006212,0.00314405008715255
-0.0041092544490674,0.00258818124839689,0.00809159034261815,0.009440624835083,0.00304766423952471,0.0135886654793279,0.0017323749442809,-0.000671816204632463
-0.000725875563268614,-0.000668814558346085,0.00216067140065634,0.00449626414417236,0.00103608387006212,0.0017323749442809,0.0178940655714715,0.000846358815510821
0.0186926487532439,0.000860287330914368,0.0058141360202462,-0.00557407468101765,0.00314405008715255,-0.000671816204632463,0.000846358815510821,0.0342987434589458
