5887.55888615899,158.465271504644,-270.52543594779,463.131532124641,0,329.769812630523,0,0,-1778.83347188344,1300.07030903905,-723.34526291165,-618.573256215559,694.153600292261,-925.202917410094,1630.92158720556,-61.8583434145534,0,0,-863.468268408829,462.252653281952,777.275060001762,0,1079.53100579422,328.641606367756,156.02602084474,0,0,0,0,0,851.549107048068,-258.469061625832,885.515322989799,805.030468558959,-25.0555121785654,-1340.41184787091,847.89670646011,-906.252253940239,-896.586671408732,0,193.430331344946,0,687.076347158066,560.285677420212,-209.588269505111,-129.903058676786,0,261.537167450347,0,778.970914048257,367.061512809189,0,172.294911918001,0,-697.665225698719,795.170800265469,1283.82805973678,0,190.618666987928,-171.773437808546
158.465271504644,3153.03270185449,-213.322078831053,-498.961232643289,0,-267.375383571527,0,0,58.7233071303007,930.256283828462,-390.621065593853,11.005477006946,-225.40919683142,-94.8349555784058,-1248.11088103735,786.232490588149,0,0,103.244035924878,-1050.26629818967,345.257875082515,0,-316.397766979496,-442.24659726215,-730.855867833336,0,0,0,0,0,810.559046342187,-160.498661990658,81.1160289473728,-691.009612630603,43.2619878376109,-190.79592586973,-489.765852586274,-468.235732329674,-69.5362649858255,0,332.036135362662,0,337.898581873548,1146.13078932469,67.8748788010877,-144.539003571331,0,-613.98088661986,0,222.259757527362,-93.0292883631988,0,87.3406211792179,0,155.431405780315,628.048756113203,108.840187532885,0,-356.236080764817,-347.660439409255
-270.52543594779,-213.322078831053,3143.02122739692,-256.243246583703,0,185.936851877364,0,0,-826.595036175439,-288.551692826612,477.060488079689,-493.306002590098,11.2323143263433,96.903789871743,416.945376256152,121.912315613224,0,0,479.76774354623,407.378740566766,-731.805331090933,0,-316.258426946925,-443.938708367164,-144.713178309189,0,0,0,0,0,122.959210330061,-1771.81592648762,-783.257794193863,293.893524559307,-718.127311340059,963.352447836906,605.996989880096,1522.69993187751,-606.152937455101,0,-129.292433255832,0,87.0002233794899,-146.323418540622,-257.384009681072,-662.253854308718,0,437.81452073762,0,219.526941765535,53.867181346175,0,292.401509858431,0,-682.672884657096,-176.178892852902,-107.161869714035,0,97.6609165397876,-12.5348089988841
463.131532124641,-498.961232643289,-256.243246583703,1850.6716158899,0,20.4047655001034,0,0,118.87693274274,-626.13572858094,250.924631940586,250.19100214744,-486.94355025775,241.885849809067,351.03444933459,-313.060280070215,0,0,-433.973397277509,347.118434072555,-538.531567263003,0,-228.780736032706,-277.935598422361,369.230349126782,0,0,0,0,0,-582.218317643007,-816.024574221893,326.07016184203,268.025269863881,75.819432730523,-682.387282960572,-583.182881480935,-266.638802285072,-235.333849097343,0,826.115242323445,0,-672.577867951381,-252.74370263643,-851.550849935859,-56.7398411198112,0,177.303925561975,0,-411.792903147842,308.532164829796,0,-511.502751809888,0,291.460361811166,39.3364797735269,772.843762595952,0,-49.7292645241365,6.45570446144084
0,0,0,0,0.0140373477060419,0,0,0,0,0,0,0,0,0,0,0,0,0,0,0,0,0,0,0,0,0,0,0,0,0,0,0,0,0,0,0,0,0,0,0,0,0,0,0,0,0,0,0,0,0,0,0,0,0,0,0,0,0,0,0
329.769812630523,-267.375383571527,185.936851877364,20.4047655001034,0,6197.49732642225,0,0,-1172.76146543598,-1235.35591132408,690.724434230118,-1390.51530013795,55.664681255661,212.081694995231,-1283.62275879625,-1304.75471752984,0,0,-1367.04534916863,-820.826678067919,-324.56283727678,0,-720.125759627122,-558.891219395117,-516.526618608177,0,0,0,0,0,621.923642272535,-1028.37314651175,1022.07738765119,1929.49778229532,-1416.26826611309,-124.657377457578,-1142.16145431125,740.714520789911,1950.33186744382,0,-821.933316434495,0,-453.730271180196,-915.374650576776,-364.165548621965,932.456863256562,0,-67.1272259017723,0,967.53598755016,-155.191749648766,0,-434.321023826237,0,619.808046705562,123.274569891117,556.007206802879,0,493.112912350763,-461.539139641114
0,0,0,0,0,0,0.0330700373173502,0,0,0,0,0,0,0,0,0,0,0,0,0,0,0,0,0,0,0,0,0,0,0,0,0,0,0,0,0,0,0,0,0,0,0,0,0,0,0,0,0,0,0,0,0,0,0,0,0,0,0,0,0
0,0,0,0,0,0,0,0.0293963246864392,0,0,0,0,0,0,0,0,0,0,0,0,0,0,0,0,0,0,0,0,0,0,0,0,0,0,0,0,0,0,0,0,0,0,0,0,0,0,0,0,0,0,0,0,0,0,0,0,0,0,0,0
-1778.83347188344,58.7233071303007,-826.595036175439,118.87693274274,0,-1172.76146543598,0,0,10143.456372163,-1386.38764822609,1429.27470866007,1190.20748939752,-1077.2177351647,-287.160758775746,-412.718221375688,346.69603240166,0,0,603.319451954523,1921.77074156414,-96.9862822052578,0,1620.69881453907,127.827904458958,107.344111665946,0,0,0,0,0,-1548.07811159867,1903.44664866298,-67.853579958601,-283.152895303028,2022.72970054142,-1292.85665658021,-1207.08107701824,546.333530774375,-235.114786815309,0,-54.1548865969964,0,82.2430858421149,-59.3043166836565,-265.040380934411,-1014.40757040265,0,-1359.81008502228,0,-782.707008460956,-663.834606254795,0,1087.02092349708,0,588.903894756078,-1539.93456999367,479.349294856748,0,-51.1636288165099,1141.5730173143
1300.07030903905,930.256283828462,-288.551692826612,-626.13572858094,0,-1235.35591132408,0,0,-1386.38764822609,11297.6627378082,-598.083998519571,-279.105220703606,-712.393244157154,708.423038758921,-566.663899243512,-844.713472046321,0,0,-229.35323092415,3151.37227030068,-389.003780926596,0,-915.888984751655,1294.04000280873,-40.1082426049161,0,0,0,0,0,1083.06666140372,570.776869431822,-175.121048229385,-436.464109069244,405.401913605876,-52.7099668894976,731.843405751483,-1317.75784022248,94.5561659831281,0,790.77971142753,0,1332.32403870908,1871.86368976324,-900.056215855999,-593.122956413292,0,25.2636843686116,0,585.065344238815,468.061157285037,0,1089.39547608925,0,-326.611790884531,1363.93958310808,-1279.95097773972,0,-90.6093333911779,-147.713312715702
-723.34526291165,-390.621065593853,477.060488079689,250.924631940586,0,690.724434230118,0,0,1429.27470866007,-598.083998519571,5469.72834308063,187.490309671055,-469.195939682956,571.816152823306,73.361388941146,-1548.61264421941,0,0,443.525652164436,423.064576573096,903.983294923482,0,353.770586011566,544.184588860412,-322.400979048206,0,0,0,0,0,-669.240307089565,-353.093594044793,-439.750750954059,1122.96144196272,-594.881083993542,100.47829333808,-1383.41181020079,-48.3883966694885,187.899720556582,0,-38.3607688505912,0,-950.907204090108,-1091.62007541901,-634.472538586921,-44.7009402866997,0,72.8095519457177,0,-39.5845756060203,-487.796340614359,0,-313.243154795436,0,999.28230906054,-39.8943159187895,-1127.69497957257,0,578.413296502702,-71.170634371941
-618.573256215559,11.005477006946,-493.306002590098,250.19100214744,0,-1390.51530013795,0,0,1190.20748939752,-279.105220703606,187.490309671055,7773.55283582747,-217.268202335769,-1238.65482524038,-470.790033110453,874.755215736141,0,0,-188.970519096071,1465.89590723461,2521.83203448577,0,697.04447318716,-2065.75471067084,1820.37663972519,0,0,0,0,0,901.418614067736,984.906048217083,764.891617688266,-878.336001019112,2158.59981233578,-44.5874107537171,1180.39740863592,-44.9066544903825,-1199.51126910055,0,655.618479586508,0,-468.392878908766,-84.2328776709221,3351.34776637845,-901.760830786354,0,-395.928846239536,0,171.636765976731,-78.6564517991468,0,579.005150574267,0,-602.755814457381,-139.809175845244,664.627373600707,0,285.783051366238,-122.778920648226
694.153600292261,-225.40919683142,11.2323143263433,-486.94355025775,0,55.6646812556609,0,0,-1077.2177351647,-712.393244157154,-469.195939682956,-217.268202335769,6868.9291048546,-590.494361777779,379.319881741654,1316.76802687338,0,0,-737.873528083509,843.155063854384,765.619143902559,0,200.896737237225,25.3420924485673,1273.70517655447,0,0,0,0,0,-678.212642794187,-511.616369249434,720.000014927975,146.327577826141,-1969.73861633114,-2329.53984243007,3817.37969504261,940.774452390577,470.37797094165,0,1303.04211450162,0,1037.34081249712,-1230.28954121688,258.514258784128,-80.7633097823149,0,18.5484915283551,0,1335.20517778512,363.942989551904,0,-63.6676726390879,0,-256.760032862034,-133.654731362879,1921.40569769206,0,602.150665980904,216.69777354942
-925.202917410094,-94.8349555784058,96.903789871743,241.885849809067,0,212.081694995231,0,0,-287.160758775746,708.423038758921,571.816152823306,-1238.65482524038,-590.494361777779,4668.11538522484,83.8221787184555,-215.900244403748,0,0,489.503210427123,360.682663457073,-2783.69394046734,0,-2009.2434827343,1392.04520745013,-1322.10814215547,0,0,0,0,0,191.220558071003,94.9784671968081,-314.004228250981,1043.60602906313,842.879006473678,1032.83936071784,-219.938780917846,241.738532473371,1093.28361463079,0,1203.96267552613,0,-304.770545051252,-819.761978267036,-1092.46778457529,107.890928947129,0,161.617736105686,0,-280.177102581209,257.493464094441,0,575.484362189431,0,601.756626074404,-1009.17212593008,-984.704661678284,0,93.961876129936,87.7628592676996
1630.92158720556,-1248.11088103735,416.945376256152,351.03444933459,0,-1283.62275879625,0,0,-412.718221375688,-566.663899243512,73.361388941146,-470.790033110453,379.319881741654,83.8221787184555,9706.30326602125,836.825218897965,0,0,57.4390060409181,-1368.40012088819,969.886578254414,0,-234.080749016496,-1424.33538773428,1136.61235933801,0,0,0,0,0,-324.97098866632,-422.923239794836,-458.72116378862,-754.908806178321,542.193458191295,-1838.95826398083,316.257646450573,-225.706257492145,-746.315660798878,0,539.625916952675,0,-1301.91059012162,601.679890865874,-456.48312584443,-291.595485036726,0,-226.525326478358,0,619.615807398879,627.890232924721,0,477.28416309914,0,-576.993959185236,284.258849299207,92.9838738162512,0,137.503041848042,-257.872510456711
-61.8583434145534,786.232490588149,121.912315613224,-313.060280070215,0,-1304.75471752984,0,0,346.69603240166,-844.713472046321,-1548.61264421941,874.755215736141,1316.76802687338,-215.900244403748,836.825218897965,12064.6060305012,0,0,2391.45979088557,-1393.07232249481,-1299.7573711136,0,1440.68016745589,-1122.32711360725,-934.441581156163,0,0,0,0,0,-382.849967559664,-362.131791492628,38.3958586345225,-1516.63997061752,-2269.10761976579,-432.270151434398,1032.05781390562,-94.5031801947805,-1757.49689006238,0,-494.36336850039,0,1320.30798673401,-19.4586593845437,-293.98379664323,-1630.31492296129,0,-1446.85875159714,0,1702.6276465888,144.974921246371,0,409.973199894011,0,372.778818997323,-1605.54517839602,1113.78810162981,0,-958.677968492322,408.089548306917
0,0,0,0,0,0,0,0,0,0,0,0,0,0,0,0,0.0588607769997994,0,0,0,0,0,0,0,0,0,0,0,0,0,0,0,0,0,0,0,0,0,0,0,0,0,0,0,0,0,0,0,0,0,0,0,0,0,0,0,0,0,0,0
0,0,0,0,0,0,0,0,0,0,0,0,0,0,0,0,0,0.0826920555583144,0,0,0,0,0,0,0,0,0,0,0,0,0,0,0,0,0,0,0,0,0,0,0,0,0,0,0,0,0,0,0,0,0,0,0,0,0,0,0,0,0,0
-863.468268408829,103.244035924878,479.76774354623,-433.973397277509,0,-1367.04534916863,0,0,603.319451954523,-229.35323092415,443.525652164436,-188.970519096071,-737.873528083509,489.503210427123,57.4390060409182,2391.45979088557,0,0,17628.3861299168,2303.57431388445,-1267.83872609916,0,359.855546394499,-1336.92877255439,754.795919324967,0,0,0,0,0,-1572.15936152056,-697.460714708178,-79.5214267923626,-398.042675916778,3332.67372509294,77.2309248022033,234.391168945966,-581.383886253957,184.095773835365,0,-1051.41445930734,0,524.581947436161,651.995260301279,-1631.36739936065,-1784.61964438739,0,-2308.2919898842,0,319.305293931444,-325.099454440646,0,1480.15553076835,0,633.669733501966,-1094.6713795759,-983.453240089818,0,-493.399055527391,-137.26067938895
462.252653281952,-1050.26629818967,407.378740566766,347.118434072555,0,-820.826678067919,0,0,1921.77074156414,3151.37227030068,423.064576573096,1465.89590723461,843.155063854384,360.682663457073,-1368.40012088819,-1393.07232249481,0,0,2303.57431388445,16852.3510894544,887.736786089934,0,759.425273446903,-1411.48466169236,-1448.47771192831,0,0,0,0,0,1680.77997998307,1336.21183412064,1765.75696856002,930.964965139523,-533.718910577699,-4528.98745958876,-2384.79473467841,-539.158875872455,-27.9048567710976,0,2094.81169989008,0,-272.308643394875,-592.625769923216,1363.82428570502,-11.1964501484792,0,1269.20697499673,0,619.253260604149,1391.77953123266,0,922.942788669579,0,455.867213084423,-738.158036581442,-89.3346114810089,0,1544.18242266225,64.5322106234325
777.275060001762,345.257875082515,-731.805331090933,-538.531567263003,0,-324.56283727678,0,0,-96.9862822052578,-389.003780926596,903.983294923482,2521.83203448577,765.619143902559,-2783.69394046734,969.886578254414,-1299.7573711136,0,0,-1267.83872609916,887.736786089934,16713.7445871127,0,2543.31061309976,2207.52746716567,-954.000784686071,0,0,0,0,0,193.695512057612,1855.79985508523,1618.61972208114,-1455.08813368284,65.9414373253253,-1249.33960062734,-25.9245456435173,-2008.6315871344,372.558514483635,0,468.398945199753,0,-475.653189917165,-1215.45211284604,4255.25529554882,1101.78034850494,0,-1204.54129129167,0,-846.689074358527,1411.70466867931,0,-1880.48490997416,0,1230.34073521905,1392.8636603108,271.194899501631,0,1476.88192065334,-494.41853985843
0,0,0,0,0,0,0,0,0,0,0,0,0,0,0,0,0,0,0,0,0,0.0665772919010716,0,0,0,0,0,0,0,0,0,0,0,0,0,0,0,0,0,0,0,0,0,0,0,0,0,0,0,0,0,0,0,0,0,0,0,0,0,0
1079.53100579422,-316.397766979496,-316.258426946925,-228.780736032706,0,-720.125759627122,0,0,1620.69881453907,-915.888984751655,353.770586011566,697.04447318716,200.896737237225,-2009.2434827343,-234.080749016496,1440.68016745589,0,0,359.855546394499,759.425273446903,2543.31061309976,0,12225.7253128807,-21.9684317986627,-250.192887893068,0,0,0,0,0,-491.861544294766,-895.753511621709,1935.92205532475,-611.546016611277,-2151.80399672893,1152.89763367043,680.01155720517,-1712.98655402573,1352.78484826607,0,-486.277081859277,0,-881.71661017489,-1040.40672976446,1770.74488493566,-547.268188888111,0,1497.02262663303,0,-1107.16905013519,-212.581869303522,0,-817.363285176971,0,1051.39625781213,-358.156471931685,1069.68038642877,0,-40.5038052190974,-209.953217947086
328.641606367756,-442.24659726215,-443.938708367164,-277.935598422361,0,-558.891219395117,0,0,127.827904458958,1294.04000280873,544.184588860412,-2065.75471067084,25.3420924485673,1392.04520745013,-1424.33538773428,-1122.32711360725,0,0,-1336.92877255439,-1411.48466169236,2207.52746716567,0,-21.9684317986627,13458.6812611457,-1516.82077315598,0,0,0,0,0,-2579.36056243351,339.842151673356,167.309142759039,-70.3315383122401,-1491.4246748777,-393.785672986079,497.711878489763,-278.896684503312,-145.345550282713,0,-270.742957235623,0,2240.0154289059,234.926984955864,-1874.68100598827,1834.80129623424,0,-187.389730714695,0,-1582.50777219996,110.393403040039,0,185.97457610399,0,1183.47831612143,-784.42090428903,228.266165184062,0,202.200791877568,898.61598194826
156.02602084474,-730.855867833335,-144.713178309189,369.230349126782,0,-516.526618608177,0,0,107.344111665946,-40.1082426049161,-322.400979048206,1820.37663972519,1273.70517655447,-1322.10814215547,1136.61235933801,-934.441581156163,0,0,754.795919324967,-1448.47771192831,-954.000784686071,0,-250.192887893068,-1516.82077315598,10855.4585129799,0,0,0,0,0,-964.147322658717,-1040.44298820613,-1015.66685729533,394.239972420903,1280.35318675448,-535.248018807812,2335.666415533,-842.899615850858,-787.002642326096,0,1836.01739314814,0,-9.88085448771326,162.680772308628,1302.05605457951,-1251.34914484547,0,2166.90136805355,0,298.232973493898,-687.349390211137,0,879.663241213891,0,-1378.56611008579,-67.7192431215408,494.54418313312,0,563.771227136758,-477.979216770077
0,0,0,0,0,0,0,0,0,0,0,0,0,0,0,0,0,0,0,0,0,0,0,0,0,0.0469021586378546,0,0,0,0,0,0,0,0,0,0,0,0,0,0,0,0,0,0,0,0,0,0,0,0,0,0,0,0,0,0,0,0,0,0
0,0,0,0,0,0,0,0,0,0,0,0,0,0,0,0,0,0,0,0,0,0,0,0,0,0,0.0630907484768561,0,0,0,0,0,0,0,0,0,0,0,0,0,0,0,0,0,0,0,0,0,0,0,0,0,0,0,0,0,0,0,0,0
0,0,0,0,0,0,0,0,0,0,0,0,0,0,0,0,0,0,0,0,0,0,0,0,0,0,0,0.0574026365957023,0,0,0,0,0,0,0,0,0,0,0,0,0,0,0,0,0,0,0,0,0,0,0,0,0,0,0,0,0,0,0,0
0,0,0,0,0,0,0,0,0,0,0,0,0,0,0,0,0,0,0,0,0,0,0,0,0,0,0,0,0.0578759774811884,0,0,0,0,0,0,0,0,0,0,0,0,0,0,0,0,0,0,0,0,0,0,0,0,0,0,0,0,0,0,0
0,0,0,0,0,0,0,0,0,0,0,0,0,0,0,0,0,0,0,0,0,0,0,0,0,0,0,0,0,0.048454408244414,0,0,0,0,0,0,0,0,0,0,0,0,0,0,0,0,0,0,0,0,0,0,0,0,0,0,0,0,0,0
851.549107048068,810.559046342187,122.959210330061,-582.218317643007,0,621.923642272535,0,0,-1548.07811159867,1083.06666140372,-669.240307089565,901.418614067736,-678.212642794187,191.220558071003,-324.97098866632,-382.849967559664,0,0,-1572.15936152056,1680.77997998307,193.695512057612,0,-491.861544294766,-2579.36056243351,-964.147322658717,0,0,0,0,0,12834.7044873083,316.67752067254,1882.35761805275,-872.996247381345,127.572206043666,1198.46110395328,274.63924975521,-1516.37965152859,492.058962246475,0,-1008.69917039516,0,-770.6375156417,1639.12403813249,-299.433807513477,-1126.42620448011,0,-356.631766597389,0,1329.16270086212,-169.252631699258,0,859.34256072356,0,380.308638200895,929.398961086013,-251.980995223313,0,956.551058522788,-57.3493033594713
-258.469061625832,-160.498661990658,-1771.81592648762,-816.024574221893,0,-1028.37314651175,0,0,1903.44664866298,570.776869431822,-353.093594044793,984.906048217083,-511.616369249434,94.9784671968081,-422.923239794836,-362.131791492628,0,0,-697.460714708178,1336.21183412064,1855.79985508523,0,-895.753511621709,339.842151673356,-1040.44298820613,0,0,0,0,0,316.67752067254,13190.8832435611,1210.05784462052,-882.042568577538,3733.4233892944,958.257459715065,-1096.15262425868,-1595.32249964848,-866.059552596053,0,-303.403219988896,0,992.312924628438,-860.624651647177,780.115414559354,182.177271196693,0,-258.892797424285,0,-1267.47784122255,433.245370483713,0,-681.253663052045,0,-1100.40190679741,-477.295541819673,-772.214940956992,0,-753.922677134768,375.418640006966
885.515322989799,81.1160289473728,-783.257794193863,326.07016184203,0,1022.07738765119,0,0,-67.853579958601,-175.121048229385,-439.750750954059,764.891617688266,720.000014927975,-314.004228250981,-458.72116378862,38.3958586345225,0,0,-79.5214267923626,1765.75696856002,1618.61972208114,0,1935.92205532475,167.309142759039,-1015.66685729533,0,0,0,0,0,1882.35761805275,1210.05784462052,10312.4008787235,285.25716639514,1168.85751804635,1444.15879601187,-1133.8716181709,-2228.55917879013,1109.51689687544,0,28.4167823034604,0,-1391.67669154601,-430.763409160444,-655.912423718083,-896.312105843906,0,-341.360049839919,0,-113.827671573988,1077.91511301177,0,-1446.71735062735,0,108.323568825027,-474.840288862003,820.497434362503,0,-379.38588954794,298.84051251299
805.030468558959,-691.009612630603,293.893524559307,268.025269863881,0,1929.49778229532,0,0,-283.152895303028,-436.464109069244,1122.96144196272,-878.336001019112,146.327577826141,1043.60602906313,-754.908806178321,-1516.63997061752,0,0,-398.042675916778,930.964965139523,-1455.08813368284,0,-611.546016611277,-70.3315383122401,394.239972420903,0,0,0,0,0,-872.996247381345,-882.042568577538,285.25716639514,13367.0049690805,980.01893606081,1308.51275630993,-3801.07653579185,1313.59079747999,1556.52166642913,0,-136.08908195543,0,217.585152874402,-685.131630485848,1672.1107428978,370.64809051935,0,-53.0356301041809,0,504.315350261365,528.015290334911,0,-120.559752571701,0,784.467039242094,102.91303755757,-1482.23819751924,0,-135.945896542746,246.532358729088
-25.0555121785654,43.2619878376109,-718.127311340059,75.819432730523,0,-1416.26826611309,0,0,2022.72970054142,405.401913605876,-594.881083993542,2158.59981233578,-1969.73861633114,842.879006473678,542.193458191295,-2269.10761976579,0,0,3332.67372509294,-533.718910577699,65.9414373253253,0,-2151.80399672893,-1491.4246748777,1280.35318675448,0,0,0,0,0,127.572206043666,3733.4233892944,1168.85751804635,980.01893606081,18803.7938969308,2605.04230035696,-767.427224754148,231.639003632026,-679.87212624376,0,547.306915823282,0,-880.926809732417,1852.45283681461,2228.39544293393,-1862.77745214656,0,-1177.32810062295,0,-766.031907151955,414.331942545482,0,1466.57110815013,0,-529.396381370373,-292.206370444859,-1144.77816034467,0,-1098.20418866956,69.6382235494501
-1340.41184787091,-190.79592586973,963.352447836906,-682.387282960572,0,-124.657377457578,0,0,-1292.85665658021,-52.7099668894976,100.47829333808,-44.5874107537171,-2329.53984243007,1032.83936071784,-1838.95826398083,-432.270151434398,0,0,77.2309248022033,-4528.98745958876,-1249.33960062734,0,1152.89763367043,-393.785672986079,-535.248018807812,0,0,0,0,0,1198.46110395328,958.257459715065,1444.15879601187,1308.51275630993,2605.04230035696,18702.4516847415,-434.123627396739,2090.23787873944,257.000916791472,0,-920.034035949585,0,585.739339817618,-405.319425486288,152.857786199174,-1024.96701308339,0,320.54736133153,0,-85.3781679761153,1224.61176188138,0,171.114708451252,0,-302.675764167945,-83.4694062937371,-2495.1690041819,0,-1991.24492739201,-89.6299014990503
847.89670646011,-489.765852586274,605.996989880096,-583.182881480935,0,-1142.16145431125,0,0,-1207.08107701824,731.843405751483,-1383.41181020079,1180.39740863592,3817.37969504261,-219.938780917846,316.257646450573,1032.05781390562,0,0,234.391168945966,-2384.79473467841,-25.9245456435173,0,680.01155720517,497.711878489763,2335.666415533,0,0,0,0,0,274.63924975521,-1096.15262425868,-1133.8716181709,-3801.07653579185,-767.427224754148,-434.123627396739,16329.7108946317,447.374086805351,-169.991689747204,0,755.134585981789,0,198.024285339076,2017.8056233683,897.324768739583,-1507.5070117822,0,-796.83266501578,0,1402.07054429957,-214.784554404231,0,1136.78358121719,0,-608.037891974683,55.1542289853116,-245.737543511408,0,-294.009577059602,482.908560490935
-906.252253940239,-468.235732329674,1522.69993187751,-266.638802285072,0,740.714520789911,0,0,546.333530774375,-1317.75784022248,-48.3883966694885,-44.9066544903825,940.774452390577,241.738532473371,-225.706257492145,-94.5031801947805,0,0,-581.383886253957,-539.158875872455,-2008.6315871344,0,-1712.98655402573,-278.896684503312,-842.899615850858,0,0,0,0,0,-1516.37965152859,-1595.32249964848,-2228.55917879013,1313.59079747999,231.639003632026,2090.23787873944,447.374086805351,12537.8230770131,-581.6041319723,0,-1321.95477967653,0,1355.90846622787,-942.737682412861,-76.7481520257199,125.904131196511,0,-219.716368882199,0,1343.06749671918,-40.8762575601151,0,522.564536263209,0,413.379513371457,-711.424258970499,-626.153145713691,0,576.548999830732,-244.468371198407
-896.586671408732,-69.5362649858255,-606.152937455101,-235.333849097343,0,1950.33186744382,0,0,-235.114786815309,94.5561659831281,187.899720556582,-1199.51126910055,470.37797094165,1093.28361463079,-746.315660798878,-1757.49689006238,0,0,184.095773835365,-27.9048567710976,372.558514483635,0,1352.78484826607,-145.345550282713,-787.002642326096,0,0,0,0,0,492.058962246475,-866.059552596053,1109.51689687544,1556.52166642913,-679.87212624376,257.000916791472,-169.991689747204,-581.6041319723,9235.31628736533,0,-1309.13506026305,0,-394.265463572092,-162.948742464187,-1350.07915366154,271.41422374244,0,327.598686164502,0,-349.145684652497,-35.0245304338641,0,-129.967852565437,0,1578.14534259269,-1362.18563443799,-219.872992955511,0,236.360938886762,-216.614024511205
0,0,0,0,0,0,0,0,0,0,0,0,0,0,0,0,0,0,0,0,0,0,0,0,0,0,0,0,0,0,0,0,0,0,0,0,0,0,0,0.0330904552246804,0,0,0,0,0,0,0,0,0,0,0,0,0,0,0,0,0,0,0,0
193.430331344946,332.036135362662,-129.292433255832,826.115242323445,0,-821.933316434495,0,0,-54.1548865969964,790.77971142753,-38.3607688505912,655.618479586508,1303.04211450162,1203.96267552613,539.625916952675,-494.36336850039,0,0,-1051.41445930734,2094.81169989008,468.398945199753,0,-486.277081859277,-270.742957235623,1836.01739314814,0,0,0,0,0,-1008.69917039516,-303.403219988896,28.4167823034604,-136.08908195543,547.306915823282,-920.034035949585,755.134585981789,-1321.95477967653,-1309.13506026305,0,6392.43192645215,0,-620.099220162391,-315.307897002236,-50.6643163002916,1552.55052340558,0,1305.92029909135,0,281.414429345153,630.453232482809,0,-250.732397873506,0,489.974301202055,286.862145422276,740.032083541642,0,-277.281927012705,600.406699929086
0,0,0,0,0,0,0,0,0,0,0,0,0,0,0,0,0,0,0,0,0,0,0,0,0,0,0,0,0,0,0,0,0,0,0,0,0,0,0,0,0,0.0392424884145378,0,0,0,0,0,0,0,0,0,0,0,0,0,0,0,0,0,0
687.076347158066,337.898581873548,87.0002233794899,-672.577867951381,0,-453.730271180196,0,0,82.2430858421149,1332.32403870908,-950.907204090108,-468.392878908766,1037.34081249712,-304.770545051252,-1301.91059012162,1320.30798673401,0,0,524.581947436161,-272.308643394875,-475.653189917165,0,-881.71661017489,2240.0154289059,-9.88085448771326,0,0,0,0,0,-770.6375156417,992.312924628438,-1391.67669154601,217.585152874402,-880.926809732417,585.739339817618,198.024285339076,1355.90846622787,-394.265463572092,0,-620.099220162391,0,7959.16531679746,105.60872628419,84.7660862432511,904.858506599488,0,-1083.86701640393,0,462.852497138302,-789.918835301784,0,719.806164007688,0,-307.125104757605,789.80271864207,329.709706223363,0,90.9631374876484,423.501464375008
560.285677420212,1146.13078932469,-146.323418540622,-252.74370263643,0,-915.374650576776,0,0,-59.3043166836565,1871.86368976324,-1091.62007541901,-84.2328776709221,-1230.28954121688,-819.761978267036,601.679890865874,-19.4586593845437,0,0,651.995260301279,-592.625769923216,-1215.45211284604,0,-1040.40672976446,234.926984955864,162.680772308628,0,0,0,0,0,1639.12403813249,-860.624651647177,-430.763409160444,-685.131630485848,1852.45283681461,-405.319425486288,2017.8056233683,-942.737682412861,-162.948742464187,0,-315.307897002236,0,105.60872628419,7987.31627336695,-63.2337308948666,67.3817969910267,0,611.149336358989,0,312.568436620216,-482.381642519995,0,51.1689873457983,0,550.839829303916,0.221116562198243,121.647559972618,0,-1405.66160344208,-411.693306286137
-209.588269505111,67.8748788010877,-257.384009681072,-851.550849935859,0,-364.165548621965,0,0,-265.040380934411,-900.056215855999,-634.472538586921,3351.34776637845,258.514258784128,-1092.46778457529,-456.48312584443,-293.98379664323,0,0,-1631.36739936065,1363.82428570502,4255.25529554881,0,1770.74488493566,-1874.68100598827,1302.05605457951,0,0,0,0,0,-299.433807513477,780.115414559354,-655.912423718083,1672.1107428978,2228.39544293392,152.857786199174,897.324768739583,-76.7481520257199,-1350.07915366154,0,-50.6643163002917,0,84.7660862432511,-63.2337308948666,12182.5860479875,456.045233620923,0,114.962412021171,0,339.784057463661,469.717054064917,0,-1293.489271696,0,-628.385914313701,350.883389100861,-795.808562882284,0,1323.16136781798,121.179236798829
-129.903058676786,-144.539003571331,-662.253854308718,-56.7398411198112,0,932.456863256563,0,0,-1014.40757040265,-593.122956413292,-44.7009402866997,-901.760830786354,-80.7633097823149,107.890928947129,-291.595485036726,-1630.31492296129,0,0,-1784.61964438739,-11.1964501484792,1101.78034850494,0,-547.268188888111,1834.80129623424,-1251.34914484547,0,0,0,0,0,-1126.42620448011,182.177271196693,-896.312105843906,370.64809051935,-1862.77745214656,-1024.96701308339,-1507.5070117822,125.904131196511,271.41422374244,0,1552.55052340558,0,904.858506599488,67.3817969910267,456.045233620923,7973.50558058559,0,184.011199969542,0,-5.36058375354419,228.883320992486,0,-937.01430051115,0,546.888348895287,321.952105295586,476.542881718213,0,420.226978232831,-231.792838876977
0,0,0,0,0,0,0,0,0,0,0,0,0,0,0,0,0,0,0,0,0,0,0,0,0,0,0,0,0,0,0,0,0,0,0,0,0,0,0,0,0,0,0,0,0,0,0.023574522045966,0,0,0,0,0,0,0,0,0,0,0,0,0
261.537167450347,-613.98088661986,437.81452073762,177.303925561975,0,-67.1272259017723,0,0,-1359.81008502228,25.2636843686116,72.8095519457177,-395.928846239536,18.5484915283551,161.617736105686,-226.525326478358,-1446.85875159714,0,0,-2308.2919898842,1269.20697499673,-1204.54129129167,0,1497.02262663303,-187.389730714695,2166.90136805355,0,0,0,0,0,-356.631766597389,-258.892797424285,-341.360049839919,-53.035630104181,-1177.32810062295,320.54736133153,-796.83266501578,-219.716368882199,327.598686164502,0,1305.92029909135,0,-1083.86701640393,611.149336358989,114.962412021171,184.011199969542,0,8501.58088224571,0,-608.282108734384,-638.910804416351,0,-863.458598104384,0,-434.596423749468,-287.409138648734,541.730240772921,0,-953.009707551287,-386.889512617752
0,0,0,0,0,0,0,0,0,0,0,0,0,0,0,0,0,0,0,0,0,0,0,0,0,0,0,0,0,0,0,0,0,0,0,0,0,0,0,0,0,0,0,0,0,0,0,0,0.0211206449022023,0,0,0,0,0,0,0,0,0,0,0
778.970914048257,222.259757527362,219.526941765535,-411.792903147842,0,967.53598755016,0,0,-782.707008460956,585.065344238815,-39.5845756060203,171.636765976731,1335.20517778512,-280.177102581209,619.615807398879,1702.6276465888,0,0,319.305293931444,619.253260604149,-846.689074358526,0,-1107.16905013519,-1582.50777219996,298.232973493898,0,0,0,0,0,1329.16270086212,-1267.47784122255,-113.827671573988,504.315350261365,-766.031907151955,-85.3781679761153,1402.07054429957,1343.06749671918,-349.145684652497,0,281.414429345153,0,462.852497138302,312.568436620216,339.784057463661,-5.36058375354419,0,-608.282108734384,0,4955.82640621184,573.686297750537,0,500.634121864293,0,-270.508471229193,841.01853382367,-588.101016087714,0,552.462213209595,-239.738714831011
367.061512809189,-93.0292883631988,53.867181346175,308.532164829796,0,-155.191749648766,0,0,-663.834606254795,468.061157285037,-487.796340614359,-78.6564517991468,363.942989551904,257.493464094441,627.890232924721,144.974921246371,0,0,-325.099454440646,1391.77953123266,1411.70466867931,0,-212.581869303522,110.393403040038,-687.349390211137,0,0,0,0,0,-169.252631699258,433.245370483713,1077.91511301177,528.015290334911,414.331942545482,1224.61176188138,-214.784554404231,-40.8762575601151,-35.0245304338641,0,630.453232482809,0,-789.918835301784,-482.381642519995,469.717054064917,228.883320992486,0,-638.910804416351,0,573.686297750537,2371.89094829974,0,181.909841253559,0,-26.814513809744,770.224059809774,-108.03804514976,0,-9.03213492285103,77.8513240145485
0,0,0,0,0,0,0,0,0,0,0,0,0,0,0,0,0,0,0,0,0,0,0,0,0,0,0,0,0,0,0,0,0,0,0,0,0,0,0,0,0,0,0,0,0,0,0,0,0,0,0,0.00937570405708194,0,0,0,0,0,0,0,0
172.294911918001,87.3406211792179,292.401509858431,-511.502751809888,0,-434.321023826237,0,0,1087.02092349708,1089.39547608925,-313.243154795436,579.005150574267,-63.6676726390879,575.484362189431,477.28416309914,409.973199894011,0,0,1480.15553076835,922.942788669579,-1880.48490997416,0,-817.363285176971,185.97457610399,879.663241213891,0,0,0,0,0,859.34256072356,-681.253663052045,-1446.71735062735,-120.559752571701,1466.57110815013,171.114708451252,1136.78358121719,522.564536263208,-129.967852565437,0,-250.732397873506,0,719.806164007688,51.1689873457983,-1293.489271696,-937.01430051115,0,-863.458598104384,0,500.634121864293,181.909841253559,0,5015.43639069909,0,-365.958409152718,-1030.97957096586,375.611587372318,0,625.13019867969,-41.2007584538636
0,0,0,0,0,0,0,0,0,0,0,0,0,0,0,0,0,0,0,0,0,0,0,0,0,0,0,0,0,0,0,0,0,0,0,0,0,0,0,0,0,0,0,0,0,0,0,0,0,0,0,0,0,0.0517476823181548,0,0,0,0,0,0
-697.665225698719,155.431405780315,-682.672884657096,291.460361811166,0,619.808046705562,0,0,588.903894756078,-326.611790884531,999.28230906054,-602.755814457381,-256.760032862034,601.756626074404,-576.993959185236,372.778818997323,0,0,633.669733501966,455.867213084423,1230.34073521905,0,1051.39625781213,1183.47831612143,-1378.56611008579,0,0,0,0,0,380.308638200895,-1100.40190679741,108.323568825027,784.467039242094,-529.396381370373,-302.675764167945,-608.037891974683,413.379513371457,1578.14534259269,0,489.974301202055,0,-307.125104757605,550.839829303915,-628.385914313701,546.888348895287,0,-434.596423749468,0,-270.508471229193,-26.814513809744,0,-365.958409152718,0,5600.44005972758,-538.887131032296,-1025.25621534035,0,775.566433334711,-23.3239200559016
795.170800265469,628.048756113203,-176.178892852902,39.3364797735269,0,123.274569891117,0,0,-1539.93456999367,1363.93958310808,-39.8943159187894,-139.809175845244,-133.654731362879,-1009.17212593008,284.258849299207,-1605.54517839602,0,0,-1094.6713795759,-738.158036581442,1392.8636603108,0,-358.156471931685,-784.42090428903,-67.7192431215408,0,0,0,0,0,929.398961086013,-477.295541819673,-474.840288862003,102.91303755757,-292.206370444859,-83.4694062937371,55.1542289853116,-711.424258970499,-1362.18563443799,0,286.862145422276,0,789.80271864207,0.221116562198243,350.883389100861,321.952105295586,0,-287.409138648734,0,841.01853382367,770.224059809774,0,-1030.97957096586,0,-538.887131032296,5149.64577755837,-599.277526630511,0,-573.537455135502,316.744734450193
1283.82805973678,108.840187532885,-107.161869714035,772.843762595951,0,556.007206802879,0,0,479.349294856748,-1279.95097773972,-1127.69497957257,664.627373600708,1921.40569769206,-984.704661678285,92.9838738162512,1113.78810162981,0,0,-983.453240089818,-89.3346114810089,271.194899501631,0,1069.68038642877,228.266165184062,494.54418313312,0,0,0,0,0,-251.980995223313,-772.214940956992,820.497434362503,-1482.23819751924,-1144.77816034467,-2495.1690041819,-245.737543511408,-626.153145713691,-219.872992955511,0,740.032083541642,0,329.709706223363,121.647559972618,-795.808562882284,476.542881718213,0,541.730240772921,0,-588.101016087714,-108.03804514976,0,375.611587372318,0,-1025.25621534035,-599.277526630511,6017.05632322984,0,415.170569795722,252.611157164518
0,0,0,0,0,0,0,0,0,0,0,0,0,0,0,0,0,0,0,0,0,0,0,0,0,0,0,0,0,0,0,0,0,0,0,0,0,0,0,0,0,0,0,0,0,0,0,0,0,0,0,0,0,0,0,0,0,0.01924037592528,0,0
190.618666987928,-356.236080764817,97.6609165397876,-49.7292645241365,0,493.112912350763,0,0,-51.1636288165099,-90.6093333911779,578.413296502702,285.783051366238,602.150665980904,93.961876129936,137.503041848042,-958.677968492322,0,0,-493.399055527391,1544.18242266225,1476.88192065334,0,-40.5038052190974,202.200791877568,563.771227136758,0,0,0,0,0,956.551058522788,-753.922677134768,-379.38588954794,-135.945896542746,-1098.20418866956,-1991.24492739201,-294.009577059602,576.548999830732,236.360938886762,0,-277.281927012705,0,90.9631374876484,-1405.66160344208,1323.16136781798,420.226978232831,0,-953.009707551287,0,552.462213209595,-9.03213492285103,0,625.13019867969,0,775.566433334711,-573.537455135502,415.170569795722,0,6151.62225612632,-521.247139729998
-171.773437808546,-347.660439409255,-12.5348089988841,6.45570446144084,0,-461.539139641114,0,0,1141.5730173143,-147.713312715702,-71.170634371941,-122.778920648226,216.69777354942,87.7628592676996,-257.872510456711,408.089548306917,0,0,-137.26067938895,64.5322106234325,-494.41853985843,0,-209.953217947086,898.61598194826,-477.979216770077,0,0,0,0,0,-57.3493033594713,375.418640006966,298.84051251299,246.532358729088,69.6382235494501,-89.6299014990503,482.908560490935,-244.468371198407,-216.614024511205,0,600.406699929086,0,423.501464375008,-411.693306286137,121.179236798829,-231.792838876977,0,-386.889512617752,0,-239.738714831011,77.8513240145485,0,-41.2007584538636,0,-23.3239200559016,316.744734450193,252.611157164518,0,-521.247139729998,1565.04632183339
