0.0409367265420517,0.00253192620686456,0.007848873152447,-0.0041421276862631,-0.0034898945096646,0.00253783452450186,0.000745599658116521,0.0238829295779768
0.00253192620686456,0.0302460595359827,0.00551498263728608,0.00634125638171849,0.00684971621915081,0.00573067261070575,0.00191278984581648,0.00758678805583105
0.007848873152447,0.00551498263728608,0.0248774604889119,0.00517927133201703,0.00120980540332856,0.00246671519748854,0.00152666595485133,0.00561123634181557
-0.0041421276862631,0.00634125638171849,0.00517927133201703,0.0293515117786132,0.0106921499743151,0.00722063724850886,0.00574797025889109,-0.000310020283960581
-0.0034898945096646,0.00684971621915081,0.00120980540332856,0.0106921499743151,0.0146522521353819,0.00342569870251699,0.00238544633882424,-0.0029005482473177
0.00253783452450186,0.00573067261070575,0.00246671519748854,0.00722063724850886,0.00342569870251699,0.0155328526768568,0.000563404642455685,-0.000830615134297956
0.000745599658116521,0.00191278984581648,0.00152666595485133,0.00574797025889109,0.00238544633882424,0.000563404642455685,0.0175311203307694,-0.000100930966139695
0.0238829295779768,0.00758678805583105,0.00561123634181558,-0.000310020283960581,-0.0029005482473177,-0.000830615134297957,-0.000100930966139695,0.0365256245015767
