0.0263502492870234,0,0,0,0,0,0,0,0,0,0,0,0,0,0,0,0,0,0,0,0,0,0,0,0,0,0,0,0,0,0,0,0,0,0,0,0,0,0,0,0,0,0,0,0,0,0,0,0,0,0,0,0,0,0,0,0,0,0,0
0,1627.70622432258,53.949202474422,-88.962522387905,1.26965106462949,440.164201596541,389.878519516103,-356.193034966888,0,0,168.407652522867,-406.014584234145,-66.1076557769287,58.403446494655,286.706147462043,-21.6589059806809,-978.053312252522,36.1232677238176,0,0,318.917385131988,388.506430076627,-119.403686893508,33.9582092945319,0,-539.340420610186,593.17492869825,0,-338.762987526961,-100.866714749125,-546.590233608439,-294.801331073613,-187.285745763481,-158.16816611457,0,-80.5547747678035,-253.448934536167,-546.164667701493,-590.842484048377,-148.836549357371,247.026382926105,179.878193593403,-202.86253537631,474.739571379287,253.807860560605,-79.7772601516255,473.88038307309,-134.094309381705,-179.742109985592,0,0,69.0094929160903,0,159.364123463563,129.489556486546,409.60803434575,276.622562783207,79.6889801112756,285.368063483194,11.9340773605761
0,53.949202474422,1155.02911944677,-62.4388796848688,-113.172627432695,244.485579474753,48.8094631807362,-275.063495474868,0,0,-401.751474991476,-312.479048671054,-227.985337853103,80.4583073043053,-159.69116627047,-479.407860186029,138.166522549302,385.848988455927,0,0,-258.929420064807,88.8419725219632,1124.77204927698,81.2350058175605,0,-687.597410377323,-244.757383628261,0,43.5167250067983,-294.494313251785,309.196698999405,-186.336274009755,107.026475107489,-347.576115390096,0,270.845186511039,84.9363272153346,32.7935786738112,-5.45346151022018,-286.485475299552,250.527922628913,614.748997486431,-142.55114395135,444.319318177776,-682.803935985497,-231.826617994306,-93.6721006473484,89.6997865813119,53.2469281099083,0,0,80.3110841009026,0,191.951177947977,-201.739820088712,23.7189559069206,108.451111937746,-66.3344558380955,-319.922521528526,28.647698684705
0,-88.962522387905,-62.4388796848688,707.61065916992,-119.421808912745,-8.90768843154576,83.8805652193729,166.53257876988,0,0,45.0874931803533,-308.293308862428,209.550571712204,-9.17709137902938,-372.370918643923,-90.1139465822423,373.572000895886,-59.8647545704435,0,0,331.680737432025,-212.94985508792,-142.517667141674,335.231187781252,0,400.09194241321,260.682924534754,0,590.646337143397,-118.74753721867,-436.083084204251,-285.8273112792,-176.672587853393,209.580304763353,0,-139.162698196086,186.371724708693,85.7244864083551,52.1164047493303,137.782220715001,-319.069320836783,198.039175682618,-176.411118023634,-9.48682053111906,91.0427631905027,48.4280730546358,-9.64869838534389,-112.362876349445,-288.459912634523,0,0,12.4296318876768,0,19.8662497943932,413.352104458639,-199.571959788344,-262.606324681136,242.247335167468,403.668004295495,-84.0717363825366
0,1.26965106462949,-113.172627432695,-119.421808912745,1676.41954716686,1.47192543017132,-238.265542758537,39.5743358595288,0,0,162.544541766324,3.41010876924088,-404.332671916261,237.662241871766,260.787422789163,253.855451221662,492.039499853928,346.825724770477,0,0,696.953998539688,254.984142147453,-282.024716639176,-396.901067682483,0,517.595400664314,723.744874051458,0,210.737361173056,-239.196486288489,-293.489795492377,26.440481466131,306.090720898388,-290.908808191405,0,228.336702030808,-476.093533511237,226.928724982507,-117.342236859364,-181.599718800804,-31.2704711382106,169.065702513967,596.96615408124,-238.35335196341,552.26508502476,72.1068809171854,-237.127111062883,197.052864791737,-29.0371380841392,0,0,24.9385183190609,0,-488.32030153437,64.9384613322367,-307.431860732281,80.9373112957375,81.5161840054781,59.1765090636365,107.034731941762
0,440.164201596541,244.485579474753,-8.90768843154576,1.47192543017132,3450.85244965054,298.113872778182,160.000056807266,0,0,-417.231342981,-589.690430745038,643.239653114625,969.84025385566,35.5181772403311,-34.0698460737287,-409.198032522637,-954.826458245552,0,0,-37.8896437731157,-384.531318478602,-173.382358534885,-402.254335969477,0,-782.234500106729,-1008.12726801889,0,-988.07114811656,-977.16666367962,415.569222328874,452.116761648103,-1036.53683201894,1063.93815545093,0,-115.23510104961,89.2434731098302,-24.2931685522135,-93.0185469041469,-566.26458235473,362.040806045225,261.51599947989,529.060548856409,388.374929582855,374.677950855931,-114.555170141585,-514.415518617999,-502.690759426538,31.8320865471943,0,0,98.774365451701,0,230.722934239558,185.312091022182,286.727832994617,401.096328635821,999.089373516923,-278.797940070892,17.4149972337664
0,389.878519516103,48.8094631807362,83.8805652193729,-238.265542758537,298.113872778182,3323.85006883036,-229.221979945327,0,0,166.390940730872,-622.807996655572,-520.257024386122,597.068371537705,-392.71049996356,-526.649223860526,-999.206598072128,-521.57169343249,0,0,-130.383956457842,31.7172296133486,-244.055923640433,-39.4966236167854,0,63.7930736332435,254.500978510455,0,-530.728861899035,-199.671075815005,293.53233837706,736.931476912583,-329.837894527958,532.548730974934,0,1134.9348861097,899.001548390348,-467.691104646033,192.502197770379,-289.621116475778,-339.523021216641,-825.643704720426,-600.058774284519,31.2141433774584,-108.437303605344,-160.292278981569,607.611685447851,77.5002529667914,-587.860569089186,0,0,-551.381327459109,0,131.757996000429,134.918120245067,213.526113490623,594.140774336512,-240.505321226684,313.494706089621,-305.154888205147
0,-356.193034966888,-275.063495474868,166.53257876988,39.5743358595288,160.000056807266,-229.221979945327,4787.20845037787,0,0,384.38022526258,196.583054095174,428.814755730873,525.262500562223,-319.073995350005,1114.59426965051,-331.812393026706,-425.463584293541,0,0,1303.45961242664,-964.324713342107,-716.521921669466,-382.084819094446,0,370.427265442399,-496.294201818009,0,691.944223320437,-602.895731204611,630.119642980151,-379.997369442855,-245.23768940666,329.683937512725,0,547.615758767221,-378.791814621705,-865.736033712447,443.47201874425,692.842232047681,116.473520132133,-15.0369912851303,42.9317274435761,-926.0125907424,553.240904344784,-873.786144706672,901.489614652103,-569.269116937435,815.78580826472,0,0,-94.3315286527636,0,886.964122760322,-760.412934195286,49.0547682926217,-130.999356668589,223.727250793412,-649.642414392686,-128.156713180165
0,0,0,0,0,0,0,0,0.0240524632669813,0,0,0,0,0,0,0,0,0,0,0,0,0,0,0,0,0,0,0,0,0,0,0,0,0,0,0,0,0,0,0,0,0,0,0,0,0,0,0,0,0,0,0,0,0,0,0,0,0,0,0
0,0,0,0,0,0,0,0,0,0.0354614852859249,0,0,0,0,0,0,0,0,0,0,0,0,0,0,0,0,0,0,0,0,0,0,0,0,0,0,0,0,0,0,0,0,0,0,0,0,0,0,0,0,0,0,0,0,0,0,0,0,0,0
0,168.407652522867,-401.751474991476,45.0874931803533,162.544541766323,-417.231342981,166.390940730872,384.38022526258,0,0,5515.65241073457,-100.90975984997,-833.034272404108,258.653967251612,-212.436324656763,160.647293457028,-930.697853787241,904.01052223656,0,0,-405.529768844952,-91.4967729030847,-480.510362540664,-249.19926148312,0,1530.47882168119,1667.1612775228,0,-814.52345546485,-898.585085827644,-842.738759970289,-921.782354486872,-113.432462183615,-20.7693770805566,0,54.0158125303336,982.361138214917,-761.102465831544,943.998246590567,277.034739691101,586.598192493823,40.9795246234017,-548.189026552006,-90.4929899567482,-323.307409489318,-320.625371626061,-90.703174028566,380.876142254404,183.660135754549,0,0,-261.719822623799,0,423.153186750696,-615.479672165038,846.585493870417,-1142.16754877595,-815.088206911498,1001.21836317125,-265.747233597171
0,-406.014584234145,-312.479048671054,-308.293308862428,3.41010876924088,-589.690430745037,-622.807996655572,196.583054095174,0,0,-100.90975984997,5192.76592680753,-113.544048854988,-620.171866708056,-413.556773835183,-39.5408975094558,130.97082932311,-549.811106541368,0,0,-42.4948683891413,113.027457551818,-214.135786770601,59.6755930417552,0,-965.040456475066,489.358042078246,0,617.883805843145,-181.499052690458,998.89631282141,9.76880848792005,1073.11706196895,-281.780453801483,0,-718.002650911736,109.628049046022,-502.115195044066,-586.429818204623,171.105664439922,-752.458766088659,-104.309685022269,313.402054962297,-260.860741603108,-28.6956223703583,-542.552951139484,479.899713594346,143.245119195183,401.181509252302,0,0,386.570444500899,0,285.511826110213,230.008945245275,731.717956036299,138.048148395405,136.565003348076,511.074542970802,19.4996141919127
0,-66.1076557769287,-227.985337853103,209.550571712204,-404.332671916261,643.239653114625,-520.257024386122,428.814755730873,0,0,-833.034272404108,-113.544048854988,6850.46835493214,-102.239100875784,259.176270969347,-388.421094585899,296.723699931367,-310.50385626311,0,0,208.153039955595,-103.245738793114,1424.52432676338,-278.800604976709,0,-214.035523538794,2475.10985261366,0,-254.316589749137,1191.81438058408,124.444694691819,134.838582247016,-1133.75403893908,543.188107417932,0,-1173.24019573805,-101.351605107229,159.741952171272,1559.46016880908,1702.28532589669,-199.231255980245,503.125622977646,-250.213234216975,-898.525778627033,170.887084753845,-354.843736263283,-495.800350267116,-389.852924063189,-180.784982919483,0,0,550.915694714881,0,474.530116078698,823.303981262904,-281.270064125608,-509.589050326115,1032.71833988785,-707.732676449188,307.779155193584
0,58.403446494655,80.4583073043053,-9.17709137902938,237.662241871766,969.84025385566,597.068371537705,525.262500562223,0,0,258.653967251612,-620.171866708056,-102.239100875784,3814.05573220102,436.505866532516,1325.41058081482,1175.67526324245,55.3724759692485,0,0,-561.942481198176,-401.541875907705,-708.495477684335,-892.14231410153,0,-822.472130471299,419.714570137289,0,8.26284045788676,-152.85500063184,-412.742994740738,1397.72290679146,117.168302968254,211.867512087935,0,-616.717362603382,568.484741026974,-432.565957321634,-502.657456479478,143.17192278464,36.2218326749687,-92.6339118470606,-310.750956665437,407.441837033068,-451.287235044019,223.473755729903,408.496455364612,1095.13577018952,-582.709452487149,0,0,-119.888582625497,0,1960.15078418502,-105.407669001766,626.632258889773,422.871824604541,739.344036003965,74.4535738860937,16.9479867087383
0,286.706147462043,-159.69116627047,-372.370918643923,260.787422789163,35.5181772403311,-392.71049996356,-319.073995350005,0,0,-212.436324656763,-413.556773835183,259.176270969347,436.505866532516,6560.59337274151,419.497119298927,-718.559294858986,-57.3070943319317,0,0,489.496917978885,44.2847058905355,992.832383869536,-656.553944958084,0,-556.8928879329,989.643140690259,0,-86.5187520976443,-1408.34629824617,-129.200907678986,3406.57714213102,571.020098136596,-405.498819759197,0,-923.60271008328,-1177.76729687295,-656.099684350365,-237.318949246084,-405.99808348891,400.240680989997,-684.940284563979,267.217008999743,449.7408759437,390.306613610429,216.828042890972,448.423885391291,525.455244231766,361.330510045414,0,0,-203.878565157654,0,1284.35151112829,-580.769889549281,-120.533441758884,-331.797838893157,-735.891172548581,442.534546044869,-16.6957001902081
0,-21.6589059806809,-479.407860186029,-90.1139465822423,253.855451221662,-34.0698460737287,-526.649223860526,1114.59426965051,0,0,160.647293457028,-39.5408975094558,-388.421094585899,1325.41058081482,419.497119298927,8920.33110368086,540.689827103026,-217.723031474626,0,0,405.637263371774,-31.6152773118045,-1269.73982937852,-2260.61073897701,0,675.441850861055,929.037997518759,0,569.431079345879,850.840553059693,306.304530565104,1681.63141911408,-41.9078658719538,84.0284317571329,0,226.614544253407,-733.497628793133,-279.250735485765,775.126856544408,-54.295606919411,1355.13450088043,-899.793545256484,-624.768139012117,-498.369580325978,-1525.20822946807,169.305811787238,-495.936342297833,73.5701099550278,-124.495801488926,0,0,-614.032493307848,0,696.662008478954,1469.20209375388,719.285401098216,398.831959378487,-945.122931920477,1432.30060639039,168.040351662185
0,-978.053312252522,138.166522549302,373.572000895886,492.039499853928,-409.198032522637,-999.206598072128,-331.812393026706,0,0,-930.697853787241,130.97082932311,296.723699931367,1175.67526324245,-718.559294858986,540.689827103026,14416.7085110745,-2762.45588219698,0,0,-1173.68512030815,-449.612864920787,1540.011280136,1594.00787409082,0,-928.243617274956,159.172709475839,0,197.131434926757,-223.291150096013,-1870.20860497007,-453.459617170432,-1245.05070765377,1914.36329839767,0,-462.19250749796,-430.317679781427,-202.281497619039,1006.37852473049,-37.9497694847129,-615.597187945508,-348.589537333284,-150.025958175685,-435.171947896586,-214.600084338434,425.334316703503,-2069.0825514107,-716.491901284823,-1620.42851628648,0,0,-213.018746512097,0,2360.70654720043,885.753194332659,388.907830348765,1011.32376159381,503.436710342111,434.28911562799,817.411514451723
0,36.1232677238176,385.848988455927,-59.8647545704435,346.825724770477,-954.826458245552,-521.57169343249,-425.463584293541,0,0,904.010522236561,-549.811106541368,-310.50385626311,55.3724759692485,-57.3070943319317,-217.723031474626,-2762.45588219698,11557.7383590496,0,0,-1137.64283281475,65.0032158999113,432.977043531373,-66.3655448257352,0,122.967977865895,-1200.35201716662,0,-105.82363503228,1107.44916765128,-896.721804791524,-979.301963459088,1441.32262371514,-1309.02857454156,0,443.005307579916,53.6427020620922,497.151872143697,362.763822783255,-1798.33306299072,-51.0363165338194,1576.47263221593,354.191515959849,1675.36851870267,-1633.71516717533,289.832660074321,595.906824444221,1250.73350739255,-1094.02670838973,0,0,112.70609669041,0,244.479524237347,-768.976197746453,-1265.67318837222,-442.257746822702,-451.481778696682,1206.76535097633,-23.2476164438125
0,0,0,0,0,0,0,0,0,0,0,0,0,0,0,0,0,0,0.0773989841873859,0,0,0,0,0,0,0,0,0,0,0,0,0,0,0,0,0,0,0,0,0,0,0,0,0,0,0,0,0,0,0,0,0,0,0,0,0,0,0,0,0
0,0,0,0,0,0,0,0,0,0,0,0,0,0,0,0,0,0,0,0.0759181447242162,0,0,0,0,0,0,0,0,0,0,0,0,0,0,0,0,0,0,0,0,0,0,0,0,0,0,0,0,0,0,0,0,0,0,0,0,0,0,0,0
0,318.917385131988,-258.929420064807,331.680737432025,696.953998539688,-37.8896437731157,-130.383956457842,1303.45961242664,0,0,-405.529768844952,-42.4948683891413,208.153039955595,-561.942481198176,489.496917978885,405.637263371774,-1173.68512030815,-1137.64283281475,0,0,12151.9509250588,-37.0845475211567,-587.172628587746,1388.63827596124,0,-955.452526157565,1081.38426424873,0,-224.007231877015,-1239.23460947895,2514.46078431455,-400.622721519484,2004.2628423208,-668.74926379491,0,2781.93767496837,772.884435094613,351.161566242105,214.439782560844,575.359176648794,-161.721915914233,-1049.70189446616,-236.122428886897,-1124.20054581862,371.838404103836,-391.718949563454,1036.11724483435,-1022.98769776556,-149.928175083468,0,0,430.185545638926,0,-1381.98143008853,176.705096332757,-1380.07181121757,469.425060070798,-49.5074542174446,-1427.90022816469,-74.9235196809928
0,388.506430076627,88.8419725219632,-212.94985508792,254.984142147453,-384.531318478602,31.7172296133486,-964.324713342107,0,0,-91.4967729030847,113.027457551818,-103.245738793114,-401.541875907705,44.2847058905355,-31.6152773118045,-449.612864920787,65.0032158999113,0,0,-37.0845475211567,7026.4072487929,362.430853202357,814.730291464714,0,-336.536488794895,184.34982863151,0,-1111.81381735363,1705.23498343582,-447.601816229661,-1228.50873300538,-524.784218410819,-1222.50688156885,0,657.234689351675,-159.359397812781,-31.7337467591594,-106.426640893639,-240.240668741667,585.385888730857,489.480484902054,-21.6472444240237,-412.512985215504,-31.7962702839772,-312.585391833466,96.8481845221613,-45.4886668520399,-461.478201508703,0,0,110.477032687446,0,-197.250350969543,213.295152749245,-27.968915454165,775.225795072357,292.527363549391,276.294365090951,276.122217986201
0,-119.403686893508,1124.77204927698,-142.517667141674,-282.024716639176,-173.382358534885,-244.055923640433,-716.521921669466,0,0,-480.510362540664,-214.135786770601,1424.52432676338,-708.495477684335,992.832383869536,-1269.73982937852,1540.011280136,432.977043531373,0,0,-587.172628587746,362.430853202357,9657.64680555046,1197.35630674097,0,-109.313244764158,1163.89335039374,0,243.679152856517,-763.141058565862,1821.93410572154,1201.90099522959,-918.368847101717,2140.49474351046,0,983.992446651682,-456.383887417181,228.399569159175,1477.15470114476,547.69060318564,-290.702659716338,-501.876941317124,-319.405228227024,-186.584342705814,-1890.59130539558,-601.049038220869,-719.755657382305,323.663945594183,-265.423235923251,0,0,-453.717806431155,0,2913.08374896328,-1037.99635959049,184.35382325572,-580.068711632121,448.033578110791,-180.259900534414,132.409993303676
0,33.9582092945319,81.2350058175605,335.231187781252,-396.901067682483,-402.254335969477,-39.4966236167854,-382.084819094446,0,0,-249.19926148312,59.6755930417552,-278.800604976709,-892.14231410153,-656.553944958084,-2260.61073897701,1594.00787409082,-66.3655448257352,0,0,1388.63827596124,814.730291464714,1197.35630674096,9317.98264930913,0,-669.604128392981,-1823.93472487376,0,-1687.1789953548,-335.338520674328,-804.258480750638,-1583.04432070465,63.29560933888,1585.81113350221,0,1149.21598544532,48.5210520000764,-172.148342073116,323.256359655095,-478.384184054087,-561.670301711725,-817.541761980227,319.263028424838,-431.350368707773,-178.116783791945,262.208651867261,53.6417008541146,-362.476785531406,-40.8755102820244,0,0,105.556920883483,0,221.632164204169,224.784721542645,-633.647748794694,530.118285984616,-405.843365688997,-580.316944368819,-266.591760806655
0,0,0,0,0,0,0,0,0,0,0,0,0,0,0,0,0,0,0,0,0,0,0,0,0.0622354020405788,0,0,0,0,0,0,0,0,0,0,0,0,0,0,0,0,0,0,0,0,0,0,0,0,0,0,0,0,0,0,0,0,0,0,0
0,-539.340420610186,-687.597410377323,400.09194241321,517.595400664314,-782.234500106728,63.7930736332435,370.427265442399,0,0,1530.47882168119,-965.040456475066,-214.035523538794,-822.472130471299,-556.8928879329,675.441850861055,-928.243617274956,122.967977865894,0,0,-955.452526157565,-336.536488794896,-109.313244764158,-669.604128392982,0,12793.5276976682,-443.604308436563,0,1161.12439179274,625.302958032744,484.770303002203,1295.80862870016,-1071.85637948766,-1020.31054397222,0,1348.86868263539,-322.73132557295,600.077707962,2424.59522564395,722.376708292323,642.614308871935,-1411.98234718787,-44.5045815552083,-318.01250064334,1327.52318969849,495.642936673411,-323.204170125633,447.585957090335,74.4727966027118,0,0,-507.285560605366,0,-407.553888013986,1422.39249269636,-1124.83920223658,-913.466066324964,91.9320032999191,-635.546537476912,-228.480052596791
0,593.17492869825,-244.757383628261,260.682924534754,723.744874051458,-1008.12726801889,254.500978510455,-496.294201818009,0,0,1667.1612775228,489.358042078246,2475.10985261366,419.714570137289,989.643140690259,929.037997518759,159.172709475839,-1200.35201716662,0,0,1081.38426424873,184.34982863151,1163.89335039374,-1823.93472487376,0,-443.604308436563,13005.8234873128,0,-44.6976841408314,-422.386535056806,-735.062934142024,-68.7961121253184,-739.914421173997,-1344.42175096287,0,791.426008099444,-586.718226563652,-457.174391021654,638.906305595368,858.472703016367,310.758734943427,1172.05899803109,-326.984427699153,-581.706648225425,193.156505742123,768.481464544108,-1084.06619361187,262.817115789403,-704.417832004583,0,0,45.5863100692681,0,-857.802546373271,669.976392878576,-366.417180175341,-743.237700546116,718.703468362267,1269.26260094358,-112.256410515449
0,0,0,0,0,0,0,0,0,0,0,0,0,0,0,0,0,0,0,0,0,0,0,0,0,0,0,0.0651427970662134,0,0,0,0,0,0,0,0,0,0,0,0,0,0,0,0,0,0,0,0,0,0,0,0,0,0,0,0,0,0,0,0
0,-338.762987526961,43.5167250067983,590.646337143397,210.737361173056,-988.07114811656,-530.728861899035,691.944223320437,0,0,-814.52345546485,617.883805843145,-254.316589749137,8.26284045788676,-86.5187520976443,569.431079345879,197.131434926757,-105.82363503228,0,0,-224.007231877015,-1111.81381735363,243.679152856517,-1687.1789953548,0,1161.12439179274,-44.6976841408314,0,8419.91648195043,-528.047527679506,779.503629644386,846.402093481736,11.1184865479075,111.813035509456,0,508.399148189593,-256.988786823658,2540.58031525985,407.543793874991,1462.40802689822,504.281882886242,-240.14091337515,-610.618830918235,1080.34983023981,528.693423986814,-424.13348217211,4.02507265206102,-654.591508332168,-584.884989083221,0,0,57.8029567180441,0,1067.5686504105,138.352475402527,-686.123885746768,-844.344596318106,180.689938793755,-483.325295181256,-305.079141608779
0,-100.866714749125,-294.494313251785,-118.74753721867,-239.196486288489,-977.16666367962,-199.671075815005,-602.895731204611,0,0,-898.585085827644,-181.499052690458,1191.81438058408,-152.85500063184,-1408.34629824617,850.840553059693,-223.291150096013,1107.44916765128,0,0,-1239.23460947895,1705.23498343582,-763.141058565862,-335.338520674328,0,625.302958032744,-422.386535056806,0,-528.047527679506,6764.93159186002,-856.754803693914,-1592.45109248652,938.234340036481,-756.180145778867,0,-1266.94872032303,-379.877367569473,192.296266066958,101.50935959526,-72.5959335793043,235.824389384637,86.7460699397857,-272.321082500215,-153.392013892018,-1585.37329791232,1443.96442040964,-156.284846685543,726.12876410429,-221.900232785761,0,0,-57.784100594867,0,-1202.49390971858,409.245540512815,1077.78624917267,370.641203484531,817.473575687307,366.583207183982,-342.954011262751
0,-546.590233608439,309.196698999405,-436.083084204251,-293.489795492377,415.569222328874,293.53233837706,630.119642980151,0,0,-842.738759970289,998.89631282141,124.444694691819,-412.742994740738,-129.200907678986,306.304530565104,-1870.20860497007,-896.721804791524,0,0,2514.46078431455,-447.601816229661,1821.93410572154,-804.258480750638,0,484.770303002203,-735.062934142024,0,779.503629644386,-856.754803693914,9351.33388726147,2000.77747314707,-1084.71990399359,1414.333828182,0,829.625949848232,-1078.68981189926,821.086908159515,1221.61929479938,858.311004076755,-1040.92014660793,-1887.55367740842,192.044855063643,-419.420835281267,-1441.17746499393,-1152.70795101045,1309.64821899353,274.625301542779,1161.14096326238,0,0,705.278612360737,0,563.271263700664,-595.179872239568,-1116.51494881635,290.339292618496,-974.800674884115,-1276.03313332973,167.71195263148
0,-294.801331073613,-186.336274009755,-285.8273112792,26.440481466131,452.116761648103,736.931476912583,-379.997369442855,0,0,-921.782354486872,9.76880848792005,134.838582247016,1397.72290679146,3406.57714213102,1681.63141911408,-453.459617170432,-979.301963459088,0,0,-400.622721519484,-1228.50873300538,1201.90099522959,-1583.04432070465,0,1295.80862870016,-68.7961121253184,0,846.402093481736,-1592.45109248652,2000.77747314707,11135.714047515,1816.41161937056,867.782263246757,0,-561.251115756539,251.146101482194,-299.919871206019,-458.092448933609,-165.172041322749,387.124167817962,-1514.05130935331,-646.714840043562,-458.038367250467,307.566557185308,-231.295668405854,480.049899107478,296.988886284601,-110.734802318937,0,0,-571.878115818668,0,1896.46154752446,-201.089293636556,724.636645304781,-589.322347955623,782.638711779389,779.665124277427,182.852729351763
0,-187.285745763481,107.026475107489,-176.672587853393,306.090720898388,-1036.53683201894,-329.837894527958,-245.23768940666,0,0,-113.432462183615,1073.11706196895,-1133.75403893909,117.168302968254,571.020098136596,-41.9078658719538,-1245.05070765378,1441.32262371514,0,0,2004.2628423208,-524.784218410819,-918.368847101717,63.29560933888,0,-1071.85637948766,-739.914421173997,0,11.1184865479075,938.234340036481,-1084.71990399359,1816.41161937056,6423.55530654635,-896.058761282561,0,-162.162326462895,119.414880951601,-561.20075920422,-653.978356204385,-1258.0426787147,932.421625848825,-122.258283840927,-401.074735366464,-290.119773525569,-40.9476524112443,291.781074466648,527.743299207937,578.353640990774,445.405481766732,0,0,138.764588409628,0,-242.564446086663,-135.850454382609,1241.99988903953,-242.841659309992,153.491012332475,1042.08042967778,-185.721891332409
0,-158.16816611457,-347.576115390096,209.580304763353,-290.908808191405,1063.93815545093,532.548730974934,329.683937512725,0,0,-20.7693770805566,-281.780453801483,543.188107417932,211.867512087935,-405.498819759197,84.0284317571329,1914.36329839767,-1309.02857454156,0,0,-668.74926379491,-1222.50688156885,2140.49474351046,1585.81113350221,0,-1020.31054397222,-1344.42175096287,0,111.813035509456,-756.180145778867,1414.333828182,867.782263246757,-896.058761282561,7661.68998045339,0,692.417871924512,910.809664915726,-512.504182509642,-21.0779012614698,-743.974698513945,-349.480801925435,-1090.36054545839,475.8914923036,-243.147033151293,81.4072585360715,-597.895645483384,-707.764724015819,-722.263933157126,-317.324790122976,0,0,-116.486741153808,0,1124.32487643595,-527.604241116664,1488.3155095281,-1053.16191229226,284.922793153106,242.40171290772,538.928230877586
0,0,0,0,0,0,0,0,0,0,0,0,0,0,0,0,0,0,0,0,0,0,0,0,0,0,0,0,0,0,0,0,0,0,0.0633077701390736,0,0,0,0,0,0,0,0,0,0,0,0,0,0,0,0,0,0,0,0,0,0,0,0,0
0,-80.5547747678035,270.845186511039,-139.162698196086,228.336702030808,-115.23510104961,1134.9348861097,547.615758767221,0,0,54.0158125303336,-718.002650911736,-1173.24019573805,-616.717362603382,-923.60271008328,226.614544253407,-462.19250749796,443.005307579916,0,0,2781.93767496837,657.234689351675,983.992446651682,1149.21598544532,0,1348.86868263539,791.426008099444,0,508.399148189593,-1266.94872032303,829.625949848232,-561.251115756539,-162.162326462895,692.417871924512,0,11060.5784703733,624.968855280486,2120.12712736185,1340.64890888066,979.601361958108,3000.28435169601,-530.765157236065,145.493310948321,-633.875021067407,210.581339869661,-1550.14902983823,-633.921460449176,-1010.58746301142,-232.468008361485,0,0,345.4189912121,0,-767.793837151558,568.4459830438,-1913.72584323435,318.206854450304,327.559709183297,-901.643621517928,135.573223332915
0,-253.448934536167,84.9363272153346,186.371724708693,-476.093533511237,89.2434731098302,899.001548390348,-378.791814621705,0,0,982.361138214918,109.628049046022,-101.351605107229,568.484741026974,-1177.76729687295,-733.497628793133,-430.317679781427,53.6427020620922,0,0,772.884435094613,-159.359397812781,-456.383887417181,48.5210520000764,0,-322.73132557295,-586.718226563652,0,-256.988786823658,-379.877367569473,-1078.68981189926,251.146101482194,119.414880951601,910.809664915726,0,624.968855280486,6463.05662819377,-651.54322513102,-721.042686568836,907.42382711768,35.784142407298,463.718202893844,-465.697859946568,93.8730336290241,622.045948928577,-832.679939255794,92.4177586990705,-542.906837322563,-913.413379498249,0,0,-237.916519990242,0,-854.290786990555,-265.054238085186,477.819018800735,-194.523002401317,283.173928653045,-298.386582157914,-230.437522666972
0,-546.164667701493,32.7935786738112,85.7244864083551,226.928724982507,-24.2931685522135,-467.691104646033,-865.736033712447,0,0,-761.102465831544,-502.115195044066,159.741952171272,-432.565957321634,-656.099684350365,-279.250735485765,-202.281497619039,497.151872143697,0,0,351.161566242105,-31.7337467591594,228.399569159175,-172.148342073116,0,600.077707962,-457.174391021654,0,2540.58031525985,192.296266066958,821.086908159515,-299.919871206019,-561.20075920422,-512.504182509642,0,2120.12712736185,-651.54322513102,7057.87221755589,1200.96165862583,910.560147801832,761.76110824711,-329.044936816634,-556.745638943979,381.301977576557,-813.810409385299,149.776083794191,-33.1444543690337,65.4832232924208,-910.873915165739,0,0,37.2431168645611,0,56.5232952701961,1305.97306367092,-1051.23928112361,-435.273704407242,364.763023749246,-1090.675792907,569.845157913243
0,-590.842484048377,-5.45346151022018,52.1164047493303,-117.342236859364,-93.0185469041469,192.502197770379,443.47201874425,0,0,943.998246590567,-586.429818204623,1559.46016880908,-502.657456479478,-237.318949246084,775.126856544408,1006.37852473049,362.763822783255,0,0,214.439782560844,-106.426640893639,1477.15470114476,323.256359655095,0,2424.59522564395,638.906305595368,0,407.543793874991,101.50935959526,1221.61929479938,-458.092448933609,-653.978356204385,-21.0779012614698,0,1340.64890888066,-721.042686568836,1200.96165862583,7326.11186508955,794.068280158891,1115.31550907427,-905.629793813888,-1005.05344508559,-515.034428981644,171.665841963119,-814.063485146305,-106.929446413498,18.3965081320838,209.428112383043,0,0,-883.215956709071,0,491.832571611167,72.2572611122014,-1130.78848816392,262.458275090051,-135.049637002847,-730.451227334924,110.833845154353
0,-148.836549357371,-286.485475299552,137.782220715001,-181.599718800804,-566.26458235473,-289.621116475778,692.842232047681,0,0,277.034739691101,171.105664439922,1702.28532589669,143.17192278464,-405.99808348891,-54.295606919411,-37.9497694847129,-1798.33306299072,0,0,575.359176648794,-240.240668741667,547.69060318564,-478.384184054087,0,722.376708292323,858.472703016367,0,1462.40802689822,-72.5959335793043,858.311004076755,-165.172041322749,-1258.0426787147,-743.974698513945,0,979.601361958108,907.42382711768,910.560147801832,794.068280158891,6715.57098816151,872.455518894167,-583.918299694299,-721.688689413357,-989.899104464426,1966.06123169078,-466.789236066564,899.104465327317,-455.334306246886,52.9690072535625,0,0,168.032258275607,0,1244.52262465477,312.264595476982,-1207.79603687616,-1025.37990337719,-672.335690117044,-1335.24502780676,-549.056669661824
0,247.026382926105,250.527922628913,-319.069320836783,-31.2704711382106,362.040806045225,-339.523021216641,116.473520132133,0,0,586.598192493823,-752.458766088659,-199.231255980245,36.2218326749687,400.240680989997,1355.13450088043,-615.597187945508,-51.0363165338193,0,0,-161.721915914233,585.385888730857,-290.702659716338,-561.670301711725,0,642.614308871935,310.758734943427,0,504.281882886242,235.824389384637,-1040.92014660793,387.124167817962,932.421625848825,-349.480801925435,0,3000.28435169601,35.784142407298,761.76110824711,1115.31550907427,872.455518894167,4844.37246742592,211.6322984017,-405.983839848336,38.2119432929254,333.584448503499,-193.234843654885,-663.420498193701,-622.888977019876,310.707709322683,0,0,-173.542397876032,0,159.36244575651,-166.291180463504,257.741656347279,-957.553596994661,48.2159225558895,381.044789785969,-369.499251762405
0,179.878193593403,614.748997486431,198.039175682618,169.065702513967,261.51599947989,-825.643704720426,-15.0369912851303,0,0,40.9795246234017,-104.309685022269,503.125622977646,-92.6339118470606,-684.940284563979,-899.793545256484,-348.589537333284,1576.47263221593,0,0,-1049.70189446616,489.480484902054,-501.876941317124,-817.541761980227,0,-1411.98234718787,1172.05899803109,0,-240.14091337515,86.7460699397857,-1887.55367740842,-1514.05130935331,-122.258283840927,-1090.36054545839,0,-530.765157236065,463.718202893844,-329.044936816634,-905.629793813888,-583.918299694299,211.6322984017,6096.72909714115,-578.301799213563,1029.83813108716,-343.90557759682,-741.960247685341,-844.153292923038,402.557111852669,-533.670950541142,0,0,255.14137562368,0,-1581.12797278527,-645.587055775107,-650.52873946244,-123.548286291048,1339.79509318317,190.701282972915,100.842448665411
0,-202.86253537631,-142.55114395135,-176.411118023634,596.96615408124,529.060548856409,-600.058774284519,42.9317274435761,0,0,-548.189026552006,313.402054962297,-250.213234216975,-310.750956665437,267.217008999743,-624.768139012117,-150.025958175685,354.191515959849,0,0,-236.122428886897,-21.6472444240237,-319.405228227024,319.263028424838,0,-44.5045815552083,-326.984427699153,0,-610.618830918235,-272.321082500215,192.044855063643,-646.714840043561,-401.074735366464,475.8914923036,0,145.493310948321,-465.697859946568,-556.745638943979,-1005.05344508559,-721.688689413357,-405.983839848336,-578.301799213563,3635.25639234174,-316.257181101295,991.505606929734,754.886569406717,-314.852027706114,-253.648633435852,1071.52134553154,0,0,445.95273571136,0,45.9972356796049,95.893090064934,-148.140962542991,540.528719004231,-606.884913960704,-101.170663687232,-190.75202264237
0,474.739571379287,444.319318177776,-9.48682053111906,-238.35335196341,388.374929582855,31.2141433774584,-926.0125907424,0,0,-90.4929899567482,-260.860741603108,-898.525778627033,407.441837033068,449.7408759437,-498.369580325978,-435.171947896586,1675.36851870267,0,0,-1124.20054581862,-412.512985215504,-186.584342705814,-431.350368707773,0,-318.01250064334,-581.706648225425,0,1080.34983023981,-153.392013892018,-419.420835281268,-458.038367250467,-290.119773525569,-243.147033151293,0,-633.875021067407,93.8730336290241,381.301977576557,-515.034428981644,-989.899104464426,38.2119432929254,1029.83813108716,-316.257181101295,4003.85464388494,-893.852754422363,586.012959109764,-878.869163041917,127.157408395857,-909.931053221167,0,0,108.253644175631,0,248.000931682233,-416.071240303432,-25.1398335452493,-192.84028913131,-197.431962516766,446.852117965805,-147.540211553696
0,253.807860560605,-682.803935985497,91.0427631905027,552.26508502476,374.677950855931,-108.437303605344,553.240904344784,0,0,-323.307409489318,-28.6956223703583,170.887084753845,-451.287235044019,390.306613610429,-1525.20822946807,-214.600084338434,-1633.71516717533,0,0,371.838404103836,-31.7962702839772,-1890.59130539558,-178.116783791945,0,1327.52318969849,193.156505742123,0,528.693423986814,-1585.37329791232,-1441.17746499393,307.566557185308,-40.9476524112443,81.4072585360715,0,210.581339869661,622.045948928577,-813.810409385299,171.665841963119,1966.06123169078,333.584448503499,-343.90557759682,991.505606929734,-893.852754422363,7745.33820721757,628.666123193441,395.582086057083,-815.732528500544,724.052865964455,0,0,346.224869321282,0,-519.721260149353,-267.36286937089,-1100.20737605686,375.080960868723,-41.321400735311,-151.790302709188,158.856763224023
0,-79.7772601516255,-231.826617994306,48.4280730546358,72.1068809171854,-114.555170141585,-160.292278981569,-873.786144706672,0,0,-320.625371626061,-542.552951139484,-354.843736263283,223.473755729903,216.828042890972,169.305811787238,425.334316703503,289.832660074321,0,0,-391.718949563454,-312.585391833466,-601.049038220869,262.208651867261,0,495.642936673411,768.481464544108,0,-424.13348217211,1443.96442040964,-1152.70795101045,-231.295668405854,291.781074466648,-597.895645483384,0,-1550.14902983823,-832.679939255794,149.776083794191,-814.063485146305,-466.789236066564,-193.234843654885,-741.960247685341,754.886569406717,586.012959109764,628.666123193441,4222.02313726622,-477.143883027851,576.123115041125,-514.549161357443,0,0,-547.578306289945,0,489.971395632438,325.895811909174,-239.809909306065,-45.5656479916571,-735.281910613263,288.163686882637,-90.3985695019045
0,473.88038307309,-93.6721006473485,-9.64869838534389,-237.127111062883,-514.415518617999,607.611685447851,901.489614652103,0,0,-90.703174028566,479.899713594346,-495.800350267116,408.496455364612,448.423885391291,-495.936342297833,-2069.0825514107,595.906824444221,0,0,1036.11724483435,96.8481845221613,-719.755657382305,53.6417008541146,0,-323.204170125633,-1084.06619361187,0,4.02507265206102,-156.284846685543,1309.64821899353,480.049899107478,527.743299207937,-707.764724015819,0,-633.921460449176,92.4177586990705,-33.1444543690337,-106.929446413498,899.104465327317,-663.420498193702,-844.153292923038,-314.852027706114,-878.869163041917,395.582086057083,-477.143883027851,3973.61316344544,455.690376390313,34.4930298153303,0,0,-119.741846245525,0,687.121314336884,-412.35363449577,-23.9707255159366,122.45627947806,-510.431497045682,-298.090286449381,19.1469067759618
0,-134.094309381705,89.6997865813119,-112.362876349445,197.052864791737,-502.690759426538,77.5002529667915,-569.269116937435,0,0,380.876142254404,143.245119195183,-389.852924063189,1095.13577018952,525.455244231766,73.5701099550278,-716.491901284822,1250.73350739255,0,0,-1022.98769776556,-45.4886668520399,323.663945594183,-362.476785531406,0,447.585957090335,262.817115789403,0,-654.591508332168,726.12876410429,274.625301542779,296.988886284601,578.353640990774,-722.263933157126,0,-1010.58746301142,-542.906837322563,65.4832232924208,18.3965081320838,-455.334306246886,-622.888977019876,402.557111852669,-253.648633435852,127.157408395857,-815.732528500544,576.123115041125,455.690376390313,2733.92111075894,87.6413709244895,0,0,-120.197989394994,0,423.020318188608,-128.650921962077,53.7932145761474,264.505704591412,-54.0524987789341,277.286558555045,212.993053454285
0,-179.742109985592,53.2469281099083,-288.459912634523,-29.0371380841392,31.8320865471943,-587.860569089186,815.78580826472,0,0,183.660135754549,401.181509252302,-180.784982919483,-582.709452487149,361.330510045414,-124.495801488926,-1620.42851628648,-1094.02670838973,0,0,-149.928175083468,-461.478201508703,-265.423235923251,-40.8755102820244,0,74.4727966027117,-704.417832004583,0,-584.884989083221,-221.900232785761,1161.14096326238,-110.734802318937,445.405481766732,-317.324790122976,0,-232.468008361485,-913.413379498249,-910.873915165739,209.428112383043,52.9690072535625,310.707709322683,-533.670950541142,1071.52134553154,-909.931053221167,724.052865964455,-514.549161357443,34.4930298153303,87.6413709244895,3967.06758285048,0,0,514.805994114306,0,-281.966815579985,-749.943094006963,234.298921312798,-257.952853493036,-264.732687559668,346.276653504632,-173.321813830403
0,0,0,0,0,0,0,0,0,0,0,0,0,0,0,0,0,0,0,0,0,0,0,0,0,0,0,0,0,0,0,0,0,0,0,0,0,0,0,0,0,0,0,0,0,0,0,0,0,0.0323734400714463,0,0,0,0,0,0,0,0,0,0
0,0,0,0,0,0,0,0,0,0,0,0,0,0,0,0,0,0,0,0,0,0,0,0,0,0,0,0,0,0,0,0,0,0,0,0,0,0,0,0,0,0,0,0,0,0,0,0,0,0,0.0078845085189136,0,0,0,0,0,0,0,0,0
0,69.0094929160903,80.3110841009026,12.4296318876768,24.9385183190609,98.774365451701,-551.381327459109,-94.3315286527636,0,0,-261.719822623799,386.570444500899,550.915694714881,-119.888582625497,-203.878565157654,-614.032493307848,-213.018746512097,112.70609669041,0,0,430.185545638926,110.477032687446,-453.717806431155,105.556920883483,0,-507.285560605366,45.5863100692681,0,57.8029567180442,-57.784100594867,705.278612360737,-571.878115818668,138.764588409628,-116.486741153808,0,345.4189912121,-237.916519990242,37.2431168645611,-883.215956709071,168.032258275607,-173.542397876032,255.14137562368,445.95273571136,108.253644175631,346.224869321282,-547.578306289945,-119.741846245525,-120.197989394994,514.805994114306,0,0,1893.66355142396,0,-687.194535651485,-41.8803776037217,-206.782262165954,138.324642624805,-309.52697318701,121.688429486776,151.673013955575
0,0,0,0,0,0,0,0,0,0,0,0,0,0,0,0,0,0,0,0,0,0,0,0,0,0,0,0,0,0,0,0,0,0,0,0,0,0,0,0,0,0,0,0,0,0,0,0,0,0,0,0,0.0247924400138796,0,0,0,0,0,0,0
0,159.364123463563,191.951177947977,19.8662497943932,-488.32030153437,230.722934239558,131.757996000429,886.964122760322,0,0,423.153186750696,285.511826110213,474.530116078698,1960.15078418502,1284.35151112829,696.662008478954,2360.70654720043,244.479524237347,0,0,-1381.98143008853,-197.250350969543,2913.08374896328,221.632164204169,0,-407.553888013986,-857.802546373271,0,1067.5686504105,-1202.49390971858,563.271263700664,1896.46154752446,-242.564446086663,1124.32487643595,0,-767.793837151558,-854.290786990555,56.5232952701961,491.832571611167,1244.52262465477,159.36244575651,-1581.12797278527,45.9972356796049,248.000931682233,-519.721260149353,489.971395632438,687.121314336884,423.020318188608,-281.966815579985,0,0,-687.194535651485,0,8724.37603130212,11.4230455960507,952.246825247087,-244.93265039313,-249.486573024743,-411.203889292995,-370.932050230868
0,129.489556486546,-201.739820088712,413.352104458639,64.9384613322367,185.312091022182,134.918120245067,-760.412934195286,0,0,-615.479672165038,230.008945245275,823.303981262905,-105.407669001766,-580.769889549281,1469.20209375388,885.753194332659,-768.976197746453,0,0,176.705096332757,213.295152749245,-1037.99635959049,224.784721542645,0,1422.39249269636,669.976392878576,0,138.352475402527,409.245540512815,-595.179872239568,-201.089293636556,-135.850454382609,-527.604241116664,0,568.4459830438,-265.054238085186,1305.97306367092,72.2572611122014,312.264595476982,-166.291180463504,-645.587055775108,95.893090064934,-416.071240303432,-267.36286937089,325.895811909174,-412.35363449577,-128.650921962077,-749.943094006963,0,0,-41.8803776037217,0,11.4230455960507,3213.88221599834,-526.944515065254,846.890416340856,-39.0422486926584,-456.173439976327,234.069320381432
