0.076395337967176,-0.0235438578341214,0.0170402432551566,-0.0111917837781072,0.0180567602173283,-0.022009578317147,0.0413398863272571,-0.0352305901678266,0.0149148085640422,-0.0473866311200512,0.0381632037950119,-0.0121381718049521,0.0345727179283016,-0.0388221802264627,0.0045575275123785,-0.018157640685799,0.0277507087242461
-0.0235438578341214,0.0975766306773605,-0.00815216117552067,0.0767929666214452,0.0141663607384703,0.0746534688599916,0.0128816036221472,0.0471491359114916,-0.00662008087001654,0.0821092462001417,-0.00499433387087944,0.0733588178401123,-0.00126823289784719,0.0759042564004232,0.00979189470209433,0.0690971639103491,0.0299671522752795
0.0170402432551566,-0.00815216117552067,0.0666927686411413,-0.0419441198474079,0.0232752193399109,-0.0352459651975165,0.0155110185190511,-0.0121967425764863,0.000410935631203315,-0.0214233908084154,0.0301458316717925,-0.00894384220013303,0.0289617330921793,-0.0245210760349848,-0.0149721584977666,-0.0233033245090525,0.0193199799182654
-0.0111917837781072,0.0767929666214453,-0.0419441198474079,0.107452065455201,-0.0045165750232917,0.103143493810601,0.017003102006183,0.0626026833010578,0.00206255258315527,0.0566042056005067,-0.00997999507896143,0.0883026793213227,-0.00013143053351474,0.074268669964927,0.0138725477470056,0.0754877704215989,0.0170465386807113
0.0180567602173283,0.0141663607384703,0.0232752193399109,-0.0045165750232917,0.0511506579424613,-0.0036721261539991,0.0253338974605103,-0.0475413262933599,0.00749966072152669,0.000211010124433749,0.00858046988601715,-0.00932100400709002,0.00353419167842406,-0.000683382562973368,-0.0168051029053058,-0.0331419052660919,-0.00226339106142275
-0.022009578317147,0.0746534688599916,-0.0352459651975165,0.103143493810601,-0.0036721261539991,0.104877718054951,0.0158544605644711,0.0690534990897278,0.00597552766899224,0.0581389714687578,-0.00478586254013452,0.0851986620475244,0.0059697756052996,0.0735615527280825,0.0160838286009592,0.0685309801109833,0.0142336571608952
0.0413398863272571,0.0128816036221472,0.0155110185190511,0.017003102006183,0.0253338974605103,0.0158544605644711,0.0430429904641945,-0.00695007119169026,0.017891727512292,-0.00976559215842606,0.0417786181578596,0.00576559817857996,0.0413911757236177,-0.00958780373506233,0.0102806412285793,-0.00697338177424648,0.0311004946954398
-0.0352305901678266,0.0471491359114916,-0.0121967425764863,0.0626026833010578,-0.0475413262933599,0.0690534990897278,-0.00695007119169026,0.120384710272452,-0.0216820812301642,0.0485136393292657,0.0116836279981545,0.0765972976164043,0.0278935148360982,0.0530312398813543,0.0238051244794062,0.0846430531592302,0.0381191004107126
0.0149148085640422,-0.00662008087001654,0.000410935631203315,0.00206255258315527,0.00749966072152669,0.00597552766899224,0.017891727512292,-0.0216820812301642,0.0528689239781452,-0.0101063709288708,0.0216587641964098,-0.0141301557822776,0.0147929324708612,-0.014770401126803,0.0320749533480827,-0.0165510549663603,-0.00457999292424406
-0.0473866311200512,0.0821092462001417,-0.0214233908084154,0.0566042056005067,0.000211010124433749,0.0581389714687578,-0.00976559215842606,0.0485136393292657,-0.0101063709288708,0.0939003824363208,-0.0166881260732192,0.05311403031006,-0.0155462039600323,0.0762991048636138,0.0231864468248302,0.062361015758688,0.0137151758033478
0.0381632037950119,-0.00499433387087944,0.0301458316717925,-0.00997999507896143,0.00858046988601715,-0.00478586254013452,0.0417786181578596,0.0116836279981545,0.0216587641964098,-0.0166881260732192,0.0695285576320338,-0.0169230613296116,0.0689742387401925,-0.0326639804152383,0.0294149430205977,-0.0144518997384147,0.0485355538485027
-0.0121381718049521,0.0733588178401123,-0.00894384220013303,0.0883026793213227,-0.00932100400709002,0.0851986620475244,0.00576559817857996,0.0765972976164043,-0.0141301557822776,0.05311403031006,-0.0169230613296116,0.110024153292285,-0.0044439158939263,0.080453800345353,0.000671549925738576,0.0902883547392441,0.0192052231797649
0.0345727179283016,-0.00126823289784719,0.0289617330921793,-0.00013143053351474,0.00353419167842406,0.0059697756052996,0.0413911757236177,0.0278935148360982,0.0147929324708612,-0.0155462039600323,0.0689742387401925,-0.0044439158939263,0.0720907408109403,-0.0262614144695251,0.0255670731847771,-0.00525579707946383,0.0514711495704411
-0.0388221802264627,0.0759042564004232,-0.0245210760349848,0.074268669964927,-0.000683382562973368,0.0735615527280825,-0.00958780373506233,0.0530312398813543,-0.014770401126803,0.0762991048636138,-0.0326639804152383,0.080453800345353,-0.0262614144695251,0.0851226864123026,0.0050126091803041,0.0707978145501858,6.72687215516498e-05
0.0045575275123785,0.00979189470209433,-0.0149721584977666,0.0138725477470056,-0.0168051029053058,0.0160838286009592,0.0102806412285793,0.0238051244794062,0.0320749533480827,0.0231864468248302,0.0294149430205977,0.000671549925738576,0.0255670731847771,0.0050126091803041,0.0558447574329847,0.0198442968659529,0.0202767430063996
-0.018157640685799,0.0690971639103491,-0.0233033245090525,0.0754877704215989,-0.0331419052660919,0.0685309801109833,-0.00697338177424648,0.0846430531592302,-0.0165510549663603,0.062361015758688,-0.0144518997384147,0.0902883547392441,-0.00525579707946383,0.0707978145501858,0.0198442968659529,0.100634606660485,0.0302946138522957
0.0277507087242461,0.0299671522752795,0.0193199799182654,0.0170465386807113,-0.00226339106142275,0.0142336571608952,0.0311004946954398,0.0381191004107126,-0.00457999292424407,0.0137151758033478,0.0485355538485027,0.0192052231797649,0.0514711495704411,6.72687215516498e-05,0.0202767430063996,0.0302946138522957,0.0605564761647346
