0.0380010831838299,-0.0279232899557321,0.00378648719513752,0.00934085250367698,0.000194280849320591,0.00154733204232908,0.00288895415083829,-0.0159063312503715,0.0170150038672279,0.0201184888974841,0.00744480858198685,0.0316706831291743,0.0174651855825097
-0.0279232899557321,0.215789390831231,0.00589936642921093,-0.0136483953553167,-0.0115174298104074,-0.0061824953235405,-0.00780055342766342,0.0134076467365982,0.0149682117224416,-0.0131138740775548,-0.00246338129886534,0.0140682403937557,0.0856088797591996
0.00378648719513752,0.00589936642921093,0.105266965697322,-0.0115869272933674,0.00422512829215564,-0.0479675213882755,0.0286860193086364,-0.0194761322685765,0.043705292148894,0.0167131466910063,0.019528481000452,0.0416483643992239,0.0146811156522411
0.00934085250367698,-0.0136483953553167,-0.0115869272933674,0.0318347271857387,0.0068606636267281,0.00543753961021101,-0.0126313798101083,-0.00474425204613112,0.00430663236902095,0.000308508879565304,-0.00117519014580212,0.00298494319300217,-0.00580336914545311
0.000194280849320591,-0.0115174298104074,0.00422512829215564,0.0068606636267281,0.00932935489926816,-0.000423593461352361,0.0048161801129932,-0.00329485259438044,0.00941363542335686,0.00311917129140486,0.00342150843957866,0.00452468253198996,0.00372609550007814
0.00154733204232908,-0.0061824953235405,-0.0479675213882755,0.00543753961021101,-0.000423593461352361,0.110892212338791,0.0171459596774268,-0.00460739928708961,-0.0208778747595111,-0.00411636821890685,-0.027753805360228,-0.0194413562532724,0.0246539254494818
0.00288895415083829,-0.00780055342766342,0.0286860193086364,-0.0126313798101083,0.0048161801129932,0.0171459596774268,0.246215781045111,-0.0214750666722841,0.0231531534535527,0.0195114689370522,0.0275591347363772,0.0428284230878345,0.0206782427186575
-0.0159063312503715,0.0134076467365982,-0.0194761322685765,-0.00474425204613112,-0.00329485259438044,-0.00460739928708961,-0.0214750666722841,0.0319507969102254,-0.0329483681131287,-0.0122022391411025,-0.0177951825292063,-0.0161685189668094,-0.00821688256840496
0.0170150038672279,0.0149682117224416,0.043705292148894,0.00430663236902095,0.00941363542335686,-0.0208778747595111,0.0231531534535527,-0.0329483681131287,0.224813718038469,0.0109230227413518,0.0468504430495102,-0.00874086027243624,0.127833178255027
0.0201184888974841,-0.0131138740775548,0.0167131466910063,0.000308508879565304,0.00311917129140486,-0.00411636821890685,0.0195114689370522,-0.0122022391411025,0.0109230227413517,0.0330062954643901,0.0114364020649338,0.0279689207565428,0.0286604563321731
0.00744480858198684,-0.00246338129886534,0.019528481000452,-0.00117519014580212,0.00342150843957866,-0.027753805360228,0.0275591347363772,-0.0177951825292063,0.0468504430495102,0.0114364020649338,0.0833708780942919,0.0061327350832883,0.0198088332069664
0.0316706831291744,0.0140682403937557,0.0416483643992239,0.00298494319300217,0.00452468253198996,-0.0194413562532724,0.0428284230878345,-0.0161685189668094,-0.00874086027243624,0.0279689207565428,0.0061327350832883,0.133389972531724,0.0441855758356703
0.0174651855825097,0.0856088797591996,0.0146811156522411,-0.00580336914545311,0.00372609550007814,0.0246539254494818,0.0206782427186575,-0.00821688256840496,0.127833178255027,0.0286604563321731,0.0198088332069664,0.0441855758356702,0.243453083852921
