0.0812299643404551,-0.0061323691236475,0.0333788182133622,-0.00550611184201811,0.026894157510921,0.00243092169926659,-0.0054013542287832,-0.0192116228152543,0.0530382737484651,-0.00723426856164045,-0.0012608996216848,-0.0218167435152698,0.0126470567722457,-0.0311126665903714,0.0136892132157962,0.0137474066529852,-0.0228209944785236
-0.0061323691236475,0.102114969821041,-0.00410189974567182,0.0652460170301754,0.00506877322917017,0.0556848974314134,0.0137262660132593,0.0535085816126487,0.0149161237442798,0.0421114068542205,0.00905662377723025,0.0478248460088129,0.00312178157787716,0.0359136524007146,0.00830124022886747,0.0418785611659069,-0.00481006798302655
0.0333788182133622,-0.00410189974567182,0.0630564905162494,0.00618497999474164,0.0180493254019048,0.000352589072324945,-0.00244396367837832,-0.0126688583369136,0.0457545974909071,0.00524432721156106,0.0150755292149572,-0.0120818935346822,0.0411341442668049,-0.0257674837465638,0.0144812789513642,0.005739959000584,-0.00900819572736132
-0.00550611184201811,0.0652460170301754,0.00618497999474164,0.0876977390886844,0.0140515300811229,0.0571997923119484,0.000284491976547797,0.0454905862995397,0.0128439305196047,0.0140464348356354,-0.0146423933816774,0.0333676071974002,0.0315522153569157,0.023290666725584,0.00661061388722722,0.0535991275332197,-0.0187028593164188
0.026894157510921,0.00506877322917017,0.0180493254019048,0.0140515300811229,0.0666856854721803,0.0139525754822988,0.0436201768803495,-0.0134221034468673,0.0145073071986479,-0.00995500806596702,0.0298040033441521,-0.0227300933992014,0.0375676168877607,-0.0082563297873926,0.0128442239634815,-0.00461510550195969,0.00730921627847263
0.00243092169926659,0.0556848974314134,0.000352589072324945,0.0571997923119484,0.0139525754822988,0.101405354623863,-0.0115364492033915,0.058986068476264,0.00594819268582611,0.0510316569676187,0.00728296855503599,0.0518313814207507,0.0163092610889484,0.0120096912297459,0.00853603300608777,0.0422879439199742,-0.0100132701972708
-0.0054013542287832,0.0137262660132593,-0.00244396367837832,0.000284491976547797,0.0436201768803495,-0.0115364492033915,0.0700528399077385,-0.0011084387915375,0.00660165026223393,-0.0222588284834408,0.0487012188488181,-0.00554327700721547,0.00336783907665162,0.00793422032365338,0.02201207006668,-0.0345878951949483,0.036394117612161
-0.0192116228152543,0.0535085816126487,-0.0126688583369136,0.0454905862995396,-0.0134221034468673,0.058986068476264,-0.0011084387915375,0.0754264246466414,0.00583003576183225,0.043012527929165,0.00629698321650357,0.0640032279063895,-0.0216643498096121,0.0305520865136342,0.0269638323359626,0.0425601192425389,0.00471957439311239
0.0530382737484651,0.0149161237442798,0.0457545974909071,0.0128439305196047,0.0145073071986479,0.00594819268582611,0.00660165026223393,0.00583003576183225,0.0733835096287209,0.00980808698659968,0.0246227865321355,-0.00191085042257661,0.0254802809990082,-0.0256052823083476,0.042933477995126,0.00845929159574566,0.00916952477795229
-0.00723426856164045,0.0421114068542205,0.00524432721156106,0.0140464348356354,-0.00995500806596702,0.0510316569676187,-0.0222588284834408,0.043012527929165,0.00980808698659968,0.100576229623748,0.0338189197433254,0.0385734429150546,0.0134379907824421,0.0434423788311908,0.01204340428792,0.0419312245906017,0.0147555890181472
-0.0012608996216848,0.00905662377723025,0.0150755292149572,-0.0146423933816774,0.0298040033441521,0.00728296855503599,0.0487012188488181,0.00629698321650357,0.0246227865321355,0.0338189197433254,0.0823055380560268,0.00289750771565032,0.0182728722237498,0.01948353997231,0.0230903275080291,-0.0347970836300478,0.0500727353204687
-0.0218167435152698,0.0478248460088129,-0.0120818935346822,0.0333676071974002,-0.0227300933992014,0.0518313814207507,-0.00554327700721547,0.0640032279063895,-0.00191085042257661,0.0385734429150546,0.00289750771565032,0.0633183036671589,-0.0251421645704013,0.0275737487161179,0.0187458180188805,0.032641372696226,0.00410661863481977
0.0126470567722457,0.00312178157787716,0.0411341442668049,0.0315522153569157,0.0375676168877607,0.0163092610889484,0.00336783907665162,-0.0216643498096121,0.0254802809990082,0.0134379907824421,0.0182728722237498,-0.0251421645704013,0.0797595701583732,-0.0115786647642271,0.00806857451067422,0.00758307285769195,0.00854519235516916
-0.0311126665903714,0.0359136524007146,-0.0257674837465638,0.023290666725584,-0.0082563297873926,0.0120096912297459,0.00793422032365338,0.0305520865136342,-0.0256052823083476,0.0434423788311908,0.01948353997231,0.027573748716118,-0.0115786647642271,0.0764451152209423,-0.0243206619907558,0.024663052485568,3.74537677606896e-05
0.0136892132157962,0.00830124022886747,0.0144812789513642,0.00661061388722722,0.0128442239634815,0.00853603300608777,0.02201207006668,0.0269638323359626,0.042933477995126,0.01204340428792,0.0230903275080291,0.0187458180188805,0.00806857451067422,-0.0243206619907559,0.0784099456906452,0.00895401082714978,0.0457009801507375
0.0137474066529852,0.0418785611659069,0.005739959000584,0.0535991275332197,-0.00461510550195969,0.0422879439199742,-0.0345878951949483,0.0425601192425389,0.00845929159574566,0.0419312245906017,-0.0347970836300478,0.032641372696226,0.00758307285769195,0.024663052485568,0.00895401082714978,0.0813842399596748,-0.0338224805628091
-0.0228209944785236,-0.00481006798302655,-0.00900819572736132,-0.0187028593164188,0.00730921627847263,-0.0100132701972708,0.036394117612161,0.00471957439311239,0.00916952477795229,0.0147555890181472,0.0500727353204687,0.00410661863481977,0.00854519235516917,3.74537677606896e-05,0.0457009801507375,-0.0338224805628091,0.0682574607270885
