0.0538416358479858,0.000894600720752716,0.00802422521521873,-0.00868535846967473,-0.0147005590526025,-0.00687554807229454,-0.00346041089443367,-0.00680614025055269,0.00176920519995423,0.00245031241021411,5.43544450464881e-05,0.00533804462290106,0.00355003476508821,-0.000338184652987289,-0.000774881288595646,0.00870715455122259,-0.0241948352638425,0.0131815687471239,-0.0127753749547251,-0.00890943345094682,0.0176190118920099,-0.00835133935681264
0.000894600720752716,0.0451461119203036,0.0240705175056927,0.00754553758506777,0.00351429589583849,0.00717353081655447,0.00488632502069051,0.00726528026740731,-0.000670624236360136,0.00020450706369181,0.000151605212966504,-0.00163045811269219,-0.00142655758181031,0.0003663441850072,0.00252363573039663,-0.000960246148700058,-0.00865025542187571,-0.0403679232904164,0.00331191168812726,-0.00796158850713105,0.00477133103799534,-0.00118469236434816
0.00802422521521873,0.0240705175056927,0.0755695528586983,0.00106036199781367,-0.00472141743804186,0.000816424914649111,0.00101959455536714,0.000918855340560521,-0.00503744659608097,-0.00293903974516371,-0.00640207537984643,-0.00317716027936072,-0.00292783845859579,-0.00637454343553746,-0.000961079951213965,0.0213031373592577,-0.0385226012808271,-0.00580143853553591,-0.0156800129214216,0.0091590327638435,-0.00704666364540166,-0.0138525818210984
-0.00868535846967473,0.00754553758506777,0.00106036199781367,0.0365921764837682,0.0303410356431807,0.0349399997950894,0.0328790361648209,0.0349129825259341,0.0328358463527105,0.0310861962821595,0.036602260793278,0.0287692134974476,0.0245216716629276,0.0371144586286481,0.0130327327499326,-0.030219387635868,0.00976242032208548,0.00264782018040122,0.0281822320328877,0.01837493172552,0.00994147205895696,0.0258195278149821
-0.0147005590526025,0.00351429589583849,-0.00472141743804186,0.0303410356431807,0.0277097820344143,0.02900537671705,0.026025390617849,0.0289612458731851,0.0255050721191466,0.0236524964040671,0.0290724005509038,0.0213369839548305,0.0186025126331068,0.0295731922466151,0.0104499381290403,-0.0256209817391798,0.016216610132776,0.000918416167807597,0.0260989177927314,0.0164399812198366,0.00553438597319099,0.0231063359441389
-0.00687554807229454,0.00717353081655447,0.000816424914649111,0.0349399997950894,0.02900537671705,0.0338656975103164,0.0312608923611166,0.0338379536732546,0.0310091625588462,0.0293985355122088,0.0346871327726601,0.0268226024305591,0.0229676506249008,0.0352081246689356,0.0127321840731988,-0.028750344589315,0.00912242959584067,0.0010373051546732,0.0257579894606966,0.0172179549520664,0.0102055097358593,0.0234331094495604
-0.00346041089443367,0.00488632502069051,0.00101959455536714,0.0328790361648209,0.026025390617849,0.0312608923611166,0.031264245546134,0.0312529517930273,0.0312039702357087,0.0299555377176987,0.0336504179130477,0.0282940364377714,0.0243766019004832,0.0340091063855266,0.0125992743040989,-0.0282988100079894,0.00742792179514579,0.00836854175987393,0.0269805039945206,0.0189250678302722,0.0118181660742217,0.0257142646784142
-0.00680614025055269,0.00726528026740731,0.000918855340560521,0.034912982525934,0.0289612458731851,0.0338379536732546,0.0312529517930273,0.0338110140602596,0.0309949132186383,0.0293829344426241,0.0346598538898765,0.0268231831891458,0.0229737170336222,0.0351797301350144,0.0127366902366863,-0.0287486162185942,0.00908670858386127,0.000982618127972833,0.025783760767272,0.0172581905322213,0.0102894413467972,0.0234598532636937
0.00176920519995423,-0.000670624236360136,-0.00503744659608097,0.0328358463527105,0.0255050721191466,0.0310091625588462,0.0312039702357087,0.0309949132186383,0.0432000532919127,0.0396930384357648,0.0473971264921023,0.0384306235117436,0.0315676145274969,0.0477400541792196,0.0149941808103557,-0.0369380835874284,0.0190437090522121,0.00794835409429135,0.0290898377714678,0.0240009545225907,0.0187998353111732,0.0274691452883472
0.00245031241021411,0.00020450706369181,-0.00293903974516371,0.0310861962821595,0.0236524964040671,0.0293985355122088,0.0299555377176987,0.0293829344426242,0.0396930384357648,0.0371505323241681,0.0431060682868713,0.0354427050842448,0.0292863365291506,0.0433915460288013,0.0141690812336314,-0.0334155205119149,0.0148207600866558,0.00938454014283915,0.0262206134726108,0.0215897305164134,0.0167876739774446,0.0248690391314655
5.43544450464881e-05,0.000151605212966504,-0.00640207537984643,0.036602260793278,0.0290724005509038,0.0346871327726601,0.0336504179130477,0.0346598538898765,0.0473971264921023,0.0431060682868713,0.0532156201317146,0.0414873269933298,0.0334656318271912,0.053663799972943,0.0158016530921645,-0.0400064641261702,0.0202237949280211,0.00631180662818247,0.0311902000651096,0.0243390749662801,0.0177977669204802,0.0288519155963051
0.00533804462290106,-0.00163045811269219,-0.00317716027936072,0.0287692134974476,0.0213369839548305,0.0268226024305591,0.0282940364377714,0.0268231831891458,0.0384306235117436,0.0354427050842448,0.0414873269933298,0.0353490997167172,0.0291116726647836,0.0417209794759857,0.0129974167149661,-0.0322671835781778,0.0132763660874126,0.0113717163534159,0.025988911435193,0.0215120161003963,0.0186393166904164,0.0255472301856506
0.00355003476508821,-0.00142655758181031,-0.00292783845859579,0.0245216716629276,0.0186025126331068,0.0229676506249008,0.0243766019004832,0.0229737170336222,0.0315676145274969,0.0292863365291506,0.0334656318271912,0.0291116726647836,0.0247142421496674,0.0336589205833647,0.0115541855581177,-0.0281031441421089,0.0142172034463073,0.00904839284277971,0.0237897208438408,0.0203215871738965,0.0174916727707477,0.0232948217574614
-0.000338184652987289,0.0003663441850072,-0.00637454343553746,0.0371144586286481,0.0295731922466151,0.0352081246689356,0.0340091063855266,0.0351797301350144,0.0477400541792196,0.0433915460288013,0.053663799972943,0.0417209794759857,0.0336589205833647,0.0541293040120835,0.0159544089245486,-0.0403718313217933,0.0205396587574198,0.00575404906063536,0.0314252529617029,0.0244798930298533,0.0177812065528318,0.0290220843816322
-0.000774881288595646,0.00252363573039663,-0.000961079951213965,0.0130327327499326,0.0104499381290403,0.0127321840731988,0.0125992743040989,0.0127366902366863,0.0149941808103557,0.0141690812336314,0.0158016530921645,0.0129974167149661,0.0115541855581177,0.0159544089245486,0.00679407565298423,-0.0149727159487466,0.0101865086928705,-0.000982171743214066,0.0125755002953878,0.0109305927955444,0.00920667982434429,0.0114031257817537
0.00870715455122259,-0.000960246148700058,0.0213031373592577,-0.030219387635868,-0.0256209817391798,-0.028750344589315,-0.0282988100079894,-0.0287486162185942,-0.0369380835874284,-0.0334155205119149,-0.0400064641261702,-0.0322671835781778,-0.0281031441421089,-0.0403718313217933,-0.0149727159487466,0.0433437041703879,-0.033073692928882,0.00441575392241518,-0.0355588016720862,-0.0241738199982831,-0.0257589602882827,-0.0320073175736423
-0.0241948352638425,-0.00865025542187571,-0.0385226012808271,0.00976242032208548,0.016216610132776,0.00912242959584067,0.00742792179514579,0.00908670858386127,0.0190437090522121,0.0148207600866558,0.0202237949280211,0.0132763660874126,0.0142172034463073,0.0205396587574198,0.0101865086928705,-0.0330736929288819,0.0710512627804861,-0.0205678014341448,0.0313303716917222,0.0235898604425823,0.0160475641037919,0.0259626555322184
0.0131815687471239,-0.0403679232904164,-0.00580143853553591,0.00264782018040122,0.000918416167807597,0.0010373051546732,0.00836854175987393,0.000982618127972833,0.00794835409429135,0.00938454014283915,0.00631180662818247,0.0113717163534159,0.00904839284277971,0.00575404906063536,-0.000982171743214066,0.00441575392241518,-0.0205678014341448,0.0783587743929806,0.00697172488964947,0.0125572502578267,-0.00634587995911777,0.0124632502232371
-0.0127753749547251,0.00331191168812726,-0.0156800129214216,0.0281822320328877,0.0260989177927314,0.0257579894606966,0.0269805039945206,0.025783760767272,0.0290898377714678,0.0262206134726109,0.0311902000651096,0.025988911435193,0.0237897208438408,0.0314252529617029,0.0125755002953878,-0.0355588016720862,0.0313303716917222,0.00697172488964947,0.0436069927647426,0.027790939755761,0.0192659045791695,0.039254750760208
-0.00890943345094682,-0.00796158850713105,0.0091590327638435,0.01837493172552,0.0164399812198366,0.0172179549520664,0.0189250678302722,0.0172581905322213,0.0240009545225907,0.0215897305164134,0.0243390749662801,0.0215120161003963,0.0203215871738965,0.0244798930298533,0.0109305927955444,-0.0241738199982831,0.0235898604425823,0.0125572502578267,0.027790939755761,0.036639604965095,0.0167976248068259,0.0264379108448889
0.0176190118920099,0.00477133103799534,-0.00704666364540165,0.00994147205895696,0.00553438597319099,0.0102055097358593,0.0118181660742217,0.0102894413467972,0.0187998353111732,0.0167876739774446,0.0177977669204802,0.0186393166904164,0.0174916727707477,0.0177812065528318,0.00920667982434429,-0.0257589602882827,0.0160475641037919,-0.00634587995911777,0.0192659045791695,0.0167976248068259,0.0371751860343013,0.0181000405652353
-0.00835133935681264,-0.00118469236434816,-0.0138525818210984,0.0258195278149821,0.0231063359441389,0.0234331094495604,0.0257142646784143,0.0234598532636937,0.0274691452883472,0.0248690391314655,0.0288519155963051,0.0255472301856506,0.0232948217574614,0.0290220843816322,0.0114031257817537,-0.0320073175736423,0.0259626555322184,0.0124632502232371,0.039254750760208,0.0264379108448889,0.0181000405652353,0.0367190804525678
