0.0574186479891825,-0.00987013849334071,0.0336590489770643,-0.00649105438237301,0.0155818735255076,-0.0279989594328608,0.0115941163497092,-0.0144215076559425,0.0291884530820516,-0.0214797625381237,0.0100215694222055,-0.0233328672802798,-0.00125046659606513,-0.0129050527454008,0.0150765745910984,0.00218187844393205,0.000961365765471676
-0.00987013849334071,0.0883004223156845,0.00205768844335953,0.0639526781843256,0.012749713582878,0.0577983271207218,0.0212468916342139,0.0517708358103882,0.0239790509444233,0.0265422369796344,0.0195346698204387,0.0339760209326629,-0.0117916104281777,0.0375968691623624,0.0108292511127969,0.0252616687321876,0.00947941184879441
0.0336590489770643,0.00205768844335953,0.0646627498844784,-0.000995698608602806,0.0145791541457974,-0.0154246590714297,0.00268204940575225,-0.00375866134952691,0.0272277596697223,-0.0210988825564391,0.0323885610532099,0.00716955349285857,0.013746763520935,-0.00139183631386897,0.00447006011776631,0.00608929068020747,0.0101632342700793
-0.00649105438237301,0.0639526781843257,-0.000995698608602806,0.0958893624681411,-0.0180473741955572,0.0486676339519285,-0.0155063736579443,0.0648330118848883,0.002981181599758,0.0287678306730974,0.0135435543527963,0.0164785715494438,0.00113027976641148,0.0541530497006478,0.0246386892305718,0.0420037612421512,-0.0007176895193069
0.0155818735255076,0.012749713582878,0.0145791541457974,-0.0180473741955572,0.0583249558564728,0.0103171558025413,0.0448156854257343,-0.0117563296494404,0.024890409142192,-0.00635552433672542,0.0293670439113135,-0.00630884493035863,0.0156114185011287,-0.0239353079398728,0.00255876477407319,-0.0138582175168376,0.00992767758318777
-0.0279989594328608,0.0577983271207218,-0.0154246590714297,0.0486676339519285,0.0103171558025413,0.0826453616346678,0.0139354398451395,0.0463775627731353,-0.000291100884072072,0.0390357690359133,0.0226403909145082,0.0471415961502013,0.00436597042000902,0.0397212128340259,0.00317088428730645,0.0329560868133961,0.014020340583354
0.0115941163497092,0.0212468916342139,0.00268204940575225,-0.0155063736579443,0.0448156854257343,0.0139354398451395,0.0839639063300682,-0.0250605899770995,0.0129715531913623,-0.00670248389837302,0.0142067759740025,-0.000433301749202618,0.0106536880436268,-0.0136591305268351,0.00937199283991559,-0.0218004341629093,0.0157313402957702
-0.0144215076559425,0.0517708358103882,-0.00375866134952691,0.0648330118848883,-0.0117563296494404,0.0463775627731353,-0.0250605899770995,0.0820236082188702,0.0077540340892549,0.0315533308440315,0.0168618898642376,0.0594011201078992,0.00057531092002727,0.0591231660058049,0.0032195514718204,0.04593238638113,0.000382496781988694
0.0291884530820516,0.0239790509444233,0.0272277596697223,0.002981181599758,0.024890409142192,-0.000291100884072072,0.0129715531913623,0.0077540340892549,0.0608009420002422,-0.00954186627503651,0.032778169180708,-0.00711938698883739,0.0181766762493206,-0.0260494629124691,0.0199679614334671,-0.0131533379178202,0.0167248327973686
-0.0214797625381237,0.0265422369796344,-0.0210988825564391,0.0287678306730974,-0.00635552433672542,0.0390357690359134,-0.00670248389837302,0.0315533308440315,-0.00954186627503651,0.0619121327494271,-0.000759029473455564,0.0330621927082465,0.00626621901736198,0.0148342378560106,0.0140696191891714,0.0338526474033897,0.0142849653704549
0.0100215694222055,0.0195346698204387,0.0323885610532099,0.0135435543527963,0.0293670439113135,0.0226403909145082,0.0142067759740025,0.0168618898642376,0.032778169180708,-0.000759029473455564,0.0747761418753005,0.0206365534042272,0.0265392858858585,-0.0133323554260137,0.0288348503218075,-0.00170720534424319,0.0401145766303172
-0.0233328672802798,0.0339760209326629,0.00716955349285857,0.0164785715494438,-0.00630884493035863,0.0471415961502013,-0.000433301749202618,0.0594011201078992,-0.00711938698883739,0.0330621927082465,0.0206365534042272,0.110107938263548,0.00119291216527156,0.0595515631567905,-0.00574762469900649,0.0338985664518942,0.0228642012993524
-0.00125046659606513,-0.0117916104281777,0.013746763520935,0.00113027976641148,0.0156114185011287,0.00436597042000902,0.0106536880436268,0.00057531092002727,0.0181766762493206,0.00626621901736198,0.0265392858858585,0.00119291216527156,0.0631927856429364,-0.024744942485315,0.0251153010692261,-0.0219659642863733,0.0239855734917662
-0.0129050527454008,0.0375968691623624,-0.00139183631386897,0.0541530497006478,-0.0239353079398728,0.0397212128340259,-0.0136591305268351,0.0591231660058049,-0.0260494629124691,0.0148342378560106,-0.0133323554260137,0.0595515631567905,-0.024744942485315,0.0986983148938929,-0.00727683244250426,0.0519033079666939,-0.00793525730328106
0.0150765745910984,0.0108292511127969,0.00447006011776631,0.0246386892305718,0.00255876477407319,0.00317088428730645,0.00937199283991559,0.0032195514718204,0.0199679614334671,0.0140696191891714,0.0288348503218075,-0.00574762469900649,0.0251153010692261,-0.00727683244250426,0.0613223029021492,-0.0149214660505081,0.0405227966970522
0.00218187844393205,0.0252616687321876,0.00608929068020747,0.0420037612421512,-0.0138582175168376,0.0329560868133961,-0.0218004341629093,0.04593238638113,-0.0131533379178202,0.0338526474033897,-0.00170720534424319,0.0338985664518942,-0.0219659642863733,0.0519033079666939,-0.0149214660505081,0.0695654888977345,-0.0141216670255006
0.000961365765471676,0.00947941184879441,0.0101632342700793,-0.0007176895193069,0.00992767758318777,0.014020340583354,0.0157313402957702,0.000382496781988694,0.0167248327973686,0.0142849653704549,0.0401145766303172,0.0228642012993524,0.0239855734917662,-0.00793525730328106,0.0405227966970522,-0.0141216670255006,0.0547173949355128
