0.27940603680985,-0.00859931292077047,-0.00258496489027599,0.00749486673254436,-0.0763012535860592,0.0507242914907872,0.00853825737041124,0.00916622548963492,-0.0347418552407932,0.00864590684108084,0.0101126484927494,-0.0286708975799793,0.0046944511563888,0.00632016316050009
-0.00859931292077047,0.0375938724116755,0.00790241572280054,-0.0223363526769052,0.00260211028377606,0.00494406586303776,0.00952597376421744,0.00863795644871216,-0.0321442622522281,-0.00155711684652784,0.00069168837852945,0.00656105263482183,0.0115431823026597,-0.00108936174100614
-0.00258496489027599,0.00790241572280054,0.0265901130158912,0.014439553410432,0.0166444888579089,0.00364786876016722,0.0120775966254541,0.0181546156994612,-0.00152524830515473,-0.00151542137659784,-0.0236919852081218,0.00736681289440722,-0.0039590714515935,-0.00138465039218969
0.00749486673254436,-0.0223363526769052,0.014439553410432,0.0408250105238936,-0.00667478124644544,0.00368587500175539,0.0053397791227078,0.0027827128098807,-0.00121387240459068,-0.00467808657536902,-0.00735387462253246,-0.00217388770559254,-0.0116294396455565,-0.00101939920834415
-0.0763012535860592,0.00260211028377606,0.0166444888579089,-0.00667478124644544,0.077406164461935,-0.0132034650575117,0.00688268520831707,0.0187728867421901,0.0285311042066731,0.0025994044441637,0.00496433163743322,0.00722106565704465,-0.00406563643013873,-0.00230057334375854
0.0507242914907872,0.00494406586303776,0.00364786876016722,0.00368587500175539,-0.0132034650575117,0.0744377973596525,0.0188659004268549,0.0142803666800969,0.0416487276382748,0.00615911419496196,0.0265219280303697,-0.0175174908820916,-0.00674652838458883,-0.00261637249885283
0.00853825737041124,0.00952597376421744,0.0120775966254541,0.0053397791227078,0.00688268520831707,0.0188659004268549,0.0141580978519474,0.0212185543279637,-0.00288079393978188,-0.00185823981955677,0.0101870534326184,-0.00512465560443962,-0.000361754947656095,-0.0018370018429664
0.00916622548963492,0.00863795644871216,0.0181546156994612,0.0027827128098807,0.0187728867421901,0.0142803666800969,0.0212185543279637,0.227009808234877,0.135759046218643,0.0047510891320337,0.01427618363195,-0.0036326204597966,0.000922140686973531,-0.00326088583777862
-0.0347418552407932,-0.0321442622522281,-0.00152524830515473,-0.00121387240459068,0.0285311042066731,0.0416487276382748,-0.00288079393978188,0.135759046218643,0.248985978943299,0.0202841875799771,0.01162380072933,-0.000696592896369282,-0.0220533739508893,-0.00147826257654725
0.00864590684108084,-0.00155711684652784,-0.00151542137659784,-0.00467808657536902,0.0025994044441637,0.00615911419496196,-0.00185823981955677,0.0047510891320337,0.0202841875799771,0.00431816806023646,-0.00490244361852474,0.00104163088698663,-0.0011743925802755,0.000321987131223169
0.0101126484927494,0.00069168837852945,-0.0236919852081218,-0.00735387462253246,0.00496433163743322,0.0265219280303697,0.0101870534326184,0.01427618363195,0.01162380072933,-0.00490244361852474,0.256630938085252,-0.030989566321738,0.0041816365838228,0.000754268465967047
-0.0286708975799793,0.00656105263482183,0.00736681289440722,-0.00217388770559254,0.00722106565704465,-0.0175174908820916,-0.00512465560443962,-0.0036326204597966,-0.000696592896369283,0.00104163088698663,-0.030989566321738,0.0155283653712843,0.000589970766516633,0.000166923996884947
0.0046944511563888,0.0115431823026597,-0.0039590714515935,-0.0116294396455565,-0.00406563643013873,-0.00674652838458883,-0.000361754947656095,0.000922140686973531,-0.0220533739508893,-0.0011743925802755,0.00418163658382281,0.000589970766516633,0.00701462663600649,0.00038700425603441
0.00632016316050009,-0.00108936174100614,-0.00138465039218969,-0.00101939920834415,-0.00230057334375854,-0.00261637249885283,-0.0018370018429664,-0.00326088583777862,-0.00147826257654725,0.000321987131223169,0.000754268465967047,0.000166923996884947,0.00038700425603441,0.000582754016984332
