0.0451141545361034,-0.00531793314671526,0.0232539609034026,-0.00899460495549989,-0.00712175877640124,-0.00452349564441939,-0.00477247422830547,-4.68943281986821e-05,0.0155916120435667,0.0147348072787091,0.0219113595862313,0.0166921957451046,0.00892633591096139,0.00926457830126975,-0.00302520060807372,-0.0174163219544404,-0.0568076225452772,0.00982676140875031,0.000772496927442117,-0.0111239742050818,0.00931873690882971,-0.010184067724868
-0.00531793314671526,0.0102136164102505,-0.0051605457091051,0.00332022376532096,0.0012822087608235,0.00371238452288251,0.00045941665591058,0.000179040632344449,0.000868202976249643,0.000781065506547462,-0.000569620793239032,-0.00187802375836381,0.000331329824828409,-0.00109062725848231,0.0011567219656173,0.0057838928855581,0.0178695238674858,-0.0111095593799118,-0.00526741116648875,-0.0169371566013435,0.00754856303140879,0.0011706916790005
0.0232539609034026,-0.0051605457091051,0.0315312975271879,-0.00380432134780707,-0.00672625618314938,-0.00472901896828111,-0.000359899530505731,-0.00148651007534938,0.00871951067213329,0.00749333274496173,0.00855926895324957,0.00434522102094169,0.00421995365459806,0.00197417784681898,-0.00125752086108769,-0.00504219345264621,-0.0346754010139211,0.0145145930550301,-0.00493339871745713,-0.00740959314343389,0.0178236049733331,-0.00424795164336765
-0.00899460495549989,0.00332022376532096,-0.00380432134780707,0.0211451788720607,0.01549621628872,0.0150093079224709,0.0136678636037627,0.0108622528437102,0.0170022494246862,0.0159301273140846,0.0136180483210437,0.0135964081661892,0.00949116241754254,0.0157499205662578,0.00722526841496829,-0.00775814799319009,0.0373618447499554,0.014251630372162,0.0202168866560585,0.0140824960276059,0.00106385320913663,0.021238558570611
-0.00712175877640124,0.0012822087608235,-0.00672625618314938,0.01549621628872,0.0125004178123565,0.0110906734040968,0.0100630917324586,0.00888696076343027,0.0124079239900936,0.0118187935774448,0.0107811167130363,0.0115399862604431,0.00727888829204563,0.0126723383003424,0.00515577657841375,-0.00785904598502661,0.0287135363068947,0.0105617683311918,0.0184388520219043,0.0152959681459555,-0.00357684791896582,0.0168429005158098
-0.00452349564441939,0.00371238452288251,-0.00472901896828111,0.0150093079224709,0.0110906734040968,0.011746876152112,0.00917964521374959,0.00740503274968429,0.0127059873670051,0.0119519221681099,0.0107075413763744,0.0103324956234577,0.00690493560921497,0.0117906073699721,0.00535449310564287,-0.00544484166264222,0.0249822927702305,0.00818341877391297,0.0129215806463842,0.00620728859544823,0.000420127065954534,0.0132120905717636
-0.00477247422830547,0.00045941665591058,-0.000359899530505731,0.0136678636037627,0.0100630917324586,0.00917964521374959,0.00930380459178236,0.00741024960593897,0.0116333565107574,0.0108804744450021,0.00954266248752162,0.0096556359696297,0.0065919741299279,0.010843980280224,0.00459693820962052,-0.00642454529757672,0.0218939553370868,0.0120384358635706,0.0147337900200837,0.0123051007952777,0.000577039009472253,0.014577025234742
-4.68943281986821e-05,0.000179040632344449,-0.00148651007534938,0.0108622528437102,0.00888696076343027,0.00740503274968429,0.00741024960593898,0.00750485393652946,0.0119883107498592,0.0114314666221781,0.0115843825741791,0.0115767923251301,0.00727788252990054,0.0111069719715359,0.0033495219297002,-0.0090830032759463,0.0169073146161244,0.00966483077901729,0.0160774148706558,0.0120666699990269,-0.00111597934464666,0.0135152389975846
0.0155916120435667,0.000868202976249643,0.00871951067213329,0.0170022494246862,0.0124079239900936,0.0127059873670051,0.0116333565107574,0.0119883107498592,0.0268762530765546,0.0253243475322213,0.0270816127607358,0.024196443390038,0.015446620016684,0.0217902724711406,0.00556755581470851,-0.0186271420853239,0.00982183278573885,0.0195976366199797,0.0232267757547082,0.00942016549895745,0.00644090015841467,0.0181379530826766
0.0147348072787091,0.000781065506547462,0.00749333274496173,0.0159301273140846,0.0118187935774448,0.0119519221681099,0.0108804744450021,0.0114314666221781,0.0253243475322213,0.0239001622209606,0.0256994600219071,0.0230739173004484,0.0146259353541615,0.0206795976920546,0.00518223787334865,-0.0178957674945736,0.00948248754049857,0.0181990384982133,0.0223906156186859,0.00935527079387704,0.00544254235671039,0.0172348148869193
0.0219113595862313,-0.000569620793239032,0.00855926895324957,0.0136180483210437,0.0107811167130363,0.0107075413763744,0.00954266248752162,0.0115843825741791,0.0270816127607358,0.0256994600219071,0.0291857049293951,0.0261991058084959,0.0158994332922019,0.0222027793756906,0.00429672035987469,-0.0216566692717942,0.000194604732255168,0.0187560429885312,0.0238993836888025,0.00956377418021767,0.00435225142486014,0.0155774967727727
0.0166921957451046,-0.00187802375836381,0.00434522102094169,0.0135964081661892,0.0115399862604431,0.0103324956234577,0.0096556359696297,0.0115767923251301,0.024196443390038,0.0230739173004484,0.0261991058084959,0.0244743472904353,0.014445712085317,0.0210929691744918,0.00423063583206115,-0.0208412806771509,0.00447268374018211,0.0184915331534412,0.025415066845739,0.0150425097279595,4.34245560802108e-05,0.0165133890611691
0.00892633591096139,0.000331329824828409,0.00421995365459806,0.00949116241754254,0.00727888829204563,0.00690493560921497,0.0065919741299279,0.00727788252990054,0.015446620016684,0.0146259353541615,0.0158994332922019,0.014445712085317,0.00911340122827381,0.0126995444014926,0.00295032971925157,-0.0115150558607524,0.00645310538104631,0.0109317522341964,0.0147134856444516,0.0067837827301006,0.00295362324582618,0.0112294769707557
0.00926457830126975,-0.00109062725848231,0.00197417784681898,0.0157499205662578,0.0126723383003424,0.0117906073699721,0.010843980280224,0.0111069719715359,0.0217902724711406,0.0206795976920546,0.0222027793756906,0.0210929691744918,0.0126995444014926,0.0195548643288401,0.0052105258577152,-0.0169735854115803,0.0123997879432778,0.0181645494269964,0.0235933380523308,0.0155545232242554,-0.000432544390074784,0.0171955133751741
-0.00302520060807372,0.0011567219656173,-0.00125752086108769,0.00722526841496829,0.00515577657841375,0.00535449310564287,0.00459693820962052,0.0033495219297002,0.00556755581470851,0.00518223787334865,0.00429672035987469,0.00423063583206115,0.00295032971925157,0.0052105258577152,0.00259691431381377,-0.00212015118719952,0.0117730690226517,0.0049255328049173,0.00590764841169125,0.0039571216480286,0.000428212308300318,0.00639933724157389
-0.0174163219544404,0.0057838928855581,-0.00504219345264621,-0.00775814799319009,-0.00785904598502661,-0.00544484166264222,-0.00642454529757672,-0.0090830032759463,-0.0186271420853239,-0.0178957674945736,-0.0216566692717942,-0.0208412806771509,-0.0115150558607524,-0.0169735854115803,-0.00212015118719952,0.0200538293035271,0.00601848226005149,-0.0177674175154294,-0.0229234542643635,-0.0187685600991934,0.00369528455906223,-0.0121708094704182
-0.0568076225452772,0.0178695238674858,-0.0346754010139211,0.0373618447499554,0.0287135363068947,0.0249822927702305,0.0218939553370868,0.0169073146161244,0.00982183278573885,0.00948248754049857,0.000194604732255168,0.00447268374018211,0.00645310538104631,0.0123997879432778,0.0117730690226517,0.00601848226005149,0.122138393448535,-0.00286570728643105,0.0289507760972856,0.0204699994505324,-0.00440592061765794,0.0431101800114995
0.00982676140875031,-0.0111095593799118,0.0145145930550301,0.014251630372162,0.0105617683311918,0.00818341877391297,0.0120384358635706,0.00966483077901729,0.0195976366199797,0.0181990384982133,0.0187560429885312,0.0184915331534412,0.0109317522341964,0.0181645494269964,0.0049255328049173,-0.0177674175154294,-0.00286570728643105,0.0326374901001514,0.0240607628699327,0.0298522211263942,-0.0013271938528291,0.0162767580956847
0.000772496927442117,-0.00526741116648875,-0.00493339871745713,0.0202168866560585,0.0184388520219043,0.0129215806463842,0.0147337900200837,0.0160774148706558,0.0232267757547082,0.0223906156186859,0.0238993836888025,0.025415066845739,0.0147134856444516,0.0235933380523308,0.00590764841169125,-0.0229234542643635,0.0289507760972856,0.0240607628699327,0.0388104109306463,0.0374817598555025,-0.00998305870763737,0.028642478606674
-0.0111239742050818,-0.0169371566013435,-0.00740959314343389,0.0140824960276059,0.0152959681459555,0.00620728859544823,0.0123051007952777,0.0120666699990269,0.00942016549895745,0.00935527079387704,0.00956377418021767,0.0150425097279595,0.0067837827301006,0.0155545232242554,0.0039571216480286,-0.0187685600991934,0.0204699994505324,0.0298522211263942,0.0374817598555025,0.0591469146188082,-0.0240896653528174,0.0244501220873519
0.00931873690882971,0.00754856303140879,0.0178236049733331,0.00106385320913663,-0.00357684791896582,0.000420127065954534,0.000577039009472253,-0.00111597934464666,0.00644090015841467,0.00544254235671039,0.00435225142486014,4.34245560802108e-05,0.00295362324582619,-0.000432544390074784,0.000428212308300318,0.00369528455906223,-0.00440592061765794,-0.0013271938528291,-0.00998305870763737,-0.0240896653528174,0.0223884147033417,-0.0015388009536625
-0.010184067724868,0.0011706916790005,-0.00424795164336765,0.021238558570611,0.0168429005158098,0.0132120905717636,0.014577025234742,0.0135152389975846,0.0181379530826766,0.0172348148869193,0.0155774967727727,0.0165133890611691,0.0112294769707557,0.0171955133751741,0.00639933724157389,-0.0121708094704182,0.0431101800114995,0.0162767580956847,0.028642478606674,0.0244501220873519,-0.0015388009536625,0.027601930725347
