0.0414151710543771,0.00590565039041567,0.00560771057851809,-0.0024700745530908,0.00199051748501493,0.00112340551917859,-0.0012238760429995,0.0178671525901037
0.00590565039041567,0.0268510346478499,0.00302923072031703,0.00162318558659494,0.00626476283202426,0.0048514862684543,0.00473521760484582,0.00741623690853653
0.00560771057851809,0.00302923072031703,0.0262127088353897,0.00532213358885558,0.00227742623553019,0.00261171082728836,-0.000699454201049004,0.00550751553379645
-0.0024700745530908,0.00162318558659494,0.00532213358885558,0.025260969319833,0.0103951815074758,0.00713556494640799,0.00412993948807053,-0.00323160513455896
0.00199051748501493,0.00626476283202426,0.00227742623553019,0.0103951815074758,0.0146148329662961,0.00162923985440303,0.00342889331621499,0.000934217219198133
0.00112340551917859,0.0048514862684543,0.00261171082728836,0.00713556494640799,0.00162923985440303,0.0138870474064176,0.00323301863963558,0.000677317219941477
-0.0012238760429995,0.00473521760484582,-0.000699454201049004,0.00412993948807053,0.00342889331621499,0.00323301863963558,0.0230471197477922,0.00158283229749415
0.0178671525901037,0.00741623690853653,0.00550751553379645,-0.00323160513455896,0.000934217219198133,0.000677317219941477,0.00158283229749415,0.0331895855105278
