0.213990715539133,0.00303058911599189,0.00182740184456188,-0.000322802848825432,0.00129169503119037,0.00565435517688122,0.0103765583264517,-0.00570639414920388,0.0161519793879132,0.000878213332373958,-0.00717934750475532,-0.000127951302028384,0.000745408375189001,-0.000426900824536038
0.00303058911599189,0.0263052863068833,0.00395715168851402,0.00489228552717761,-0.00592013281644771,0.00569660905661752,0.00811199858048769,0.0211320014271659,0.00765711671182846,0.00277205366504712,0.0132039513384351,-0.000886966542375668,-0.000549214881994201,0.000381202250620935
0.00182740184456188,0.00395715168851402,0.0270266236642287,0.00178441483866758,0.00382680318431389,0.00740667216195588,0.00316338898754205,0.0141851861257199,0.0098938575449559,0.000640591765691222,-0.0049454064985975,-8.60019593735323e-05,-0.00193267748605679,0.000315795753472528
-0.000322802848825432,0.00489228552717761,0.00178441483866758,0.0434528021160536,-0.000251162715452246,-0.00181443551851412,0.00164981723142126,0.0133568544167658,0.023666188293929,0.0021789160121877,0.000655316257963728,0.00073166689370981,-0.000112023999378446,0.000359395886821276
0.00129169503119037,-0.00592013281644771,0.00382680318431389,-0.000251162715452246,0.0775450011966322,0.0282807857968722,0.00338377436677244,0.0306278841864343,0.0281106144303522,0.00218917523952785,-0.00619389627624419,0.000691343785814094,0.00296926443882832,0.000113696757371072
0.00565435517688122,0.00569660905661752,0.00740667216195588,-0.00181443551851412,0.0282807857968722,0.0593511255131145,0.0062836386386138,0.0342700002785255,0.00928850761803197,0.0016649595118568,0.0153384270892267,0.00103844829266825,0.00238384152969153,0.000284135942242448
0.0103765583264517,0.00811199858048769,0.00316338898754205,0.00164981723142126,0.00338377436677244,0.0062836386386138,0.0119579132721088,0.0223870257657775,0.0155691050237517,0.00218419391470093,0.00618634983894298,-0.000585550512913497,6.41303965619425e-05,0.00015678541617625
-0.00570639414920388,0.0211320014271659,0.0141851861257199,0.0133568544167658,0.0306278841864343,0.0342700002785255,0.0223870257657775,0.248999354936437,0.107975448010305,0.0118093875163416,0.0313026095443962,-0.00207516282236774,-0.00452789921097751,0.00175091134706297
0.0161519793879132,0.00765711671182846,0.0098938575449559,0.023666188293929,0.0281106144303522,0.00928850761803197,0.0155691050237517,0.107975448010305,0.248251539137611,0.0184049873145197,0.0079949380263872,0.00612431844706823,0.000701645540938525,0.00104844369960175
0.000878213332373958,0.00277205366504712,0.000640591765691222,0.0021789160121877,0.00218917523952785,0.0016649595118568,0.00218419391470093,0.0118093875163416,0.0184049873145197,0.00289802397711619,-0.000708534650358732,0.000868898472642664,-0.00024952422674399,0.000380944209656244
-0.00717934750475532,0.0132039513384351,-0.0049454064985975,0.000655316257963728,-0.00619389627624419,0.0153384270892267,0.00618634983894298,0.0313026095443962,0.0079949380263872,-0.000708534650358732,0.249000167084186,-0.0121162388572826,0.00785569171780886,-0.00187553798695498
-0.000127951302028384,-0.000886966542375668,-8.60019593735323e-05,0.00073166689370981,0.000691343785814094,0.00103844829266825,-0.000585550512913497,-0.00207516282236774,0.00612431844706823,0.000868898472642664,-0.0121162388572826,0.0215748806008868,-0.000614161548685856,0.000219209356929988
0.000745408375189001,-0.000549214881994201,-0.00193267748605679,-0.000112023999378446,0.00296926443882832,0.00238384152969153,6.41303965619425e-05,-0.00452789921097751,0.000701645540938525,-0.00024952422674399,0.00785569171780886,-0.000614161548685856,0.00522784083666472,-0.000190922804305085
-0.000426900824536038,0.000381202250620935,0.000315795753472528,0.000359395886821276,0.000113696757371072,0.000284135942242448,0.00015678541617625,0.00175091134706297,0.00104844369960175,0.000380944209656244,-0.00187553798695498,0.000219209356929988,-0.000190922804305085,0.000337518072009076
