0.0379332830333453,-0.00479099039620938,0.00512587333687523,-0.00982316098626242,-0.00322069357627943,-0.00626575011635211,0.00263136432694871,0.0181463737352761
-0.00479099039620938,0.0224613938884642,0.00166234855604832,0.00444699464159589,0.00995326303108568,0.00101934241102897,-5.5852599316063e-05,0.00994991528695385
0.00512587333687523,0.00166234855604832,0.0267083184203565,0.00299985524510891,0.00410077290987725,0.00521832230464237,0.0021280323481615,0.0118662799955468
-0.00982316098626242,0.00444699464159589,0.00299985524510891,0.0312179302492887,0.00843055943009184,0.00796211176061868,0.00123349714674479,-0.00233732012003418
-0.00322069357627943,0.00995326303108568,0.00410077290987725,0.00843055943009184,0.0171913338829587,0.00201852874420048,0.00107883297845583,-0.00909289715774553
-0.00626575011635211,0.00101934241102897,0.00521832230464237,0.00796211176061868,0.00201852874420048,0.0136859842020074,0.00162825126172192,-0.0020798863118379
0.00263136432694871,-5.5852599316063e-05,0.0021280323481615,0.00123349714674479,0.00107883297845583,0.00162825126172192,0.0163646027876077,0.00423012894623299
0.0181463737352761,0.00994991528695385,0.0118662799955468,-0.00233732012003418,-0.00909289715774553,-0.00207988631183789,0.00423012894623299,0.0402462044363259
