0.0438141899682246,0.00565799965537799,0.00568791239166402,-0.00456550708704119,-0.00388477789352823,0.00311821830933784,0.00122659040508259,0.0219548106871166
0.00565799965537799,0.0261508378755307,0.00685443928256329,0.00645883044487038,0.00524167260874975,0.00501770786671768,0.00359194720016044,0.00875916099822104
0.00568791239166402,0.00685443928256329,0.0181375165433522,-0.00364267794341252,-0.00302516723730076,0.00731602494312738,-0.00395690430558268,0.00611633795577065
-0.00456550708704119,0.00645883044487038,-0.00364267794341252,0.0261401255976625,0.01046197380839,0.00714906888133284,0.00294818848682798,-0.00314395509094081
-0.00388477789352823,0.00524167260874975,-0.00302516723730076,0.01046197380839,0.0184290545996019,0.00333609470499032,0.00487237987055525,0.00324758688231645
0.00311821830933784,0.00501770786671768,0.00731602494312738,0.00714906888133284,0.00333609470499032,0.0130617028628453,0.00261509543038623,0.00164230599906972
0.00122659040508259,0.00359194720016044,-0.00395690430558268,0.00294818848682798,0.00487237987055525,0.00261509543038623,0.0183478427951724,-0.00234355447257016
0.0219548106871166,0.00875916099822104,0.00611633795577065,-0.00314395509094081,0.00324758688231645,0.00164230599906972,-0.00234355447257016,0.0303672160900098
