0.0357046668135516,-0.000799528768644306,0.00456503091807371,-0.00504085203640705,-0.00434387223641708,-0.0025952529626203,8.8821070661503e-05,0.0248359963868714
-0.000799528768644306,0.0142926332867938,0.00299182759681498,-0.00161296281569222,7.51421501009703e-05,0.00131558823966194,-0.000626891245939783,0.00936893973268298
0.00456503091807371,0.00299182759681498,0.0230746352173686,0.00427408094093932,0.000650087974356174,0.00366005729695487,0.00241564599088734,0.00592172900387757
-0.00504085203640705,-0.00161296281569222,0.00427408094093932,0.0285512243763841,0.00775834153943387,0.00957475098315191,0.00349879437943764,0.000145808281728738
-0.00434387223641708,7.51421501009703e-05,0.000650087974356174,0.00775834153943387,0.0113876502100837,0.00207668930772271,0.00188204726333208,-0.00491721779508441
-0.0025952529626203,0.00131558823966194,0.00366005729695487,0.00957475098315191,0.00207668930772271,0.0156684231870421,0.00388003691292882,-0.00118903699402067
8.8821070661503e-05,-0.000626891245939783,0.00241564599088734,0.00349879437943764,0.00188204726333208,0.00388003691292882,0.0133598622043575,0.00250929044913815
0.0248359963868714,0.00936893973268298,0.00592172900387757,0.000145808281728738,-0.00491721779508441,-0.00118903699402067,0.00250929044913815,0.0398090552521443
