0.176983984859755,0.00214576027964085,0.0238628268887253,0.00767312862490673,0.026037285564915,-0.000267528154676433,-0.00879137724098504,-0.0168424538642159,-0.0108446142099526,0.0145500051488827,0.00985731763677923,0.0107829673211254,-0.0017508394744202,-0.000608428593187442,0.00259882221552714,-0.00264038336390434,0.0259493404173761,0.0373690105706384,-0.00217308469672715,-0.0243759143544412,0.014291129083807,-0.00681690339551875,-0.00764884739655566,0.00225789388845743
0.00214576027964085,0.0307250628143402,0.00205916765416263,0.017907935071954,-0.00499471712480147,0.0109423562221342,0.000620479679815701,0.00457033206916595,0.020425344510153,-0.00065690982413678,-0.0032690877875036,0.00242531499416145,0.00121838317225839,0.0293186808082316,-0.00696310412543125,-0.00220550265156811,0.005700284018402,-0.0033030535771009,0.00204312568320665,-0.00555129647667866,-0.0170505540712442,-0.00237729629848907,-0.0169669216249951,-0.00250584172183718
0.0238628268887253,0.00205916765416263,0.0847745450408877,-0.00101004123417911,-0.0129695594719571,0.0078818036711353,0.007082197258458,0.0105238146488369,-0.00765806407710438,0.0124453773094927,0.00698964744790343,0.0349781415841355,0.00899407817585711,0.0143765811454175,0.00112000155922614,0.0146765923805849,0.0165968417654277,0.00369591954511808,0.00067428625087699,-0.0270612453516694,0.022998008825822,-0.00228708038430574,-0.0145623848931907,0.011198219959474
0.00767312862490673,0.017907935071954,-0.00101004123417911,0.0223095005808153,-0.00306921858501718,0.00359803354770324,0.00161839991871731,0.00318520205680793,0.0182181906128336,-0.00156864004475535,0.00320385098389883,-2.69323065177368e-05,0.00138238585835512,0.0148858990995694,-0.00372386434280443,0.00370190027333752,0.00783419182171006,0.00237468330074368,0.00104454483275876,0.00496000089422907,-0.00510403823026686,-0.00472109072135814,-0.0121243265554889,-0.0101156185237118
0.026037285564915,-0.00499471712480147,-0.0129695594719571,-0.00306921858501718,0.156426212203179,0.00107642138437113,0.00394316321735465,-0.00895910741248103,-0.00187425665000659,0.00311321264222953,-0.0212271732420821,-0.00147879831606688,-0.00719773575771141,-0.00350440159755112,-0.00432734345152947,0.00503238877149987,0.0189388127158916,0.0222995803941866,-0.00249643601952237,-0.00979219080617288,0.0112244539412062,-0.00473640510362611,-0.0110246843998315,0.0173780072382741
-0.000267528154676433,0.0109423562221342,0.00788180367113529,0.00359803354770324,0.00107642138437113,0.0901134246643231,-0.00212656262740443,0.0110105442914879,-0.00787683732049729,0.0205033489446069,-0.0195075347450327,0.00706352989161517,0.00598171849593536,0.0298160301669297,-0.00458571370724377,0.00500871427807602,0.0147221014533793,-0.015924247951363,0.00495353096624426,-0.00296504204721562,-0.00306132948383001,-0.00634297345815342,-0.00300309116023455,0.0183015049676968
-0.00879137724098504,0.000620479679815701,0.007082197258458,0.00161839991871731,0.00394316321735465,-0.00212656262740443,0.0464975490841599,-0.00611115145644844,-0.00344793464750369,-0.000350156965114399,0.00344608170471117,0.00476404546841231,0.0061831089370154,-0.00353231952423406,0.00367218917117964,-0.000310998343781457,-0.00659472712783811,-0.00336808112252372,0.0029640838424682,-0.0205766571170871,0.0169319400939428,-0.000601921555396368,0.000668890311669206,0.00348883845709769
-0.0168424538642159,0.00457033206916595,0.0105238146488369,0.00318520205680793,-0.00895910741248103,0.0110105442914879,-0.00611115145644844,0.133897038442546,0.0107704784331225,0.0204657123056744,0.0189124851074364,-7.74926419534874e-05,0.0280618757395762,0.016970354174412,-0.00457664025588147,0.00335046888775121,0.0168603992086384,0.00731752482906247,-0.00189436366814938,0.0316899362001287,-0.0522356662081957,-0.0045032089253076,-0.00791511796286058,0.00811268422569831
-0.0108446142099526,0.020425344510153,-0.00765806407710438,0.0182181906128336,-0.00187425665000659,-0.00787683732049729,-0.00344793464750369,0.0107704784331225,0.12384858049076,0.0078142203058721,0.00717650835394956,-0.00816430652931037,-0.000962415349549479,0.0472235377054137,-0.00709630500878565,-0.00342410816855262,0.0200193577870642,0.0169966566433346,0.00978553537314835,-0.00648631315769026,-0.0253223863161674,0.00475793721767136,-0.0495911492622234,0.00345797171313058
0.0145500051488827,-0.00065690982413678,0.0124453773094927,-0.00156864004475535,0.00311321264222953,0.0205033489446069,-0.000350156965114399,0.0204657123056744,0.0078142203058721,0.0348926303968706,0.000510896618205831,0.00293423358753449,0.0128205566058447,-0.00111589179750608,-0.00567219670259653,0.00726566837297181,0.00902639606295212,-0.00413705691268102,0.0046997622299409,-0.0182860382302353,-0.00321063741517879,-0.001557151416092,0.000106693169301088,-0.00422396652002787
0.00985731763677923,-0.0032690877875036,0.00698964744790343,0.00320385098389883,-0.0212271732420821,-0.0195075347450327,0.00344608170471117,0.0189124851074364,0.00717650835394956,0.000510896618205831,0.101980505039469,-0.0130376122184578,0.00209072532972061,0.0306311033994223,0.0060757266287724,-0.00817625230095826,0.0159289732190629,0.0262622109625344,-0.00575918116561474,0.0181019424134885,-0.00324638932273906,0.00684638702098014,-0.0253091089315857,0.0156808365677052
0.0107829673211254,0.00242531499416145,0.0349781415841355,-2.69323065177368e-05,-0.00147879831606688,0.00706352989161517,0.00476404546841231,-7.74926419534874e-05,-0.00816430652931037,0.00293423358753449,-0.0130376122184578,0.0326548495419567,-0.00101224706113418,-0.00710397279856453,-0.00133253128763312,0.005498312414372,-0.00291709103790988,-0.00519181051033952,0.000429352009225783,-0.00484991560519675,-0.000901315537856157,-0.00170928033055332,0.00347933310685547,-0.00166946248903031
-0.0017508394744202,0.00121838317225839,0.00899407817585712,0.00138238585835512,-0.00719773575771141,0.00598171849593536,0.0061831089370154,0.0280618757395762,-0.000962415349549479,0.0128205566058447,0.00209072532972061,-0.00101224706113418,0.13397716518939,-0.0205878279989885,0.0052295835750608,-0.000798096119087333,0.0113038855538949,-0.0115595287150445,-0.00602709062613636,-0.0160145966605032,0.023837784890758,-0.000823245089975262,0.00844533739460267,0.00903207829343618
-0.000608428593187442,0.0293186808082316,0.0143765811454175,0.0148858990995693,-0.00350440159755112,0.0298160301669297,-0.00353231952423406,0.016970354174412,0.0472235377054137,-0.00111589179750608,0.0306311033994223,-0.00710397279856453,-0.0205878279989885,0.265290862048394,-0.0179077104543212,-0.0118848944687002,-0.0013843297456388,-0.0171456569554152,0.00387908751175196,0.000553389753883304,0.00607057288613071,0.0166980954088587,-0.0432461865042554,-0.00906635596052369
0.00259882221552714,-0.00696310412543125,0.00112000155922614,-0.00372386434280443,-0.00432734345152946,-0.00458571370724377,0.00367218917117964,-0.00457664025588147,-0.00709630500878565,-0.00567219670259653,0.0060757266287724,-0.00133253128763312,0.0052295835750608,-0.0179077104543212,0.0353484847442209,0.024728000472827,-0.00394589703424481,-0.00289825928909849,0.000768127695225232,0.00229313702972648,0.00188895332685758,0.000874350229026586,0.0228562011677872,-0.0178686953869748
-0.00264038336390434,-0.00220550265156811,0.0146765923805849,0.00370190027333752,0.00503238877149987,0.00500871427807602,-0.000310998343781457,0.00335046888775121,-0.00342410816855262,0.00726566837297181,-0.00817625230095826,0.005498312414372,-0.000798096119087333,-0.0118848944687002,0.024728000472827,0.206479010436003,-0.0230285641488919,0.00440000058069531,0.00698075415926964,-0.00226887755351171,-0.0117740291908629,-0.0162174185609683,0.00585402425811747,-0.0263606876007647
0.0259493404173761,0.005700284018402,0.0165968417654277,0.00783419182171006,0.0189388127158916,0.0147221014533793,-0.00659472712783811,0.0168603992086384,0.0200193577870642,0.00902639606295212,0.0159289732190629,-0.00291709103790988,0.0113038855538949,-0.0013843297456388,-0.00394589703424481,-0.0230285641488919,0.103983445912296,-0.00235844112749375,-0.00408426838462287,0.0115571514346469,-0.00331750212482489,-0.0048905100306925,-0.031820224725222,-0.0102059359703856
0.0373690105706384,-0.0033030535771009,0.00369591954511808,0.00237468330074368,0.0222995803941866,-0.015924247951363,-0.00336808112252372,0.00731752482906247,0.0169966566433346,-0.00413705691268102,0.0262622109625344,-0.00519181051033952,-0.0115595287150445,-0.0171456569554152,-0.00289825928909849,0.00440000058069531,-0.00235844112749374,0.0980980346948685,-0.0219157038970107,-0.0223764738614368,0.0204084770138833,0.00571284132925148,-0.00794694093173833,0.00624564016981998
-0.00217308469672715,0.00204312568320665,0.00067428625087699,0.00104454483275876,-0.00249643601952237,0.00495353096624426,0.0029640838424682,-0.00189436366814938,0.00978553537314835,0.0046997622299409,-0.00575918116561474,0.000429352009225783,-0.00602709062613636,0.00387908751175196,0.000768127695225232,0.00698075415926964,-0.00408426838462287,-0.0219157038970107,0.0263611678965572,0.00468555766181097,-0.0200167475320564,-0.000134603522375825,-0.00847279324495186,0.015980567118347
-0.0243759143544412,-0.00555129647667866,-0.0270612453516694,0.00496000089422907,-0.00979219080617288,-0.00296504204721562,-0.0205766571170871,0.0316899362001287,-0.00648631315769026,-0.0182860382302353,0.0181019424134885,-0.00484991560519675,-0.0160145966605032,0.000553389753883304,0.00229313702972648,-0.00226887755351171,0.0115571514346469,-0.0223764738614368,0.00468555766181097,0.15633837603821,-0.142082417479675,-0.00104149188892854,0.00111207934280847,-0.0172801228226664
0.014291129083807,-0.0170505540712442,0.022998008825822,-0.00510403823026686,0.0112244539412062,-0.00306132948383002,0.0169319400939428,-0.0522356662081957,-0.0253223863161674,-0.00321063741517879,-0.00324638932273906,-0.000901315537856157,0.0238377848907581,0.00607057288613071,0.00188895332685758,-0.0117740291908629,-0.00331750212482489,0.0204084770138833,-0.0200167475320564,-0.142082417479675,0.197204360228299,0.00169543753272918,0.00656723867575227,0.0209776903895058
-0.00681690339551875,-0.00237729629848907,-0.00228708038430573,-0.00472109072135814,-0.00473640510362611,-0.00634297345815342,-0.000601921555396368,-0.0045032089253076,0.00475793721767136,-0.001557151416092,0.00684638702098014,-0.00170928033055332,-0.000823245089975262,0.0166980954088587,0.000874350229026586,-0.0162174185609683,-0.0048905100306925,0.00571284132925148,-0.000134603522375825,-0.00104149188892854,0.00169543753272918,0.00960146638809356,-0.000111585608676502,0.00892900266414094
-0.00764884739655566,-0.0169669216249951,-0.0145623848931907,-0.0121243265554889,-0.0110246843998315,-0.00300309116023455,0.000668890311669206,-0.00791511796286058,-0.0495911492622234,0.000106693169301088,-0.0253091089315857,0.00347933310685547,0.00844533739460267,-0.0432461865042554,0.0228562011677872,0.00585402425811747,-0.031820224725222,-0.00794694093173833,-0.00847279324495186,0.00111207934280847,0.00656723867575227,-0.000111585608676502,0.152158330857307,-0.132753141873388
0.00225789388845743,-0.00250584172183718,0.011198219959474,-0.0101156185237118,0.0173780072382741,0.0183015049676968,0.00348883845709769,0.00811268422569831,0.00345797171313058,-0.00422396652002787,0.0156808365677052,-0.00166946248903031,0.00903207829343618,-0.00906635596052369,-0.0178686953869748,-0.0263606876007647,-0.0102059359703856,0.00624564016981998,0.015980567118347,-0.0172801228226664,0.0209776903895058,0.00892900266414095,-0.132753141873388,0.240108541633934
