0.0421472660072022,0.00204022531731362,0.00367850591635511,0.0011994389898358,-0.000769651822979349,0.000927717831633245,0.00119198457894866,0.0216003069984157
0.00204022531731362,0.0266626059771493,0.00255654515320963,0.00162452350154304,0.00814287220843706,0.00284467892606118,0.00465155850384317,0.00798710643529999
0.00367850591635511,0.00255654515320963,0.0201671399308472,0.00101975311870927,0.000571329214229377,0.00192870210336807,-0.000364322264525459,0.00629232817438644
0.0011994389898358,0.00162452350154304,0.00101975311870927,0.0266817179211848,0.00915577546219206,0.00833447808994888,0.00287159137778005,0.000172125913069435
-0.000769651822979349,0.00814287220843706,0.000571329214229377,0.00915577546219206,0.0205635735401733,0.00171478318913265,0.00519157964012899,0.00184971169550774
0.000927717831633245,0.00284467892606118,0.00192870210336807,0.00833447808994888,0.00171478318913265,0.0109285626683507,0.000306193817131219,0.00186177455108265
0.00119198457894866,0.00465155850384317,-0.000364322264525459,0.00287159137778005,0.00519157964012899,0.000306193817131219,0.0226293460705284,0.00381339813193412
0.0216003069984157,0.00798710643529999,0.00629232817438644,0.000172125913069435,0.00184971169550775,0.00186177455108265,0.00381339813193412,0.0327508504902537
