0.0382667554252272,-0.0172642957144245,0.00308375823158303,0.0207894651048046,0.00607417348406254,0.0135543001795333,0.0407343241986196,-0.0109594677144706,0.00463235824463629,0.00906096546573202,0.027938160076247,-0.000600795743071803,-0.0159811780559027
-0.0172642957144245,0.224095863541015,0.00650434496131086,-0.0156835588467102,-0.00585506214488277,0.0228863185670811,0.113678583589972,-0.00342917839233512,-0.022462624814397,0.014522018087865,0.0177313501176886,-0.0112403137650421,0.0612551118674291
0.00308375823158303,0.00650434496131086,0.0983328536878572,0.00383861570180926,0.00643114173928104,-0.0459977541363996,0.0298552620279818,-0.0201479933445467,0.0842843527071938,0.000117234074305218,0.00907430483712596,0.00259336192309346,0.0570444326451955
0.0207894651048046,-0.0156835588467102,0.00383861570180926,0.0353785372668775,0.00637786266025567,-0.00698748265816978,0.0228501799561076,0.00704290161696755,0.0268819834324176,0.0015974137407031,0.0200679056551574,-0.0224325278152984,0.00548298796585226
0.00607417348406254,-0.00585506214488277,0.00643114173928104,0.00637786266025567,0.0101902659266659,-0.0082344323480788,0.0172432722539427,-0.00266410311483538,0.010217853901098,-0.00450046484141638,0.00148001654817628,-0.000217633534891017,0.00239723085161209
0.0135543001795333,0.0228863185670811,-0.0459977541363996,-0.00698748265816978,-0.0082344323480788,0.152160142407459,0.000135398915700478,0.0124161952987053,-0.0484993321459534,0.00452758766374617,-0.0138891541502814,0.0404875500101605,0.0216457830952343
0.0407343241986196,0.113678583589972,0.0298552620279818,0.0228501799561077,0.0172432722539427,0.000135398915700478,0.270982398201477,-0.0317830985414052,0.0150215353404408,0.0253087898992857,0.0812540906502885,0.00298971088253087,0.00962554733325745
-0.0109594677144706,-0.00342917839233512,-0.0201479933445467,0.00704290161696755,-0.00266410311483538,0.0124161952987053,-0.0317830985414052,0.0312301262848025,-0.0301198219325877,-0.00208643490007635,-0.0228449267066576,-0.000211246821522846,-0.00735143567064996
0.00463235824463629,-0.022462624814397,0.0842843527071938,0.0268819834324176,0.010217853901098,-0.0484993321459534,0.0150215353404408,-0.0301198219325877,0.223938066448995,-0.00406100447971076,0.0492458904496583,0.022985829201436,0.0880084021648863
0.00906096546573202,0.014522018087865,0.000117234074305218,0.0015974137407031,-0.00450046484141638,0.00452758766374617,0.0253087898992857,-0.00208643490007635,-0.00406100447971076,0.0423965531513973,0.0410009072030452,0.0167922428841826,0.0597592483212541
0.027938160076247,0.0177313501176886,0.00907430483712596,0.0200679056551574,0.00148001654817628,-0.0138891541502814,0.0812540906502885,-0.0228449267066576,0.0492458904496583,0.0410009072030452,0.0772030982067696,0.00379974094281993,0.0549887745224959
-0.000600795743071803,-0.0112403137650421,0.00259336192309346,-0.0224325278152984,-0.000217633534891017,0.0404875500101605,0.00298971088253087,-0.000211246821522846,0.022985829201436,0.0167922428841826,0.00379974094281993,0.0823650575703386,0.0126076992911251
-0.0159811780559027,0.0612551118674291,0.0570444326451955,0.00548298796585226,0.00239723085161209,0.0216457830952343,0.00962554733325745,-0.00735143567064996,0.0880084021648863,0.0597592483212541,0.0549887745224958,0.0126076992911251,0.264433356168408
