0.0522456396775699,-0.0315450563995024,0.0222654850519196,0.0190855950158046,0.0053004048648797,0.0355951772470557,0.0517593911928809,-0.0169935226830221,0.0100634385933337,0.0159274915635428,0.00951223600014233,0.0214475646508074,0.00485162575898152
-0.0315450563995024,0.172749731724555,0.0104463668029267,0.00801716692230236,0.0117029524853777,-0.0109083302960159,0.00562469584592331,0.0116338809819528,0.0397458314114803,0.000363995756005799,-0.022567467942538,0.0200710011842926,0.064777503360201
0.0222654850519196,0.0104463668029267,0.112296864534439,0.0109053703594895,-0.0012956745528443,0.0418083040549792,0.0241671481611622,-0.0152239388805683,0.0827821673645842,0.0191380307596987,0.0536245303005297,0.0194410027137167,0.028741677264124
0.0190855950158046,0.00801716692230236,0.0109053703594895,0.0317017035364633,0.00652927847140465,0.0139687417878854,-0.0133212201245198,0.0087679925659945,-0.00735577437450731,0.00325333359599742,0.00153343109654991,0.0173103990026051,0.0224931872066722
0.0053004048648797,0.0117029524853777,-0.0012956745528443,0.00652927847140465,0.0231569722080302,-0.00620897472030798,0.0084851086762279,-0.000628831760064896,0.0225602577971049,-0.00488451071015042,-0.0112310986299736,0.0012115734831361,-0.000952544960854435
0.0355951772470557,-0.0109083302960159,0.0418083040549792,0.0139687417878854,-0.00620897472030798,0.149557937548247,0.0428698413723747,0.00287517707693194,0.0130726136389981,0.015429827615435,0.0326119205481324,-0.00414240032273078,0.0753550131437858
0.0517593911928809,0.00562469584592331,0.0241671481611622,-0.0133212201245198,0.0084851086762279,0.0428698413723747,0.254463196441818,-0.00809363051161915,0.0141584253242777,-0.0202892851826392,-0.0343209590052767,0.0282313493305835,-0.0619138688191242
-0.0169935226830221,0.0116338809819528,-0.0152239388805683,0.0087679925659945,-0.000628831760064896,0.00287517707693195,-0.00809363051161915,0.0352590923013077,-0.0358594463588844,-0.0213114734047815,-0.00515191611421971,-0.0332625723173443,0.00277771798836654
0.0100634385933337,0.0397458314114803,0.0827821673645842,-0.00735577437450731,0.0225602577971049,0.0130726136389981,0.0141584253242777,-0.0358594463588844,0.217219401424839,0.015047149519786,0.0445687439951188,0.0277605697542794,0.0628258509630065
0.0159274915635428,0.000363995756005799,0.0191380307596987,0.00325333359599742,-0.00488451071015042,0.015429827615435,-0.0202892851826392,-0.0213114734047815,0.015047149519786,0.0493705452658552,0.0502613448129866,0.0148881847902897,0.0159634509672039
0.00951223600014233,-0.022567467942538,0.0536245303005297,0.00153343109654991,-0.0112310986299736,0.0326119205481324,-0.0343209590052767,-0.00515191611421971,0.0445687439951188,0.0502613448129866,0.0987054549647066,-0.0285065008445435,0.0235263764348065
0.0214475646508074,0.0200710011842926,0.0194410027137167,0.0173103990026051,0.0012115734831361,-0.00414240032273078,0.0282313493305835,-0.0332625723173443,0.0277605697542794,0.0148881847902897,-0.0285065008445435,0.123440490742745,0.0158963494067696
0.00485162575898152,0.064777503360201,0.028741677264124,0.0224931872066722,-0.000952544960854435,0.0753550131437858,-0.0619138688191242,0.00277771798836654,0.0628258509630065,0.0159634509672039,0.0235263764348065,0.0158963494067696,0.210909677386704
