0.0119897311810121,-0.00976803194270028,-0.00811771401601355,0.00685237126329138,-0.0107077226287318,0.00786949919283797,-0.000122472487574942,-0.0104840408013149,-0.0048106175111806,-0.0107188934717073
-0.00976803194270028,0.112104946311224,0.0776960973235734,0.0674332400553602,0.106250379669883,0.0491852424330161,0.0640076186568053,0.0621685822727494,0.0667344680287325,0.0498487906018792
-0.00811771401601355,0.0776960973235734,0.118128020792957,0.105184615459599,0.11561143485173,0.0615320179152229,0.112457116853687,0.0791009844034009,0.089333376851469,0.0350591289657252
0.00685237126329138,0.0674332400553602,0.105184615459599,0.111552459970358,0.103309535958585,0.071153798291648,0.111982897866887,0.0650427278654995,0.0795644137260076,0.0236288230027175
-0.0107077226287318,0.106250379669883,0.11561143485173,0.103309535958585,0.151016129756042,0.0700440258738348,0.128693145795988,0.0819751669333198,0.0652928966577839,0.0615649000698264
0.00786949919283797,0.0491852424330161,0.0615320179152229,0.071153798291648,0.0700440258738348,0.0620886480684907,0.0619202718443145,0.0449459308765367,0.0412337385444345,0.023771071864518
-0.000122472487574942,0.0640076186568053,0.112457116853687,0.111982897866887,0.128693145795988,0.0619202718443145,0.183867333299691,0.0842281109097083,0.0632503177825089,0.0342346157896653
-0.0104840408013149,0.0621685822727494,0.0791009844034009,0.0650427278654995,0.0819751669333198,0.0449459308765367,0.0842281109097083,0.0826077113919308,0.0652184143238835,0.0314422116088382
-0.0048106175111806,0.0667344680287325,0.089333376851469,0.0795644137260076,0.0652928966577838,0.0412337385444345,0.0632503177825089,0.0652184143238835,0.110884106873208,0.0116671166118385
-0.0107188934717073,0.0498487906018792,0.0350591289657252,0.0236288230027175,0.0615649000698264,0.023771071864518,0.0342346157896653,0.0314422116088382,0.0116671166118385,0.0370333607234552
