0.037416294484614,0.00366235846669665,0.00370868792658089,-0.00667461980576682,-0.00203370387541131,-0.000640869913180902,-0.00200237741304099,0.0197260054700902
0.00366235846669665,0.0232723386624466,0.00398645547315507,0.000463568608708738,0.00696721530551199,0.00425529531392537,0.00186470966671384,0.00967966067428041
0.00370868792658089,0.00398645547315507,0.0285154037335625,0.00501384342006876,0.00267564302742199,0.00467303723750231,0.000248665387656337,0.00567681519467849
-0.00667461980576682,0.000463568608708738,0.00501384342006876,0.0275124262466784,0.00958970833026043,0.00534883928148385,0.00411012557785639,-0.00525953256315637
-0.00203370387541131,0.00696721530551199,0.00267564302742199,0.00958970833026043,0.0177330403154974,0.00340425310721079,0.0058578093175142,-0.00164567438176535
-0.000640869913180902,0.00425529531392537,0.00467303723750231,0.00534883928148385,0.00340425310721079,0.0147236395128568,0.00213104447549911,-0.000806309280672443
-0.00200237741304099,0.00186470966671384,0.000248665387656337,0.00411012557785639,0.0058578093175142,0.00213104447549911,0.0214173145931485,0.00139232246909825
0.0197260054700902,0.00967966067428041,0.00567681519467849,-0.00525953256315637,-0.00164567438176535,-0.000806309280672443,0.00139232246909825,0.039723057837881
