0.0363475210442859,0.00325496673854644,0.0389646581992699,-0.00215741320128952,0.0131779584645431,-0.0113806110969845,0.0249897180552164,-0.00826898297347597,0.0226646325439742,-0.0131569811753989,0.0280890986181037,-0.0095341266344485,-0.0147700828759388,-0.0100775511283621,0.0353830040714486,-0.00333906792344673,0.00794513571356553
0.00325496673854644,0.0932345688524687,0.00315532112796381,0.066691276853875,0.020329280881298,0.0610898183916587,0.0261021903392132,0.0406035868631479,0.0183954059199494,0.0429610493621471,0.0531980573636089,0.0526730786730934,0.0114656231682044,0.0229957554107535,0.00650229304361332,0.01462126806206,0.00909768127381833
0.0389646581992699,0.00315532112796381,0.0517293614626751,0.011449830016221,0.0191536980696456,-0.0117249685765256,0.0119187357135449,-0.00701119484028534,0.0150600290012322,-0.0100262029573866,0.0201084196691761,-0.0105770855122685,-0.00565066634059436,-0.00877229058932488,0.0417260311318257,0.00304733924956136,0.0171943683067418
-0.00215741320128952,0.066691276853875,0.011449830016221,0.118680419961825,0.00619480729723282,0.0438473902795065,-0.00463858345314626,0.0638602531583506,0.023037802020278,0.04690880483431,0.026024535911646,0.0675950829261461,0.0100680598113625,0.0690676597445158,0.0124222385422994,0.0435363948710254,0.0232276584878651
0.0131779584645431,0.020329280881298,0.0191536980696456,0.00619480729723282,0.0486566944800087,0.0178316537030742,0.0112456553476767,-0.0227557514925001,0.0101773334501172,-0.00300040779911976,0.0256991502553219,-0.0205047956080414,0.0468009630222498,-0.0258029638573896,0.0245376283737237,-0.0298898137789643,0.0207461151694989
-0.0113806110969845,0.0610898183916587,-0.0117249685765256,0.0438473902795065,0.0178316537030742,0.067983024561111,0.0118890601042817,0.0091195680209252,0.0153526832746842,0.0295087419326169,0.0236443187465474,0.0172170251884164,0.00860414956645094,0.0144780276517297,-0.0230645243431474,-0.00694990997510889,-0.0215836289828998
0.0249897180552164,0.0261021903392132,0.0119187357135449,-0.00463858345314626,0.0112456553476767,0.0118890601042817,0.0602279306851338,-0.00540187718140853,0.0503792744302109,-0.0154225511950155,0.0595657924482145,-0.00257583251738265,-0.0193288126430817,-0.00803008316973643,0.0136653211753858,-0.0317065072217465,-0.00828294065153162
-0.00826898297347597,0.0406035868631479,-0.00701119484028534,0.0638602531583506,-0.0227557514925001,0.0091195680209252,-0.00540187718140853,0.0740274240171609,0.00577306183629676,0.0414186013199894,0.0124507271268344,0.077619661990361,-0.0131523906425621,0.0628274324889481,0.010505798895842,0.0572368908032851,0.0195609781214208
0.0226646325439742,0.0183954059199494,0.0150600290012322,0.023037802020278,0.0101773334501172,0.0153526832746842,0.0503792744302109,0.00577306183629676,0.0636083205123295,-0.0103820749277698,0.0520317884658461,0.00503977797096036,-0.0207516971262125,0.0201418436587516,0.0161441125108885,-0.0216187406142645,-0.00922658389014792
-0.0131569811753989,0.0429610493621471,-0.0100262029573866,0.04690880483431,-0.00300040779911976,0.0295087419326169,-0.0154225511950155,0.0414186013199894,-0.0103820749277698,0.0407273851407484,0.000809544645498768,0.0479288979601722,0.00591058557049351,0.0343657475766483,-0.00244638052167944,0.0384383919118859,0.00637254573687572
0.0280890986181037,0.0531980573636088,0.0201084196691761,0.026024535911646,0.0256991502553219,0.0236443187465474,0.0595657924482145,0.0124507271268344,0.0520317884658461,0.000809544645498768,0.0739568833961414,0.0180508555742812,-0.000202106086458084,0.00231232338348592,0.0295956037969857,-0.0206819143096574,0.0117275175973174
-0.0095341266344485,0.0526730786730934,-0.0105770855122685,0.0675950829261461,-0.0205047956080414,0.0172170251884164,-0.00257583251738265,0.077619661990361,0.00503977797096035,0.0479288979601722,0.0180508555742812,0.0840690010361976,-0.0111175296925131,0.0633019275695544,0.00981074571006084,0.0595625951116764,0.0192806129483109
-0.0147700828759388,0.0114656231682044,-0.00565066634059436,0.0100680598113625,0.0468009630222498,0.00860414956645094,-0.0193288126430817,-0.0131523906425621,-0.0207516971262125,0.00591058557049351,-0.000202106086458084,-0.0111175296925131,0.0832144911244097,-0.0245991181141327,0.0130984672081126,-0.0237458968572695,0.0425188223990314
-0.0100775511283621,0.0229957554107535,-0.00877229058932488,0.0690676597445158,-0.0258029638573896,0.0144780276517297,-0.00803008316973643,0.0628274324889481,0.0201418436587516,0.0343657475766483,0.00231232338348592,0.0633019275695544,-0.0245991181141327,0.0743905491896787,8.25011630575164e-05,0.0507296751131931,0.000375211611307933
0.0353830040714486,0.00650229304361332,0.0417260311318257,0.0124222385422994,0.0245376283737237,-0.0230645243431474,0.0136653211753858,0.010505798895842,0.0161441125108885,-0.00244638052167944,0.0295956037969857,0.00981074571006084,0.0130984672081126,8.25011630575164e-05,0.0595108538610553,0.0118014622473553,0.0397172896326479
-0.00333906792344673,0.01462126806206,0.00304733924956136,0.0435363948710254,-0.0298898137789643,-0.00694990997510889,-0.0317065072217465,0.0572368908032851,-0.0216187406142645,0.0384383919118859,-0.0206819143096574,0.0595625951116764,-0.0237458968572695,0.0507296751131931,0.0118014622473553,0.0743619401420676,0.0121802308005118
0.00794513571356553,0.00909768127381833,0.0171943683067418,0.0232276584878651,0.0207461151694989,-0.0215836289828998,-0.00828294065153162,0.0195609781214208,-0.00922658389014792,0.00637254573687572,0.0117275175973174,0.0192806129483109,0.0425188223990314,0.000375211611307933,0.0397172896326479,0.0121802308005118,0.0543216653589988
