0.0655571399240992,0.0328854174011283,0.00979175703181134,-0.00659143077309197,-0.0128418643109828,-0.00719271736145253,-0.00629152186563727,-0.00691036070675334,-0.0103302954666201,-0.0080318544431403,-0.011901378668993,-0.00982735696808511,-0.00683064524008821,-0.0117164203837334,-0.00573247907885827,0.0165899628645283,-0.024791782440424,-0.0224512473437173,-0.0195300363438033,0.000566867744052942,0.0118725673714759,-0.0138982505410081
0.0328854174011283,0.023946735595642,-0.00263769398407925,0.00294923554288091,-0.00288658810339372,-0.000646305842731386,-2.87861769503779e-05,0.000199385496251497,-0.00284902364335376,-0.00111636643275219,-0.00500312087900561,-0.00317550803297265,1.52413247443264e-05,-0.00596791738588189,-0.00111619376175527,0.00567635730077778,-0.00947457895465815,-0.00850063712623023,-1.7545059709196e-05,0.0115609534894764,0.0143215793595695,0.00266748216399763
0.00979175703181134,-0.00263769398407925,0.049562816336106,-0.0102634851383839,-0.0078306298587771,-0.00515770319065047,-0.00634006214922721,-0.00697708667706134,-0.0129820051337494,-0.0127755327787928,-0.0176930588824993,-0.00764038502130879,-0.00812117918887776,-0.0119969372426785,-0.00501521588880639,0.0166506011720945,-0.0352833341071639,0.0079413452551309,-0.0129373301058324,-0.0131822413302498,-0.00200922756865759,-0.0123263500757874
-0.00659143077309197,0.00294923554288091,-0.0102634851383839,0.0134912845826663,0.0102266690127899,0.0101851869242342,0.00881085284632344,0.0101850834023204,0.0111925905045311,0.0104816884324931,0.0116384101046488,0.00983712216983899,0.00953400108466869,0.0113683219146124,0.006376345824617,-0.0164520802341936,0.0164313896862633,0.0060541744707425,0.0162692152961937,0.00820008799720044,0.00976932750482843,0.0154615618188972
-0.0128418643109828,-0.00288658810339372,-0.0078306298587771,0.0102266690127899,0.00986552869526352,0.00837913752623376,0.00698205495586914,0.00827969660448718,0.0108716589440441,0.00969270825311376,0.0117101670461937,0.0103404964488244,0.00883842566231842,0.0112386409343571,0.00588906605037155,-0.0145842674837223,0.0164788752128833,0.00837033310219424,0.0130887383655643,0.00848841215817949,0.00593519874546527,0.012563767901338
-0.00719271736145253,-0.000646305842731386,-0.00515770319065047,0.0101851869242342,0.00837913752623376,0.0086789801158061,0.00699353988868153,0.00818278517064502,0.00846969538320939,0.00752800421048755,0.0088108946668083,0.00769178174970838,0.00688819867374153,0.009351019865837,0.00561658933612809,-0.0139049656484714,0.0147533721884148,0.00522984701027473,0.0113322293697675,0.00380306531363206,0.00442904727076161,0.0105894332915798
-0.00629152186563727,-2.87861769503779e-05,-0.00634006214922721,0.00881085284632344,0.00698205495586914,0.00699353988868154,0.00614821101055385,0.00690233433630772,0.00811349272536818,0.00740293615535461,0.00876153350151199,0.00737729332089248,0.00639504823420895,0.00868210546750631,0.00429543171057997,-0.0120602696198538,0.0124090346384793,0.00582821673137637,0.0117652419167272,0.00446047949671823,0.00584091350082891,0.0106387909811551
-0.00691036070675334,0.000199385496251497,-0.00697708667706134,0.0101850834023204,0.00827969660448718,0.00818278517064502,0.00690233433630772,0.00803328306678235,0.00929300905527609,0.00851912454700603,0.00988448059971719,0.00842316520531117,0.00771571878028149,0.00983623104965638,0.00506542622062249,-0.0133897408122653,0.0134404050846511,0.00628525839454506,0.0119663110531024,0.0050054080499358,0.00614646296248,0.0114370890300652
-0.0103302954666201,-0.00284902364335376,-0.0129820051337494,0.0111925905045311,0.0108716589440441,0.00846969538320939,0.00811349272536818,0.00929300905527609,0.0208112974318788,0.019393369852275,0.0253832045603421,0.0198894727278703,0.0164567852996387,0.0229992417664264,0.00447841024983887,-0.0200199684043678,0.0202450603573479,0.0116533196691289,0.0184833894729401,0.00902658361138166,0.0132935852616036,0.0183102335269257
-0.0080318544431403,-0.00111636643275219,-0.0127755327787928,0.0104816884324931,0.00969270825311376,0.00752800421048755,0.00740293615535461,0.00851912454700603,0.019393369852275,0.0183742998513414,0.0236359050771575,0.0183252339097516,0.0157468976791545,0.0211806370556154,0.00352891606910545,-0.0175927559731945,0.0163804562827851,0.010836449332605,0.0170815265029778,0.00812182201814353,0.0135278993204578,0.0172670993276503
-0.011901378668993,-0.00500312087900561,-0.0176930588824993,0.0116384101046488,0.0117101670461937,0.0088108946668083,0.00876153350151199,0.00988448059971719,0.0253832045603421,0.0236359050771575,0.032202229800768,0.0236545410815706,0.019259968979549,0.0290395875437847,0.00463651799622291,-0.0240210368372846,0.024944390907083,0.00973657554890453,0.0198337097733086,0.00719995389621497,0.0144496052525112,0.0194085694750781
-0.00982735696808511,-0.00317550803297265,-0.00764038502130879,0.00983712216983899,0.0103404964488244,0.00769178174970838,0.00737729332089248,0.00842316520531117,0.0198894727278703,0.0183252339097516,0.0236545410815706,0.0203990099836068,0.0160285989819102,0.0214686254685592,0.00382575588020363,-0.0180659204283413,0.018651872473695,0.0168811063009396,0.0191251964138705,0.0121567555954665,0.0135662583180077,0.0190150696422451
-0.00683064524008821,1.52413247443264e-05,-0.00812117918887776,0.0095340010846687,0.00883842566231843,0.00688819867374153,0.00639504823420895,0.00771571878028149,0.0164567852996387,0.0157468976791545,0.019259968979549,0.0160285989819102,0.0144487288986574,0.0173777578126083,0.00289758440021255,-0.0139584611019558,0.0115607731759996,0.0121448041399742,0.0147239504527487,0.00824050872841856,0.0120788658081246,0.0157741291361749
-0.0117164203837334,-0.00596791738588189,-0.0119969372426785,0.0113683219146124,0.0112386409343571,0.009351019865837,0.00868210546750631,0.00983623104965638,0.0229992417664264,0.0211806370556154,0.0290395875437847,0.0214686254685592,0.0173777578126083,0.0272241323036854,0.00500517078702108,-0.0235791240097818,0.0231735966740961,0.0081965442734532,0.0180985998565203,0.00314568216214746,0.0120398516589223,0.0173057897027783
-0.00573247907885827,-0.00111619376175527,-0.00501521588880639,0.006376345824617,0.00588906605037155,0.00561658933612809,0.00429543171057997,0.00506542622062249,0.00447841024983887,0.00352891606910545,0.00463651799622291,0.00382575588020363,0.00289758440021255,0.00500517078702108,0.00505520256961138,-0.00976210871243028,0.0136118396857589,-0.00109155422887812,0.00627870022043204,0.00503838779745041,0.0016924342517258,0.00541702352901958
0.0165899628645283,0.00567635730077778,0.0166506011720945,-0.0164520802341936,-0.0145842674837223,-0.0139049656484714,-0.0120602696198538,-0.0133897408122653,-0.0200199684043678,-0.0175927559731945,-0.0240210368372846,-0.0180659204283413,-0.0139584611019558,-0.0235791240097818,-0.00976210871243028,0.0305526690790623,-0.0388010575152511,-0.00463527058418547,-0.0236869508218314,-0.00675491143831993,-0.0076103210505276,-0.0205937358948347
-0.024791782440424,-0.00947457895465815,-0.0352833341071639,0.0164313896862633,0.0164788752128833,0.0147533721884148,0.0124090346384793,0.0134404050846511,0.0202450603573479,0.0163804562827851,0.024944390907083,0.018651872473695,0.0115607731759996,0.0231735966740961,0.0136118396857589,-0.038801057515251,0.0851207381842283,-0.00234780455849669,0.0395322408360467,0.0284489876888496,-0.00415203570176469,0.0317228791280304
-0.0224512473437173,-0.00850063712623023,0.0079413452551309,0.0060541744707425,0.00837033310219424,0.00522984701027473,0.00582821673137637,0.00628525839454506,0.0116533196691289,0.010836449332605,0.00973657554890453,0.0168811063009396,0.0121448041399742,0.0081965442734532,-0.00109155422887812,-0.00463527058418547,-0.00234780455849669,0.0542196379615852,0.0209970114164984,0.0148554909679406,0.00887393885595315,0.0211484487700771
-0.0195300363438033,-1.7545059709196e-05,-0.0129373301058324,0.0162692152961937,0.0130887383655643,0.0113322293697675,0.0117652419167272,0.0119663110531024,0.0184833894729401,0.0170815265029778,0.0198337097733086,0.0191251964138705,0.0147239504527487,0.0180985998565203,0.00627870022043204,-0.0236869508218314,0.0395322408360467,0.0209970114164984,0.0482063792703418,0.0303088260226179,0.0189185986064887,0.0399159115120031
0.000566867744052942,0.0115609534894764,-0.0131822413302498,0.00820008799720044,0.00848841215817949,0.00380306531363206,0.00446047949671823,0.0050054080499358,0.00902658361138166,0.00812182201814353,0.00719995389621497,0.0121567555954665,0.00824050872841856,0.00314568216214746,0.00503838779745041,-0.00675491143831993,0.0284489876888496,0.0148554909679406,0.0303088260226179,0.0517134731980575,0.0197945692823761,0.0279151697427081
0.0118725673714759,0.0143215793595695,-0.00200922756865759,0.00976932750482843,0.00593519874546527,0.00442904727076161,0.00584091350082891,0.00614646296248,0.0132935852616036,0.0135278993204578,0.0144496052525112,0.0135662583180077,0.0120788658081246,0.0120398516589223,0.0016924342517258,-0.0076103210505276,-0.00415203570176469,0.00887393885595315,0.0189185986064887,0.0197945692823761,0.0301804466302551,0.0185374831739653
-0.0138982505410081,0.00266748216399763,-0.0123263500757874,0.0154615618188972,0.012563767901338,0.0105894332915798,0.0106387909811551,0.0114370890300652,0.0183102335269257,0.0172670993276503,0.0194085694750781,0.0190150696422451,0.0157741291361749,0.0173057897027783,0.00541702352901958,-0.0205937358948347,0.0317228791280304,0.0211484487700771,0.0399159115120031,0.0279151697427081,0.0185374831739653,0.0351209142598674
