0.0645935117928234,0.072483487387981,0.0180509701413962,0.028848538661282,-0.0352406334386201,-0.0722413744520367,-0.0552411607547709,0.0153686666117692,-0.0498138970990287,0.0150554645408948,-0.0361923386416958,0.0266107575310291,0.0678795314381658
0.072483487387981,0.189873088434062,0.0646940770814232,0.024508310188613,-0.0703502946913598,-0.0478111375517179,-0.178012528168695,0.0305630945648432,-0.109261501952561,0.0265714198652595,0.0172251431813432,-0.00160402674104314,0.0944980771543499
0.0180509701413962,0.0646940770814232,0.127709818855815,-0.025239543225784,-0.0283775162117603,-0.0177866345162776,-0.107415457161777,-0.0237063113939337,0.0942003714304154,0.00201650730344763,0.0234025233447147,0.0279405607443722,0.130014365317168
0.028848538661282,0.024508310188613,-0.025239543225784,0.0223179886117294,-0.0120381158962321,-0.0316620174112056,-0.00348734397996768,0.0162381023080156,-0.0564229732260165,0.00683524290191417,-0.0242713932222339,0.00285268393412259,-0.00380125906786707
-0.0352406334386201,-0.0703502946913598,-0.0283775162117603,-0.0120381158962321,0.0286673344793618,0.0310906370204037,0.0656988937931608,-0.0113989467329684,0.0356515644691226,-0.00909599520905582,0.00468277212843113,-0.00484511645574285,-0.043744591533966
-0.0722413744520367,-0.0478111375517179,-0.0177866345162776,-0.0316620174112056,0.0310906370204037,0.107904703808123,0.0343080404348454,-0.0271664153231811,0.0324124944222918,-0.00264492357216546,0.0939861520995494,-0.0196363938905834,-0.0693612169600547
-0.0552411607547709,-0.178012528168695,-0.107415457161777,-0.00348734397996768,0.0656988937931608,0.0343080404348453,0.190914015213414,-0.0168267495204497,0.0456977721946348,-0.0183483508350238,-0.0273295196854596,0.00158560123189195,-0.119154139614784
0.0153686666117692,0.0305630945648431,-0.0237063113939337,0.0162381023080156,-0.0113989467329684,-0.0271664153231811,-0.0168267495204497,0.0369437727613417,-0.0690041610631075,-0.00720803469158469,-0.0474690159012386,-0.0378923578012529,-0.0353952869062961
-0.0498138970990287,-0.109261501952561,0.0942003714304154,-0.0564229732260165,0.0356515644691226,0.0324124944222918,0.0456977721946348,-0.0690041610631075,0.231062293956332,-0.0175819123895207,0.02943955238605,0.0499717629600315,0.0790100395632553
0.0150554645408948,0.0265714198652595,0.00201650730344763,0.00683524290191417,-0.00909599520905582,-0.00264492357216546,-0.0183483508350238,-0.00720803469158469,-0.0175819123895207,0.0161068475743283,0.0236638517271656,0.0239486525111136,0.0333941438397068
-0.0361923386416958,0.0172251431813432,0.0234025233447147,-0.0242713932222339,0.00468277212843113,0.0939861520995494,-0.0273295196854596,-0.0474690159012386,0.02943955238605,0.0236638517271656,0.140253249096125,0.0307063075260477,0.0190557975854949
0.0266107575310291,-0.00160402674104314,0.0279405607443722,0.00285268393412259,-0.00484511645574285,-0.0196363938905834,0.00158560123189195,-0.0378923578012529,0.0499717629600315,0.0239486525111136,0.0307063075260477,0.0765200100909402,0.0963078855334918
0.0678795314381658,0.0944980771543499,0.130014365317168,-0.00380125906786707,-0.043744591533966,-0.0693612169600547,-0.119154139614784,-0.0353952869062961,0.0790100395632553,0.0333941438397068,0.0190557975854949,0.0963078855334918,0.233312480002105
