0.0316890812636604,-0.0262989197500075,0.0258209512298978,0.00207830480448772,-0.00345738765878039,0.00452625040698926,0.0338976503953312,-0.00829792050095255,0.0115067542473707,0.0147303487439934,0.0122906377241018,0.0264872583942496,0.0115000461840446
-0.0262989197500075,0.262026319213543,0.0244364576538357,-0.0173301505064324,-0.0292181389847215,-0.00826274275539828,0.0439121590139151,-0.0055016664733232,0.000643654927612806,-0.006606231561428,-0.0268103986872394,0.00339787421632899,0.00815281536595427
0.0258209512298978,0.0244364576538357,0.106542888694456,-0.00720126325796014,0.00118794370782346,-0.0231403618099422,0.0387707912142985,-0.00585381443573455,0.0730150777698842,0.0274447363067092,0.027079840109924,0.0571346500852283,0.0673228824952507
0.00207830480448772,-0.0173301505064324,-0.00720126325796014,0.023798175101948,0.00601186150624972,0.00553296094291117,0.000366968748086052,-0.00530466596392516,-0.00807908853225701,0.00358499629034011,0.0150881041313444,0.0103685267281651,0.00736854653707038
-0.00345738765878039,-0.0292181389847215,0.00118794370782346,0.00601186150624972,0.0156298858487034,-0.00990040430870642,0.0111418623194113,0.0088797013184561,0.00176342383400743,0.000145074090059478,0.00568016786809603,0.0103152854456159,0.0162211502046786
0.00452625040698926,-0.00826274275539828,-0.0231403618099422,0.00553296094291117,-0.00990040430870642,0.121495980547826,-0.0203795362793834,-0.00370049162507782,-0.0240499038240191,0.00940685821285648,-0.00516048379852005,-0.00146648935062897,-0.012883083089403
0.0338976503953312,0.0439121590139151,0.0387707912142985,0.000366968748086052,0.0111418623194113,-0.0203795362793834,0.256072717042289,-0.00679531080635607,0.0363254269611054,0.0459564871889829,0.0728295560635072,0.0635740300520874,0.0234991053822256
-0.00829792050095255,-0.0055016664733232,-0.00585381443573455,-0.00530466596392516,0.0088797013184561,-0.00370049162507782,-0.00679531080635607,0.0351821910809495,-0.0632097304606083,-0.00996841310643931,-0.0262470507876154,-0.0154177400580323,-0.029362588498682
0.0115067542473707,0.000643654927612806,0.0730150777698843,-0.00807908853225701,0.00176342383400743,-0.0240499038240191,0.0363254269611054,-0.0632097304606083,0.239094938372922,0.0262213495025222,0.0491297545296374,0.0361280242389947,0.0851465512976569
0.0147303487439934,-0.006606231561428,0.0274447363067092,0.00358499629034011,0.000145074090059478,0.00940685821285648,0.0459564871889829,-0.00996841310643931,0.0262213495025222,0.0386454647830247,0.0485476787216512,0.0172853620343827,0.0330688793249435
0.0122906377241018,-0.0268103986872394,0.027079840109924,0.0150881041313444,0.00568016786809603,-0.00516048379852005,0.0728295560635072,-0.0262470507876154,0.0491297545296374,0.0485476787216512,0.0979616538236138,0.0536815935754014,0.042389542776979
0.0264872583942496,0.00339787421632899,0.0571346500852283,0.0103685267281651,0.0103152854456159,-0.00146648935062897,0.0635740300520874,-0.0154177400580323,0.0361280242389947,0.0172853620343827,0.0536815935754014,0.125480204014698,0.0575789068654566
0.0115000461840446,0.00815281536595427,0.0673228824952507,0.00736854653707038,0.0162211502046786,-0.012883083089403,0.0234991053822256,-0.029362588498682,0.0851465512976569,0.0330688793249435,0.042389542776979,0.0575789068654566,0.220345703794921
