0.0522808428371598,0.0139065140790329,-0.000724416049572182,0.0121479539667062,-0.00911323664208156,0.0166446400541411,-0.00297767112964238,-0.0321493832729538,0.000973970019416449,0.00757154520856513,0.00891646905823873,0.0381107580111466,0.0212916304333009
0.0139065140790329,0.246723571926745,0.0204733432652634,0.0147110103719936,-0.0186991787866387,-0.0484178037249668,-0.0516087386815476,-0.0166271408952958,0.00652296525288133,0.000364314974205888,-0.0060423727968077,0.0624693771409451,0.0851142263046303
-0.000724416049572182,0.0204733432652634,0.120931828786201,-0.0201269623477658,0.0109682655066667,-0.0649764333694086,0.0360633791320663,-0.0452627334519245,0.0539908176469539,0.00127807116295977,-0.0139225190023658,-0.0144809049275093,0.0487608578884339
0.0121479539667062,0.0147110103719936,-0.0201269623477658,0.0292546447065767,0.00314454518826578,0.0150610003188373,0.0101820446062431,0.00256891220689806,0.00185766520324288,0.00595437082095121,0.0255548171146039,0.00832178651364336,0.0326416150284208
-0.00911323664208156,-0.0186991787866387,0.0109682655066667,0.00314454518826578,0.0128857394112208,-0.00135726809711835,0.0207955676219543,0.00574688041037173,0.0306364980194749,-0.00213610708685969,0.00217173125440965,-0.00644553806430166,0.00690241044285946
0.0166446400541411,-0.0484178037249668,-0.0649764333694086,0.0150610003188373,-0.00135726809711835,0.134318094725697,0.10294123810596,0.0257996351283375,0.0150891634509259,-0.0153554861781397,-0.00157184716635769,-0.0311548593550675,-0.0363214259929411
-0.00297767112964238,-0.0516087386815476,0.0360633791320663,0.0101820446062431,0.0207955676219543,0.10294123810596,0.337001265373276,-0.00655061171389457,0.0835152374713136,0.0121577307658235,0.0394878312111253,-0.0162892886931388,-0.0984274078413868
-0.0321493832729538,-0.0166271408952958,-0.0452627334519245,0.00256891220689806,0.00574688041037173,0.0257996351283375,-0.00655061171389457,0.0450228271774576,-0.0140446077458928,-0.0196721011877714,-0.0137639024507979,-0.0254056686645195,-0.0372990186792238
0.000973970019416449,0.00652296525288133,0.0539908176469539,0.00185766520324288,0.0306364980194749,0.0150891634509259,0.0835152374713137,-0.0140446077458928,0.160083116402345,0.0118833242357219,0.0310596271338654,0.00799000235691418,0.0780553944852354
0.00757154520856513,0.000364314974205888,0.00127807116295977,0.00595437082095121,-0.00213610708685969,-0.0153554861781397,0.0121577307658235,-0.0196721011877714,0.0118833242357219,0.0350154196110312,0.0434638956257157,0.0232319372421651,0.0283125249112269
0.00891646905823873,-0.0060423727968077,-0.0139225190023658,0.0255548171146039,0.00217173125440965,-0.00157184716635769,0.0394878312111253,-0.0137639024507979,0.0310596271338654,0.0434638956257157,0.100642393219336,0.0186442733245956,0.0279543363018312
0.0381107580111466,0.0624693771409451,-0.0144809049275093,0.00832178651364336,-0.00644553806430166,-0.0311548593550675,-0.0162892886931388,-0.0254056686645195,0.00799000235691418,0.0232319372421651,0.0186442733245956,0.105649164229585,-0.00722654986628986
0.0212916304333009,0.0851142263046303,0.0487608578884339,0.0326416150284208,0.00690241044285946,-0.0363214259929411,-0.0984274078413868,-0.0372990186792238,0.0780553944852354,0.0283125249112269,0.0279543363018312,-0.00722654986628986,0.263836229474689
