0.215701834030556,-0.00161989034459801,0.00455314065829323,-0.0283512937691361,0.00591641947844897,0.0204623249575155,0.0117009088367047,-0.0307543639587815,-0.0628241672461541,0.000100826269269367,0.0576651759446599,-0.0105519468891653,-0.000114871802618733,0.00196159199054204
-0.00161989034459801,0.0324815088775393,0.00270373833268144,0.00915432010837187,-0.0170651108095227,0.0285182634085076,0.0110613130841893,0.000915286531674991,0.0219332062566694,0.00350181347752597,0.00436175932568709,0.00794987000413968,8.87201586330652e-05,0.000172051282729476
0.00455314065829323,0.00270373833268145,0.0385246945149353,0.0252069202015474,0.000381742195128361,0.0118509848930297,0.0134133175534205,0.0116003114160459,-0.00887531442039112,0.0073913178934347,-0.00424194023835705,0.00420917513359868,-0.00444180397476614,0.000638021056077925
-0.0283512937691361,0.00915432010837187,0.0252069202015474,0.050423004699222,-0.0201221906221813,-0.00763380884891971,0.00491294816332399,0.0067030760352653,0.0191897479201436,0.000885941366967012,-0.0272192996050445,0.0102141059204839,-0.00375241523511681,0.00295280991384762
0.00591641947844897,-0.0170651108095227,0.000381742195128361,-0.0201221906221813,0.0753340609255303,0.0268570828143568,0.0130493693446324,0.0647729967782977,0.0475653443961699,0.00178612383155697,-0.0258377416459758,0.00277695143034411,-0.000536841382303344,-0.000392358894298325
0.0204623249575155,0.0285182634085076,0.0118509848930297,-0.00763380884891971,0.0268570828143568,0.0681514949759879,0.0255729091640959,0.0594143824987455,0.0250339915644355,0.011252274124292,0.00217089820549255,0.00209109792008014,0.000823636048212843,-0.00115266970857809
0.0117009088367047,0.0110613130841893,0.0134133175534205,0.00491294816332399,0.0130493693446324,0.0255729091640959,0.0171932388503602,0.031427367963311,-0.00147372406570033,0.00184588308298526,0.0142901627804873,0.004605889974506,-0.00299683387513204,5.27914644626159e-05
-0.0307543639587815,0.000915286531674991,0.0116003114160459,0.0067030760352653,0.0647729967782977,0.0594143824987455,0.031427367963311,0.247622108894019,0.00821404745287348,0.00853904021284692,0.0808406850345116,0.0185016937027164,-0.00820094958060655,-0.000364048007998718
-0.0628241672461541,0.0219332062566694,-0.00887531442039112,0.0191897479201436,0.0475653443961699,0.0250339915644355,-0.00147372406570033,0.00821404745287348,0.249423117262708,0.0112342880564762,-0.114538853787031,0.0483902472598148,0.00159881942631049,0.00331084833477425
0.000100826269269367,0.00350181347752597,0.0073913178934347,0.000885941366967012,0.00178612383155697,0.011252274124292,0.00184588308298526,0.00853904021284692,0.0112342880564762,0.00715234914543646,-0.011224822319936,-0.000550728411696819,-0.00182001847551839,-2.50086503964248e-05
0.0576651759446599,0.00436175932568709,-0.00424194023835705,-0.0272192996050444,-0.0258377416459758,0.00217089820549255,0.0142901627804873,0.0808406850345116,-0.114538853787031,-0.011224822319936,0.266219960693744,0.036800335937725,0.000349128070107584,-0.0043560994644647
-0.0105519468891653,0.00794987000413968,0.00420917513359868,0.0102141059204839,0.00277695143034411,0.00209109792008014,0.004605889974506,0.0185016937027164,0.0483902472598148,-0.000550728411696819,0.036800335937725,0.0300840352889488,-0.000481154614762447,0.000385843252524765
-0.000114871802618733,8.87201586330652e-05,-0.00444180397476614,-0.00375241523511681,-0.000536841382303344,0.000823636048212843,-0.00299683387513204,-0.00820094958060655,0.00159881942631049,-0.00182001847551839,0.000349128070107584,-0.000481154614762447,0.0057680120043028,-0.000713853283252594
0.00196159199054204,0.000172051282729475,0.000638021056077925,0.00295280991384762,-0.000392358894298325,-0.00115266970857809,5.27914644626159e-05,-0.000364048007998718,0.00331084833477425,-2.50086503964248e-05,-0.0043560994644647,0.000385843252524765,-0.000713853283252594,0.00044051123444816
