0.00503290250585944,0.00770806819591318,-0.00140121400427141,-0.000231444271101189,-0.00121510537042047,-0.00235872446984233,-0.00161824659116512,-0.00575624093130056,-0.0017180398276537,-0.000611865532521937
0.00770806819591318,0.110624154988352,0.060685877464162,0.0702089911797842,0.0544122919492095,0.040449160136159,0.0809650923889102,0.0417387477404418,0.0674432083378259,0.0249155119282595
-0.00140121400427141,0.060685877464162,0.117145768380525,0.0930958151018799,0.0759921791932723,0.0670837077634649,0.101925283491616,0.0785522394314437,0.101072612296856,0.0391049832350576
-0.000231444271101189,0.0702089911797842,0.0930958151018799,0.107057239675142,0.0685545003322565,0.0542872797560585,0.0939022616392392,0.0704236048749103,0.0839977169019226,0.0374052595600178
-0.00121510537042047,0.0544122919492095,0.0759921791932723,0.0685545003322565,0.0995649406780274,0.0445858602945203,0.0927684000285433,0.0566449898172022,0.073390167392934,0.0221059771846714
-0.00235872446984233,0.040449160136159,0.0670837077634649,0.0542872797560585,0.0445858602945203,0.0567132151752896,0.0603476773675491,0.0447484197202065,0.0609187725131626,0.031777658601973
-0.00161824659116512,0.0809650923889102,0.101925283491616,0.0939022616392392,0.0927684000285433,0.0603476773675491,0.169797349125779,0.0796672844418986,0.0944595367264418,0.0335006119115382
-0.00575624093130056,0.0417387477404418,0.0785522394314437,0.0704236048749103,0.0566449898172022,0.0447484197202065,0.0796672844418986,0.080781472724777,0.0748239942059038,0.0245227111163359
-0.0017180398276537,0.0674432083378259,0.101072612296856,0.0839977169019226,0.073390167392934,0.0609187725131626,0.0944595367264418,0.0748239942059038,0.132545084807119,0.0400207018361572
-0.000611865532521937,0.0249155119282595,0.0391049832350576,0.0374052595600178,0.0221059771846714,0.031777658601973,0.0335006119115382,0.0245227111163359,0.0400207018361572,0.0462786702775096
