0.186012809407722,-0.0122895442128367,0.0114523732783491,-0.0065978602273543,0.0898714195864469,0.00505178631394863,0.0196042819078734,-0.0353273734741048,-0.0141239222052778,0.0100584576176903,0.00665770282451293,-0.00331355062092695,-0.00229669142181803,0.0409867034643138,-0.00593644782921339,-0.0167373609366795,0.012657737538705,0.0126766137552945,-0.00816322652218711,-0.0123302993783314,0.0129443616782755,-0.00212352486529463,-0.0171706456547276,0.0322715511139162
-0.0122895442128367,0.0302730612612812,-0.00481173517633412,0.0123781656074804,0.000265797672940216,0.0028392048389095,-0.00392322008697983,-0.00132271957804148,0.0137490923316618,-0.00239226725387697,-0.00566365747680005,0.000459196323318298,-0.00531823428305992,0.0116968891739284,-0.00411657071209507,-0.0113231720721777,0.00238737716933485,-0.0049712045527766,-0.00426981952855517,-0.00262899169504824,-0.0041262749017598,-0.00875033538725217,-0.0100839787420426,0.023020677317704
0.0114523732783491,-0.00481173517633412,0.0732145094050088,0.00444787702809681,0.00222925087457866,0.0124537112657237,0.00375730019679351,-0.00402170921442395,-0.00750524207240805,-0.00316691725312321,0.0177573206721162,0.0316434832626194,0.000787308186535696,0.0238978889197385,-0.00144835155424645,-0.0107809094119576,0.00824732041801449,0.00702364737984138,0.00328799865864921,-0.0115030762079348,0.0173557198421456,0.000877365313891391,0.00473080457327,-0.014335476377684
-0.00659786022735429,0.0123781656074804,0.00444787702809681,0.0243031162350505,0.00182008118903149,0.00242196520571623,-0.00532697558701913,-0.0123307232212647,0.0101021219191232,-0.00208028906735251,0.00377987095639376,9.53461555495652e-05,-0.00137752057611249,0.0147616444033208,-0.00390693207049967,-0.0132001459395381,0.00872516226657315,-0.000953497361501942,0.0117006542638591,0.00200943616368237,0.00667274514330702,-0.00350033774885168,-0.0172351198657307,0.00684807657131567
0.0898714195864469,0.000265797672940216,0.00222925087457866,0.00182008118903149,0.178119194693736,0.00792496012419947,0.00805872126655315,0.00815842559292845,0.0195855015141841,-0.00627315417828042,-0.000759082724122562,0.000632070947924746,0.000924545639560003,-0.0251832798968984,-0.0113501131803305,-0.0206961489317604,0.0182516957084533,0.0164315152290342,-0.00736979551754751,-0.028281948175177,0.0186136486987583,-0.0117671319686544,-0.0171703396362779,0.02236265166906
0.00505178631394863,0.0028392048389095,0.0124537112657237,0.00242196520571623,0.00792496012419947,0.0924045856392558,0.011627186739431,0.0169181404735509,-0.000634020024192904,0.0149588608968132,-0.0232860624914182,0.00672745996117861,0.0126559140057083,0.00752363804463136,0.00478024421054162,-0.00778971806285654,-0.00415714843140548,-0.00380885348275545,0.0032050494448395,0.00363235644841837,-0.0110640560847465,-0.0116776161332395,0.00337419843595904,0.0400889998147175
0.0196042819078734,-0.00392322008697983,0.00375730019679351,-0.00532697558701913,0.00805872126655315,0.011627186739431,0.0457110494130178,-0.0196511547691181,0.00597173138198178,0.00654835805686953,0.00788366830201486,0.0033843144214256,0.0189133076089152,0.00382243998296325,0.00899478253715641,-0.000471780313262025,0.0187490721432225,0.00361834281113164,-0.00150447344206168,-0.00722426805394126,0.000653275764836498,0.00349859013109949,-0.0171606779974014,0.013955328202846
-0.0353273734741048,-0.00132271957804148,-0.00402170921442395,-0.0123307232212647,0.00815842559292845,0.0169181404735509,-0.0196511547691181,0.123421770063324,0.0290866888680298,0.00384766866158524,0.0139011084941355,0.00697731581035204,0.00494551804453526,0.0287804879161447,-0.0149306651725736,0.0222527106580512,0.00532179552860846,0.00517004416467767,-0.00424949709509106,0.0346894815416019,-0.0530659903766193,-0.00167408121993332,0.00653768094953559,-0.00251199481732299
-0.0141239222052778,0.0137490923316618,-0.00750524207240805,0.0101021219191232,0.0195855015141841,-0.000634020024192904,0.00597173138198178,0.0290866888680298,0.133305383837538,0.00251572462468923,-0.0159041835179354,0.00648490560223822,0.0149431610394729,0.0331009990523561,-0.00952688700208513,0.0310706973044738,0.0120931729699087,0.0093695285854153,0.00638010256260261,0.00103311708531408,-0.0439817962926792,0.00229846557216415,-0.0432516999034566,0.02010461786859
0.0100584576176903,-0.00239226725387697,-0.00316691725312321,-0.00208028906735251,-0.00627315417828042,0.0149588608968132,0.00654835805686953,0.00384766866158524,0.00251572462468923,0.0419453250044348,-0.0143640605287928,0.00352574717025986,0.021012775463075,0.0126981833908722,0.000769214794008808,0.00753720854865758,-0.00864577523335492,-0.00869595436582538,-0.00239375504490045,-0.0211424889907138,0.00182820562904576,0.00873020875608929,0.00599625858357477,-0.00517747285312972
0.00665770282451293,-0.00566365747680005,0.0177573206721162,0.00377987095639376,-0.000759082724122562,-0.0232860624914182,0.00788366830201486,0.0139011084941355,-0.0159041835179354,-0.0143640605287928,0.135513551231226,0.00544635786163404,-0.01405985506004,0.0244632872737572,0.00010412976667371,-0.00653160228971915,0.0161338991301714,-0.00589084014164631,0.00286563197976134,0.0175766476240928,0.0170293291823521,-0.00153436148141299,-0.0340547667412628,0.0251787702171484
-0.00331355062092695,0.000459196323318298,0.0316434832626194,9.53461555495652e-05,0.000632070947924746,0.00672745996117861,0.0033843144214256,0.00697731581035204,0.00648490560223822,0.00352574717025986,0.00544635786163404,0.0354202957271443,0.0105634807419215,0.0174605999307681,0.00101617314230753,0.00295851227853706,0.00189383091082483,0.00207773864714504,-0.00176354399769347,-0.000478056399116965,0.00241281289273849,0.00823937978611301,-0.00767559598109058,-0.00529786585919403
-0.00229669142181803,-0.00531823428305992,0.000787308186535696,-0.00137752057611249,0.000924545639560003,0.0126559140057083,0.0189133076089152,0.00494551804453525,0.0149431610394729,0.021012775463075,-0.01405985506004,0.0105634807419215,0.160118449348356,0.00993981592536103,0.00291892525964502,-0.00793260827448656,0.0091414872371534,-0.000241595414944017,-0.00471210837515146,-0.00271735304720358,-0.0141871223805878,0.00190766702631817,0.0265597896726431,-0.0529291385794685
0.0409867034643138,0.0116968891739284,0.0238978889197385,0.0147616444033208,-0.0251832798968984,0.00752363804463136,0.00382243998296325,0.0287804879161447,0.0331009990523561,0.0126981833908722,0.0244632872737572,0.0174605999307681,0.00993981592536103,0.242367489497787,-0.00966489575726432,-0.0254072014082775,0.0368697875669956,0.0182562350070496,0.00832189351687409,-0.0155277359152992,-0.0188309497982521,-0.00789449380234431,-0.0356077865710152,0.00612463889472797
-0.00593644782921339,-0.00411657071209507,-0.00144835155424645,-0.00390693207049967,-0.0113501131803305,0.00478024421054162,0.00899478253715641,-0.0149306651725736,-0.00952688700208513,0.000769214794008808,0.00010412976667371,0.00101617314230753,0.00291892525964502,-0.00966489575726432,0.0367720837218288,0.0102809953259347,-0.00377470782472623,-0.0143523758603785,0.00647462574869338,-0.00276238848284061,0.00809586737416684,-0.00113113848188449,0.00922476332488991,-0.00179870453878073
-0.0167373609366795,-0.0113231720721777,-0.0107809094119576,-0.0132001459395381,-0.0206961489317604,-0.00778971806285654,-0.000471780313262025,0.0222527106580512,0.0310706973044738,0.00753720854865758,-0.00653160228971915,0.00295851227853706,-0.00793260827448656,-0.0254072014082775,0.0102809953259347,0.182741673814451,-0.029288099653659,0.00909995827901931,-0.00281704601719094,0.0154313199041078,-0.0329391782486882,0.0131761834124196,-0.0196037002799743,0.00274282646953621
0.012657737538705,0.00238737716933485,0.00824732041801448,0.00872516226657315,0.0182516957084533,-0.00415714843140548,0.0187490721432225,0.00532179552860846,0.0120931729699087,-0.00864577523335492,0.0161338991301714,0.00189383091082483,0.0091414872371534,0.0368697875669956,-0.00377470782472623,-0.029288099653659,0.100964098754251,0.0142607902976079,-0.00906049206726222,0.0224471738037092,-0.032817727906246,-0.0022277240862668,-0.0323730739281951,-0.00641844667787102
0.0126766137552945,-0.0049712045527766,0.00702364737984138,-0.000953497361501942,0.0164315152290342,-0.00380885348275545,0.00361834281113164,0.00517004416467767,0.0093695285854153,-0.00869595436582538,-0.00589084014164631,0.00207773864714504,-0.000241595414944017,0.0182562350070496,-0.0143523758603785,0.00909995827901931,0.0142607902976079,0.103484784668955,-0.0515633446437243,-0.000472377174156385,-0.00984855114093173,-0.00306188028373137,-0.00794286943389187,0.00469599298023008
-0.00816322652218711,-0.00426981952855517,0.00328799865864921,0.0117006542638591,-0.00736979551754751,0.0032050494448395,-0.00150447344206168,-0.00424949709509106,0.00638010256260261,-0.00239375504490045,0.00286563197976134,-0.00176354399769347,-0.00471210837515146,0.00832189351687409,0.00647462574869338,-0.00281704601719094,-0.00906049206726222,-0.0515633446437243,0.0592819660770275,0.0041713124218829,0.0075592119638752,0.00656985008636962,-0.000988159414601896,-0.00108822606790657
-0.0123302993783314,-0.00262899169504824,-0.0115030762079348,0.00200943616368238,-0.028281948175177,0.00363235644841837,-0.00722426805394126,0.0346894815416019,0.00103311708531408,-0.0211424889907138,0.0175766476240928,-0.000478056399116965,-0.00271735304720358,-0.0155277359152992,-0.00276238848284061,0.0154313199041078,0.0224471738037092,-0.000472377174156385,0.0041713124218829,0.154179117044306,-0.146870823330304,-0.00271257028221667,-0.0272468414225875,0.0152885584431425
0.0129443616782755,-0.0041262749017598,0.0173557198421456,0.00667274514330702,0.0186136486987583,-0.0110640560847465,0.000653275764836498,-0.0530659903766193,-0.0439817962926792,0.00182820562904576,0.0170293291823521,0.00241281289273849,-0.0141871223805878,-0.0188309497982521,0.00809586737416683,-0.0329391782486882,-0.032817727906246,-0.00984855114093173,0.0075592119638752,-0.146870823330304,0.202055259730137,-0.00421238751246404,0.0306574637933876,-0.0132315252361461
-0.00212352486529463,-0.00875033538725217,0.000877365313891391,-0.00350033774885168,-0.0117671319686544,-0.0116776161332395,0.00349859013109949,-0.00167408121993332,0.00229846557216415,0.00873020875608929,-0.00153436148141299,0.00823937978611301,0.00190766702631817,-0.00789449380234431,-0.00113113848188449,0.0131761834124196,-0.0022277240862668,-0.00306188028373137,0.00656985008636962,-0.00271257028221667,-0.00421238751246403,0.025368059326433,-0.000473954120678585,-0.0183087201828173
-0.0171706456547276,-0.0100839787420426,0.00473080457327,-0.0172351198657307,-0.0171703396362779,0.00337419843595904,-0.0171606779974014,0.00653768094953559,-0.0432516999034566,0.00599625858357477,-0.0340547667412628,-0.00767559598109058,0.0265597896726431,-0.0356077865710152,0.00922476332488991,-0.0196037002799743,-0.0323730739281951,-0.00794286943389187,-0.000988159414601896,-0.0272468414225875,0.0306574637933876,-0.000473954120678584,0.190429823002069,-0.159833408240341
0.0322715511139162,0.023020677317704,-0.014335476377684,0.00684807657131567,0.02236265166906,0.0400889998147175,0.013955328202846,-0.00251199481732299,0.02010461786859,-0.00517747285312972,0.0251787702171484,-0.00529786585919403,-0.0529291385794685,0.00612463889472797,-0.00179870453878073,0.00274282646953621,-0.00641844667787102,0.00469599298023008,-0.00108822606790657,0.0152885584431425,-0.0132315252361461,-0.0183087201828173,-0.159833408240341,0.228657396501015
