0.168654737267559,-0.00457207722539383,0.0306039925798082,-0.00463478498946604,0.0405687942916754,0.0119845807406617,-0.00500342873764886,-0.0126313255548323,-0.00685791496456552,0.00161877364898664,0.00794687498611734,0.00361444725009401,-0.000972428611967529,0.0157039924527119,-0.00755168896196192,-0.0171222391431114,0.0054395699576652,0.0148220588482744,-0.00334477830679198,-0.0096757494081295,0.0118799379583156,0.00281726102265684,-0.0186611607082001,0.0101046593355378
-0.00457207722539383,0.0300812552174861,-0.00450927064433965,0.0182698629747552,0.00761812643942387,0.00668143358378551,-0.000140571025857572,0.00747554310812636,0.0211058035178546,-9.75870747671452e-05,-0.00474422499400349,-0.000879990024251844,-0.00284280972588891,0.0160819991554743,-0.0052109931493359,-0.00666904841284329,0.00682946194083131,0.00331778094618662,0.0028838547233268,-0.00799626374126378,-0.00828517953598851,-0.00367048170363906,-0.0144661139506411,0.00777381196730052
0.0306039925798082,-0.00450927064433965,0.0795006838215503,-0.00588041862211593,0.00493706013177576,0.0168287778013432,0.00160881336970437,0.00368572643770651,-0.0114646834120567,0.00523592706509949,0.00619215909076395,0.0180020028485982,-0.00240944106799524,0.00689656303931248,0.00869950831632366,0.00645933957599906,-0.00173469265019016,-0.00225356854238963,0.0025663511443462,-0.00948368274873669,0.0137277196959728,-7.73431367821227e-05,0.00176303557621721,0.00605619142773368
-0.00463478498946604,0.0182698629747551,-0.00588041862211593,0.0240362427207167,0.007058382904051,0.00212446031017781,-0.000541673013423761,0.00275119269634161,0.0202966130299714,0.00195984412021646,-0.00486323495952591,0.00101785495991736,-0.000452578068986469,0.02325488112256,-0.00158141761592936,-0.0076762635070464,0.00935447809883754,0.00273261062884983,0.00255803577973717,0.000333221987148376,-0.0119135239417633,-0.00174617985241732,-0.0116000661228124,-0.00369087262314434
0.0405687942916754,0.00761812643942387,0.00493706013177576,0.007058382904051,0.155138400417828,0.0125124491771475,0.00115588024648903,0.0289063794813957,0.00377818146083958,0.0106312749338297,-0.0030846270407228,-0.0105768194387659,-0.00762251808957922,0.0243901403377167,-0.00352877433478827,-0.00432015525544414,0.0142313601177503,0.0229960057695087,-0.00788623522060322,0.00514355176240431,-0.0172335977211288,-0.00388766721890756,-0.0125990594604301,0.0124530965100488
0.0119845807406617,0.00668143358378551,0.0168287778013432,0.00212446031017781,0.0125124491771475,0.0914771425015488,0.00290859592924762,0.0275387563365804,0.0131307478150374,0.0185812062142301,-0.0075342522957312,0.00160610540444924,0.00385681432429071,0.00375365373958075,-0.00396365000924269,-0.0117665881817665,0.00945751437763696,-0.00329910035394204,-0.000294354692257687,-0.0192257370802346,-0.000607742729524388,-0.0135991152322032,-0.00512005354214541,0.0233050195693146
-0.00500342873764886,-0.000140571025857572,0.00160881336970437,-0.000541673013423761,0.00115588024648903,0.00290859592924762,0.0570582536663262,-0.0038264006715457,-0.00359153651502733,-0.000618977200571559,-0.0104328564031451,-0.00141715903758016,0.0131286837407621,-0.000573120243403002,0.00462599785278409,0.0029422210980485,-0.00242136145862367,-0.00798045119793208,0.00332188672845445,-0.00895237057421117,0.00824354131461829,-0.000699289872646012,0.00361223755991882,0.00120699780502566
-0.0126313255548323,0.00747554310812636,0.00368572643770651,0.00275119269634161,0.0289063794813957,0.0275387563365804,-0.0038264006715457,0.127985930963745,0.0247966648637078,0.0147293039089056,-0.00421382556619753,0.0012233763219719,0.0193201272828458,0.0156999856823653,-0.00152562506966047,0.00206864219462418,0.00988161136726627,0.0063433588186364,-0.00217520797160273,0.0150222453817247,-0.0454016080834977,-0.00739601122043833,0.00132298143999711,0.00231923006874108
-0.00685791496456552,0.0211058035178546,-0.0114646834120567,0.0202966130299714,0.00377818146083958,0.0131307478150374,-0.00359153651502733,0.0247966648637078,0.128159633841693,0.00848749757941077,-0.00958845333089754,-0.00108183034661518,0.0193206775639357,0.0251663374586433,-0.0158226548468061,-0.00370774343503779,0.018282968556864,0.0148764395246935,0.0034506348569879,-0.00796891113198319,-0.0658402997387162,-0.00361791760567532,-0.0349548000731599,0.0115462241719223
0.00161877364898664,-9.75870747671452e-05,0.00523592706509949,0.00195984412021646,0.0106312749338297,0.0185812062142301,-0.000618977200571559,0.0147293039089056,0.00848749757941077,0.0375846968488289,-0.00497639421805989,0.00686797583541003,0.0121718599925454,0.0200668250723032,0.00184780301810839,0.00842396290444072,0.0111962854336875,-0.000374191011559508,-0.000973327429239415,-0.0115395030060975,-0.00677882738687159,0.00418935756791081,0.000319317031146448,-0.0158848146534688
0.00794687498611734,-0.00474422499400349,0.00619215909076395,-0.00486323495952591,-0.0030846270407228,-0.0075342522957312,-0.0104328564031451,-0.00421382556619753,-0.00958845333089754,-0.00497639421805989,0.125640733091684,-0.00650309937581443,-0.00179375067476915,-0.0145960526223157,0.00136455206890146,0.00753022959376027,-0.00477739023386221,0.00923954534376704,-0.00474823446125946,0.00928210761303144,-0.00556732211580842,0.00121558709656871,-0.002468865589429,0.0110387411013003
0.00361444725009401,-0.000879990024251844,0.0180020028485982,0.00101785495991736,-0.0105768194387659,0.00160610540444924,-0.00141715903758016,0.0012233763219719,-0.00108183034661518,0.00686797583541003,-0.00650309937581443,0.0366741740564958,0.00747143552244912,0.00728906830866279,0.00123167130113117,0.00161322785640998,-0.00183619706314068,0.00442650163008963,0.000188064967829974,-0.00105877638656097,-0.000173646710994321,0.00381975100277589,0.0029960770412513,-0.000783697350372366
-0.000972428611967529,-0.00284280972588891,-0.00240944106799524,-0.000452578068986469,-0.00762251808957922,0.00385681432429071,0.0131286837407621,0.0193201272828458,0.0193206775639357,0.0121718599925454,-0.00179375067476915,0.00747143552244912,0.148242907380679,-0.00660408193463288,0.00736672245266152,0.00981755331586244,0.0145687871261605,-0.00185277713247342,-0.00261075095984673,-0.0058776598553557,-0.0326283735516972,0.00377482639774946,0.0194549841287538,-0.0316212697477644
0.0157039924527119,0.0160819991554743,0.00689656303931248,0.02325488112256,0.0243901403377167,0.00375365373958075,-0.000573120243403002,0.0156999856823653,0.0251663374586433,0.0200668250723032,-0.0145960526223157,0.00728906830866279,-0.00660408193463288,0.247855248984676,-0.01656878432341,-0.0072359118322593,0.010600291120177,0.00320157965646541,0.0014198432025232,-0.0104675425239084,-0.00100463211413611,-0.00885349983048651,-0.0479993959525635,0.00254007420922302
-0.00755168896196192,-0.0052109931493359,0.00869950831632366,-0.00158141761592936,-0.00352877433478827,-0.00396365000924269,0.00462599785278408,-0.00152562506966047,-0.0158226548468061,0.00184780301810839,0.00136455206890146,0.00123167130113117,0.00736672245266152,-0.01656878432341,0.0452417993924269,0.0185879656275188,0.000261803669742998,-0.00288147562669113,0.000829032952744114,0.00605212461233846,0.00164994911679197,0.00221528823295026,0.0135917276237436,-0.0089647561765088
-0.0171222391431114,-0.00666904841284329,0.00645933957599906,-0.0076762635070464,-0.00432015525544414,-0.0117665881817665,0.0029422210980485,0.00206864219462418,-0.00370774343503779,0.00842396290444072,0.00753022959376027,0.00161322785640998,0.00981755331586244,-0.0072359118322593,0.0185879656275188,0.192435020040012,-0.0263012403010691,0.00615462795927809,-0.00581484762653677,0.0090724366260583,-0.0144508481241684,0.0129956948990283,0.00627877142787962,-0.00714054728545299
0.0054395699576652,0.00682946194083131,-0.00173469265019016,0.00935447809883754,0.0142313601177503,0.00945751437763696,-0.00242136145862367,0.00988161136726627,0.018282968556864,0.0111962854336875,-0.00477739023386221,-0.00183619706314068,0.0145687871261605,0.010600291120177,0.000261803669742998,-0.0263012403010691,0.0892758840131916,0.00438336663875002,-0.00273595436043021,0.000780086080626928,-0.0156168346944771,-0.00226998672567356,-0.022980823995873,-0.00846245005676284
0.0148220588482744,0.00331778094618662,-0.00225356854238963,0.00273261062884983,0.0229960057695087,-0.00329910035394204,-0.00798045119793208,0.0063433588186364,0.0148764395246935,-0.000374191011559508,0.00923954534376704,0.00442650163008963,-0.00185277713247342,0.00320157965646541,-0.00288147562669113,0.00615462795927809,0.00438336663875002,0.098910418555617,-0.0365524155012373,0.00431635519801926,-0.0123864215716693,0.00144823476022253,-0.0129875724080749,-0.000143671217320957
-0.00334477830679198,0.0028838547233268,0.0025663511443462,0.00255803577973717,-0.00788623522060322,-0.000294354692257687,0.00332188672845445,-0.00217520797160273,0.0034506348569879,-0.000973327429239415,-0.00474823446125946,0.000188064967829974,-0.00261075095984673,0.0014198432025232,0.000829032952744114,-0.00581484762653677,-0.00273595436043021,-0.0365524155012373,0.0367274121074531,0.00119908192866783,-0.000895629241301867,-0.00123644541487645,0.00154300750756207,-0.000366198728776779
-0.0096757494081295,-0.00799626374126378,-0.00948368274873669,0.000333221987148376,0.00514355176240431,-0.0192257370802346,-0.00895237057421117,0.0150222453817247,-0.00796891113198319,-0.0115395030060975,0.00928210761303144,-0.00105877638656097,-0.0058776598553557,-0.0104675425239084,0.00605212461233846,0.0090724366260583,0.000780086080626928,0.00431635519801926,0.00119908192866783,0.142559853176468,-0.116043322690245,0.00215212690892677,0.00182658512582454,0.00143239290528912
0.0118799379583156,-0.00828517953598851,0.0137277196959728,-0.0119135239417633,-0.0172335977211288,-0.000607742729524388,0.00824354131461829,-0.0454016080834978,-0.0658402997387162,-0.00677882738687159,-0.00556732211580842,-0.000173646710994321,-0.0326283735516972,-0.00100463211413611,0.00164994911679197,-0.0144508481241684,-0.0156168346944771,-0.0123864215716693,-0.000895629241301867,-0.116043322690245,0.20305776668761,-0.0043851699920799,0.00968557637371143,-0.00183431906915431
0.00281726102265684,-0.00367048170363906,-7.73431367821227e-05,-0.00174617985241732,-0.00388766721890756,-0.0135991152322032,-0.000699289872646012,-0.00739601122043833,-0.00361791760567532,0.00418935756791081,0.00121558709656871,0.00381975100277589,0.00377482639774946,-0.00885349983048651,0.00221528823295026,0.0129956948990283,-0.00226998672567356,0.00144823476022253,-0.00123644541487645,0.00215212690892677,-0.0043851699920799,0.0247769643885436,-0.00629427217540982,-0.0159539056514479
-0.0186611607082001,-0.0144661139506411,0.00176303557621721,-0.0116000661228124,-0.0125990594604301,-0.00512005354214541,0.00361223755991882,0.00132298143999711,-0.0349548000731599,0.000319317031146448,-0.002468865589429,0.0029960770412513,0.0194549841287538,-0.0479993959525635,0.0135917276237436,0.00627877142787962,-0.022980823995873,-0.0129875724080749,0.00154300750756207,0.00182658512582454,0.00968557637371143,-0.00629427217540982,0.151828304567557,-0.121146194745284
0.0101046593355378,0.00777381196730052,0.00605619142773368,-0.00369087262314434,0.0124530965100488,0.0233050195693146,0.00120699780502566,0.00231923006874108,0.0115462241719223,-0.0158848146534688,0.0110387411013003,-0.000783697350372366,-0.0316212697477644,0.00254007420922302,-0.0089647561765088,-0.00714054728545299,-0.00846245005676284,-0.000143671217320957,-0.000366198728776779,0.00143239290528912,-0.00183431906915431,-0.0159539056514479,-0.121146194745284,0.231368204823792
