0.000522002267601216,-0.000915712545331947,9.19386590526759e-05,-0.00107475055945557,-0.00111857520004377,0.000182503732132877,-0.00145758160408949,3.14079856723624e-05,-0.000299270835398666,-0.000351833475356771
-0.000915712545331947,0.0988745207461458,0.0669746817934763,0.0605888156902628,0.0485794904819724,0.0349373318931709,0.0663154402513658,0.0472258541396935,0.0388748878629925,0.0240575355617066
9.19386590526759e-05,0.0669746817934763,0.126687468527544,0.106920067523358,0.0894527076577635,0.0648801899241427,0.0972766799486814,0.0736927859246671,0.0844598242347746,0.0246100126080783
-0.00107475055945557,0.0605888156902628,0.106920067523358,0.11256803879612,0.0848330837897805,0.0600904025700515,0.103465493531448,0.0647379568641931,0.0694575601159486,0.0181405708375973
-0.00111857520004377,0.0485794904819724,0.0894527076577635,0.0848330837897805,0.113958628483132,0.0502953563755169,0.105539438914992,0.0690637104398221,0.0686924305563263,0.0296600445140322
0.000182503732132877,0.0349373318931709,0.0648801899241427,0.0600904025700515,0.0502953563755169,0.0596572916574541,0.0700758238666588,0.0484072385179999,0.0383494465506463,0.0183021063533582
-0.00145758160408949,0.0663154402513658,0.0972766799486814,0.103465493531448,0.105539438914992,0.0700758238666588,0.175496725661117,0.0907818062701028,0.069180046156618,0.0380368007622986
3.14079856723624e-05,0.0472258541396935,0.0736927859246671,0.0647379568641931,0.0690637104398221,0.0484072385179999,0.0907818062701028,0.0781592675670422,0.0636509124932006,0.0210386412956021
-0.000299270835398666,0.0388748878629926,0.0844598242347746,0.0694575601159486,0.0686924305563263,0.0383494465506463,0.069180046156618,0.0636509124932006,0.0951830770835753,0.0124741098232748
-0.000351833475356771,0.0240575355617066,0.0246100126080783,0.0181405708375973,0.0296600445140322,0.0183021063533582,0.0380368007622986,0.0210386412956021,0.0124741098232748,0.0416766519971444
