0.178779181099033,8.48711980519071e-05,0.00801430076627342,-0.000881576694163635,0.0301567001369816,0.00750796580813634,4.58043182827827e-05,-0.0112013095787734,-0.00556532519054429,-0.00066913912620736,-0.0052740588711682,-0.0025879165896405,-0.00509088992786762,-0.00416347329784296,-0.00590075375208563,-0.0181088594281193,0.00371818507248304,0.0147129055052256,0.00033685759510699,-0.00263268900530906,0.0197639462473634,-0.0022302196492137,0.0132017685184448,-0.00250749970093871
8.48711980519071e-05,0.0346439022900372,0.00044726091618315,0.0165964575335509,0.00760869139297369,0.00950596828281096,0.00493230932995667,0.00271469998971417,0.0145132183707797,-0.00497722570955117,-0.00638119444790692,0.00206885580523751,0.0038865956405972,0.00530434156600843,-0.00714598702718672,-0.0138982862260735,0.00777842586699497,0.00308582999153139,-0.000426509376686052,-0.007318619300617,-0.00271852649750793,-0.001136363437174,-0.0119782110964739,0.0153999580607012
0.00801430076627342,0.00044726091618315,0.0745723956120416,-0.000794300898229105,0.00426864605647002,0.0151809803522817,0.000752759786818511,-0.0019071917303108,-0.00420476015798728,0.0075602159101992,0.0137051766712148,0.0195755118053435,-0.0109031239626432,0.0062730855754797,0.0050044369054117,0.00419332667612432,0.00864406006995238,0.00285590867207624,0.00250171850242166,-0.0128033097772479,0.00605052112632157,0.00156696676251393,-0.00269832164650079,0.00270271358595609
-0.000881576694163635,0.0165964575335509,-0.000794300898229105,0.0253821681810578,0.0033363360982648,-0.00251143878464393,0.00253285725232869,0.00562653334500198,0.0138088026268535,-0.00506875220885589,-0.00442686435070158,0.00351165977615467,0.00174358973298217,0.020963095486056,-0.0014487906710724,-0.00647599124852179,0.0178963200539548,0.00252015148354903,0.000790944313786502,-0.00386622016308077,-0.0044670528339456,0.000541653715883917,-0.0101762699808866,-0.0101081506249176
0.0301567001369816,0.00760869139297369,0.00426864605647002,0.0033363360982648,0.141781793115872,0.0111337379020696,-0.00106424840567872,-0.00125193017897093,-0.00645949740456797,0.00774913557337377,-0.0121234792549811,-0.00345579733193532,0.0172569723059674,0.0182403579981143,0.00131467556287564,0.0144333594930071,0.00984352564675262,0.014056023050819,-0.00425506993698223,-0.00249786838334797,-0.00239775085033504,0.00561954943193661,-0.006883191382929,0.003160148182014
0.00750796580813634,0.00950596828281096,0.0151809803522817,-0.00251143878464393,0.0111337379020696,0.100559777119581,0.0107051623807054,0.0211430402503077,0.00844383849687083,0.0122943591214645,-0.01089022274464,0.00691434196575878,0.0116218359881653,0.000211908278288487,-0.00646643119932641,-0.00682014104949014,-0.000359632330432091,0.00259719110885308,-0.000577942400386964,-0.0108507538119315,0.00500462595734118,-0.0149488929424174,-0.0167095875802587,0.0372261256835558
4.58043182827827e-05,0.00493230932995667,0.000752759786818511,0.00253285725232869,-0.00106424840567872,0.0107051623807054,0.0518768403633617,-0.00503132535435058,0.00792726993432813,-0.000909458628094396,-0.00941182880441039,0.00197988415104535,0.014144827459876,-0.00207590837390001,-0.000734345766648827,-0.00289581129851657,0.00722696051678795,-0.00187702849492646,0.000447820448452506,-0.00681371911851698,-0.00610806264233046,-0.00377409263279394,0.012496013238462,-0.00444007209032128
-0.0112013095787734,0.00271469998971417,-0.0019071917303108,0.00562653334500198,-0.00125193017897093,0.0211430402503077,-0.00503132535435058,0.1291516782394,0.0256930687981669,0.0210906513828063,-0.000973687138215982,0.00603461468240027,0.00961769515761931,0.0159259550658408,0.00234189662052602,-0.00255271093045265,0.0180438427950094,-0.000253239629041565,-0.000125141914337895,0.019017837957131,-0.0561259880496068,-0.00104174229330296,-0.012857987231499,0.0140589038280527
-0.00556532519054429,0.0145132183707797,-0.00420476015798728,0.0138088026268535,-0.00645949740456797,0.00844383849687083,0.00792726993432813,0.0256930687981669,0.121654317282322,0.00417228000825238,-0.0121153517062194,0.00414738702788755,0.00386684225393408,0.023114774190739,-0.016534735047563,-0.00224089782055085,0.0228199070608321,0.0182485783456223,-0.00219904604997956,-0.0133050891030144,-0.0524137838458434,-0.000949766647885482,-0.033538351877957,-0.00270025442442873
-0.00066913912620736,-0.00497722570955117,0.0075602159101992,-0.00506875220885589,0.00774913557337377,0.0122943591214645,-0.000909458628094396,0.0210906513828063,0.00417228000825238,0.0381442568328436,0.00274831741696433,0.00569861305707938,0.00893978297528122,0.0070343367002254,0.00196029608195805,0.00930595719531944,-0.000540743512874245,0.000634448468542086,-0.000308039701998737,-0.0171923908614231,-0.00107601635671528,0.00252218973535238,-0.00164565682137536,-0.00507493039505325
-0.0052740588711682,-0.00638119444790692,0.0137051766712148,-0.00442686435070158,-0.0121234792549811,-0.01089022274464,-0.00941182880441039,-0.000973687138215982,-0.0121153517062194,0.00274831741696433,0.111639473956907,0.000241558966744551,-0.028891252403705,-0.00745434603900097,0.00595770107695009,-0.00147593152377357,0.000468814849779404,0.00205177712144401,-0.00316339777983248,0.0103644137902424,-0.00583825150947139,0.00467972786843009,-0.000584979868928518,0.00100050688078212
-0.0025879165896405,0.00206885580523751,0.0195755118053435,0.00351165977615467,-0.00345579733193532,0.00691434196575878,0.00197988415104535,0.00603461468240028,0.00414738702788755,0.00569861305707938,0.000241558966744551,0.0341260752820398,0.00850853966926066,0.00907413758590515,0.00128334957467586,0.00241185168990237,0.00176004536811395,0.00289800876653155,0.000730288238596944,-0.00661546889447773,0.00424319814082934,0.00156695196924121,-0.000127237920126512,-0.0023903947088118
-0.00509088992786762,0.0038865956405972,-0.0109031239626432,0.00174358973298217,0.0172569723059674,0.0116218359881653,0.014144827459876,0.00961769515761931,0.00386684225393408,0.00893978297528122,-0.028891252403705,0.00850853966926066,0.143527969015929,-0.00378156067251077,0.00753433534657813,0.0265570357197955,0.00407630729870972,-0.00882294042609048,-0.00118751604067868,-0.0111402795436217,-0.00446911594100217,-7.07104902184008e-05,0.0251304353630307,-0.0100275357913427
-0.00416347329784295,0.00530434156600843,0.0062730855754797,0.020963095486056,0.0182403579981143,0.000211908278288487,-0.00207590837390002,0.0159259550658408,0.023114774190739,0.0070343367002254,-0.00745434603900097,0.00907413758590515,-0.00378156067251077,0.242719467022739,-0.00807984095259032,-0.0141418206379174,0.0221605374916931,0.0222998856355534,-0.0105578365791446,0.00409910046580453,-0.018567420449504,-0.00321538072845452,-0.056558176088063,-0.018768205609178
-0.00590075375208563,-0.00714598702718672,0.0050044369054117,-0.0014487906710724,0.00131467556287564,-0.00646643119932641,-0.000734345766648827,0.00234189662052602,-0.016534735047563,0.00196029608195805,0.00595770107695009,0.00128334957467586,0.00753433534657813,-0.00807984095259032,0.0416923373761998,0.0153655834958976,-0.0056658415431667,-0.00329239020246151,0.00036546901478816,0.0049074860385511,0.00222692445973397,0.00257068508838077,0.0103861015302242,-0.00725300483114357
-0.0181088594281193,-0.0138982862260735,0.00419332667612432,-0.00647599124852179,0.0144333594930071,-0.00682014104949014,-0.00289581129851657,-0.00255271093045265,-0.00224089782055085,0.00930595719531944,-0.00147593152377357,0.00241185168990237,0.0265570357197955,-0.0141418206379174,0.0153655834958976,0.180229792755246,-0.0282539761916757,0.0087733512512725,-0.00744971857931952,-0.00984094262250217,0.00439677788799172,0.00985289668751761,0.015596669597228,-0.027356001841527
0.00371818507248304,0.00777842586699497,0.00864406006995238,0.0178963200539548,0.00984352564675262,-0.000359632330432091,0.00722696051678795,0.0180438427950094,0.0228199070608321,-0.000540743512874245,0.000468814849779404,0.00176004536811395,0.00407630729870972,0.0221605374916931,-0.0056658415431667,-0.0282539761916757,0.108793301458969,0.0105971704287423,-0.00593398951836148,0.013822760606082,-0.030883417866089,-0.0049156408601537,-0.0135254942056874,-0.0118973435356485
0.0147129055052256,0.00308582999153139,0.00285590867207624,0.00252015148354903,0.014056023050819,0.00259719110885308,-0.00187702849492646,-0.000253239629041565,0.0182485783456223,0.000634448468542086,0.00205177712144401,0.00289800876653155,-0.00882294042609048,0.0222998856355534,-0.00329239020246151,0.0087733512512725,0.0105971704287423,0.0908884730710012,-0.0387444308260918,0.0120157214576645,-0.0193051287972991,-0.00104332452040026,-0.00932895243203091,-0.00351326490650124
0.00033685759510699,-0.000426509376686052,0.00250171850242166,0.000790944313786502,-0.00425506993698223,-0.000577942400386965,0.000447820448452506,-0.000125141914337895,-0.00219904604997956,-0.000308039701998737,-0.00316339777983248,0.000730288238596944,-0.00118751604067868,-0.0105578365791446,0.00036546901478816,-0.00744971857931952,-0.00593398951836148,-0.0387444308260918,0.0396817200476751,-0.00345376222917982,0.00372098682760313,0.00316590809687875,0.000503455336443286,-0.000524251176042835
-0.00263268900530906,-0.007318619300617,-0.0128033097772479,-0.00386622016308077,-0.00249786838334797,-0.0108507538119315,-0.00681371911851698,0.019017837957131,-0.0133050891030144,-0.0171923908614231,0.0103644137902424,-0.00661546889447773,-0.0111402795436217,0.00409910046580453,0.0049074860385511,-0.00984094262250217,0.013822760606082,0.0120157214576645,-0.00345376222917982,0.135364643488901,-0.113586402795371,0.00225855055340996,0.00276877924939922,-0.00423461063360239
0.0197639462473634,-0.00271852649750793,0.00605052112632157,-0.0044670528339456,-0.00239775085033504,0.00500462595734118,-0.00610806264233046,-0.0561259880496068,-0.0524137838458434,-0.00107601635671528,-0.00583825150947139,0.00424319814082934,-0.00446911594100217,-0.018567420449504,0.00222692445973397,0.00439677788799172,-0.030883417866089,-0.0193051287972991,0.00372098682760313,-0.113586402795371,0.211360814138213,-0.00500213166082799,0.0160655460751946,-0.00179931478862741
-0.0022302196492137,-0.001136363437174,0.00156696676251393,0.000541653715883917,0.00561954943193661,-0.0149488929424174,-0.00377409263279394,-0.00104174229330296,-0.000949766647885482,0.00252218973535238,0.00467972786843009,0.00156695196924121,-7.07104902184008e-05,-0.00321538072845452,0.00257068508838077,0.00985289668751761,-0.0049156408601537,-0.00104332452040026,0.00316590809687875,0.00225855055340996,-0.00500213166082799,0.0240187647866426,-0.00531453768901978,-0.0154327501207929
0.0132017685184448,-0.0119782110964739,-0.00269832164650079,-0.0101762699808866,-0.006883191382929,-0.0167095875802587,0.012496013238462,-0.012857987231499,-0.033538351877957,-0.00164565682137536,-0.000584979868928518,-0.000127237920126512,0.0251304353630307,-0.056558176088063,0.0103861015302242,0.015596669597228,-0.0135254942056874,-0.00932895243203091,0.000503455336443285,0.00276877924939922,0.0160655460751946,-0.00531453768901978,0.149041124117572,-0.113754457597202
-0.00250749970093871,0.0153999580607012,0.00270271358595609,-0.0101081506249176,0.003160148182014,0.0372261256835558,-0.00444007209032128,0.0140589038280527,-0.00270025442442873,-0.00507493039505325,0.00100050688078212,-0.00239039470881179,-0.0100275357913427,-0.018768205609178,-0.00725300483114357,-0.027356001841527,-0.0118973435356485,-0.00351326490650124,-0.000524251176042835,-0.00423461063360239,-0.00179931478862741,-0.0154327501207929,-0.113754457597202,0.237455536313049
