0.0586937348940725,-0.00538893266851965,-0.0105119759043952,0.0180694583902284,-0.0133128029696895,-0.0930778559551224,-0.00991157867418333,-0.00932605531516478,-0.0966305641549518,0.0217215386530211,-0.00145073415148333,0.0288903071505576,-0.00538829313802168
-0.00538893266851965,0.236225329027297,0.0204796803884018,0.0361185821661807,-0.010851948251697,0.0126664297452244,0.155061891399616,-0.00792619809155296,0.00881229047413576,0.0255114666750526,0.0156355469476951,0.062100580335508,0.236223173402507
-0.0105119759043952,0.0204796803884018,0.126295985839684,0.00930946796058081,0.0239178275846127,0.0555516403144828,0.110137077068511,-0.0508348367684302,0.109220260326868,0.0227131320409253,0.0348585501504452,0.0242527737945574,0.0205305430523849
0.0180694583902284,0.0361185821661807,0.00930946796058081,0.0167502604422514,-0.00211717247260331,-0.0246748850140648,0.0421412938082685,-0.00941419074882322,-0.0224050971383165,0.00378475801301183,0.00836333499373666,0.030257385820812,0.0361227216124019
-0.0133128029696895,-0.010851948251697,0.0239178275846127,-0.00211717247260331,0.0181337480878195,0.0277812522301883,0.0454725170307903,-0.00760747176585467,0.0395273020176591,0.00238866581535182,0.0351205673590695,0.0320087999190974,-0.0108447422942032
-0.0930778559551224,0.0126664297452244,0.0555516403144828,-0.0246748850140649,0.0277812522301883,0.159839678448552,0.0485529511822703,-0.00173110584350601,0.182117741927998,-0.027682422033907,0.0121669939672512,-0.0376847272357587,0.0126815767580587
-0.00991157867418333,0.155061891399616,0.110137077068511,0.0421412938082685,0.0454725170307903,0.0485529511822703,0.297085641227189,-0.0485666222371967,0.0905179593430345,0.0283146722387486,0.127267371651219,0.179917154683109,0.155094806598931
-0.00932605531516478,-0.00792619809155296,-0.0508348367684302,-0.00941419074882322,-0.00760747176585467,-0.00173110584350601,-0.0485666222371966,0.0240143093761808,-0.0234983688549316,-0.0118432238119235,-0.015531867685806,-0.0199640441408604,-0.00794791494731049
-0.0966305641549518,0.00881229047413576,0.109220260326868,-0.0224050971383165,0.0395273020176591,0.182117741927998,0.0905179593430344,-0.0234983688549316,0.228066323954131,-0.017778665177538,0.0292799721767261,-0.0268932225028117,0.00884941791848032
0.0217215386530211,0.0255114666750526,0.0227131320409253,0.00378475801301183,0.00238866581535182,-0.027682422033907,0.0283146722387486,-0.0118432238119235,-0.017778665177538,0.0490617805794042,0.0276137644121127,0.0346642061816602,0.0255182031098608
-0.00145073415148333,0.0156355469476951,0.0348585501504452,0.00836333499373666,0.0351205673590695,0.0121669939672512,0.127267371651219,-0.015531867685806,0.0292799721767261,0.0276137644121127,0.0957995662456356,0.115740886031441,0.0156425607255087
0.0288903071505576,0.062100580335508,0.0242527737945574,0.030257385820812,0.0320087999190974,-0.0376847272357587,0.179917154683109,-0.0199640441408604,-0.0268932225028117,0.0346642061816602,0.115740886031441,0.172705932475976,0.0621028975558484
-0.00538829313802168,0.236223173402507,0.0205305430523849,0.0361227216124019,-0.0108447422942032,0.0126815767580587,0.155094806598931,-0.00794791494731049,0.00884941791848032,0.0255182031098608,0.0156425607255087,0.0621028975558484,0.236221041423545
