0.0403689323629344,0.00385543246856325,0.000516416791617314,0.00104057345712423,0.00174737553338589,-0.00438812255109228,0.000255314358147772,0.0296446497512437
0.00385543246856325,0.0232174593263592,0.00416835937645707,0.000933350054661711,-0.000363907506838127,0.00618496887857992,0.0090303281810336,0.0171012031684535
0.000516416791617314,0.00416835937645707,0.0219150844922356,0.00845714996630528,0.0047019144409521,0.00969903371011939,0.000500977281727724,0.0076136554099328
0.00104057345712423,0.000933350054661711,0.00845714996630528,0.0238690436378672,0.010101584094051,0.00819534577959443,0.00235104245721252,0.00896529391604784
0.00174737553338589,-0.000363907506838127,0.0047019144409521,0.010101584094051,0.0084785232149663,0.00549101801258133,0.00652937610061547,-0.000323353596161552
-0.00438812255109228,0.00618496887857992,0.00969903371011939,0.00819534577959443,0.00549101801258133,0.0159855623801187,0.00396676609205956,0.000531530634178304
0.000255314358147772,0.0090303281810336,0.000500977281727724,0.00235104245721252,0.00652937610061547,0.00396676609205956,0.0145497761095356,-0.000477020946532403
0.0296446497512438,0.0171012031684535,0.0076136554099328,0.00896529391604784,-0.000323353596161552,0.000531530634178304,-0.000477020946532403,0.0391798536878307
