0.0613433556705469,0.0258646470791052,0.0414748574895239,-0.00356874535944453,-0.00977325163073173,-0.00100297691531708,-0.002893911114002,-0.00110410303031424,-0.00536293224189821,-0.00275632847574229,-0.0055523955949622,-0.0063766148222048,-0.00213722463258582,-0.00552275626440891,0.000704138476475276,0.00194308022169792,-0.022409183642479,-0.0490332122517282,-0.0170840152219045,-0.00828954483841027,0.00429154939588276,-0.0137871880165703
0.0258646470791052,0.0439786987999251,-0.00327206890798965,0.00904941284564749,0.00264472495360583,0.00784546257351298,0.00907165441730513,0.00776218464514222,0.00143389747725107,0.00565298892074698,0.000103187638951924,-0.000145274252731791,0.004969935094085,0.000143563337818683,0.00863940073417944,-0.00240443448903203,-0.0125053257965685,-0.0314990831626236,0.0094994792164367,0.00891538702453997,0.0166668528982491,0.00797714840771292
0.0414748574895239,-0.00327206890798965,0.0843858912721779,-0.0144014895109576,-0.0144726208013965,-0.0112484796161963,-0.0155213886874637,-0.0111850870981388,-0.017736249338134,-0.0169328019376693,-0.0199393237974921,-0.0159559732893425,-0.0134258928002891,-0.0198968894176993,-0.00999030968164559,0.016414583313101,-0.0334472167479452,-0.00991716671766394,-0.0291526693405212,-0.0298012089955756,-0.0130281011850182,-0.0255115684440635
-0.00356874535944453,0.00904941284564749,-0.0144014895109576,0.0176394370983978,0.0142535207920444,0.0155281746230791,0.0183679454064673,0.0155338571043597,0.0134932149629097,0.0157139131549714,0.0156880804221465,0.0144213036421244,0.011670202135977,0.0156814994306355,0.0106865433161009,-0.0139275007263619,0.0094343490128892,0.00187405414801243,0.0173958525194228,0.0184814164720942,0.00211992607465446,0.0166937492602464
-0.00977325163073173,0.00264472495360583,-0.0144726208013965,0.0142535207920444,0.0132291465996413,0.0124441417372937,0.0147230554671847,0.0124562021452534,0.010354442377624,0.0114859930817224,0.0123851377301095,0.010713148439693,0.00868175798845226,0.0123553099674463,0.00828484250213258,-0.00975344532140168,0.0098909854545983,0.00622019969904685,0.0144285220717413,0.0136106706956424,0.000753834982095168,0.0138207688790027
-0.00100297691531708,0.00784546257351298,-0.0112484796161963,0.0155281746230791,0.0124441417372937,0.0141672644703623,0.0164840664381172,0.0141701407936303,0.0125927245348286,0.0142461101666568,0.0148072224141394,0.0134485037240654,0.0108456196908694,0.0147920086400382,0.00988290588008457,-0.0135727488479238,0.00839525790507831,0.000493648644597547,0.0137920354150109,0.0167248423035087,0.00156644144888516,0.0138164394947938
-0.002893911114002,0.00907165441730513,-0.0155213886874637,0.0183679454064673,0.0147230554671847,0.0164840664381172,0.0196095936394294,0.0164809834490283,0.0147614730632467,0.0169989399219022,0.0172663256543126,0.0160153204201109,0.0128076768907774,0.0172577035744838,0.0114998623908815,-0.015654149728584,0.0101490639855066,0.00189541514719866,0.0177475472152887,0.0209621838250104,0.00139065840062089,0.0177192953209539
-0.00110410303031424,0.00776218464514222,-0.0111850870981388,0.0155338571043597,0.0124562021452534,0.0141701407936303,0.0164809834490283,0.0141742898300404,0.0126036347839543,0.0142511040420115,0.0148113110774963,0.0134753340057952,0.0108584926713964,0.01479590675326,0.00988471611890256,-0.013583937545842,0.00845663726761179,0.000599995376270675,0.0138043763054227,0.016731681216954,0.00155641160404343,0.0137983819401874
-0.00536293224189821,0.00143389747725107,-0.017736249338134,0.0134932149629097,0.010354442377624,0.0125927245348286,0.0147614730632467,0.0126036347839543,0.0219806317217656,0.0215651633760593,0.0257824124083179,0.0221167358724314,0.0161619171481921,0.0258054357224029,0.0100668651478936,-0.0205511782204137,0.0197421302646778,0.00290450508058742,0.0182792271779615,0.021675939052192,0.00711914934582578,0.0172848659682195
-0.00275632847574229,0.00565298892074698,-0.0169328019376693,0.0157139131549714,0.0114859930817224,0.0142461101666568,0.0169989399219022,0.0142511040420115,0.0215651633760593,0.0224510915392982,0.0250933855475828,0.0221018508649249,0.0165599453385752,0.0251257230076569,0.0111212283391965,-0.0204863971768111,0.0171187534434792,0.00116802280318504,0.0197536949992287,0.0240116065772655,0.00594922351696857,0.0185887938897733
-0.0055523955949622,0.000103187638951924,-0.0199393237974921,0.0156880804221465,0.0123851377301095,0.0148072224141394,0.0172663256543126,0.0148113110774963,0.0257824124083179,0.0250933855475828,0.0306211133732355,0.0256340550167345,0.0186749821783882,0.030643055348724,0.0116248191741995,-0.0236795025694932,0.0225130237704241,0.00344742671388274,0.0199907192805584,0.0242567562122251,0.00707706172627138,0.0192616398995483
-0.0063766148222048,-0.000145274252731791,-0.0159559732893425,0.0144213036421244,0.010713148439693,0.0134485037240654,0.0160153204201109,0.0134753340057952,0.0221167358724314,0.0221018508649249,0.0256340550167345,0.0237903594840323,0.01665523577426,0.0256696675780797,0.0101497520611656,-0.0221038372345669,0.0190860741749566,0.00714967927826534,0.019536668807759,0.0237194674902971,0.00502705051440834,0.0190838689964142
-0.00213722463258582,0.004969935094085,-0.0134258928002891,0.011670202135977,0.00868175798845226,0.0108456196908694,0.0128076768907774,0.0108584926713964,0.0161619171481921,0.0165599453385752,0.0186749821783882,0.01665523577426,0.0128851246109363,0.0186793517450176,0.0090020040526874,-0.0159070808757172,0.014767441826076,-0.00121413126535432,0.0149020746081332,0.0193862268094713,0.00605889159773421,0.0139187712948208
-0.00552275626440891,0.000143563337818683,-0.0198968894176993,0.0156814994306355,0.0123553099674463,0.0147920086400382,0.0172577035744838,0.01479590675326,0.0258054357224029,0.0251257230076569,0.030643055348724,0.0256696675780797,0.0186793517450176,0.0306667493749768,0.0116005801638786,-0.0236640236961551,0.0223704166480127,0.00356797277384059,0.0200312259320477,0.0241944682025404,0.00707253356915062,0.0192971127054048
0.000704138476475276,0.00863940073417944,-0.00999030968164559,0.0106865433161009,0.00828484250213258,0.00988290588008457,0.0114998623908815,0.00988471611890256,0.0100668651478936,0.0111212283391965,0.0116248191741995,0.0101497520611656,0.0090020040526874,0.0116005801638786,0.00819739653614209,-0.0102713326234353,0.0102481369354251,-0.00477481788934238,0.0108026357442072,0.0143358306999826,0.00408251414844646,0.00996414981176191
0.00194308022169792,-0.00240443448903203,0.016414583313101,-0.0139275007263619,-0.00975344532140168,-0.0135727488479238,-0.015654149728584,-0.013583937545842,-0.0205511782204137,-0.0204863971768111,-0.0236795025694932,-0.0221038372345669,-0.0159070808757172,-0.0236640236961551,-0.0102713326234353,0.0250376861957445,-0.0193050944172758,0.0017170106776077,-0.0167154111946531,-0.0270034014928375,-0.00713527169776494,-0.0179968406465915
-0.022409183642479,-0.0125053257965685,-0.0334472167479452,0.0094343490128892,0.0098909854545983,0.00839525790507831,0.0101490639855066,0.00845663726761179,0.0197421302646778,0.0171187534434792,0.0225130237704241,0.0190860741749566,0.014767441826076,0.0223704166480127,0.0102481369354251,-0.0193050944172758,0.065165592466233,-0.00296624708925747,0.0234980506409747,0.0245151163085033,0.0100487174068114,0.0187081454378515
-0.0490332122517282,-0.0314990831626236,-0.00991716671766394,0.00187405414801243,0.00622019969904685,0.000493648644597547,0.00189541514719866,0.000599995376270675,0.00290450508058742,0.00116802280318504,0.00344742671388274,0.00714967927826534,-0.00121413126535432,0.00356797277384059,-0.00477481788934238,0.0017170106776077,-0.00296624708925747,0.0714134308682101,0.00558904260268053,-0.0072679365159755,-0.0221792776908591,0.00592964692262883
-0.0170840152219045,0.0094994792164367,-0.0291526693405212,0.0173958525194228,0.0144285220717413,0.0137920354150109,0.0177475472152888,0.0138043763054227,0.0182792271779615,0.0197536949992287,0.0199907192805584,0.0195366688077591,0.0149020746081332,0.0200312259320477,0.0108026357442072,-0.0167154111946531,0.0234980506409747,0.00558904260268053,0.0337652143895423,0.0246028494712032,0.0144316791086022,0.0307052171798898
-0.00828954483841027,0.00891538702453997,-0.0298012089955756,0.0184814164720942,0.0136106706956424,0.0167248423035087,0.0209621838250104,0.016731681216954,0.021675939052192,0.0240116065772655,0.0242567562122251,0.0237194674902971,0.0193862268094713,0.0241944682025404,0.0143358306999826,-0.0270034014928375,0.0245151163085033,-0.0072679365159755,0.0246028494712032,0.0446238693630379,0.00772379426840202,0.0245862108202192
0.00429154939588276,0.0166668528982491,-0.0130281011850182,0.00211992607465446,0.000753834982095168,0.00156644144888516,0.00139065840062089,0.00155641160404343,0.00711914934582578,0.00594922351696857,0.00707706172627138,0.00502705051440834,0.00605889159773421,0.00707253356915062,0.00408251414844646,-0.00713527169776494,0.0100487174068114,-0.0221792776908591,0.0144316791086022,0.00772379426840202,0.0261673239247713,0.0118983621358829
-0.0137871880165703,0.00797714840771292,-0.0255115684440636,0.0166937492602464,0.0138207688790027,0.0138164394947938,0.0177192953209539,0.0137983819401874,0.0172848659682195,0.0185887938897733,0.0192616398995483,0.0190838689964142,0.0139187712948208,0.0192971127054048,0.0099641498117619,-0.0179968406465915,0.0187081454378515,0.00592964692262883,0.0307052171798898,0.0245862108202192,0.0118983621358829,0.0305236623114244
