0.0598605627472009,0.0146240316555288,0.0340013837003928,-0.00474487003372334,-0.011164554778499,-0.00332786277801431,-0.0042466207665266,-0.00332307649894885,-0.00632271837340367,-0.00495732376848257,-0.00700740932095379,-0.00448930315743735,-0.00350859586461168,-0.00706532937389337,8.99043049233157e-05,0.00199686539138071,-0.0164076990115578,-0.0284902595280804,-0.0232635248679798,-0.0127931214905988,0.00936016509014216,-0.0178798451670337
0.0146240316555288,0.0524845044936356,-0.00482297519638651,0.00480556362877784,-0.00149822987260687,0.00334625629118896,0.00317021949309978,0.00334445077442147,-0.00155773430800097,0.000170322205247036,-0.00183269526350337,-0.00142805740696846,-0.002135239366808,-0.00177790317959785,0.00689159014057713,-0.00256187233557395,-0.00932643313059781,-0.0187133763396178,-0.00401763416730599,-0.00443567814064775,0.00671550934125623,-0.004614186347461
0.0340013837003928,-0.00482297519638651,0.0769831303210403,-0.00736941657707654,-0.0094074231382915,-0.00553688874358403,-0.00343473307150138,-0.00553203983184914,-0.00188144625095357,0.000168981484261328,-0.000351699210411019,0.00147218456235976,-0.00114118871486619,-0.000387445389996321,-0.00415848885731843,0.00725911899737683,-0.0210721450674014,0.00226112703165922,-0.033901933159426,-0.0297704535387998,-0.0110353842651427,-0.0263320841730317
-0.00474487003372334,0.00480556362877784,-0.00736941657707654,0.0304723442061928,0.0236694303039264,0.0259374847018701,0.0263985104544013,0.0259368976156568,0.0235993900789837,0.0225913555540935,0.0257931366650663,0.0212512809576408,0.0178957616685871,0.0257331448507979,0.0240942969228247,-0.0211332739532514,0.0143983677075337,-0.00044391666326636,0.0241401448279576,0.0080594094716922,0.00662108743421608,0.0287818920965499
-0.011164554778499,-0.00149822987260687,-0.0094074231382915,0.0236694303039264,0.0204471243217336,0.0203695030138218,0.020454507668963,0.0203689310850764,0.0185434657500251,0.0173438061975552,0.0206138609984638,0.016344361941002,0.0131713458248811,0.0206048162294053,0.0182950660601934,-0.0162090917926512,0.0142218591291091,0.00420257029850582,0.0222444756965779,0.00836616196367358,0.00413185331780873,0.0242408624376468
-0.00332786277801431,0.00334625629118896,-0.00553688874358403,0.0259374847018701,0.0203695030138218,0.022855929735102,0.0228562955529402,0.0228541468371786,0.0209805090209094,0.0199586343054617,0.023025843551838,0.018915714096443,0.0159187262975028,0.0229791272390233,0.0209200044966422,-0.0185137597095925,0.0126363394132434,7.58089309191463e-05,0.0207640459020478,0.00543714141945045,0.00630739308488796,0.0241709729270818
-0.0042466207665266,0.00317021949309978,-0.00343473307150138,0.0263985104544013,0.020454507668963,0.0228562955529402,0.0247290404082998,0.0228551990090607,0.022510664079924,0.0217159278976445,0.0243110928081306,0.0215009292469765,0.0177769138365902,0.0242309383189805,0.0207383435307289,-0.0191342531664487,0.0125738810815676,0.00365391443564031,0.0228233006244318,0.00713565162469253,0.00567766307852064,0.0276013049632186
-0.00332307649894885,0.00334445077442147,-0.00553203983184914,0.0259368976156568,0.0203689310850764,0.0228541468371786,0.0228551990090607,0.0228523879605617,0.0209773734962589,0.0199558515859717,0.0230230737746343,0.018912965005008,0.015915931133739,0.022976356380217,0.0209196290362773,-0.0185128455019853,0.0126320279940893,7.17837017512899e-05,0.0207667920279624,0.00543466439227388,0.00630625177077709,0.0241737367302974
-0.00632271837340367,-0.00155773430800097,-0.00188144625095357,0.0235993900789837,0.0185434657500251,0.0209805090209094,0.022510664079924,0.0209773734962589,0.0318279380701817,0.0293037798238014,0.0354367283824521,0.0300268089928322,0.0238658593566906,0.0353485545664535,0.01919634411318,-0.0228668864881814,0.0182951060811188,0.00489897248336927,0.0227620419470857,0.00898537505318769,0.00846905416731976,0.0266511864500425
-0.00495732376848257,0.000170322205247036,0.000168981484261328,0.0225913555540935,0.0173438061975552,0.0199586343054617,0.0217159278976445,0.0199558515859717,0.0293037798238014,0.0274851032489032,0.0323788588428888,0.0280027020812323,0.0223635987728111,0.0322830832809188,0.0182629768074817,-0.0209462059847357,0.01551611546906,0.00379329582866029,0.0208460600709355,0.00760148944681678,0.00762007668133482,0.0249949684449026
-0.00700740932095379,-0.00183269526350337,-0.000351699210411019,0.0257931366650663,0.0206138609984638,0.023025843551838,0.0243110928081306,0.0230230737746343,0.0354367283824521,0.0323788588428888,0.0401954893002138,0.0331535258639473,0.0255558281758403,0.0401299242428,0.0210598917833839,-0.026023878975405,0.0195133714858235,0.00580780953063883,0.0237879058702632,0.00879448381491301,0.00827858556706615,0.0276193460063386
-0.00448930315743735,-0.00142805740696846,0.00147218456235976,0.0212512809576408,0.016344361941002,0.018915714096443,0.0215009292469765,0.018912965005008,0.0300268089928322,0.0280027020812323,0.0331535258639473,0.0298567741781452,0.0232025892487464,0.0330412277659477,0.01726106452897,-0.0216521217776728,0.0154067808707311,0.00652436187580098,0.0210593279801479,0.00810391973175457,0.00865679402988814,0.0258644035277172
-0.00350859586461168,-0.002135239366808,-0.00114118871486619,0.0178957616685871,0.0131713458248811,0.0159187262975028,0.0177769138365902,0.015915931133739,0.0238658593566906,0.0223635987728111,0.0255558281758403,0.0232025892487464,0.0199578721468979,0.0254230699274186,0.0145735518102389,-0.0170212206269024,0.0151719149846051,0.00341712826629619,0.0183835242565852,0.00725222601630515,0.00824681828121825,0.0225136859545035
-0.00706532937389337,-0.00177790317959785,-0.000387445389996321,0.0257331448507979,0.0206048162294053,0.0229791272390233,0.0242309383189805,0.022976356380217,0.0353485545664535,0.0322830832809188,0.0401299242428,0.0330412277659477,0.0254230699274186,0.0400675164464636,0.021025266411296,-0.0259684246477395,0.0194557630321078,0.00577077983278287,0.0237164116249611,0.00875125050276436,0.00818756666210382,0.0274583380527687
8.99043049233157e-05,0.00689159014057713,-0.00415848885731843,0.0240942969228247,0.0182950660601934,0.0209200044966422,0.0207383435307289,0.0209196290362773,0.01919634411318,0.0182629768074817,0.0210598917833839,0.01726106452897,0.0145735518102389,0.021025266411296,0.0209137852279141,-0.01745705372854,0.0112731878339999,-0.00544637829562408,0.017975314399759,0.00555534156322503,0.0068048406762298,0.020443488148585
0.00199686539138071,-0.00256187233557395,0.00725911899737683,-0.0211332739532514,-0.0162090917926512,-0.0185137597095925,-0.0191342531664487,-0.0185128455019853,-0.0228668864881814,-0.0209462059847357,-0.026023878975405,-0.0216521217776728,-0.0170212206269024,-0.0259684246477395,-0.01745705372854,0.0276738947403215,-0.0190183943145257,0.00319982555490046,-0.0212158580633828,-0.00678625315084255,-0.0090238880687839,-0.023158080098371
-0.0164076990115578,-0.00932643313059781,-0.0210721450674014,0.0143983677075337,0.0142218591291091,0.0126363394132434,0.0125738810815676,0.0126320279940893,0.0182951060811188,0.01551611546906,0.0195133714858235,0.0154067808707311,0.0151719149846051,0.0194557630321078,0.0112731878339999,-0.0190183943145257,0.0518268452112921,-0.000541441440894067,0.0319015945633021,0.019751569399589,0.00633082760815227,0.0286253503999124
-0.0284902595280804,-0.0187133763396178,0.00226112703165922,-0.00044391666326636,0.00420257029850582,7.58089309191463e-05,0.00365391443564031,7.17837017512899e-05,0.00489897248336927,0.00379329582866029,0.00580780953063883,0.00652436187580098,0.00341712826629619,0.00577077983278287,-0.00544637829562408,0.00319982555490046,-0.000541441440894067,0.057060405194393,-0.00143875455927766,-7.26376689556052e-05,-0.0132945988879278,0.00496416288477624
-0.0232635248679798,-0.00401763416730599,-0.033901933159426,0.0241401448279576,0.0222444756965779,0.0207640459020478,0.0228233006244318,0.0207667920279624,0.0227620419470857,0.0208460600709355,0.0237879058702632,0.0210593279801479,0.0183835242565852,0.0237164116249611,0.017975314399759,-0.0212158580633828,0.0319015945633021,-0.00143875455927766,0.0484463903839536,0.0273475338546634,0.0160458371061556,0.0457325636736178
-0.0127931214905988,-0.00443567814064775,-0.0297704535387998,0.0080594094716922,0.00836616196367358,0.00543714141945045,0.00713565162469253,0.00543466439227388,0.00898537505318769,0.00760148944681678,0.00879448381491301,0.00810391973175457,0.00725222601630515,0.00875125050276436,0.00555534156322503,-0.00678625315084255,0.019751569399589,-7.26376689556052e-05,0.0273475338546634,0.0392977318073409,0.0161041360504317,0.0256594762664985
0.00936016509014216,0.00671550934125623,-0.0110353842651427,0.00662108743421608,0.00413185331780873,0.00630739308488796,0.00567766307852064,0.00630625177077709,0.00846905416731976,0.00762007668133482,0.00827858556706615,0.00865679402988814,0.00824681828121825,0.00818756666210382,0.0068048406762298,-0.0090238880687839,0.00633082760815227,-0.0132945988879278,0.0160458371061556,0.0161041360504317,0.0256044883196915,0.016064148861925
-0.0178798451670337,-0.004614186347461,-0.0263320841730317,0.0287818920965499,0.0242408624376468,0.0241709729270818,0.0276013049632186,0.0241737367302974,0.0266511864500425,0.0249949684449026,0.0276193460063386,0.0258644035277172,0.0225136859545035,0.0274583380527687,0.020443488148585,-0.023158080098371,0.0286253503999124,0.00496416288477624,0.0457325636736178,0.0256594762664985,0.016064148861925,0.0490867462670595
