3934.02390919646,-198.760054603594,55.8729259444962,-65.6829090766076,457.0701068613,0.320576009422021,839.971643306556,-211.179281590357,-498.987646567717,74.9301871867949,162.756232946466,260.034776855067,523.830358968494,-230.964587550173,-54.7610842050339,563.634210085309,152.886111330217,521.879615998949,-460.049227632421,-130.41043052571,156.007458425417,-506.399578038979,257.86965447648,632.444809618154,714.864616648815,-527.689471029886,229.938822725205,229.861351032972,-388.752707396817,-509.451094139946,203.003180299403,158.581184710092,224.781147064292,-666.324584710018,-440.832663287511,626.794302686384,1494.29628365427,-249.662801308981,17.3327939341966,0.188483285474036,-325.404408127461,-157.261969967802,-0.00199858729423709,1000.30278805163,20.6894999563932,-0.0681828466419236,432.481141236393,0.312110761488251,338.805963503901,-0.0612102524868515,0.128705011230838,-363.635906242901,-43.4260974502639,-313.482622070475,-89.8920054326438,-428.815681115828,-134.044712366127,103.593778439613,70.0355346202996,51.2575913298685
-198.760054603594,1438.17173010487,-113.54832581686,-138.522066739976,242.43464399097,0.122959742909059,-147.891587419381,-246.290335716062,193.83160068144,-150.619634367011,287.747881380823,-197.087562663996,269.533696775119,-235.84608820932,-18.8844611827187,295.312715953324,364.061686714104,-230.599184380365,411.940273050367,301.147694479692,374.041840272618,-183.591431219892,1058.4549749254,341.256101473078,-195.96620158843,382.065191704274,-338.890286302192,-126.943851380108,-145.661535132122,301.89902805243,-110.350267127498,-149.629367946513,-293.517870690842,267.834279450688,-162.82663703568,-214.012529876069,-352.767496787874,-92.2438638087621,734.975018780155,0.0407866876385898,292.181199911704,653.170364861233,0.0264588573522803,-157.20728725362,298.975717115319,0.0359952285604846,227.750591769318,0.137724717721141,-188.449828161726,-0.00295430012922637,0.0665558639269536,-131.444260784534,663.623176193456,362.929307605656,-196.042376062102,204.773805159986,-197.231277763896,-101.321824965152,-246.919649615028,-102.209222428517
55.8729259444962,-113.54832581686,1906.97095510942,551.370755541889,-192.776663662234,0.184768115142923,-227.336800820974,747.133655289428,-285.650968894658,162.136691215897,194.722923727551,20.184122204473,-169.165794264632,-33.3533047181963,-29.4754000380552,-235.763340828974,-230.649925432678,-356.298255132961,-257.955022303052,1106.28775768766,228.371878653481,-286.501540605972,-226.574446879677,-338.546416154335,707.923204781717,207.393612162284,-56.27365416557,268.48851387332,-224.954549650221,-295.385581686831,237.328358717008,683.562708562274,376.760125795947,526.827969934162,-252.064505768392,1145.5514925639,454.993862033235,-143.104918191042,942.276814505904,0.0942788751987782,-183.464706830088,815.802661262264,0.0112528369330577,-245.272247206066,139.021522034134,-0.0109818060502278,124.524039251999,0.188095836245422,53.8485204092962,-0.0259282093604993,0.0820130539982554,-206.891518565386,-286.184086705435,-177.554718834453,-306.070888457342,-244.691323420789,22.2125775761642,774.572979970193,-383.90273191682,-159.342886036944
-65.6829090766076,-138.522066739976,551.370755541889,1932.54038074596,-235.876266390456,0.226362628450407,11.2724913751555,501.138832420806,-347.353000609133,-285.669295154189,-174.118228238948,744.661685423143,-207.407181288767,696.096122349057,-36.4690520936525,-289.059316016025,-283.236484973518,-437.840481262829,122.141892929139,-91.4828105121272,111.545888865853,69.4627876111016,-277.308332553932,14.3028257262978,65.9878670717852,69.4608608807689,-242.109493173001,558.952277793021,105.076491231608,-362.287159035286,490.353002604041,107.235576169913,1228.55570997207,-80.5746665224419,-308.607198608968,15.4134861015051,187.697368752959,-174.963994604325,13.1924141299595,0.123810365000241,85.5621601906657,-109.178002708966,0.00660748738200799,-302.093738875123,11.2994564346954,-0.0298404609127139,-222.399943976087,0.225690262031474,-62.4887190048151,-0.0371765341767435,0.0959431313623712,538.451005669159,-27.1621312879543,-216.470919914321,247.631431878823,-299.265991549235,-376.006634850443,73.5329834595589,50.2616467280914,35.5305761794206
457.0701068613,242.43464399097,-192.776663662234,-235.876266390456,2271.01385993233,0.202837027941507,121.646610322008,405.371826865396,421.098770587924,-254.896193050176,-157.570615313722,-335.508892941116,182.042306408111,329.042369459735,-33.1667682364055,-260.041185500777,-254.638180760927,1140.01997622717,278.072980751086,-473.203183831785,251.436193934534,223.221715812887,918.063471547526,-369.775540850007,222.84140420731,787.079415296202,-61.0056303799423,-212.971173019733,-243.145791255276,-321.298705152478,-188.922989046548,-254.231907822062,-43.8346984171988,-417.499031352269,-276.180194366036,174.482161005569,-55.4523579511835,305.325061118636,584.983380384381,0.105385599944665,196.172122857543,29.8642548549782,0.0107227719331949,48.3786197764048,151.444844295828,-0.0157776922054077,470.340134914728,0.205411458636981,-323.211426949412,-0.0296929202349208,0.0890038160974903,109.662741502914,508.973900457976,263.689874201001,-336.221308268784,84.0924306133612,23.7345716637614,167.154842337605,241.319499988224,119.277799475869
0.320576009422021,0.122959742909059,0.184768115142923,0.226362628450407,0.202837027941507,0.0025317898647139,0.232616712605829,-0.543081541624537,-0.132131048373694,0.230147786533622,0.135830237712469,-0.469270416048586,0.157733819980399,0.362579940478499,0.0251238400772011,0.229162331534422,0.220752671201419,0.337837462499701,0.241603132796832,0.421594703631273,0.295602626138819,0.295966759984695,0.228504270303807,0.346835337029259,0.547010567355718,0.330912484851945,-1.50457192859517,0.229866761383788,0.2560734509551,0.323280971537594,0.19859454916341,0.25241467344694,0.468639087590514,0.389700040580739,0.259245616193898,0.334018842655363,0.552912000978269,0.141780127035281,0.281917961393199,-0.00430823349257748,0.179354577225948,0.376149062272184,0.00499316130857709,0.256548952433162,0.319148962633258,0.0108954115678184,0.19409628381787,0.00577876969815685,0.310749649756303,0.00329249252792371,0.00417907343125532,0.20014166684898,0.28813067973209,0.179687168399024,0.295600013801599,0.244045766335441,0.317187947925299,0.159145075953312,0.389798682586451,0.171946683277029
839.971643306556,-147.891587419381,-227.336800820974,11.2724913751555,121.646610322008,0.232616712605829,2749.30245107102,-496.092138893427,-365.548999878025,595.32439375648,197.141787306734,-397.429662339026,-221.263042102727,282.032777904616,-40.5756031736089,-308.180715519422,216.218425756821,71.3955976621444,-340.849837141225,20.9941090587982,749.130794949544,-375.618500177932,309.954327050908,127.685455264287,186.490356821832,-388.411943057486,-149.484222730306,272.98668078129,715.221317154622,-380.46900162865,-218.626136735455,219.769516880034,-588.39949863391,-491.423543104018,-327.152157572464,127.323486658319,423.643048592546,-184.593220409031,-353.842430242918,0.1684626199804,172.612553372487,-471.812262183689,-0.0288376164890388,341.459676466105,-378.641411684195,-0.111991989094884,457.381669453696,0.208355100966643,-379.096613031413,-0.0650609751631318,0.0760988790272708,80.2560747776558,480.122259929599,-233.132239639353,422.32858777389,411.177071097112,-395.298300599077,-204.361530742116,-150.454701327419,-205.315613926201
-211.179281590357,-246.290335716062,747.133655289428,501.138832420806,405.371826865396,-0.543081541624537,-496.092138893427,4901.90876663699,227.450201732354,493.739377497502,-312.136823692526,568.379333407032,55.5641425855844,1313.23916736627,-64.2414707942349,-514.390761874941,-501.819406993744,414.268393892652,737.393408761016,1008.61159386744,77.4585274845284,609.98106429442,-496.427162617642,-733.165821923993,-12.7264929733558,-14.0876857760505,630.065753976517,158.576534621688,-492.128692065422,-91.4783671975864,141.425051395222,72.1843620613435,586.171143392241,313.851493594068,-552.295997761297,-103.901308571097,67.5081269780153,225.39990773834,942.19507182904,2.38844959832737,-404.117787685907,-797.324972602392,-2.33635154447508,-535.644806407157,462.96235613284,-5.22539927396975,381.966230682675,-2.07667213212061,243.620041472969,-1.66007608360793,-1.69532860022159,-61.9798868887312,-628.171374391287,-388.054894062374,-207.517208074723,-535.141986775591,166.288415524432,445.142340503444,-453.829537030334,-5.96176861666083
-498.987646567717,193.83160068144,-285.650968894658,-347.353000609133,421.098770587924,-0.132131048373694,-365.548999878025,227.450201732354,3308.03786795661,-378.941369557878,147.908823559431,-129.72465954223,105.340718114408,159.892758078241,-47.315987275526,-380.103169914392,-373.491283300978,479.32269636212,738.249777775804,-124.252328802804,-378.151479558121,84.086943078225,236.849524234045,577.245601593477,-486.015705105711,88.1971371889347,212.201388527029,205.657312995111,134.549367898629,-476.21020871684,-278.428520441459,-376.135455152862,-271.810706569151,-623.025044586529,707.237793100523,-540.047120932427,-324.846031650903,243.707096777953,12.141415939355,1.16876598192632,-297.301546406486,1175.5786739987,-1.07622028710928,256.32669000509,987.043589799255,-2.43046020845202,52.2036238966735,-0.841196421550693,-83.675941804627,-0.786682445577627,-0.733085276022171,356.295619219695,384.864944726292,184.756871762986,-491.856045301392,687.961136674431,-124.880784185906,-253.650525025664,-618.962970395547,-254.959455733469
74.9301871867949,-150.619634367011,162.136691215897,-285.669295154189,-254.896193050176,0.230147786533622,595.32439375648,493.739377497502,-378.941369557878,3394.29457322857,-190.652718713644,23.7545838861855,224.34038637663,-486.487049489909,-38.3425984919545,-313.919724357032,911.07387062126,152.571004989129,-346.895319061976,106.68275406579,-310.899353924112,269.029823999533,-301.915111837302,-447.917153802776,946.329639650494,-401.429630921549,553.339707654968,360.118188207111,294.94984069855,-391.305755941814,-229.571365424544,911.323050141232,504.275456343021,1310.00314076019,-337.624094619357,209.711631264547,604.325934601151,-193.731384729397,174.518149081906,0.203711135950987,-244.584615295518,-484.839364605316,-0.0605343399707016,58.9648927512847,-387.190915828566,-0.18385596243089,167.164828912029,0.184971160483863,539.004757621219,-0.0884952014798203,0.0550848699501703,-272.773024150882,-381.078911095095,322.728666767024,77.4611995081496,101.255452861388,31.0472599580023,619.118852163998,-107.594988036733,-212.302713956108
162.756232946466,287.747881380823,194.722923727551,-174.118228238948,-157.570615313722,0.135830237712469,197.141787306734,-312.136823692526,147.908823559431,-190.652718713644,1806.75566270685,-249.430261513803,-139.082799318411,-298.822159080157,-26.1072023524156,-194.34101289949,331.955278474583,-288.57063033496,-213.603408242532,814.543864784643,335.863958843904,-236.570005956929,-186.977589270748,-272.499265760146,-243.45299430533,-242.886756436915,-428.039709145084,-157.963960019533,-181.196497556146,-237.686644610592,-137.14598938161,-187.699378853951,106.17921450894,205.767115206636,361.745725569183,290.394359718,697.574896630884,-115.575359826587,236.784703689066,0.134061898212754,-149.581646334646,150.380661168053,-0.0476805645426727,-200.342869771011,254.897203884613,-0.135796698851038,-148.31959682913,0.101259022596065,-241.190610267286,-0.0612400261285612,0.0249627239366509,181.441636554163,194.473688022925,333.638753463286,-246.002218531041,-199.883619444209,126.292094036855,-129.696467420735,31.556307958961,-129.173764118479
260.034776855067,-197.087562663996,20.184122204473,744.661685423143,-335.508892941116,-0.469270416048586,-397.429662339026,568.379333407032,-129.72465954223,23.7545838861855,-249.430261513803,3408.34612051617,71.2162883034676,455.196428318241,-51.99570228882,23.8600621338576,98.8514349587678,-615.69031673907,670.996158163117,928.364278143408,93.6199059495118,564.57607826226,-396.654232459284,-42.5860440885069,-523.91240906812,589.956718747871,-914.84455090016,165.918220605334,92.7604975389546,-40.3727437757292,591.182091115433,-405.57238568631,116.258241450108,-174.524246555939,-440.060438432981,-580.244427240429,-412.965154924975,-249.251265258078,407.135633011331,2.33148388241426,-322.695219683201,-639.355425885325,-2.25008921274265,846.799392275414,-512.317954668641,-5.04313705080583,-315.915868760032,-1.9474359244602,-135.012814939531,-1.60879517842265,-1.61093896296141,-359.498102301179,-89.0746412437402,151.894996055834,262.904734536203,-425.339242641898,-533.880928768295,64.5988236395641,-338.021031276597,-278.907214302892
523.830358968494,269.533696775119,-169.165794264632,-207.407181288767,182.042306408111,0.157733819980399,-221.263042102727,55.5641425855844,105.340718114408,224.34038637663,-139.082799318411,71.2162883034676,2114.53011613778,-354.444492444171,-29.5309402424173,220.702161482355,808.640367059736,187.215568191143,913.305434163505,162.090282217773,826.151194101756,825.588621641276,383.669856476154,796.988404246951,-291.443661262462,-291.995445254801,19.4577344465024,-190.221726030901,284.238980830873,207.09687805542,-168.345386423767,-222.527742271969,501.60104746151,143.676201251134,316.379583342253,-318.928200465243,600.649657687103,-135.724250551842,196.281600442268,0.177043800517113,234.28307951033,91.2432174864368,-0.073829302432552,-235.179419277902,-280.114236607784,-0.199833218259203,170.914608993347,0.1053749819564,-283.147219900982,-0.0850311015538662,0.0173326944873313,-199.470043111442,575.11368615345,-171.856956656985,-293.540834244479,-234.371616048162,77.557630320221,200.346068638825,313.296022982385,-155.805413584979
-230.964587550173,-235.84608820932,-33.3533047181963,696.096122349056,329.042369459735,0.362579940478499,282.032777904616,1313.23916736627,159.892758078241,-486.487049489909,-298.822159080157,455.196428318241,-354.444492444171,4086.86439542456,-62.247078392783,-490.861969412758,-479.739609677005,311.643611260319,611.366513830604,-326.161566776031,553.534379814143,495.01408673577,-471.725202568147,-140.365232401693,-619.162647088355,-55.0528304879346,-575.563168542072,633.447073868526,-467.359014289081,365.796488149803,555.118724280666,30.2404326951366,449.913310689384,219.045280378426,31.1098318874673,-691.113022936649,-581.200806824784,177.738604578257,-114.87741117361,0.296182691010191,-383.055006914634,-757.729818218179,-0.0739823976419468,-185.880397978944,359.493552070202,-0.240835916536057,309.546257567483,0.305555473592772,-219.387433416184,-0.123296779973918,0.100284092469709,257.310040175917,-174.562621634608,-368.878577986705,-229.36353221096,573.509158424796,104.071808755048,-327.562147041017,-115.830721072714,272.988745758852
-54.7610842050339,-18.8844611827187,-29.4754000380552,-36.4690520936525,-33.1667682364055,0.0251238400772012,-40.5756031736089,-64.2414707942349,-47.315987275526,-38.3425984919545,-26.1072023524156,-51.99570228882,-29.5309402424173,-62.247078392783,425.910898338566,-41.504559150635,-37.5731888084428,-57.3683632639269,-44.2003381250172,-73.9665073335405,-40.7296959687323,-49.1676634399073,-40.7668468650135,-58.7398656623323,-52.8614755237111,-52.3514495298891,-91.9115355436221,-34.3910657235954,-38.3993356171443,-50.0481489798522,-29.9467210347167,-41.0860807317473,-78.101956378351,-66.5475841954472,-45.4863409254326,-57.8610205388472,508.993821247282,-23.0766986992064,-46.9354357775977,0.0324094074839112,-30.9099604274244,-63.4006894617971,-0.0153972290393989,-43.9927672994453,-50.0183914797417,-0.0401331886605619,-30.832180295429,0.0143774839193664,370.063826026359,-0.016285969910171,0.000463936360119557,-36.2133584134257,-51.5029820805174,-30.2869556691778,-52.0828286320703,-40.6446923184701,-51.1298826106938,-27.2127015413312,299.790593178606,296.640570733455
563.634210085309,295.312715953324,-235.763340828974,-289.059316016025,-260.041185500777,0.229162331534422,-308.180715519422,-514.390761874941,-380.103169914392,-313.919724357032,-194.34101289949,23.8600621338576,220.702161482355,-490.861969412758,-41.504559150635,3424.88460866835,300.998333667718,-474.93843907251,340.333886070459,-579.654915615484,309.391891555307,-387.163545799156,413.055344753588,884.420659119616,952.460540754559,965.064157921141,-79.377600279297,-262.586706961668,-299.28024011284,192.445739173429,317.742126341133,304.567876045066,-49.4256280677462,-512.951880917121,-337.860781014639,214.552937090984,-61.9723127326416,-190.289329558223,176.216720632206,0.196956764556923,240.836734247177,37.3328117453874,-0.0551924815696758,843.001941543246,189.033820526287,-0.171466558504728,166.519361693832,0.187541748135697,74.1317648154157,-0.0842848025546507,0.0580581578172072,134.624895835072,627.329007647743,-236.41711901379,76.6519391345866,-325.790364284943,-407.453839242403,206.602047757196,-513.318388978269,-213.463745562109
152.886111330217,364.061686714104,-230.649925432678,-283.236484973518,-254.638180760927,0.220752671201419,216.218425756821,-501.819406993744,-373.491283300978,911.07387062126,331.955278474583,98.8514349587678,808.640367059736,-479.739609677005,-37.5731888084428,300.998333667718,3905.49986820039,969.632006816041,-339.083355041336,1010.37812883091,-304.685340858048,374.633275673401,-299.009958737115,322.152160926867,-394.415111763865,-396.783757714578,-697.234776481696,-261.72249614789,385.291444448371,-390.471604148791,-228.706476451757,-304.461440130745,677.971509733284,193.967659160095,428.842561402795,-438.072904929891,47.3317551119567,-188.701302653824,-359.448598064408,0.208477888761473,-242.511862324135,121.791241151419,-0.0693677701373672,-324.454649782903,-385.541023661024,-0.202155458517983,-236.463371037945,0.169941334488443,-385.101268444726,-0.0934043987178936,0.0456985730682267,-273.739360350652,-377.443503842771,-235.334748864368,711.712655513587,170.730536755617,-401.529743503386,269.656657000752,427.550881118687,-210.965357475133
521.879615998949,-230.599184380365,-356.298255132961,-437.84048126283,1140.01997622717,0.337837462499701,71.3955976621444,414.268393892652,479.32269636212,152.571004989129,-288.57063033496,-615.69031673907,187.215568191143,311.643611260319,-57.3683632639269,-474.93843907251,969.632006816041,5893.15947923209,285.745454296097,-869.9613078742,-476.495680876549,184.248941374938,-462.344145316841,102.996278227628,980.823613605992,993.919490158848,-1072.31562685226,332.914377296017,-450.005124244328,-596.970449374362,-348.033419790579,255.240658666298,386.411488623499,-778.903531008849,267.454072209766,99.8952461032752,463.839442445765,1039.38579597498,84.5509456386981,0.336891091360179,196.774018544651,-740.930176645901,-0.121573973418417,-501.361182090933,764.465319423682,-0.344562637401081,114.645143032724,0.24987850573044,-46.5224983514669,-0.154564873513395,0.060204124743858,61.7093692787445,-581.662091338792,-360.826421058265,521.56385680743,-494.863016714706,-616.57008287393,170.49486637129,653.511086668905,-324.542280047937
-460.049227632421,411.940273050367,-257.955022303052,122.141892929139,278.072980751086,0.241603132796832,-340.849837141225,737.393408761016,738.249777775804,-346.895319061975,-213.603408242532,670.996158163117,913.305434163505,611.366513830604,-44.2003381250172,340.333886070459,-339.083355041336,285.745454296097,4957.91857666137,-637.78314724462,459.620683114895,1268.27388663626,589.780743911419,361.482275354424,-442.96488756694,-448.759926883806,27.6603471860156,-293.095996060601,-331.056896575656,314.238216116797,-258.632303686919,-343.619457055099,43.1536809880798,-570.733017698401,483.660481620652,-496.196066645604,-815.900560682139,520.84668042332,995.840891369309,0.266846114742143,356.113262301866,139.790430603745,-0.109340100013578,-366.236370881448,314.925829135059,-0.297538021675472,789.837044251885,0.16388217942269,-435.602675417171,-0.127420022024846,0.0289134822149032,-308.613903688734,1531.03478739739,-262.598394466723,169.933995656336,-361.610604116421,-450.577106190381,-231.80880330056,-570.486333717933,-237.351876379668
-130.41043052571,301.147694479692,1106.28775768766,-91.4828105121272,-473.203183831785,0.421594703631273,20.9941090587982,1008.61159386744,-124.252328802804,106.68275406579,814.543864784643,928.364278143408,162.090282217773,-326.161566776031,-73.9665073335405,-579.654915615484,1010.37812883091,-869.9613078742,-637.78314724462,7785.21875630181,224.334534918672,136.436870920112,368.26198441472,31.3634264292947,-733.013285768183,1020.90944322952,-494.743567158975,-489.748818234491,978.111433338945,-730.858546273143,985.215576326849,-568.911565951195,311.432671192192,-159.198694477426,-618.673913718302,879.269590981231,376.655947097342,-349.615830092215,725.901639296834,0.376012413532599,-453.27874815415,459.337308847043,-0.113348203653999,-103.547904813526,26.9532845382866,-0.342407958830716,-445.560801068237,0.337211516260255,-123.595381508183,-0.163962854563326,0.099354405538709,-514.327812916302,-705.961793062608,293.090590314259,-125.048613796916,505.751074064291,381.831554238357,686.194919612965,-947.734992259796,-392.272219164038
156.007458425417,374.041840272618,228.371878653481,111.545888865853,251.436193934534,0.295602626138819,749.130794949544,77.4585274845284,-378.151479558121,-310.899353924112,335.863958843904,93.6199059495117,826.151194101756,553.534379814143,-40.7296959687323,309.391891555307,-304.685340858048,-476.495680876549,459.620683114895,224.334534918672,4069.79669533159,378.629690559005,535.227931341152,-447.48654892928,-399.016004278168,396.450072241361,25.6935567029778,-266.045517151417,396.385987534174,289.198836597334,410.557866779223,-307.099762657941,-606.602384173623,198.92009921496,-337.178201395155,320.558716463739,-736.739029441823,-189.695901090329,902.260676265775,0.00105050602980807,322.934209318089,-487.695087386157,0.147427881765522,128.679071046357,-386.812213831566,0.277868349410157,714.831471194646,0.386551904244174,154.202272045412,0.0560833593153054,0.212927093398884,-277.886637254413,798.145330424832,-235.723524808774,-407.327257879672,-324.410545156686,-406.095732840906,-209.529782789245,907.625178580451,-214.060743974364
-506.399578038979,-183.591431219892,-286.501540605972,69.4627876111016,223.221715812887,0.295966759984695,-375.618500177932,609.98106429442,84.0869430782249,269.029823999533,-236.570005956929,564.57607826226,825.588621641276,495.01408673577,-49.1676634399073,-387.163545799156,374.633275673401,184.248941374938,1268.27388663626,136.436870920112,378.629690559005,5164.14265046152,-371.662066891703,-550.366773098737,-491.181471383326,-497.802270669946,-93.5085797138067,-326.729718995467,359.675832043974,227.953516634888,-285.144242667546,372.995635500236,1305.60581153732,117.909621514591,-412.010004161877,-549.67492987808,-80.6590131513498,-234.525972493339,-447.461705578805,0.198540018183098,-302.519673588755,50.0714421946789,-0.023037588735719,-404.514690578407,232.304466055713,-0.111324580886312,710.420843898304,0.274130796400876,-482.168500344317,-0.0724869518275225,0.105444145731486,165.439704876604,-468.269803466351,-288.169853086989,97.233084671989,-398.325950093597,41.6683466737863,254.048907545332,366.68524949941,-262.339267197003
257.86965447648,1058.4549749254,-226.574446879677,-277.308332553932,918.063471547526,0.228504270303807,309.954327050908,-496.427162617642,236.849524234045,-301.915111837302,-186.977589270748,-396.654232459284,383.669856476154,-471.725202568147,-40.7668468650135,413.055344753588,-299.009958737115,-462.344145316841,589.780743911419,368.26198441472,535.227931341152,-371.662066891703,4521.22840549381,-431.35951669691,526.15480362218,532.162834518964,167.024322027242,-251.2489756894,511.111251434336,-383.859214812023,514.643584799552,-292.648027645645,165.636023542707,-493.932153329867,-324.546670329432,-430.958202918656,-708.165119631938,-184.183168735891,1100.87901513033,0.172089925751357,1071.83962384946,237.659908824124,-0.0340355799716038,-313.89013089093,-375.62844116806,-0.123041209372835,318.355949254362,0.200895404915973,253.399464788501,-0.0682134757095558,0.0711496720223523,-266.932856106739,1661.96691609391,531.38464154108,257.47589993043,841.187032231782,-394.159970504787,-202.432317082594,50.9016423261124,762.288771253537
632.444809618154,341.256101473078,-338.546416154335,14.3028257262978,-369.775540850007,0.346835337029259,127.685455264287,-733.165821923993,577.245601593477,-447.917153802777,-272.499265760146,-42.5860440885069,796.988404246951,-140.365232401693,-58.7398656623323,884.420659119616,322.152160926867,102.996278227628,361.482275354424,31.3634264292947,-447.48654892928,-550.366773098737,-431.35951669691,6020.05194632803,1119.07217826502,278.296098183841,-1010.97599853595,-376.235623944314,-427.961602156324,165.750507106717,352.754097852087,326.076498371124,521.762649350083,-732.473019810937,352.105076875166,192.212737797927,-206.778902626545,-268.633267124126,-521.177534518093,0.231776613272388,-352.393605337048,1275.73398538897,-0.0262306784043045,21.2487962238617,888.682276306551,-0.128708676061364,-345.111430513038,0.32175343399282,23.7484094253782,-0.0843677045827802,0.124051030056053,115.38158997514,78.975126678033,-340.627953263027,-584.28556761621,71.4393909703018,-36.3606938187338,-301.432290612923,280.27571004012,-304.958659960134
714.864616648815,-195.96620158843,707.923204781717,65.9878670717852,222.84140420731,0.547010567355718,186.490356821832,-12.7264929733558,-486.015705105711,946.329639650494,-243.45299430533,-523.91240906812,-291.443661262462,-619.162647088355,-52.8614755237111,952.460540754559,-394.415111763865,980.823613605992,-442.96488756694,-733.013285768183,-399.016004278169,-491.181471383326,526.15480362218,1119.07217826502,5515.56506450174,1218.41130504845,-108.687522244863,455.818144752327,-375.514485043182,-500.368891664818,1092.40455495669,2711.75052758948,639.408846699866,120.703537779571,-426.067065281168,1104.87771202052,767.780901965724,474.110135495731,904.82298458813,-0.80112108262345,-316.119761916215,44.0843091410685,0.966732616993515,78.4044219573282,236.087051286016,2.0981973480468,211.415369179547,1.17439644463425,683.727300103616,0.626880415650877,0.832154743690721,167.532067543193,-487.572718096299,-305.87163750498,-522.530914143414,-414.080474341936,-520.726633998805,785.58240479999,-651.764142218106,186.886482715513
-527.689471029886,382.065191704274,207.393612162284,69.4608608807689,787.079415296202,0.330912484851945,-388.411943057486,-14.0876857760505,88.1971371889347,-401.429630921549,-242.886756436915,589.956718747871,-291.9954452548,-55.0528304879346,-52.3514495298891,965.064157921141,-396.783757714578,993.919490158848,-448.759926883806,1020.90944322952,396.450072241361,-497.802270669946,532.162834518964,278.296098183841,1218.41130504845,5625.72888930188,-913.099640936542,-335.630323214107,-382.180827891729,242.665224545498,1807.61494731203,-396.960523138535,-785.985414944759,-662.541979564472,-427.872425146555,274.994849106357,-944.237563251543,482.874726617114,1614.25174103227,0.14540354721412,310.707779428384,47.7388949194301,0.0404129917224623,77.0094472412332,239.813605249347,0.0265784997032678,-311.059104878571,0.350275718756705,-505.620190035686,-0.0311640565569579,0.159673933622435,171.753228533662,158.555701851714,1146.24323973134,98.356460586891,135.203670829369,-524.056476086709,262.84743099799,-657.186644125303,-272.171294802945
229.938822725205,-338.890286302192,-56.27365416557,-242.109493173001,-61.0056303799423,-1.50457192859517,-149.484222730306,630.065753976517,212.201388527029,553.339707654968,-428.039709145084,-914.84455090016,19.4577344465024,-575.563168542072,-91.9115355436221,-79.377600279297,-697.234776481696,-1072.31562685226,27.6603471860156,-494.743567158975,25.6935567029778,-93.5085797138067,167.024322027242,-1010.97599853595,-108.687522244863,-913.099640936542,8226.61179229817,881.544315494004,731.440442728661,493.801552967203,-520.34197208851,25.6099789779298,-720.99766639612,-439.553704745602,29.1587829377703,-222.550165516201,-68.9030221167781,241.921960675013,-178.661997406416,5.67218334660345,-553.567182298048,146.78994758443,-5.65626751744203,183.969848206482,-877.695087589018,-12.6129397502309,-55.9374955179577,-5.21314011413397,777.936175593985,-3.98367157205523,-4.18130211899428,835.373923868244,-264.847488927395,-534.020705486878,798.83455920015,283.563786214739,-399.404272182408,513.157396470375,-192.609976154392,-475.126769777556
229.861351032973,-126.943851380108,268.48851387332,558.952277793021,-212.971173019733,0.229866761383788,272.98668078129,158.576534621688,205.657312995111,360.118188207111,-157.963960019533,165.918220605334,-190.221726030901,633.447073868526,-34.3910657235954,-262.586706961667,-261.72249614789,332.914377296017,-293.0959960606,-489.748818234491,-266.045517151417,-326.729718995467,-251.2489756894,-376.235623944314,455.818144752327,-335.630323214107,881.544315494004,3408.33710772639,-250.771506309988,351.828041903329,-189.992045328962,455.813655478078,139.183877921529,283.679586025719,-278.051299536998,397.750878359508,1729.91214009168,-159.444287448558,-303.486942647287,0.0418044722386781,-202.548768529274,-403.918486704482,0.0792261447316913,-271.20636910762,-324.449614652199,0.135230358923602,-198.092692226939,0.277159615846062,-325.315651060771,0.0169132003536683,0.143214621807862,731.147285683883,-315.479554063705,-196.226934429024,225.070103797247,228.203562297906,-341.580737127411,311.08820335872,-424.10447906223,-174.034500304225
-388.752707396817,-145.661535132122,-224.954549650221,105.076491231608,-243.145791255276,0.2560734509551,715.221317154622,-492.128692065422,134.549367898629,294.94984069855,-181.196497556146,92.7604975389546,284.238980830873,-467.359014289081,-38.3993356171443,-299.28024011284,385.291444448371,-450.005124244328,-331.056896575656,978.111433338944,396.385987534174,359.675832043973,511.111251434336,-427.961602156324,-375.514485043182,-382.180827891729,731.440442728661,-250.771506309988,3688.36161054039,-380.083966324449,-221.627946987792,-297.171678785551,33.0326215827985,-491.852604411195,-321.967028207529,310.979801640464,40.1267375466896,-183.645021595976,-348.662571768787,0.0680220114882015,851.850957582284,-467.718637898581,0.0697226128892762,-312.99915515203,271.11884905083,0.108335783477173,-229.841367781585,0.29649499372509,145.660276126549,0.00486842536852299,0.147838798177057,192.545309624295,196.674546864828,-231.899246964592,147.406987292978,165.531448608191,-392.941767347162,263.49870459271,-38.7385532302006,198.586539059579
-509.451094139947,301.89902805243,-295.385581686831,-362.287159035286,-321.298705152478,0.323280971537594,-380.46900162865,-91.4783671975864,-476.21020871684,-391.305755941814,-237.686644610592,-40.3727437757292,207.09687805542,365.796488149803,-50.0481489798522,192.445739173429,-390.471604148791,-596.970449374362,314.238216116797,-730.858546273143,289.198836597334,227.953516634888,-383.859214812023,165.750507106717,-500.368891664818,242.665224545498,493.801552967203,351.828041903329,-380.083966324449,4651.13383610404,-288.247334904605,-387.612785070244,-770.45252873138,696.581500286955,311.268921130681,-555.81955058001,-926.084910489127,383.427611126708,-456.594912800136,0.125065784109196,-310.02882482963,-33.0482210349234,0.0541570456928262,-410.303463447338,149.651485923103,0.059466512313836,-299.369243509853,0.351907087582087,-490.921270767099,-0.0193820523232003,0.165257878717385,-345.743753288247,-476.726549331382,-298.107542004423,-511.856593776921,537.674662303407,457.940345498953,-260.553901779593,249.15619950753,128.539795495959
203.003180299403,-110.350267127498,237.328358717008,490.353002604041,-188.922989046548,0.19859454916341,-218.626136735455,141.425051395222,-278.428520441459,-229.571365424544,-137.14598938161,591.182091115433,-168.345386423767,555.118724280666,-29.9467210347167,317.742126341133,-228.706476451757,-348.033419790579,-258.632303686919,985.215576326849,410.557866779223,-285.144242667546,514.643584799552,352.754097852087,1092.40455495669,1807.61494731203,-520.34197208851,-189.992045328962,-221.627946987792,-288.247334904605,2638.72770157186,-227.596917498326,120.274754147102,252.506700514564,-245.137266201961,-320.562999375098,-538.515496532925,-138.530509119857,288.100908828549,0.0281747391123138,-182.838931633127,-359.569112947653,0.0753107949447202,160.586556246404,902.581490444478,0.132499011767509,-176.3509183413,0.24399387482794,191.037451893464,0.0197857759060778,0.12806421979222,219.391861561795,-281.499282875782,405.361244347974,-299.614143075259,-241.937539928603,-301.114715731054,-154.50982579425,-375.759498404026,582.112670223981
158.581184710092,-149.629367946513,683.562708562274,107.235576169913,-254.231907822062,0.25241467344694,219.769516880034,72.1843620613435,-376.135455152862,911.323050141232,-187.699378853951,-405.57238568631,-222.527742271969,30.2404326951366,-41.0860807317473,304.567876045066,-304.461440130745,255.240658666298,-343.619457055099,-568.911565951195,-307.099762657941,372.995635500236,-292.648027645645,326.076498371124,2711.75052758948,-396.960523138535,25.6099789779298,455.813655478078,-297.171678785551,-387.612785070244,-227.596917498326,3912.01303518011,1316.81826598817,197.593707133795,-337.406106423135,320.665738990926,814.698118193371,460.260008195432,260.190171017378,0.095186794550356,-244.168513115704,122.610832065981,0.04441386465756,126.563470258224,-383.777958857442,0.0512897436800313,232.64111384345,0.276173892338702,147.426012161131,-0.0135287381090712,0.13037572126589,-275.092471206276,-376.957703904495,-236.337150636878,150.204244534553,-323.285701533482,-405.743082891561,270.029740215773,-506.622259857211,-211.417264490192
224.781147064292,-293.517870690842,376.760125795946,1228.55570997207,-43.8346984171988,0.468639087590514,-588.39949863391,586.171143392241,-271.810706569151,504.275456343021,106.17921450894,116.258241450108,501.601047461511,449.913310689384,-78.101956378351,-49.4256280677462,677.971509733284,386.411488623499,43.1536809880798,311.432671192192,-606.602384173623,1305.60581153732,165.636023542707,521.762649350083,639.408846699866,-785.985414944759,-720.99766639612,139.183877921529,33.0326215827985,-770.45252873138,120.274754147102,1316.81826598817,6388.18120781654,281.28664256173,-654.957076384945,519.179204290081,2078.27524338627,220.661988898385,-143.147623055303,0.319845374852737,29.3903906566617,150.748203812388,-0.0412077501689715,-229.830954150855,1056.65038577923,-0.187069617576329,-469.685344375255,0.430934593483305,-766.992556532747,-0.118342484572092,0.163975911540917,320.430844265779,-215.020594634557,130.452300067805,724.942520363616,-637.155826467196,-335.778627077078,26.8594323720364,700.265961478643,337.821463850377
-666.324584710018,267.834279450688,526.827969934162,-80.5746665224419,-417.499031352269,0.389700040580739,-491.423543104018,313.851493594068,-623.025044586529,1310.00314076019,205.767115206636,-174.524246555939,143.676201251134,219.045280378426,-66.5475841954472,-512.951880917121,193.967659160095,-778.903531008849,-570.733017698401,-159.198694477426,198.92009921496,117.909621514591,-493.932153329867,-732.473019810937,120.703537779571,-662.541979564472,-439.553704745602,283.679586025719,-491.852604411195,696.581500286955,252.506700514564,197.593707133795,281.28664256173,6134.67367841497,-547.250343314576,33.2378332089671,-1198.00904531947,-312.121027125277,22.3695196703233,0.284965803299406,-401.47266274698,-192.589372927632,-0.0506809572413368,-88.5746298595,29.116889806997,-0.193028021246883,79.0267198930451,0.347487135125,424.697650224385,-0.110782197010499,0.125991385421772,-449.68587943311,-622.297885378163,905.825385728224,-670.00011891377,-43.0558563146241,342.984797111187,136.919579090351,553.78012759158,63.4065385413376
-440.832663287511,-162.82663703568,-252.064505768392,-308.607198608967,-276.180194366036,0.259245616193898,-327.152157572464,-552.295997761297,707.237793100523,-337.624094619357,361.745725569183,-440.060438432981,316.379583342253,31.1098318874673,-45.4863409254326,-337.860781014639,428.842561402795,267.454072209766,483.660481620652,-618.673913718302,-337.178201395155,-412.010004161877,-324.546670329432,352.105076875166,-426.067065281168,-427.872425146555,29.1587829377704,-278.051299536998,-321.967028207529,311.268921130681,-245.137266201961,-337.406106423135,-654.957076384945,-547.250343314577,4612.47645525584,-469.307755623101,-779.043632905797,-206.404066451565,-393.724213894895,0.169241196440045,-266.640373200699,132.793668906725,-0.0161477914111297,-351.50158846778,-414.117953350164,-0.0883096927176839,-257.001171007767,0.242786042030519,-423.494657925641,-0.06045429811993,0.0949069411862099,216.293836215668,216.344064111078,-258.266572351234,161.454519225417,183.754491618312,660.69421430836,-227.353659545304,969.423145172196,221.673827251661
626.794302686384,-214.012529876069,1145.5514925639,15.4134861015051,174.482161005569,0.334018842655363,127.323486658319,-103.901308571097,-540.047120932427,209.711631264547,290.394359718,-580.244427240429,-318.928200465243,-691.113022936649,-57.8610205388472,214.552937090984,-438.072904929891,99.8952461032752,-496.196066645604,879.269590981231,320.558716463739,-549.67492987808,-430.958202918656,192.212737797927,1104.87771202052,274.994849106357,-222.550165516201,397.750878359508,310.979801640464,-555.81955058001,-320.562999375098,320.665738990926,519.179204290081,33.2378332089671,-469.307755623101,5898.07747081247,2281.70757260375,429.495199424672,819.841741586258,0.268229276126142,-347.560265384046,-32.9339373419393,-0.0641603772531232,982.830645113562,166.298150204978,-0.212747079157713,163.355955633286,0.284128854694075,595.880522882724,-0.11057343594071,0.0949064906068872,-391.965183839503,-540.80101573223,-337.007109692581,-583.131940530067,-462.607967246213,-31.2335240019458,1246.1921134323,-220.729648028923,-299.358286481007
1494.29628365427,-352.767496787874,454.993862033235,187.697368752959,-55.4523579511835,0.552912000978269,423.643048592546,67.5081269780153,-324.846031650903,604.325934601151,697.574896630884,-412.965154924975,600.649657687103,-581.200806824784,508.993821247282,-61.9723127326416,47.3317551119567,463.839442445765,-815.900560682139,376.655947097342,-736.739029441823,-80.6590131513498,-708.165119631938,-206.778902626545,767.780901965724,-944.237563251543,-68.9030221167781,1729.91214009168,40.1267375466896,-926.084910489127,-538.515496532925,814.698118193371,2078.27524338627,-1198.00904531947,-779.043632905797,2281.70757260375,9255.22153870874,264.310885924592,-176.173898338153,0.42204175074616,36.1205480522599,-476.822028416373,-0.0872255702652316,209.823790981208,544.360635265563,-0.308838845536889,462.512078449619,0.482885126729303,-337.419183269087,-0.168727111278714,0.169086273343198,-133.404447774463,-261.344224062142,157.565136373869,-347.929834237967,-224.243799710568,707.477548975057,553.916319971439,-689.337611555591,-45.4152083029149
