0.227800470475251,0.00292283476133261,0.00482963976193608,-0.0078642146120882,-0.00162475119849652,0.00754277490245279,0.00290531223948596,-0.0456619619938213,-0.0376356053705185,0.00085644954792387,0.0333306113182394,0.00267446776682299,-0.00529980573286366,0.00186595647811197
0.00292283476133261,0.0281979169641403,0.0102552488870651,-0.00449436476876701,-0.0107327884530153,0.00873873243489123,0.00756779017087275,0.00380990453616158,0.0141954810256609,0.00204868133694876,0.00574285547729106,0.000100714515077879,0.00163480582631966,0.000409639197392528
0.00482963976193608,0.0102552488870652,0.0378908608803264,-0.00820496794253102,0.000519630835411902,0.00171746935405937,0.00679900184714116,0.0225777440357302,0.0278460440456509,0.00477020569497106,-7.53470249097133e-05,0.003332661435313,-0.00337546647753148,-2.16183485765614e-05
-0.0078642146120882,-0.00449436476876701,-0.00820496794253102,0.0451735568359659,0.0127927833216997,0.00344787296624833,-0.000281974881111343,0.0186825247106108,0.0101744789220594,-0.000368191068937027,0.00158981468006187,0.00168145763104499,0.000746075101273174,3.32479860910944e-06
-0.00162475119849652,-0.0107327884530153,0.000519630835411902,0.0127927833216997,0.0796923818942858,0.0244093510980471,0.00270899357805836,0.0356580375800965,0.016741520561753,0.00239994123235411,-0.00246338901369608,0.000507009429764358,0.00309291921684439,-5.94228193203845e-05
0.00754277490245279,0.00873873243489123,0.00171746935405937,0.00344787296624833,0.0244093510980471,0.0643757560172556,0.0114288472584212,0.0336859556679704,0.0049726142612216,0.00458303704915747,0.00869048729778378,0.0024280356075562,-0.000400875213214217,-5.144640079124e-05
0.00290531223948596,0.00756779017087275,0.00679900184714116,-0.000281974881111343,0.00270899357805836,0.0114288472584212,0.0148057395592206,0.0178637875389725,0.0119442277710085,0.00545979588516986,0.0109802336399951,0.00098264238127211,-0.000506042854464363,-0.000233062571796891
-0.0456619619938213,0.00380990453616158,0.0225777440357302,0.0186825247106108,0.0356580375800965,0.0336859556679704,0.0178637875389725,0.240979047441675,0.0972338022812647,0.0155650132348901,-0.0310195717306851,0.00363832876076089,-0.00704154894671083,0.0013993749407282
-0.0376356053705185,0.0141954810256609,0.0278460440456509,0.0101744789220594,0.016741520561753,0.0049726142612216,0.0119442277710085,0.0972338022812647,0.241638819741646,0.0212740222068697,-0.0188802116499401,0.015035103080626,0.00127243614852071,0.00223402863535298
0.00085644954792387,0.00204868133694876,0.00477020569497106,-0.000368191068937027,0.00239994123235411,0.00458303704915747,0.00545979588516986,0.0155650132348901,0.0212740222068697,0.00628969328332063,-0.00275598932340189,0.00173498671833757,-0.000586274129480298,0.000311882570962815
0.0333306113182394,0.00574285547729106,-7.53470249097133e-05,0.00158981468006187,-0.00246338901369608,0.00869048729778378,0.0109802336399951,-0.0310195717306851,-0.0188802116499401,-0.00275598932340189,0.258443483942394,-0.000768347707230866,0.0207577535644803,-0.00027097532981343
0.00267446776682299,0.000100714515077879,0.003332661435313,0.00168145763104499,0.000507009429764358,0.0024280356075562,0.00098264238127211,0.00363832876076089,0.015035103080626,0.00173498671833757,-0.000768347707230866,0.0202126679171698,0.000847990747093829,0.000230794924969919
-0.00529980573286366,0.00163480582631966,-0.00337546647753148,0.000746075101273174,0.00309291921684439,-0.000400875213214217,-0.000506042854464363,-0.00704154894671083,0.00127243614852071,-0.000586274129480298,0.0207577535644803,0.000847990747093829,0.0111020845686073,6.59314577032033e-05
0.00186595647811197,0.000409639197392528,-2.16183485765614e-05,3.32479860910944e-06,-5.94228193203845e-05,-5.144640079124e-05,-0.000233062571796891,0.0013993749407282,0.00223402863535298,0.000311882570962815,-0.00027097532981343,0.000230794924969919,6.59314577032033e-05,0.000222115347891552
