0.00169886443661945,9.67746136091493e-05,-0.000422848259721628,-0.000737191056045044,0.00123421240422367,-0.000728641882497656,-0.00116876486678035,-0.000439284928216022,-0.000684930673892319,8.03709009157617e-05
9.67746136091492e-05,0.0903484785250929,0.0560982355999065,0.0530396013874687,0.0370989524479332,0.0313041456130236,0.0601719543987098,0.0399617471004174,0.0568563673941172,0.0207009613968527
-0.000422848259721628,0.0560982355999065,0.0991208223845652,0.0858874224759725,0.0592416672118894,0.0495739825900337,0.073526337090636,0.0600890745271669,0.0698393656345009,0.0193399562720318
-0.000737191056045044,0.0530396013874687,0.0858874224759725,0.0931132644644325,0.0605096059104778,0.0486592055118069,0.0767591960987404,0.06025168909112,0.071359954981646,0.0185715766552995
0.00123421240422367,0.0370989524479332,0.0592416672118894,0.0605096059104778,0.0784176244389612,0.0334809616830161,0.0673201482389812,0.0543250667439374,0.0500289763528276,0.0152347780787791
-0.000728641882497657,0.0313041456130236,0.0495739825900337,0.0486592055118069,0.0334809616830161,0.0508581049349906,0.0481174713794347,0.03512305196333,0.0467229360033517,0.0147540147260879
-0.00116876486678035,0.0601719543987098,0.0735263370906359,0.0767591960987404,0.0673201482389812,0.0481174713794347,0.138300106689716,0.0632935279327438,0.067106308789603,0.0225631967402071
-0.000439284928216022,0.0399617471004174,0.0600890745271669,0.06025168909112,0.0543250667439374,0.03512305196333,0.0632935279327438,0.0719147889522841,0.0548897884918,0.0139724585516319
-0.000684930673892319,0.0568563673941172,0.0698393656345009,0.071359954981646,0.0500289763528276,0.0467229360033517,0.067106308789603,0.0548897884918,0.110398796013877,0.0226795464087699
8.03709009157617e-05,0.0207009613968527,0.0193399562720318,0.0185715766552995,0.0152347780787791,0.0147540147260879,0.0225631967402071,0.0139724585516319,0.0226795464087699,0.0287826304811357
