0.00797174238136909,0,0,0,0,0,0,0,0,0,0,0,0,0,0,0,0,0,0,0,0,0,0,0,0,0,0,0,0,0,0,0,0,0,0,0,0,0,0,0,0,0,0,0,0,0,0,0,0,0,0,0,0,0,0,0,0,0,0,0
0,2373.49374430351,-211.602020664342,0,-494.497460645892,0,0,202.928118825131,0,98.7348080070213,-1078.23271614969,-41.6052369722479,-685.008059341418,-482.454759970662,57.3194133597568,1183.4515703592,395.243795217754,0,202.31191585219,78.6072830830013,-47.8505505361627,393.654860848878,0,0,97.3822604110616,-99.6230232181341,186.42371057798,1172.67598429979,1083.58752261539,1104.43084620761,0,858.061344988559,-349.158486695276,176.017942091031,798.023523299463,280.730159266635,0,384.774391660366,0,0,0,0,33.7832685159682,-21.8959363307074,243.013582062916,703.338467976704,0,0,836.77385967943,0,-743.636598730133,0,0,616.339063708259,-294.46547713995,299.76925770371,0,0,606.436945188058,0
0,-211.602020664342,2186.14718000648,0,-423.624564805367,0,0,118.307203604334,0,-155.682440755738,130.733046002949,669.455862107475,-550.924160546004,232.003969271136,-33.2811049904362,133.798570592388,60.201179325991,0,-1082.68317888257,-274.47374878403,-839.860914069776,-420.172548743937,0,0,525.295262201882,455.311940197305,-650.274661560914,250.651815293462,159.888897852318,-141.556117738449,0,-554.256283986481,138.254507914128,251.504455737722,458.74507736466,161.28995208736,0,145.338812545079,0,0,0,0,-420.539994439789,248.863543513986,-121.720373053565,258.705705369317,0,0,-367.882683203827,0,-20.3921467826453,0,0,230.21733214267,156.119219884559,-334.977804142008,0,0,-106.115283529866,0
0,0,0,0.00851459116120967,0,0,0,0,0,0,0,0,0,0,0,0,0,0,0,0,0,0,0,0,0,0,0,0,0,0,0,0,0,0,0,0,0,0,0,0,0,0,0,0,0,0,0,0,0,0,0,0,0,0,0,0,0,0,0,0
0,-494.497460645892,-423.624564805367,0,3002.93532039265,0,0,456.121622689322,0,-126.681482779843,-370.221500293467,-1084.60392469744,1244.59241227073,-795.945020567578,-505.543360615831,-376.349675043258,499.432067495391,0,-102.255352636272,525.955729600435,949.719765281268,-776.499260715039,0,0,697.687791698916,930.101560113242,1508.5379587209,689.395502903016,-784.678989139023,-1146.18964276428,0,544.092578213448,-391.586075978089,407.620458948643,-1140.77075214754,271.164740289227,0,198.082972646115,0,0,0,0,175.889139013469,472.789416848307,241.634144028863,-664.559964327079,0,0,177.444270049095,0,537.589303360101,0,0,346.472981166483,657.079610305819,-675.458119009832,0,0,710.196234988816,0
0,0,0,0,0,0.0332200485415881,0,0,0,0,0,0,0,0,0,0,0,0,0,0,0,0,0,0,0,0,0,0,0,0,0,0,0,0,0,0,0,0,0,0,0,0,0,0,0,0,0,0,0,0,0,0,0,0,0,0,0,0,0,0
0,0,0,0,0,0,0.031099470752126,0,0,0,0,0,0,0,0,0,0,0,0,0,0,0,0,0,0,0,0,0,0,0,0,0,0,0,0,0,0,0,0,0,0,0,0,0,0,0,0,0,0,0,0,0,0,0,0,0,0,0,0,0
0,202.928118825131,118.307203604334,0,456.121622689322,0,0,7917.83006698631,0,383.130717719406,599.340689340552,-187.453132328755,1829.02780314921,-1785.83185761173,-631.919560989249,-329.817850762483,-635.266663580259,0,169.899579583491,583.152029449154,-1898.04465600308,-3078.22788496387,0,0,931.402376854447,1821.96783917839,2248.24290162902,-173.024017170648,717.208491537256,-955.295554910603,0,93.2080819448277,-835.074015581804,-44.7177432482161,169.438243774338,236.484535342138,0,-920.905649190524,0,0,0,0,811.615150085483,600.866968725028,1683.48787851051,1180.35935161228,0,0,80.8657911120891,0,753.241115128293,0,0,-1073.48816362565,264.719432687125,-285.517174798923,0,0,553.726505258106,0
0,0,0,0,0,0,0,0,0.0167895738152891,0,0,0,0,0,0,0,0,0,0,0,0,0,0,0,0,0,0,0,0,0,0,0,0,0,0,0,0,0,0,0,0,0,0,0,0,0,0,0,0,0,0,0,0,0,0,0,0,0,0,0
0,98.7348080070213,-155.682440755738,0,-126.681482779843,0,0,383.130717719406,0,6377.40404538927,-46.1654801417187,-342.257032871334,-247.156996517681,-1074.63190529153,-731.304410439569,-890.59495248817,796.226424491305,0,460.89929690547,-1401.08553995731,-1431.87265502999,818.764469050631,0,0,200.164046421004,933.196458243711,-206.418200599894,133.011541587526,438.121551010017,446.694323210389,0,-94.2799197571723,-486.567284070437,-192.537086154538,443.006506358889,23.7639639734397,0,336.533025019074,0,0,0,0,344.604230902515,-714.479906427935,-851.138756460721,899.505346758965,0,0,-522.671679669697,0,69.8420694578812,0,0,1490.21017633297,725.200720381517,-595.773213465153,0,0,337.794168357482,0
0,-1078.23271614969,130.733046002949,0,-370.221500293467,0,0,599.340689340552,0,-46.1654801417187,10573.272660145,-1363.25908896603,1489.00782635629,-455.763154939272,-509.458838408722,-1037.51753428285,-1584.74456197765,0,-609.084659759162,473.754419642449,-1850.8788606267,-99.7421843901309,0,0,-765.596551733971,-1211.55294589516,-2642.07759573035,-925.450215285516,-1835.03743143806,45.3792088882545,0,-3861.54617286859,-1071.57230907948,-1245.08118062597,-594.267059187661,183.523461779652,0,-1245.82994600291,0,0,0,0,192.422480123926,485.710497044362,-386.718242197213,2140.79142233303,0,0,1485.61908744327,0,474.86864639297,0,0,946.127446866495,-872.540275468981,-956.331062621774,0,0,-930.581858865682,0
0,-41.6052369722479,669.455862107475,0,-1084.60392469744,0,0,-187.453132328755,0,-342.257032871334,-1363.25908896603,9545.00236538286,1031.94240484768,44.4454787789428,714.006904665502,-377.965816899381,-756.166005703194,0,-1084.79743267443,1904.30219087746,894.659626105513,-595.80859086503,0,0,2222.44792916397,-441.237546982012,1406.27647170129,-1902.50256183771,-1030.88282963768,151.747069090359,0,-363.396034247164,-1433.94721450568,3574.39543425689,-1043.27481831956,-2062.31972912062,0,1067.52432838509,0,0,0,0,-733.040353585124,779.506922735808,820.894593732243,355.152267466606,0,0,-22.3711056381605,0,-698.303024447671,0,0,-526.415804085152,-1082.55045502704,504.258929844454,0,0,-1241.07183641134,0
0,-685.008059341418,-550.924160546004,0,1244.59241227073,0,0,1829.02780314921,0,-247.156996517681,1489.00782635629,1031.94240484768,10918.1136442327,-1519.19369549326,-516.368853118936,-1280.80142830984,246.898202264584,0,1180.92011274743,-479.814322403072,-396.035425749992,-232.100607513497,0,0,-1751.35900732983,1115.47521633335,-1193.04279726837,-2488.78172237191,-2144.32109555245,-1522.6379752663,0,-1698.09376639483,987.21954951506,1407.38170259748,-190.577736900964,-2122.25025077639,0,380.864632885947,0,0,0,0,710.145520486701,168.698597970011,-693.307994292897,1596.17959142742,0,0,-1291.86903899581,0,26.0706017088879,0,0,665.331450953673,-333.844532268586,-1289.60584163369,0,0,-1646.03430159141,0
0,-482.454759970662,232.003969271136,0,-795.945020567578,0,0,-1785.83185761173,0,-1074.63190529153,-455.763154939272,44.4454787789428,-1519.19369549326,6263.42374200679,1258.60045749461,-462.594682310896,-1311.75907624193,0,-48.1355740647818,-272.039415691293,1333.35776204289,1749.34528729471,0,0,201.579011308781,436.105277157117,-1731.16005755731,-1289.56446689417,-53.2496815535968,-548.33734279681,0,-604.709211896073,-47.7107500355879,271.96142066162,931.015552939685,514.748289062972,0,780.843621338283,0,0,0,0,-1356.5491365064,-434.550877896214,-414.383460880446,-1604.88872166174,0,0,-108.216147957471,0,68.8929170812244,0,0,189.95685677048,424.927340353103,719.209566119996,0,0,-791.509335385612,0
0,57.3194133597568,-33.2811049904362,0,-505.543360615831,0,0,-631.919560989249,0,-731.304410439569,-509.458838408722,714.006904665502,-516.368853118936,1258.60045749461,7104.80905825185,-520.270604977796,-928.100819003731,0,956.038438828154,1897.88787396295,135.731207413224,1103.67054360464,0,0,-1519.83227978509,-1626.66796770646,698.852983190153,-344.547600650638,908.777091920114,-619.739477174177,0,171.094069481117,801.40166211221,645.899989891237,1431.62237190335,1699.65489004029,0,132.979134271548,0,0,0,0,-50.2607070811723,1204.00626619458,140.420041787503,105.862456892212,0,0,-726.752158289687,0,-438.263046094443,0,0,816.294481982052,556.178055332431,233.019069210768,0,0,-79.2559869502266,0
0,1183.4515703592,133.798570592388,0,-376.349675043258,0,0,-329.817850762483,0,-890.59495248817,-1037.51753428285,-377.965816899381,-1280.80142830984,-462.594682310896,-520.270604977796,11028.2811445233,-234.743166286725,0,-1973.64156283093,-984.360561881361,2443.00110200778,-1935.9118728813,0,0,-171.850758571912,45.9183980103835,-44.8372716221364,4655.12938840739,1969.12788806592,2659.67528776651,0,751.34586673024,-521.967247441568,-651.567232799977,2640.41889923322,1494.88195518408,0,503.023845898881,0,0,0,0,-916.766798583834,857.745259312278,-398.823271323747,312.70743429211,0,0,2586.78806008472,0,154.56550735963,0,0,-159.260068175058,-888.264218853544,402.141445193891,0,0,2002.94506234315,0
0,395.243795217754,60.201179325991,0,499.432067495391,0,0,-635.266663580259,0,796.226424491306,-1584.74456197765,-756.166005703194,246.898202264584,-1311.75907624193,-928.100819003731,-234.743166286725,17583.9672216331,0,2252.22730488561,1138.59971577484,3503.37010655295,3399.29621104228,0,0,1028.35387754589,1338.93906090023,513.353323631551,2414.44770186053,2151.85453897657,545.918238468032,0,-193.036437624541,-240.788670337669,-302.281860984281,-1908.0651857759,754.312076144795,0,-2678.54524143166,0,0,0,0,-375.809058583337,-1418.39552428491,665.648611006007,-1036.45508532043,0,0,-407.213983467319,0,443.03361118193,0,0,1669.38153254345,657.288995475902,-482.945913551458,0,0,1030.44597843095,0
0,0,0,0,0,0,0,0,0,0,0,0,0,0,0,0,0,0.0793997327218084,0,0,0,0,0,0,0,0,0,0,0,0,0,0,0,0,0,0,0,0,0,0,0,0,0,0,0,0,0,0,0,0,0,0,0,0,0,0,0,0,0,0
0,202.31191585219,-1082.68317888257,0,-102.255352636272,0,0,169.899579583491,0,460.89929690547,-609.084659759162,-1084.79743267443,1180.92011274743,-48.1355740647818,956.038438828154,-1973.64156283093,2252.22730488561,0,16568.8109839182,594.735071031005,2996.65579846557,2894.99497361359,0,0,-952.007515176841,838.873369271757,-53.5840346593851,-398.889623287597,838.893384629667,57.7063551516252,0,-3182.97436944042,1440.21723532369,-799.921835485989,3230.60574815094,234.993700298935,0,1334.51150176767,0,0,0,0,-213.268392890918,-1156.81449293064,-1885.20663533546,-1347.97305791083,0,0,549.200508625891,0,-209.914735223261,0,0,-1578.9219944361,339.629248444866,-770.575294015354,0,0,44.9165471486072,0
0,78.6072830830013,-274.47374878403,0,525.955729600435,0,0,583.152029449154,0,-1401.08553995731,473.754419642449,1904.30219087746,-479.814322403072,-272.039415691293,1897.88787396295,-984.360561881361,1138.59971577484,0,594.735071031005,19688.5753007723,2749.85934922244,-492.107371268814,0,0,278.216927255489,-3709.10642263626,2312.21862466872,-1589.44138224501,-1140.84353616879,-1155.81469033071,0,689.490051666516,-250.627613351223,-319.123388143847,-1151.96876947758,-59.72143479131,0,-1257.23044410747,0,0,0,0,-397.324844395789,-543.124297716247,-50.9529803868081,769.402669256733,0,0,3833.34519243324,0,907.132506733124,0,0,268.369208840732,-333.282874148111,-512.030366932229,0,0,1084.43828510254,0
0,-47.8505505361627,-839.860914069776,0,949.719765281268,0,0,-1898.04465600308,0,-1431.87265502999,-1850.8788606267,894.659626105513,-396.035425749992,1333.35776204289,135.731207413224,2443.00110200778,3503.37010655295,0,2996.65579846557,2749.85934922244,19641.8006187583,2279.58400394839,0,0,1158.69315037113,-515.051177427847,2631.5070123293,3190.6761307047,1170.33680956678,-525.344692015942,0,-902.430110014209,1031.39380338877,8.82989785370946,-520.698613915335,-1755.57099075695,0,-126.957227522478,0,0,0,0,-733.462072275287,-602.748724818182,-45.6687900044371,-2546.50673888897,0,0,1277.5927348895,0,388.43413213618,0,0,338.5940647502,-1293.49157689084,709.462131396086,0,0,-396.208966920243,0
0,393.654860848878,-420.172548743937,0,-776.499260715039,0,0,-3078.22788496387,0,818.764469050631,-99.7421843901309,-595.80859086503,-232.100607513497,1749.34528729471,1103.67054360464,-1935.9118728813,3399.29621104228,0,2894.99497361359,-492.107371268814,2279.58400394839,14066.0112378507,0,0,1772.82144027775,-1544.79731233545,-3007.73838118821,1593.21253913184,-111.105273373451,2077.44895027949,0,812.598909673396,1799.38610141325,-713.417218353141,2783.96556699063,858.989400254038,0,993.175273199262,0,0,0,0,630.737291279542,-468.105919965984,-1794.06738352935,-2936.30761474989,0,0,-2086.23262284422,0,-628.66789279633,0,0,1026.23805967086,-159.839233115909,500.435141645308,0,0,462.827793710803,0
0,0,0,0,0,0,0,0,0,0,0,0,0,0,0,0,0,0,0,0,0,0,0.0694018265413838,0,0,0,0,0,0,0,0,0,0,0,0,0,0,0,0,0,0,0,0,0,0,0,0,0,0,0,0,0,0,0,0,0,0,0,0,0
0,0,0,0,0,0,0,0,0,0,0,0,0,0,0,0,0,0,0,0,0,0,0,0.0583237141813552,0,0,0,0,0,0,0,0,0,0,0,0,0,0,0,0,0,0,0,0,0,0,0,0,0,0,0,0,0,0,0,0,0,0,0,0
0,97.3822604110616,525.295262201882,0,697.687791698916,0,0,931.402376854447,0,200.164046421004,-765.596551733971,2222.44792916397,-1751.35900732983,201.579011308781,-1519.83227978509,-171.850758571912,1028.35387754589,0,-952.007515176841,278.216927255489,1158.69315037113,1772.82144027775,0,0,12738.1713344288,1208.40876841018,917.477225422031,1420.70373771331,1205.47449462438,-1650.93461979391,0,1122.16338772947,-177.978547403087,2192.71235935646,-923.409161907433,-149.444472951573,0,1057.18127953268,0,0,0,0,-462.862033395384,971.566901654056,-755.740221684626,-849.60112160213,0,0,1543.01067525076,0,386.56484444607,0,0,1963.87882802098,-356.667719256431,881.034067786372,0,0,925.997679856246,0
0,-99.6230232181341,455.311940197305,0,930.101560113242,0,0,1821.96783917839,0,933.196458243711,-1211.55294589516,-441.237546982012,1115.47521633335,436.105277157117,-1626.66796770646,45.9183980103835,1338.93906090023,0,838.873369271757,-3709.10642263626,-515.051177427847,-1544.79731233545,0,0,1208.40876841018,15054.3189388672,1511.35456596223,345.701800338663,1549.29905016526,-3000.2615787183,0,96.36782345879,-613.847031787667,1398.03313755869,-1463.22055955402,-534.880197420555,0,-106.321602203651,0,0,0,0,659.394476308405,585.515156672119,-468.156353507371,363.270071647315,0,0,-1972.18177254385,0,569.283750109441,0,0,1130.42387743312,324.370811870266,-739.439835170215,0,0,2336.07368493727,0
0,186.42371057798,-650.274661560914,0,1508.5379587209,0,0,2248.24290162902,0,-206.418200599894,-2642.07759573035,1406.27647170129,-1193.04279726837,-1731.16005755731,698.852983190152,-44.8372716221364,513.353323631551,0,-53.5840346593851,2312.21862466872,2631.5070123293,-3007.73838118821,0,0,917.477225422031,1511.35456596223,14716.9073731276,954.448262527565,1505.29462756404,-47.8493231261086,0,5333.12870203566,644.457842343488,2404.31397966128,-833.734948515735,-1643.97282428933,0,-1460.69960242795,0,0,0,0,398.812647109093,442.077472525568,2696.88961964734,913.795991919335,0,0,-674.002130085094,0,1302.07356965649,0,0,-1202.8207032805,116.371111316443,77.8410647407718,0,0,1158.59946767896,0
0,1172.67598429979,250.651815293462,0,689.395502903016,0,0,-173.024017170648,0,133.011541587526,-925.450215285516,-1902.50256183771,-2488.78172237191,-1289.56446689417,-344.547600650638,4655.12938840739,2414.44770186053,0,-398.889623287597,-1589.44138224501,3190.6761307047,1593.21253913184,0,0,1420.70373771331,345.701800338663,954.448262527565,14006.5605024816,3246.44049842422,1828.96966630341,0,1877.97465092617,-330.419384516915,1580.76588656658,352.383965362574,-242.886014841861,0,861.818558283714,0,0,0,0,363.621251722226,1185.1273522967,-2786.33243791435,-1012.45566093497,0,0,172.459163468296,0,-1156.61695060585,0,0,687.9539396054,-406.256042218501,180.25324660554,0,0,2493.13605045415,0
0,1083.58752261539,159.888897852318,0,-784.678989139023,0,0,717.208491537256,0,438.121551010017,-1835.03743143806,-1030.88282963768,-2144.32109555245,-53.2496815535968,908.777091920114,1969.12788806592,2151.85453897657,0,838.893384629667,-1140.84353616879,1170.33680956678,-111.105273373451,0,0,1205.47449462438,1549.29905016526,1505.29462756404,3246.44049842422,15002.2993456085,52.0576245973824,0,2437.18740528764,3348.6370287964,-42.7968176667613,807.38086828949,223.769751054986,0,-2182.86960563383,0,0,0,0,657.915408497793,580.250719044717,204.097891037148,-179.039867866677,0,0,-3214.14206630492,0,952.363714114341,0,0,1790.20311011925,325.153120800665,70.0212141425804,0,0,40.5661910654931,0
0,1104.43084620761,-141.556117738449,0,-1146.18964276428,0,0,-955.295554910603,0,446.694323210389,45.3792088882545,151.747069090359,-1522.6379752663,-548.33734279681,-619.739477174177,2659.67528776651,545.918238468032,0,57.7063551516252,-1155.81469033071,-525.344692015942,2077.44895027949,0,0,-1650.93461979391,-3000.2615787183,-47.8493231261086,1828.96966630341,52.0576245973824,15577.2401393948,0,98.9035523198296,721.373776301885,-46.8832355594057,1597.4598894706,-2085.47172896279,0,592.19879926131,0,0,0,0,1553.56622707396,-1976.03753019674,199.985308438833,-1860.21152580429,0,0,1165.91196620448,0,-982.58589932222,0,0,-194.82195902683,-1057.72530042567,477.505391378218,0,0,1210.6456454638,0
0,0,0,0,0,0,0,0,0,0,0,0,0,0,0,0,0,0,0,0,0,0,0,0,0,0,0,0,0,0,0.0540709907695801,0,0,0,0,0,0,0,0,0,0,0,0,0,0,0,0,0,0,0,0,0,0,0,0,0,0,0,0,0
0,858.061344988559,-554.256283986481,0,544.092578213448,0,0,93.2080819448277,0,-94.2799197571723,-3861.54617286859,-363.396034247164,-1698.09376639483,-604.709211896073,171.094069481117,751.34586673024,-193.036437624541,0,-3182.97436944042,689.490051666516,-902.430110014209,812.598909673396,0,0,1122.16338772947,96.36782345879,5333.12870203566,1877.97465092617,2437.18740528764,98.9035523198296,0,15428.3139883639,3532.81697267129,422.812040982338,-5435.00744148819,-653.908857939793,0,-2116.39086041938,0,0,0,0,1455.22337306478,1746.80051999785,110.749893070733,-1277.27142487595,0,0,41.5775420515436,0,186.806875390515,0,0,-1025.73396348864,717.249158936442,1095.45874015843,0,0,677.675336263867,0
0,-349.158486695276,138.254507914128,0,-391.586075978089,0,0,-835.074015581804,0,-486.567284070437,-1071.57230907948,-1433.94721450568,987.21954951506,-47.7107500355879,801.40166211221,-521.967247441568,-240.788670337669,0,1440.21723532369,-250.627613351223,1031.39380338877,1799.38610141325,0,0,-177.978547403087,-613.847031787667,644.457842343488,-330.419384516915,3348.6370287964,721.373776301885,0,3532.81697267129,11707.8644408318,1229.28645672055,48.0013626289787,-1138.95055488245,0,-2537.9001433087,0,0,0,0,203.249707071236,-228.471746281355,-998.974893237621,1283.56104870068,0,0,-91.1871207974857,0,159.985917730527,0,0,-172.773653246009,681.732572117547,415.481986914874,0,0,543.703118971945,0
0,176.017942091031,251.504455737722,0,407.620458948643,0,0,-44.7177432482161,0,-192.537086154538,-1245.08118062597,3574.39543425689,1407.38170259748,271.96142066162,645.899989891236,-651.567232799977,-302.281860984282,0,-799.921835485989,-319.123388143847,8.82989785370946,-713.417218353141,0,0,2192.71235935646,1398.03313755869,2404.31397966128,1580.76588656658,-42.7968176667612,-46.8832355594057,0,422.812040982338,1229.28645672055,12556.6101632766,-38.9001552425608,-1513.51286974504,0,-26.5709455687401,0,0,0,0,371.063979154095,7.80215722784421,-48.9073387178606,329.430212771107,0,0,-1217.21134036073,0,-266.919284063765,0,0,152.00818521837,975.113145278869,-697.2410136422,0,0,517.082084226848,0
0,798.023523299462,458.74507736466,0,-1140.77075214754,0,0,169.438243774338,0,443.006506358889,-594.267059187661,-1043.27481831956,-190.577736900964,931.015552939685,1431.62237190335,2640.41889923322,-1908.0651857759,0,3230.60574815094,-1151.96876947758,-520.698613915335,2783.96556699063,0,0,-923.409161907433,-1463.22055955402,-833.734948515735,352.383965362574,807.38086828949,1597.4598894706,0,-5435.00744148819,48.0013626289787,-38.9001552425608,15354.4366346994,4066.09454340666,0,588.582907176687,0,0,0,0,-201.459490093293,164.419051232403,879.363686505067,366.824894784403,0,0,1160.51917419705,0,-974.173087558769,0,0,-2186.95990037611,327.784203098752,70.4514919315182,0,0,1197.82901882358,0
0,280.730159266635,161.28995208736,0,271.164740289227,0,0,236.484535342138,0,23.7639639734397,183.523461779652,-2062.31972912062,-2122.25025077639,514.748289062972,1699.65489004029,1494.88195518408,754.312076144795,0,234.993700298935,-59.72143479131,-1755.57099075695,858.989400254038,0,0,-149.444472951573,-534.880197420555,-1643.97282428933,-242.886014841861,223.769751054986,-2085.47172896279,0,-653.908857939793,-1138.95055488245,-1513.51286974504,4066.09454340666,14915.87447494,0,1525.82659023757,0,0,0,0,-637.75758917318,1253.29272848773,1629.64116722131,-39.4264605022295,0,0,744.934593191082,0,645.242487976574,0,0,-804.947649798283,367.722446835396,827.560517726532,0,0,-407.595481267789,0
0,0,0,0,0,0,0,0,0,0,0,0,0,0,0,0,0,0,0,0,0,0,0,0,0,0,0,0,0,0,0,0,0,0,0,0,0.0617902736113424,0,0,0,0,0,0,0,0,0,0,0,0,0,0,0,0,0,0,0,0,0,0,0
0,384.774391660366,145.338812545079,0,198.082972646115,0,0,-920.905649190524,0,336.533025019074,-1245.82994600291,1067.52432838509,380.864632885947,780.843621338283,132.979134271548,503.023845898881,-2678.54524143166,0,1334.51150176767,-1257.23044410747,-126.957227522478,993.175273199262,0,0,1057.18127953268,-106.321602203651,-1460.69960242795,861.818558283714,-2182.86960563383,592.19879926131,0,-2116.39086041938,-2537.9001433087,-26.5709455687401,588.582907176687,1525.82659023757,0,13048.5411663612,0,0,0,0,-590.242676152312,321.435392246888,-2337.66064488695,-805.113315463959,0,0,-1435.16524934765,0,101.764952138348,0,0,2205.71496745465,-1830.3203168516,851.075655845535,0,0,-82.0376167962073,0
0,0,0,0,0,0,0,0,0,0,0,0,0,0,0,0,0,0,0,0,0,0,0,0,0,0,0,0,0,0,0,0,0,0,0,0,0,0,0.0491929902976232,0,0,0,0,0,0,0,0,0,0,0,0,0,0,0,0,0,0,0,0,0
0,0,0,0,0,0,0,0,0,0,0,0,0,0,0,0,0,0,0,0,0,0,0,0,0,0,0,0,0,0,0,0,0,0,0,0,0,0,0,0.0416270481841849,0,0,0,0,0,0,0,0,0,0,0,0,0,0,0,0,0,0,0,0
0,0,0,0,0,0,0,0,0,0,0,0,0,0,0,0,0,0,0,0,0,0,0,0,0,0,0,0,0,0,0,0,0,0,0,0,0,0,0,0,0.0348550128322291,0,0,0,0,0,0,0,0,0,0,0,0,0,0,0,0,0,0,0
0,0,0,0,0,0,0,0,0,0,0,0,0,0,0,0,0,0,0,0,0,0,0,0,0,0,0,0,0,0,0,0,0,0,0,0,0,0,0,0,0,0.0348058581649066,0,0,0,0,0,0,0,0,0,0,0,0,0,0,0,0,0,0
0,33.7832685159682,-420.539994439789,0,175.889139013469,0,0,811.615150085483,0,344.604230902515,192.422480123926,-733.040353585124,710.145520486701,-1356.5491365064,-50.2607070811723,-916.766798583834,-375.809058583337,0,-213.268392890918,-397.324844395789,-733.462072275287,630.737291279542,0,0,-462.862033395384,659.394476308405,398.812647109093,363.621251722226,657.915408497793,1553.56622707396,0,1455.22337306478,203.249707071236,371.063979154095,-201.459490093293,-637.75758917318,0,-590.242676152312,0,0,0,0,4638.51475494074,363.824259209515,206.905339127466,-1201.76676908689,0,0,-1254.54424360382,0,-470.601657474559,0,0,334.166092992744,-30.151995725266,-21.4670837366947,0,0,177.662703347772,0
0,-21.8959363307074,248.863543513986,0,472.789416848307,0,0,600.866968725028,0,-714.479906427935,485.710497044362,779.506922735808,168.698597970011,-434.550877896214,1204.00626619458,857.745259312278,-1418.39552428491,0,-1156.81449293064,-543.124297716247,-602.748724818182,-468.105919965984,0,0,971.566901654056,585.515156672119,442.077472525568,1185.1273522967,580.250719044717,-1976.03753019674,0,1746.80051999785,-228.471746281355,7.80215722784421,164.419051232403,1253.29272848773,0,321.435392246888,0,0,0,0,363.824259209515,4889.78159463593,-1140.29253419084,264.853972023278,0,0,-762.733376534836,0,-235.890623312222,0,0,-198.241135455896,115.873570579868,126.117010418716,0,0,446.701136537954,0
0,243.013582062916,-121.720373053565,0,241.634144028863,0,0,1683.48787851051,0,-851.138756460721,-386.718242197213,820.894593732243,-693.307994292897,-414.383460880446,140.420041787503,-398.823271323747,665.648611006007,0,-1885.20663533546,-50.9529803868081,-45.6687900044371,-1794.06738352935,0,0,-755.740221684626,-468.15635350737,2696.88961964734,-2786.33243791435,204.097891037148,199.985308438833,0,110.749893070733,-998.974893237621,-48.9073387178606,879.363686505067,1629.64116722131,0,-2337.66064488695,0,0,0,0,206.905339127466,-1140.29253419084,11461.4361923005,451.874957559872,0,0,95.9520791010816,0,-451.071763592681,0,0,467.109737914043,-82.3916635061347,723.53667512673,0,0,-354.09565196908,0
0,703.338467976704,258.705705369317,0,-664.559964327079,0,0,1180.35935161228,0,899.505346758965,2140.79142233303,355.152267466606,1596.17959142742,-1604.88872166174,105.862456892212,312.70743429211,-1036.45508532043,0,-1347.97305791083,769.402669256733,-2546.50673888897,-2936.30761474989,0,0,-849.60112160213,363.270071647315,913.795991919335,-1012.45566093497,-179.039867866677,-1860.21152580429,0,-1277.27142487595,1283.56104870068,329.430212771107,366.824894784403,-39.4264605022295,0,-805.113315463959,0,0,0,0,-1201.76676908689,264.853972023278,451.874957559872,8088.99346554248,0,0,1088.09426508216,0,23.7049488404859,0,0,650.314611865757,-880.083169743717,-330.538746862292,0,0,1115.48002210792,0
0,0,0,0,0,0,0,0,0,0,0,0,0,0,0,0,0,0,0,0,0,0,0,0,0,0,0,0,0,0,0,0,0,0,0,0,0,0,0,0,0,0,0,0,0,0,0.023296917617297,0,0,0,0,0,0,0,0,0,0,0,0,0
0,0,0,0,0,0,0,0,0,0,0,0,0,0,0,0,0,0,0,0,0,0,0,0,0,0,0,0,0,0,0,0,0,0,0,0,0,0,0,0,0,0,0,0,0,0,0,0.0417589116765564,0,0,0,0,0,0,0,0,0,0,0,0
0,836.77385967943,-367.882683203827,0,177.444270049095,0,0,80.8657911120891,0,-522.671679669696,1485.61908744327,-22.3711056381605,-1291.86903899581,-108.216147957471,-726.752158289687,2586.78806008472,-407.213983467319,0,549.200508625891,3833.34519243324,1277.5927348895,-2086.23262284422,0,0,1543.01067525076,-1972.18177254385,-674.002130085094,172.459163468296,-3214.14206630492,1165.91196620448,0,41.5775420515436,-91.1871207974857,-1217.21134036073,1160.51917419705,744.934593191082,0,-1435.16524934766,0,0,0,0,-1254.54424360382,-762.733376534837,95.9520791010816,1088.09426508216,0,0,10651.9160729755,0,-545.950775894797,0,0,-756.435979897012,-897.804330665206,99.9411029152722,0,0,398.965918199315,0
0,0,0,0,0,0,0,0,0,0,0,0,0,0,0,0,0,0,0,0,0,0,0,0,0,0,0,0,0,0,0,0,0,0,0,0,0,0,0,0,0,0,0,0,0,0,0,0,0,0.0355517682261318,0,0,0,0,0,0,0,0,0,0
0,-743.636598730133,-20.3921467826453,0,537.589303360101,0,0,753.241115128293,0,69.8420694578812,474.868646392969,-698.303024447671,26.0706017088879,68.8929170812244,-438.263046094443,154.56550735963,443.03361118193,0,-209.914735223261,907.132506733124,388.43413213618,-628.66789279633,0,0,386.56484444607,569.283750109441,1302.07356965649,-1156.61695060586,952.363714114341,-982.58589932222,0,186.806875390515,159.985917730527,-266.919284063765,-974.173087558769,645.242487976574,0,101.764952138348,0,0,0,0,-470.601657474559,-235.890623312222,-451.071763592681,23.7049488404859,0,0,-545.950775894797,0,3884.17848783375,0,0,-316.411003986756,17.7299086072357,-111.412278890513,0,0,-152.807447919061,0
0,0,0,0,0,0,0,0,0,0,0,0,0,0,0,0,0,0,0,0,0,0,0,0,0,0,0,0,0,0,0,0,0,0,0,0,0,0,0,0,0,0,0,0,0,0,0,0,0,0,0,0.0221541309720512,0,0,0,0,0,0,0,0
0,0,0,0,0,0,0,0,0,0,0,0,0,0,0,0,0,0,0,0,0,0,0,0,0,0,0,0,0,0,0,0,0,0,0,0,0,0,0,0,0,0,0,0,0,0,0,0,0,0,0,0,0.0260725669591008,0,0,0,0,0,0,0
0,616.339063708259,230.21733214267,0,346.472981166483,0,0,-1073.48816362565,0,1490.21017633297,946.127446866495,-526.415804085152,665.331450953673,189.95685677048,816.294481982052,-159.260068175058,1669.38153254345,0,-1578.9219944361,268.369208840732,338.5940647502,1026.23805967086,0,0,1963.87882802098,1130.42387743312,-1202.8207032805,687.9539396054,1790.20311011925,-194.82195902683,0,-1025.73396348864,-172.773653246009,152.00818521837,-2186.95990037611,-804.947649798283,0,2205.71496745465,0,0,0,0,334.166092992744,-198.241135455896,467.109737914043,650.314611865757,0,0,-756.435979897012,0,-316.411003986756,0,0,11139.7171815428,-735.272031788313,471.824696582602,0,0,-145.999075574016,0
0,-294.46547713995,156.119219884559,0,657.079610305819,0,0,264.719432687125,0,725.200720381517,-872.540275468981,-1082.55045502704,-333.844532268586,424.927340353103,556.178055332431,-888.264218853544,657.288995475902,0,339.629248444866,-333.282874148111,-1293.49157689084,-159.839233115909,0,0,-356.667719256431,324.370811870266,116.371111316443,-406.256042218501,325.153120800665,-1057.72530042567,0,717.249158936442,681.732572117547,975.113145278869,327.784203098752,367.722446835396,0,-1830.3203168516,0,0,0,0,-30.151995725266,115.873570579868,-82.3916635061347,-880.083169743717,0,0,-897.804330665206,0,17.7299086072357,0,0,-735.272031788313,5259.91846288266,564.213336804451,0,0,-1141.9975277743,0
0,299.76925770371,-334.977804142008,0,-675.458119009832,0,0,-285.517174798923,0,-595.773213465153,-956.331062621774,504.258929844454,-1289.60584163369,719.209566119996,233.019069210768,402.141445193891,-482.945913551458,0,-770.575294015354,-512.030366932229,709.462131396086,500.435141645308,0,0,881.034067786372,-739.439835170215,77.8410647407718,180.25324660554,70.0212141425804,477.505391378218,0,1095.45874015843,415.481986914874,-697.2410136422,70.4514919315182,827.560517726532,0,851.075655845535,0,0,0,0,-21.4670837366947,126.117010418716,723.53667512673,-330.538746862292,0,0,99.9411029152722,0,-111.412278890513,0,0,471.824696582602,564.213336804451,3670.62485346894,0,0,-255.120791286041,0
0,0,0,0,0,0,0,0,0,0,0,0,0,0,0,0,0,0,0,0,0,0,0,0,0,0,0,0,0,0,0,0,0,0,0,0,0,0,0,0,0,0,0,0,0,0,0,0,0,0,0,0,0,0,0,0,0.0165858642480324,0,0,0
0,0,0,0,0,0,0,0,0,0,0,0,0,0,0,0,0,0,0,0,0,0,0,0,0,0,0,0,0,0,0,0,0,0,0,0,0,0,0,0,0,0,0,0,0,0,0,0,0,0,0,0,0,0,0,0,0,0.025482071313775,0,0
0,606.436945188058,-106.115283529866,0,710.196234988816,0,0,553.726505258106,0,337.794168357482,-930.581858865682,-1241.07183641134,-1646.03430159141,-791.509335385612,-79.2559869502266,2002.94506234315,1030.44597843095,0,44.9165471486072,1084.43828510254,-396.208966920243,462.827793710803,0,0,925.997679856246,2336.07368493727,1158.59946767896,2493.13605045415,40.5661910654931,1210.6456454638,0,677.675336263867,543.703118971945,517.082084226848,1197.82901882358,-407.595481267789,0,-82.0376167962073,0,0,0,0,177.662703347772,446.701136537954,-354.09565196908,1115.48002210792,0,0,398.965918199315,0,-152.807447919061,0,0,-145.999075574016,-1141.9975277743,-255.120791286041,0,0,8813.17686984398,0
0,0,0,0,0,0,0,0,0,0,0,0,0,0,0,0,0,0,0,0,0,0,0,0,0,0,0,0,0,0,0,0,0,0,0,0,0,0,0,0,0,0,0,0,0,0,0,0,0,0,0,0,0,0,0,0,0,0,0,0.0258640195356564
