0.0620609669627766,0.0163083738055147,0.0463131828251679,-0.00683532360015506,-0.0160060046715673,-0.00488067368224435,-0.00647214896933087,-0.00487843325441833,-0.00520531478143289,-0.00437165806175245,-0.0059069823987143,-0.00336444877501358,-0.00338192293373924,-0.00590832144291985,-0.00354555737427781,0.0066550566787643,-0.0195422617297305,-0.0219644034620957,-0.0228349740475448,-0.00859191575019176,0.00635892120080431,-0.0208824817061155
0.0163083738055147,0.0366100329517857,0.00307607171842858,0.0060247603711577,0.00202387686561694,0.00556430298518482,0.00511292247961209,0.00556150696089551,0.00296586111596565,0.00344605365132181,0.00338720917005447,0.00223727847267007,0.00104343286643838,0.00338669045190016,0.00752493821029875,-0.00183592989959998,-0.00100211767365533,-0.0172549865464945,8.95525612833969e-05,0.00143809242702056,0.00608878445477277,-9.17562366431605e-05
0.0463131828251679,0.00307607171842858,0.0764389128814502,-0.00929440539265289,-0.0145838782666084,-0.00718382724990077,-0.00680989168084557,-0.00717465852333419,-0.00904260412532497,-0.0074755377911886,-0.0115505758307194,-0.00540678286815615,-0.00469754332297413,-0.0115489845594515,-0.00541263435297876,0.0150388510883386,-0.0264642782922618,-0.00414392471524497,-0.0245878503217555,-0.0116755309237376,-0.00421851188272616,-0.0208224995797385
-0.00683532360015506,0.0060247603711577,-0.00929440539265289,0.0312206176364847,0.0274168483422762,0.0299419038363191,0.0292136593916848,0.0299368177008432,0.0271073686098059,0.025670279728806,0.031191470498209,0.0232460201892731,0.0185105497280345,0.0311874127886908,0.026366150973983,-0.0283284774255892,0.0151513853018087,0.00197572159046427,0.0279828647477563,0.0122971366641713,0.0144924993651017,0.0275381865552323
-0.0160060046715673,0.00202387686561694,-0.0145838782666084,0.0274168483422762,0.026940147126468,0.0264439219295888,0.0252546813924405,0.026439471956334,0.0231765104708983,0.0215147024037042,0.0272224581269508,0.0193392075504777,0.0150337169934891,0.0272198132345012,0.0239286602086304,-0.0240259224584846,0.0158486180987271,0.003432187319913,0.0261762178692251,0.0101801405173797,0.00990476230259834,0.0256199159573238
-0.00488067368224435,0.00556430298518482,-0.00718382724990077,0.0299419038363191,0.0264439219295888,0.0293378097292141,0.0276439570313504,0.0293338114114182,0.0257483404392268,0.0242061178829232,0.0299776136670892,0.0217511865494639,0.017211476035771,0.0299735350027103,0.0262379312908325,-0.0268212647941196,0.0139275874840636,-1.72797926597467e-05,0.0249071528670952,0.00959141360807966,0.013608473424573,0.0243150919882799
-0.00647214896933087,0.00511292247961209,-0.00680989168084557,0.0292136593916848,0.0252546813924405,0.0276439570313504,0.0282711790079077,0.0276391102606896,0.0260666185663227,0.0248706958253111,0.0294767654805162,0.0232723028674768,0.0183186061953609,0.0294730262102547,0.0237335989177966,-0.0271383754610583,0.0142887850676731,0.00427138236320762,0.0276007187030854,0.0128432441955408,0.0137902959031218,0.0275621818977311
-0.00487843325441833,0.00556150696089551,-0.00717465852333419,0.0299368177008432,0.026439471956334,0.0293338114114182,0.0276391102606896,0.0293298306299511,0.0257400144478951,0.0241984395553546,0.0299685707123399,0.0217435920656062,0.0172056494595159,0.0299644927453565,0.0262356294657511,-0.0268134238974495,0.0139184570347956,-2.22203746646742e-05,0.0248972474119449,0.00958427041489053,0.0136048702984024,0.0243058410043242
-0.00520531478143289,0.00296586111596565,-0.00904260412532497,0.0271073686098059,0.0231765104708983,0.0257483404392268,0.0260666185663227,0.0257400144478951,0.0380541752732546,0.0345529664846287,0.0440497363190725,0.0337461778528028,0.0252729670266302,0.0440424440566473,0.0234026726797963,-0.033718964017509,0.0205206674769859,0.00533849741787797,0.0271184709731773,0.01582924881527,0.0192118633438334,0.0268672505625195
-0.00437165806175245,0.00344605365132181,-0.0074755377911886,0.025670279728806,0.0215147024037042,0.0242061178829232,0.0248706958253111,0.0241984395553546,0.0345529664846287,0.0319357657058551,0.039539361471613,0.0308088255959307,0.023423767233507,0.0395328805802213,0.021750981564091,-0.0307769030698673,0.0176688786522077,0.00525294911435529,0.0252247688935844,0.0149587394054305,0.0177044371844034,0.0249886721559681
-0.0059069823987143,0.00338720917005447,-0.0115505758307194,0.031191470498209,0.0272224581269508,0.0299776136670892,0.0294767654805162,0.0299685707123399,0.0440497363190725,0.039539361471613,0.0521183671519108,0.0383315084158686,0.0279564559595892,0.0521097774707861,0.027620762748475,-0.0386741642565457,0.0232731497859715,0.0049033217770205,0.0293635762363022,0.0158481885796477,0.020423602584355,0.0290040402598161
-0.00336444877501358,0.00223727847267007,-0.00540678286815615,0.0232460201892731,0.0193392075504777,0.0217511865494639,0.0232723028674768,0.0217435920656062,0.0337461778528028,0.0308088255959307,0.0383315084158687,0.0311989754091285,0.0231645440642815,0.0383252958868787,0.0192239697739448,-0.0301835090818924,0.0175781643850801,0.00737344929892785,0.025185557747803,0.0157122403481229,0.0181308643242082,0.0253254678904606
-0.00338192293373924,0.00104343286643838,-0.00469754332297413,0.0185105497280345,0.0150337169934891,0.017211476035771,0.0183186061953609,0.0172056494595159,0.0252729670266302,0.023423767233507,0.0279564559595892,0.0231645440642815,0.0185824148031469,0.0279516618001372,0.0151003272864491,-0.0234143764329812,0.0150673793688024,0.00485052559214847,0.0204000361419528,0.0134379150541977,0.0148640394500059,0.0203067594879512
-0.00590832144291985,0.00338669045190016,-0.0115489845594515,0.0311874127886909,0.0272198132345012,0.0299735350027103,0.0294730262102547,0.0299644927453565,0.0440424440566473,0.0395328805802213,0.0521097774707861,0.0383252958868786,0.0279516618001372,0.0521011917895839,0.0276169962175535,-0.0386678208720515,0.0232685520292048,0.0049028115143879,0.0293598331829722,0.0158445000237225,0.0204193292457427,0.0290008847157905
-0.00354555737427782,0.00752493821029875,-0.00541263435297877,0.026366150973983,0.0239286602086304,0.0262379312908324,0.0237335989177966,0.0262356294657511,0.0234026726797963,0.021750981564091,0.027620762748475,0.0192239697739448,0.0151003272864491,0.0276169962175535,0.0262037623474013,-0.0233991077010318,0.0138543019918152,-0.0059372131333545,0.0201023353257891,0.00894911372259337,0.0127833802803676,0.019546900735431
0.0066550566787643,-0.00183592989959998,0.0150388510883386,-0.0283284774255892,-0.0240259224584846,-0.0268212647941196,-0.0271383754610583,-0.0268134238974495,-0.033718964017509,-0.0307769030698673,-0.0386741642565457,-0.0301835090818924,-0.0234143764329812,-0.0386678208720515,-0.0233991077010318,0.0397778133736675,-0.0282593759161934,-0.0019534354929775,-0.032701220676078,-0.0163562296703349,-0.0220452587074196,-0.0314002402658954
-0.0195422617297305,-0.00100211767365533,-0.0264642782922618,0.0151513853018087,0.0158486180987271,0.0139275874840636,0.0142887850676731,0.0139184570347956,0.0205206674769859,0.0176688786522077,0.0232731497859715,0.0175781643850801,0.0150673793688024,0.0232685520292048,0.0138543019918152,-0.0282593759161934,0.0522619428969318,-0.00611979066648971,0.0275892790316389,0.0185754256173848,0.0100208465483323,0.0252871884406512
-0.0219644034620957,-0.0172549865464945,-0.00414392471524497,0.00197572159046427,0.003432187319913,-1.72797926597467e-05,0.00427138236320761,-2.22203746646742e-05,0.00533849741787797,0.00525294911435529,0.0049033217770205,0.00737344929892785,0.00485052559214847,0.0049028115143879,-0.0059372131333545,-0.0019534354929775,-0.00611979066648971,0.0433109578770405,0.0112652392966343,0.00840887469706443,-0.000872618048177244,0.0125101429206039
-0.0228349740475448,8.95525612833969e-05,-0.0245878503217555,0.0279828647477563,0.0261762178692251,0.0249071528670952,0.0276007187030854,0.0248972474119449,0.0271184709731773,0.0252247688935844,0.0293635762363022,0.025185557747803,0.0204000361419528,0.0293598331829722,0.0201023353257891,-0.032701220676078,0.0275892790316389,0.0112652392966343,0.0451109795240719,0.0239690187148991,0.0206645941856973,0.042801269791778
-0.00859191575019176,0.00143809242702056,-0.0116755309237376,0.0122971366641713,0.0101801405173797,0.00959141360807966,0.0128432441955408,0.00958427041489053,0.01582924881527,0.0149587394054305,0.0158481885796477,0.0157122403481229,0.0134379150541977,0.0158445000237225,0.00894911372259337,-0.0163562296703349,0.0185754256173848,0.00840887469706444,0.0239690187148991,0.0326141668178676,0.0168566894253154,0.0239576347681856
0.00635892120080431,0.00608878445477277,-0.00421851188272616,0.0144924993651017,0.00990476230259834,0.013608473424573,0.0137902959031218,0.0136048702984024,0.0192118633438334,0.0177044371844034,0.020423602584355,0.0181308643242082,0.0148640394500059,0.0204193292457427,0.0127833802803676,-0.0220452587074196,0.0100208465483323,-0.000872618048177244,0.0206645941856973,0.0168566894253154,0.0292413879445006,0.0193732881415954
-0.0208824817061155,-9.17562366431605e-05,-0.0208224995797385,0.0275381865552323,0.0256199159573238,0.0243150919882799,0.0275621818977311,0.0243058410043242,0.0268672505625195,0.0249886721559681,0.0290040402598161,0.0253254678904606,0.0203067594879512,0.0290008847157905,0.019546900735431,-0.0314002402658954,0.0252871884406512,0.0125101429206039,0.042801269791778,0.0239576347681856,0.0193732881415954,0.0419265710512613
