0.177748463688368,-0.0073915506518739,0.0229236902923878,-0.00320387448204621,0.0272647937212764,0.0153986465903407,0.0119106187915401,-0.00872618210477766,0.00266748135016114,0.00910430356984087,0.0112749742268635,0.00981551430024289,-0.00209834831143732,-0.000823042321025902,-0.000984227860382877,-0.0105079719347492,0.0125514009243244,0.0159383476918612,-0.000469014902974642,-0.0195756350750959,0.0243574848987528,7.15035044620524e-05,-0.00921521788351859,0.0131204685143303
-0.00739155065187389,0.0312833320433851,-0.00220548289998684,0.0171807726405965,0.00445550211773178,-0.00103515126889756,-0.000139000428282119,-0.00114768333464959,0.0189364091096023,-0.0028010481235775,-0.00573540237992516,-0.00176445102624965,0.00229064946194545,0.0072412263106044,-0.00399467762208531,-0.00570936445494701,0.00716644932699418,0.000249628623574408,0.000685222176404794,-0.000628125165593779,-0.00801096683564698,-0.00229662892505832,-0.0115640314920824,0.00184067492700983
0.0229236902923878,-0.00220548289998684,0.079947209853701,0.000456523476691448,0.00480358480908153,0.0190977742692143,0.00340741815897779,0.0121083142396796,0.00160169504525358,0.0118203827604305,0.00826238003252765,0.0237161494222124,0.00335851014677249,0.026858088226006,-0.00160521372070674,0.00852111705173182,0.0117037073624356,-0.00369729120927192,0.00474371082331499,-0.00252459795083982,0.0064001936368864,-0.006505840696099,-0.00994328514582369,0.00624013401896294
-0.00320387448204621,0.0171807726405965,0.000456523476691448,0.0251713989431121,0.00204297061614604,-0.00484587955342093,-0.00481321178685614,-0.00104529746951805,0.0202759249473588,-0.000818397773054653,-9.24647347845802e-05,0.000497956122308112,0.00258076360170575,0.0155129047252613,-0.00149245767029928,0.00146973937939619,0.0124264793767182,-0.000814374578748114,0.00273138876570684,-0.00079042189014075,-0.011257699673767,0.00247347318188464,-0.00821022718973996,-0.011533305805758
0.0272647937212764,0.00445550211773178,0.00480358480908153,0.00204297061614604,0.147288221658463,0.0163221163512117,0.00603531139435472,0.0189628444949937,0.00879998783463624,0.00494891622541796,0.000279352767908201,-0.000361833771752193,0.00499504020462213,3.11806792270736e-06,0.00119236328414523,0.0053593522254891,0.00964998357642373,0.0132266411334337,-0.00317094147853008,-0.00951989765727522,-0.0022150655484733,0.00651667784216236,-0.0105659662659469,0.0214255625218946
0.0153986465903407,-0.00103515126889756,0.0190977742692143,-0.00484587955342093,0.0163221163512117,0.0933548431338335,0.00725061174626118,0.0269465891491926,0.00301173555749381,0.0189123604291591,-0.00490599929135703,0.00574118256071253,0.0113253108262608,0.00773400454571908,-0.0040876479224101,-3.83875763977986e-05,0.00417985237123744,-0.000355135793276642,-0.00166294557007964,-0.00852923034549302,0.00388672102935453,-0.0132233372058312,0.00437765169946783,0.0098447741751187
0.0119106187915401,-0.000139000428282119,0.00340741815897779,-0.00481321178685614,0.00603531139435472,0.00725061174626118,0.0612061514187794,-0.00443644978740111,-0.00658274754544831,0.000324833609799899,0.00124380213286029,0.00175473686293087,0.00946279997752842,0.00473822681466159,0.00616210504017946,0.00712360471297908,0.00314483243628453,-0.00257691252468979,0.00190938222776481,-0.0149312643454043,0.0122590599762502,-7.77158993581449e-05,0.00743817267436149,0.000691330707748533
-0.00872618210477766,-0.00114768333464959,0.0121083142396796,-0.00104529746951805,0.0189628444949937,0.0269465891491926,-0.00443644978740111,0.145572772008201,0.0154097555585218,0.020090426214602,-0.00250308595108504,0.0015670011004705,0.0105970022392221,0.0156816813628963,-0.00237896914016044,0.00353080188627533,0.00711736326628172,0.00287965754983291,-0.000826841083249764,0.0257567403337445,-0.0520753840820164,-0.00651280962463654,0.00268387776421306,-0.00879440942128596
0.00266748135016114,0.0189364091096023,0.00160169504525358,0.0202759249473588,0.00879998783463624,0.00301173555749381,-0.00658274754544831,0.0154097555585218,0.122771863134172,0.00265965969626197,-0.0131324272722563,-0.00476018739110907,0.0103022361263393,0.0383838653879407,-0.00818666192928295,-0.00542118615990239,0.0178931718444983,0.0223908256704919,-0.00212644165703262,-0.0175475745981977,-0.0340992870133089,-0.00169976090998285,-0.0317686260384229,-0.00120686513032549
0.00910430356984087,-0.0028010481235775,0.0118203827604306,-0.000818397773054653,0.00494891622541796,0.0189123604291591,0.000324833609799899,0.020090426214602,0.00265965969626197,0.0424965127120644,-0.0018400233644788,0.00820704472154421,0.0100423905425635,0.0198366084623051,-0.00358285368111082,0.00963547474345494,-0.00149042407556778,0.00383427112442,-0.000650090568626109,-0.0183989512900923,0.00347938935810063,-0.00320552393619101,0.00392140952602721,-0.0171824532467108
0.0112749742268635,-0.00573540237992516,0.00826238003252765,-9.24647347845802e-05,0.000279352767908201,-0.00490599929135703,0.00124380213286029,-0.00250308595108503,-0.0131324272722563,-0.0018400233644788,0.120283235032506,0.00206115722173128,-0.00742953264763096,0.00318847666301323,0.00330277777205487,-0.00224245506921265,0.00976698995020825,0.00444417508724202,-0.000403019415379145,0.00267333247295542,-0.000811273155970111,0.000286951348688507,-0.0147403699747907,0.0183413713178386
0.00981551430024289,-0.00176445102624965,0.0237161494222124,0.000497956122308112,-0.000361833771752193,0.00574118256071253,0.00175473686293087,0.0015670011004705,-0.00476018739110907,0.00820704472154421,0.00206115722173128,0.0355800723460443,0.000615502068835751,0.0158346898021394,-0.0012664500209718,0.00779152461186891,0.00336610290339541,0.0022919325687766,-0.00163853532542881,-0.00690507022799545,0.0142765301089398,-0.000719560069469397,-0.00363668214599858,0.00341220588341537
-0.00209834831143732,0.00229064946194545,0.00335851014677249,0.00258076360170575,0.00499504020462213,0.0113253108262608,0.00946279997752842,0.0105970022392221,0.0103022361263393,0.0100423905425635,-0.00742953264763096,0.000615502068835751,0.130243148167674,0.017616216902506,-0.00360691818207946,0.00926121472667982,0.0061626414985512,-0.0108720053699978,0.00593672280065694,-0.0194517209152795,-0.0179726466620776,-0.00343920478286126,0.0044066066362745,-0.0191277983879762
-0.000823042321025902,0.0072412263106044,0.026858088226006,0.0155129047252613,3.11806792270736e-06,0.00773400454571908,0.00473822681466159,0.0156816813628963,0.0383838653879407,0.0198366084623051,0.00318847666301323,0.0158346898021394,0.017616216902506,0.238538419083873,-0.00908627014517708,-0.0212865876775355,0.0153300150121823,0.01838548649352,-0.00428735718965404,0.00983160180184597,-0.015123313176961,-0.0075647022259921,-0.038993660552779,-0.0274537428488009
-0.000984227860382877,-0.00399467762208531,-0.00160521372070674,-0.00149245767029928,0.00119236328414523,-0.0040876479224101,0.00616210504017946,-0.00237896914016044,-0.00818666192928295,-0.00358285368111082,0.00330277777205487,-0.0012664500209718,-0.00360691818207946,-0.00908627014517708,0.0191839831910108,0.00383716498535193,-0.00362029952457338,-0.00439960814524112,0.00192416184126462,0.00316509422819654,-0.00196532320318244,0.0036985657427053,0.00284955680831437,-0.00389402085862254
-0.0105079719347492,-0.00570936445494701,0.00852111705173182,0.00146973937939619,0.0053593522254891,-3.83875763977986e-05,0.00712360471297908,0.00353080188627533,-0.00542118615990239,0.00963547474345494,-0.00224245506921265,0.00779152461186891,0.00926121472667982,-0.0212865876775355,0.00383716498535193,0.179407322712602,-0.0250938017676272,0.0149414576193703,-0.00194034156917306,0.00588858905671219,-0.00786174032834126,0.0143279695320856,0.00286759953406293,-0.00310140238435808
0.0125514009243244,0.00716644932699418,0.0117037073624356,0.0124264793767182,0.00964998357642373,0.00417985237123744,0.00314483243628453,0.00711736326628171,0.0178931718444983,-0.00149042407556778,0.00976698995020825,0.00336610290339541,0.0061626414985512,0.0153300150121823,-0.00362029952457338,-0.0250938017676272,0.0925617513451735,0.00769786703056255,6.57552469976204e-05,4.40236553620294e-05,-0.0217299922811749,-0.00337289798836327,-0.00710184370838846,-0.00193457822830978
0.0159383476918612,0.000249628623574408,-0.00369729120927192,-0.000814374578748114,0.0132266411334337,-0.000355135793276642,-0.00257691252468979,0.00287965754983291,0.0223908256704919,0.00383427112442,0.00444417508724202,0.0022919325687766,-0.0108720053699978,0.01838548649352,-0.00439960814524112,0.0149414576193703,0.00769786703056255,0.100823286401573,-0.0452103402177426,-0.00373069181373491,-0.00680611186124646,0.00312331750858751,-0.0141125011630912,0.00510405704638439
-0.000469014902974642,0.000685222176404794,0.00474371082331499,0.00273138876570684,-0.00317094147853008,-0.00166294557007964,0.00190938222776481,-0.000826841083249764,-0.00212644165703262,-0.000650090568626109,-0.000403019415379145,-0.00163853532542881,0.00593672280065694,-0.00428735718965404,0.00192416184126462,-0.00194034156917306,6.57552469976204e-05,-0.0452103402177426,0.0432105004595214,0.0051164949179258,3.12718270554583e-05,-0.00110198387662072,0.000684914168405328,-0.0037100125031068
-0.0195756350750959,-0.000628125165593779,-0.00252459795083982,-0.00079042189014075,-0.00951989765727522,-0.00852923034549302,-0.0149312643454043,0.0257567403337445,-0.0175475745981977,-0.0183989512900923,0.00267333247295542,-0.00690507022799545,-0.0194517209152795,0.00983160180184597,0.00316509422819654,0.00588858905671219,4.40236553620294e-05,-0.00373069181373491,0.0051164949179258,0.144603194556153,-0.123648657017618,0.00476540485987813,0.0057615721728018,-0.00634862435707854
0.0243574848987528,-0.00801096683564698,0.0064001936368864,-0.011257699673767,-0.0022150655484733,0.00388672102935453,0.0122590599762502,-0.0520753840820164,-0.0340992870133089,0.00347938935810063,-0.000811273155970111,0.0142765301089398,-0.0179726466620776,-0.015123313176961,-0.00196532320318244,-0.00786174032834126,-0.0217299922811749,-0.00680611186124646,3.12718270554583e-05,-0.123648657017618,0.202905061988681,7.1722367741935e-05,0.00271622819006245,0.0170314328551752
7.15035044620524e-05,-0.00229662892505832,-0.006505840696099,0.00247347318188464,0.00651667784216236,-0.0132233372058312,-7.77158993581449e-05,-0.00651280962463654,-0.00169976090998285,-0.00320552393619101,0.000286951348688507,-0.000719560069469397,-0.00343920478286126,-0.0075647022259921,0.0036985657427053,0.0143279695320856,-0.00337289798836327,0.00312331750858751,-0.00110198387662072,0.00476540485987813,7.1722367741935e-05,0.0279568240622958,-0.00605740698806596,-0.0184140735876329
-0.00921521788351859,-0.0115640314920824,-0.00994328514582369,-0.00821022718973996,-0.0105659662659469,0.00437765169946783,0.00743817267436149,0.00268387776421306,-0.0317686260384229,0.00392140952602721,-0.0147403699747907,-0.00363668214599858,0.0044066066362745,-0.038993660552779,0.00284955680831437,0.00286759953406293,-0.00710184370838846,-0.0141125011630912,0.000684914168405328,0.0057615721728018,0.00271622819006245,-0.00605740698806596,0.149016945084009,-0.109562094945776
0.0131204685143303,0.00184067492700983,0.00624013401896294,-0.011533305805758,0.0214255625218946,0.0098447741751187,0.000691330707748533,-0.00879440942128596,-0.00120686513032549,-0.0171824532467108,0.0183413713178386,0.00341220588341537,-0.0191277983879762,-0.0274537428488009,-0.00389402085862254,-0.00310140238435808,-0.00193457822830978,0.00510405704638439,-0.0037100125031068,-0.00634862435707854,0.0170314328551752,-0.0184140735876329,-0.109562094945776,0.232797186192159
