0.209086094588801,0.0115504558828564,3.18726131532142e-05,-0.00304017458878372,-0.00475474488738928,0.00942348565042283,0.00798423004798288,0.0167037084812707,0.00989943449052582,-8.33348732293789e-05,0.0132490897426151,-0.00555357872428264,0.00454353540355358,-0.000724742440141537
0.0115504558828564,0.0280465356167311,0.00476915442505463,0.00193378259731453,-0.00732101601952828,0.00470511760849507,0.00773723814819089,0.0131046944001368,0.00965673143368272,0.00227191400496284,0.00638625234390518,-0.00113460118785146,4.00200201363031e-05,0.000366920062597029
3.18726131532142e-05,0.00476915442505463,0.028829940703748,0.00360006510803521,0.00382079267513882,0.00799522319179367,0.00613355179240214,0.0239305743369073,0.016246238825768,0.0018312840671435,-0.000757527072434737,0.00407466495088214,-0.00175474874322654,0.000438211682130142
-0.00304017458878372,0.00193378259731453,0.00360006510803521,0.0470794583310743,0.0123882974686602,0.00475915046840764,0.0025061208685678,0.0204652226277997,0.0217714576645836,0.00246817422922085,0.00431060825822467,-0.00338690305043999,0.0014074948515445,-6.41487234978553e-05
-0.00475474488738928,-0.00732101601952828,0.00382079267513882,0.0123882974686602,0.0737794786280417,0.0295299497494968,0.00313162679725563,0.0585486447482483,0.0316072232678179,0.00465424170258808,-0.00632896349726788,0.0032486104191343,0.00377513214979832,0.000642028911029458
0.00942348565042283,0.00470511760849507,0.00799522319179367,0.00475915046840764,0.0295299497494968,0.0636998274012147,0.00639819855100116,0.0305877875565472,0.010377504142386,0.00180724521588842,0.0148621817656456,0.0031709790397114,0.001604716150576,0.000316467215216902
0.00798423004798288,0.00773723814819089,0.00613355179240214,0.0025061208685678,0.00313162679725563,0.00639819855100116,0.0130834696336033,0.0161548200268325,0.010124587519122,0.000846154025915065,0.0101951263359555,0.000434572202024352,0.000611916908670367,8.45525276690971e-05
0.0167037084812707,0.0131046944001368,0.0239305743369073,0.0204652226277997,0.0585486447482483,0.0305877875565472,0.0161548200268325,0.286125874086444,0.0892178588334706,0.0233546776399163,0.0403449298715703,0.00650052355750971,0.0033125169147923,0.00239987926910468
0.00989943449052582,0.00965673143368272,0.016246238825768,0.0217714576645836,0.0316072232678179,0.010377504142386,0.010124587519122,0.0892178588334706,0.242338383459817,0.0176848127586606,-0.00362764040523759,0.0189310235913742,0.00273301352962595,0.00163103579150798
-8.33348732293789e-05,0.00227191400496284,0.0018312840671435,0.00246817422922085,0.00465424170258808,0.00180724521588842,0.000846154025915065,0.0233546776399163,0.0176848127586606,0.00713288415947859,0.00101025322939679,0.00148710951219129,-0.000406633763502079,0.000131222095217927
0.0132490897426151,0.00638625234390518,-0.000757527072434737,0.00431060825822467,-0.00632896349726788,0.0148621817656456,0.0101951263359555,0.0403449298715703,-0.00362764040523759,0.00101025322939679,0.248120012578609,-0.00217808105353899,0.0117116212245298,3.13411568931148e-05
-0.00555357872428264,-0.00113460118785146,0.00407466495088214,-0.00338690305043999,0.0032486104191343,0.0031709790397114,0.000434572202024352,0.00650052355750971,0.0189310235913742,0.00148710951219129,-0.002178081053539,0.0235030474153214,-0.00139339877059173,0.000373257801451966
0.00454353540355358,4.00200201363031e-05,-0.00175474874322654,0.0014074948515445,0.00377513214979832,0.001604716150576,0.000611916908670367,0.0033125169147923,0.00273301352962595,-0.000406633763502079,0.0117116212245298,-0.00139339877059173,0.00661983245732259,-1.53577923858764e-05
-0.000724742440141537,0.000366920062597029,0.000438211682130142,-6.41487234978553e-05,0.000642028911029458,0.000316467215216902,8.45525276690971e-05,0.00239987926910468,0.00163103579150798,0.000131222095217927,3.13411568931148e-05,0.000373257801451966,-1.53577923858764e-05,0.000336436630667078
