0.170530791294733,-0.00627970910739118,0.0203272079486939,-0.00107510740375782,0.0362160525865188,-5.96072492803848e-06,0.00192996392098677,-0.00659916121342856,-0.0113857165333094,0.00218093483374648,0.00414275342538431,0.0033092430703007,-0.00167581359567043,0.0127140611365373,-0.00407304379046216,-0.0119610587032196,0.019208538095727,0.0173294767586075,-0.00325982842709552,-0.0138745709534974,0.0121118377045632,-0.00476413851547297,-0.00767130590251697,0.000732660105479255
-0.00627970910739118,0.0328014838672285,-0.0050211603429479,0.0173405860615349,-0.000882459102560278,0.00592767834393369,-0.000228890191025329,0.00214372424712471,0.0231511014326005,0.00168802333687029,-0.00223772809602643,-6.46937607715e-05,-0.00474856939888899,0.0165056413488546,-0.00495268670511329,-0.00765666803208703,0.0166440305086772,0.000662847233034054,0.00276268208814774,-0.00170980049317981,-0.00996740645835093,-0.00114666265373957,-0.01557357783208,0.0038727539685597
0.0203272079486939,-0.0050211603429479,0.0764036434159822,-0.00244560430240098,0.000599578213635795,0.0121830204479697,0.00306279246328502,0.00782445181910474,-0.00832028608159201,0.0074598463310427,0.00960136133632177,0.0247093070394721,0.00531493735673597,0.017579914693272,-0.000403464248945701,-0.00107789887158921,0.00704545198182704,0.0025129094647548,0.000846567310674121,-0.014486117858385,0.0137534718495819,-0.00373519802334889,0.00240219816459749,-0.00962103562944067
-0.00107510740375782,0.0173405860615349,-0.00244560430240098,0.0196396169182729,0.00456856518035971,0.000968910931967898,-0.000683662653404026,0.00437767699464507,0.0170890317544659,0.00199030487142879,0.000213924581752131,0.00325019660626403,0.000350706314512479,0.0166504911290167,-0.00211989484411561,-0.00214268299872073,0.016842275927872,0.00163737738756383,0.00163205888177925,0.00382046336519892,-0.0142612326580359,-0.000975716665026684,-0.00996891130286487,-0.00381131422617286
0.0362160525865188,-0.000882459102560279,0.000599578213635795,0.00456856518035972,0.160188004375427,0.00931810881473949,0.00158939704337536,0.0138432114868493,0.00307507259952327,0.00724889185965692,-0.00961387271817944,0.000192818412555292,0.000884999698853556,0.0154979119813093,-0.00093284953977241,0.00584857056899608,0.0199074313724302,0.0120460659628614,-0.0026211996866906,-0.0124160510387747,0.00410186469463149,0.00117898763732015,-0.0173692215746868,0.0166543838827249
-5.96072492803848e-06,0.00592767834393369,0.0121830204479697,0.000968910931967898,0.00931810881473949,0.0827243939800158,0.0052800753914056,0.0210757415831468,0.0110265227058679,0.0126668431587568,-0.0118670375592942,0.0115763552020191,0.00497267194341067,0.00644596628062302,-0.00279989169044339,-0.0131298340297636,0.00434843336449743,-0.00495681468578165,0.0033419973646322,-0.00514724730514354,-0.00593337698347072,-0.00931488862600834,-0.0072880090848659,0.021763498090889
0.00192996392098677,-0.000228890191025329,0.00306279246328502,-0.000683662653404026,0.00158939704337536,0.0052800753914056,0.0531913558218257,-0.00421337314378836,-0.000661055884024126,0.00318101949857075,0.00173524367616763,0.00473453165227895,0.00651676823448535,0.00869345340547762,0.00306618144856992,-0.00499379376497455,0.00084563741830002,-0.00171445883499493,-7.18632680787441e-05,-0.00700590265047029,0.0063591219053603,-0.000890349256299407,0.00282141594789054,-0.00440613677276063
-0.00659916121342856,0.00214372424712471,0.00782445181910474,0.00437767699464507,0.0138432114868493,0.0210757415831468,-0.00421337314378836,0.135891262117726,0.025175535520509,0.0180349437747731,0.000118937795494665,0.00372342535309674,0.00753207560105909,0.0152803716486739,-0.00424759657290415,-0.000901983317198646,0.00990719322002685,0.009030654430495,0.00163274596963599,0.0184668334037485,-0.0521908558669148,-0.00479570541722417,-0.00464900140512881,0.00991945995091488
-0.0113857165333094,0.0231511014326005,-0.00832028608159201,0.0170890317544659,0.00307507259952327,0.0110265227058679,-0.000661055884024126,0.025175535520509,0.12591408630554,0.00804028705517292,-0.00763272901035203,-0.00236743329697837,-0.00651031604307417,0.0460547071468763,-0.00840913189345765,-0.00422904914807549,0.0254842868635663,0.00917813403096706,0.00585044855049085,-0.0073178251079646,-0.06097145013186,-0.000612052908465556,-0.0378508423127685,0.00780208134449642
0.00218093483374648,0.00168802333687029,0.0074598463310427,0.00199030487142879,0.00724889185965692,0.0126668431587568,0.00318101949857075,0.0180349437747731,0.00804028705517292,0.0379255494537068,-0.00100760880120084,0.0037153487228804,0.00739996922680226,0.0180995392019683,-0.00102134404218836,0.00713094782437293,0.0048458322546534,-0.00074507940926363,0.00170249902896741,-0.0173623734078902,-0.00368357702197818,-0.000472254646080989,0.00523142035179651,-0.0112852196630937
0.00414275342538431,-0.00223772809602643,0.00960136133632177,0.000213924581752131,-0.00961387271817944,-0.0118670375592942,0.00173524367616763,0.000118937795494665,-0.00763272901035203,-0.00100760880120084,0.121616327880649,-0.00503629126262548,-0.00673850851781835,0.00856050996663306,-0.00204022896663784,-0.000739554740826797,-7.31664554349392e-05,0.00855760417734948,0.00213330937455032,0.00263826999665022,-0.00590616311616783,0.000516064312472075,-0.0152030009805044,0.00912146137200247
0.0033092430703007,-6.46937607715e-05,0.0247093070394721,0.00325019660626403,0.000192818412555292,0.0115763552020191,0.00473453165227895,0.00372342535309674,-0.00236743329697837,0.00371534872288039,-0.00503629126262548,0.0419331854968772,0.00783308338288749,0.00983077200523533,-0.00140442115346824,-0.00195272455633118,0.000719095362239599,0.000763431531045636,-0.00118219595774495,-0.00288743300103716,0.000920765841424141,-6.86796513419185e-05,-0.00221833639230839,-0.00151612871020864
-0.00167581359567043,-0.00474856939888899,0.00531493735673597,0.000350706314512479,0.000884999698853556,0.00497267194341067,0.00651676823448535,0.00753207560105909,-0.00651031604307417,0.00739996922680226,-0.00673850851781835,0.00783308338288749,0.119988357223354,-0.000283897999904871,0.000894771965953765,0.0104931513230509,0.00424826647937015,0.00678259745963866,-0.00433879770403428,-0.00804818016695955,0.0128195223235194,0.00139006865554124,0.00999043167178089,-0.0102169387772961
0.0127140611365374,0.0165056413488546,0.017579914693272,0.0166504911290167,0.0154979119813093,0.00644596628062302,0.00869345340547762,0.0152803716486739,0.0460547071468762,0.0180995392019683,0.00856050996663306,0.00983077200523533,-0.000283897999904871,0.23926344054646,-0.0107853482056533,-0.0147962163124652,0.0194348298297627,0.00410031655462278,-0.000907108574819763,-0.0056283409859685,-0.0216506165453306,-0.00263979153907093,-0.0527354016544894,-0.012849842370377
-0.00407304379046216,-0.00495268670511329,-0.000403464248945701,-0.00211989484411561,-0.00093284953977241,-0.00279989169044339,0.00306618144856992,-0.00424759657290415,-0.00840913189345765,-0.00102134404218836,-0.00204022896663784,-0.00140442115346824,0.000894771965953765,-0.0107853482056533,0.0321504972096198,0.0134379263614439,-0.003647176653667,-0.0110663829562164,0.00264211088964993,0.00417604166480622,1.49979144823375e-05,-0.000752507432848621,0.00564237892224195,-6.10876101838628e-05
-0.0119610587032196,-0.00765666803208703,-0.00107789887158921,-0.00214268299872073,0.00584857056899608,-0.0131298340297636,-0.00499379376497455,-0.000901983317198646,-0.00422904914807549,0.00713094782437293,-0.000739554740826797,-0.00195272455633118,0.0104931513230509,-0.0147962163124652,0.0134379263614439,0.183681875522596,-0.0330988758531873,0.00119165789081085,0.00152301892314683,-0.00317982286272623,0.00182212312308106,0.00361945183518872,0.00381300548244944,-0.00948974068477175
0.019208538095727,0.0166440305086772,0.00704545198182704,0.016842275927872,0.0199074313724302,0.00434843336449743,0.00084563741830002,0.00990719322002685,0.0254842868635663,0.0048458322546534,-7.31664554349392e-05,0.000719095362239599,0.00424826647937015,0.0194348298297627,-0.003647176653667,-0.0330988758531873,0.117056395456858,0.00725662565913707,-0.00424916927683571,-0.00736922532777015,-0.0148539012187413,-0.0026205297395488,-0.0128419403677871,-0.000124014762273499
0.0173294767586075,0.000662847233034054,0.0025129094647548,0.00163737738756383,0.0120460659628614,-0.00495681468578165,-0.00171445883499493,0.009030654430495,0.00917813403096706,-0.00074507940926363,0.00855760417734949,0.000763431531045636,0.00678259745963867,0.00410031655462278,-0.0110663829562164,0.00119165789081085,0.00725662565913707,0.075294673678561,-0.0261383984986098,-0.0128706916229228,0.00960589071373228,0.00180977049142795,-0.00657063084770609,-0.00398673384243932
-0.00325982842709552,0.00276268208814774,0.000846567310674121,0.00163205888177925,-0.0026211996866906,0.0033419973646322,-7.18632680787441e-05,0.00163274596963599,0.00585044855049085,0.00170249902896741,0.00213330937455032,-0.00118219595774495,-0.00433879770403428,-0.000907108574819763,0.00264211088964993,0.00152301892314683,-0.00424916927683571,-0.0261383984986098,0.0286447723320069,0.00759413310993073,-0.0119937324375283,-0.000407056178857299,-0.00169425206264328,0.00427860135882378
-0.0138745709534974,-0.00170980049317981,-0.014486117858385,0.00382046336519892,-0.0124160510387747,-0.00514724730514354,-0.00700590265047029,0.0184668334037485,-0.0073178251079646,-0.0173623734078902,0.00263826999665022,-0.00288743300103716,-0.00804818016695955,-0.0056283409859685,0.00417604166480622,-0.00317982286272623,-0.00736922532777015,-0.0128706916229228,0.00759413310993073,0.157481364632161,-0.133587484185883,0.00182280116361079,-0.00374281465241856,0.0119431484565048
0.0121118377045632,-0.00996740645835093,0.0137534718495819,-0.0142612326580359,0.00410186469463149,-0.00593337698347072,0.0063591219053603,-0.0521908558669148,-0.06097145013186,-0.00368357702197818,-0.00590616311616783,0.000920765841424141,0.0128195223235194,-0.0216506165453306,1.49979144823375e-05,0.00182212312308106,-0.0148539012187413,0.00960589071373228,-0.0119937324375283,-0.133587484185883,0.219381522430079,-0.000157993115521775,0.0138886680215214,-0.011976542509559
-0.00476413851547297,-0.00114666265373957,-0.00373519802334889,-0.000975716665026684,0.00117898763732015,-0.00931488862600834,-0.000890349256299407,-0.00479570541722417,-0.000612052908465556,-0.000472254646080989,0.000516064312472075,-6.86796513419185e-05,0.00139006865554124,-0.00263979153907093,-0.000752507432848621,0.00361945183518872,-0.0026205297395488,0.00180977049142795,-0.000407056178857298,0.00182280116361079,-0.000157993115521775,0.0187676693499124,-0.00363866514280572,-0.0127227892421381
-0.00767130590251697,-0.01557357783208,0.00240219816459749,-0.00996891130286487,-0.0173692215746868,-0.0072880090848659,0.00282141594789054,-0.00464900140512881,-0.0378508423127685,0.00523142035179651,-0.0152030009805044,-0.00221833639230839,0.00999043167178089,-0.0527354016544894,0.00564237892224195,0.00381300548244944,-0.0128419403677871,-0.00657063084770609,-0.00169425206264328,-0.00374281465241856,0.0138886680215214,-0.00363866514280572,0.165259606424801,-0.128966045077088
0.000732660105479255,0.0038727539685597,-0.00962103562944067,-0.00381131422617286,0.0166543838827249,0.021763498090889,-0.00440613677276063,0.00991945995091488,0.00780208134449641,-0.0112852196630937,0.00912146137200247,-0.00151612871020864,-0.0102169387772961,-0.012849842370377,-6.10876101838628e-05,-0.00948974068477175,-0.000124014762273499,-0.00398673384243932,0.00427860135882378,0.0119431484565048,-0.011976542509559,-0.0127227892421381,-0.128966045077088,0.229197761988767
