0.000498297408024797,-0.000714794894587119,-0.000161439825571772,-6.62461988786232e-05,-0.00113560043675734,-0.000363512910258894,-0.000199529495249141,-0.000877736194737428,0.000358364281233026,-8.48387468424174e-05
-0.000714794894587119,0.104459133747531,0.0687477072360138,0.07449902812475,0.0564485539728866,0.0443872131006955,0.0944392180580603,0.0518160649824154,0.0449186734175334,0.025903895055173
-0.000161439825571772,0.0687477072360138,0.128995526210961,0.111174829295211,0.0804743294121747,0.0832652787637717,0.110650747763823,0.0738611193821142,0.0840443372913158,0.0470777175652701
-6.62461988786232e-05,0.07449902812475,0.111174829295211,0.113159120470132,0.0693013687617181,0.0721746107254621,0.107583039196579,0.0677569984583448,0.0743859060535227,0.0424094909179505
-0.00113560043675734,0.0564485539728866,0.0804743294121747,0.0693013687617181,0.120327034815025,0.0571899523259697,0.108642306903068,0.0714381268563827,0.0605800932175928,0.0257167295564118
-0.000363512910258894,0.0443872131006955,0.0832652787637717,0.0721746107254621,0.0571899523259697,0.0775856494622184,0.0595248934316541,0.0481196852311309,0.0588796128234334,0.0398756117529746
-0.000199529495249141,0.0944392180580603,0.110650747763823,0.107583039196579,0.108642306903068,0.0595248934316541,0.186055061537436,0.091093244426186,0.0622590986669954,0.0388719642446251
-0.000877736194737428,0.0518160649824154,0.0738611193821142,0.0677569984583448,0.0714381268563827,0.0481196852311309,0.091093244426186,0.080779121422774,0.050427901914473,0.0308779426068374
0.000358364281233026,0.0449186734175334,0.0840443372913158,0.0743859060535227,0.0605800932175928,0.0588796128234334,0.0622590986669954,0.050427901914473,0.115256477769096,0.0417361231280628
-8.48387468424174e-05,0.025903895055173,0.0470777175652701,0.0424094909179505,0.0257167295564118,0.0398756117529746,0.0388719642446251,0.0308779426068374,0.0417361231280628,0.0591592009656588
