0.0828836905726611,-0.00102055611365727,0.0374406818417551,-0.0176221808454193,0.00796952086631419,-0.00105205471458798,0.00654210618350986,-0.0116702658344242,0.0331771801838009,-0.02457817271451,0.0193735477937515,0.00408772535888084,0.0202594150512374,0.00647706382091053,-0.00900001893835334,-0.0120191904826202,0.00454901609743752
-0.00102055611365727,0.103616251579062,-0.0109185890016231,0.0579336593036096,0.00931604251472218,0.0556232458804319,0.0072904081865732,0.0571022626627443,0.017898187979225,0.0392147229593773,0.0317072267418235,0.0311638623863263,0.00922080802990294,0.0304650015382453,0.0335980740157804,0.0408578702286572,0.0128972388992445
0.0374406818417551,-0.0109185890016231,0.0811661740634015,0.013052958981653,0.0579219958377653,-0.0129652192620008,0.0421329993494638,-0.0192859226656693,0.0442342185104874,0.00218888311791473,0.00028350702364459,-0.0013049893286998,0.0289856159406233,-0.0206168914772154,-0.0183517777252896,-0.00295065151429686,0.000359972420116703
-0.0176221808454193,0.0579336593036096,0.013052958981653,0.0828046879722679,0.0179772803489858,0.0684076157900583,0.00985720428165339,0.041629889182253,0.0337201734872914,0.0441171150108483,0.00495524031972713,0.034621848501578,0.00981071348686098,0.027868886877913,-0.00279595509481052,0.0571689856523989,-0.00453916398827807
0.00796952086631419,0.00931604251472218,0.0579219958377653,0.0179772803489858,0.0780117215018171,-0.00864104993239874,0.0433459363062867,-0.0138698883859213,0.0363745137244987,0.0191255436191822,0.0156285008096926,0.00186835521614448,0.0240250144716666,-0.0190535381330646,0.014047475667012,0.00677392041162162,0.00580471688491436
-0.00105205471458798,0.0556232458804319,-0.0129652192620008,0.0684076157900583,-0.00864104993239874,0.0982220829404815,-0.0157391308267903,0.0444931664480924,0.0168832782148806,0.0398405260525519,0.0228216767733766,0.058883067411774,0.0223434352352549,0.0546860161747706,-0.0122681374520119,0.0566684027410317,0.00302679217519457
0.00654210618350986,0.00729040818657319,0.0421329993494638,0.00985720428165339,0.0433459363062867,-0.0157391308267903,0.0687834326831269,-0.0140213844048148,0.019807292906647,0.00303621181304775,0.0123723573725917,-0.0314350962916683,0.0230416912911493,-0.00136619739903163,0.0010650167190987,-0.01176167264575,0.0170045863247656
-0.0116702658344242,0.0571022626627443,-0.0192859226656693,0.041629889182253,-0.0138698883859213,0.0444931664480924,-0.0140213844048148,0.0697476503088982,-0.00504897550664997,0.0303401562407391,0.0213880656043694,0.0454668426352741,0.0130453329957048,0.0166537795895016,0.0174338003007557,0.0229578918568927,0.0122013079381258
0.0331771801838009,0.017898187979225,0.0442342185104874,0.0337201734872914,0.0363745137244987,0.0168832782148806,0.019807292906647,-0.00504897550664997,0.0728339486683554,-0.0069457873392523,0.0203478348823504,-0.00949355511721475,0.0292547144340554,-0.0221667828012498,0.00842099458806645,0.00653625928932327,0.0096931648270022
-0.02457817271451,0.0392147229593773,0.00218888311791473,0.0441171150108483,0.0191255436191822,0.0398405260525519,0.00303621181304775,0.0303401562407391,-0.0069457873392523,0.0761934029289514,-0.0101648771288678,0.0462800868620701,0.0158217187313754,0.0384834153479976,0.00746877256873889,0.0432509031938213,0.00366650900461056
0.0193735477937515,0.0317072267418235,0.00028350702364459,0.00495524031972713,0.0156285008096926,0.0228216767733766,0.0123723573725917,0.0213880656043694,0.0203478348823504,-0.0101648771288678,0.0660849149830702,0.00757055624420682,0.0416270971250943,-0.00329552927508794,0.0313246326032925,-0.00944160193027018,0.0357777545838105
0.00408772535888084,0.0311638623863263,-0.0013049893286998,0.034621848501578,0.00186835521614448,0.058883067411774,-0.0314350962916683,0.0454668426352741,-0.00949355511721475,0.0462800868620701,0.00757055624420682,0.0846228536838993,0.0170066098495092,0.0370652511192063,0.00765951002382812,0.0397314712683516,0.00350928050285353
0.0202594150512374,0.00922080802990294,0.0289856159406233,0.00981071348686098,0.0240250144716666,0.0223434352352549,0.0230416912911493,0.0130453329957048,0.0292547144340554,0.0158217187313754,0.0416270971250943,0.0170066098495092,0.073852321341198,-0.00807571851737489,0.0106352741977145,-0.0200466351415482,0.0461913273331002
0.00647706382091053,0.0304650015382453,-0.0206168914772154,0.027868886877913,-0.0190535381330646,0.0546860161747706,-0.00136619739903163,0.0166537795895016,-0.0221667828012498,0.0384834153479976,-0.00329552927508794,0.0370652511192063,-0.00807571851737489,0.0806797428228531,-0.0103559056826553,0.0446381136712138,-0.00901639005229966
-0.00900001893835334,0.0335980740157804,-0.0183517777252896,-0.00279595509481052,0.014047475667012,-0.0122681374520119,0.0010650167190987,0.0174338003007557,0.00842099458806645,0.00746877256873889,0.0313246326032925,0.00765951002382812,0.0106352741977145,-0.0103559056826553,0.0939986950376446,-0.00795049605698529,0.0401374561315148
-0.0120191904826202,0.0408578702286572,-0.00295065151429686,0.0571689856523989,0.00677392041162162,0.0566684027410317,-0.01176167264575,0.0229578918568927,0.00653625928932327,0.0432509031938213,-0.00944160193027018,0.0397314712683516,-0.0200466351415482,0.0446381136712138,-0.00795049605698529,0.0723758024448753,-0.0199826316549202
0.00454901609743752,0.0128972388992445,0.000359972420116703,-0.00453916398827807,0.00580471688491436,0.00302679217519457,0.0170045863247656,0.0122013079381258,0.0096931648270022,0.00366650900461056,0.0357777545838105,0.00350928050285353,0.0461913273331002,-0.00901639005229966,0.0401374561315148,-0.0199826316549202,0.052235775910587
