0.00670216992316276,0.0110085423858941,-0.000755311091732278,-0.0034264749161401,0.00530531580719584,0.000139441451698599,-0.0116910840582218,-0.0100809802544645,-0.000358023871658396,0.00758721485724845
0.0110085423858941,0.108530092634964,0.0613696817248383,0.0668450329786287,0.0668786084882822,0.0397389334248716,0.0568748421337156,0.0392484274604663,0.0588309733311813,0.0389815648764773
-0.000755311091732278,0.0613696817248383,0.11922127381136,0.112588543197475,0.100895605097239,0.0691187158590243,0.109727850438772,0.0754618336340781,0.0893871463042045,0.0387135664568938
-0.0034264749161401,0.0668450329786287,0.112588543197475,0.125405804657524,0.0982065227067901,0.0635481835433727,0.112106796657918,0.0788759182382364,0.0764828494520537,0.0286209733809832
0.00530531580719584,0.0668786084882822,0.100895605097239,0.0982065227067901,0.133896974780165,0.0534269379540662,0.0956513097357404,0.0705282658086827,0.0899304003482784,0.0408895465636053
0.000139441451698599,0.0397389334248716,0.0691187158590243,0.0635481835433727,0.0534269379540662,0.055745128810193,0.0493159473527142,0.047051160791688,0.0572574342608159,0.0215626812332049
-0.0116910840582218,0.0568748421337156,0.109727850438772,0.112106796657918,0.0956513097357404,0.0493159473527142,0.173436619176439,0.0942194382998229,0.0708387652719687,0.0122471776956672
-0.0100809802544645,0.0392484274604663,0.0754618336340781,0.0788759182382364,0.0705282658086827,0.047051160791688,0.0942194382998229,0.0885948536349287,0.0648624143326465,0.0168664489225913
-0.000358023871658396,0.0588309733311813,0.0893871463042045,0.0764828494520537,0.0899304003482784,0.0572574342608159,0.0708387652719687,0.0648624143326465,0.114763420909379,0.0347322388248438
0.00758721485724845,0.0389815648764773,0.0387135664568938,0.0286209733809832,0.0408895465636053,0.0215626812332049,0.0122471776956672,0.0168664489225913,0.0347322388248438,0.0522663444306517
