0.0612584222897179,0.0248685971081983,0.00375347360682872,-0.00542011681815441,0.0122494826105274,0.0137516328578518,0.0107280256672908,-0.0127445821763245,-0.00305494178745414,-0.0387089248816281,0.0345212265100731,-0.00210150310131976,0.0150107567104881,-0.0177049962610142,0.0276244393023028,-0.0103190453497059,0.0163114736566831
0.0248685971081983,0.107129590405422,-0.00592682834684782,0.0516086568817502,-0.00594523798465803,0.0186828575117574,0.00946291780225011,0.0216365705891462,0.0045338921850709,0.0219678589180888,0.0230775272532623,0.0319679093449878,-0.00404525464982478,0.0241888262144928,0.00689134869741467,-0.00804983384939727,-0.00340409753865578
0.00375347360682871,-0.00592682834684782,0.0650939763527818,0.0085891431172621,0.026133575468389,0.0148803228120828,0.00724885618132073,-0.0021292615892223,0.0249295498431712,0.00143671806180528,0.0155558716874459,-0.0207213431015379,0.0417805859013463,-0.031063403597961,0.0347124711018291,0.00252429141276411,0.0113426221195944
-0.00542011681815441,0.0516086568817502,0.00858914311726209,0.0887494536698609,0.00876885605626875,0.0470605429485952,0.0245433699841194,0.0614445152630142,0.00801435547124627,0.0486884634508259,0.0258703078948683,0.0643830655919361,-0.00363088236652219,0.0454633913557271,0.00609937713119214,0.0235754068665028,-0.00657208905246249
0.0122494826105274,-0.00594523798465803,0.026133575468389,0.00876885605626875,0.0568657537753761,0.0338731226268466,0.0126546645533266,0.0176902427523741,0.0288041993165516,0.00131919532271684,0.0348648724379253,0.00255525814485268,0.0355424244602159,-0.01208626314905,0.0340559152890837,-0.0074202725344895,0.029825974177998
0.0137516328578518,0.0186828575117574,0.0148803228120828,0.0470605429485951,0.0338731226268466,0.0877043608242176,0.0076047745458157,0.0427733648137212,0.00722143025261563,0.0164808397140773,0.0388308238507107,0.0329850166508639,0.0366508025349572,0.0278884764714391,0.0262151577157517,0.0425064024871856,0.0188624361372202
0.0107280256672908,0.00946291780225011,0.00724885618132073,0.0245433699841194,0.0126546645533266,0.0076047745458157,0.100100439940139,-0.0165046348418317,0.0680732529238724,0.038677452176579,0.0751922193525371,0.000413645488655744,0.0439380493736372,0.00922520974609153,0.024331160423296,-0.0262656351439394,0.0281395697486633
-0.0127445821763245,0.0216365705891462,-0.0021292615892223,0.0614445152630142,0.0176902427523741,0.0427733648137212,-0.0165046348418317,0.0903051512790045,-0.0108582788469999,0.0328247014314296,0.00101594282969879,0.0717986248832555,-0.0149186505399904,0.0271006685416123,0.0224452636692177,0.0453652190523752,-0.00215087447716186
-0.00305494178745414,0.0045338921850709,0.0249295498431712,0.00801435547124627,0.0288041993165516,0.00722143025261563,0.0680732529238724,-0.0108582788469999,0.072677431262518,0.0340459876355935,0.0507300546452514,-0.0219192559453389,0.0562476300990584,-0.00955467418119969,0.0286719795775436,-0.0236429890047638,0.0322840781605876
-0.0387089248816281,0.0219678589180888,0.00143671806180528,0.0486884634508259,0.00131919532271684,0.0164808397140773,0.038677452176579,0.0328247014314296,0.0340459876355935,0.0655000057983963,0.0204163589983775,0.0309676505085998,0.00912543813919649,0.0348492282722682,0.0019182201985381,0.00935448863793111,0.00229461440659246
0.0345212265100731,0.0230775272532623,0.0155558716874459,0.0258703078948683,0.0348648724379253,0.0388308238507107,0.0751922193525371,0.00101594282969879,0.0507300546452514,0.0204163589983775,0.0892089788989444,0.0159242472347669,0.051484685310571,0.00869233545832129,0.0512080876031726,-0.0108107191648479,0.0442772609834732
-0.00210150310131976,0.0319679093449878,-0.0207213431015379,0.0643830655919361,0.00255525814485268,0.0329850166508639,0.000413645488655744,0.0717986248832555,-0.0219192559453389,0.0309676505085998,0.0159242472347669,0.0835353503131705,-0.0328193917390005,0.0423694482398188,0.0110718018265023,0.0313188763196752,-0.00750947227615296
0.0150107567104881,-0.00404525464982478,0.0417805859013463,-0.00363088236652219,0.0355424244602159,0.0366508025349572,0.0439380493736372,-0.0149186505399904,0.0562476300990584,0.00912543813919649,0.051484685310571,-0.0328193917390005,0.0749893897900138,-0.016283325169668,0.0433735714990714,0.000150071039252349,0.0412593959155697
-0.0177049962610142,0.0241888262144928,-0.031063403597961,0.0454633913557271,-0.01208626314905,0.0278884764714391,0.00922520974609153,0.0271006685416123,-0.00955467418119969,0.0348492282722682,0.00869233545832129,0.0423694482398188,-0.016283325169668,0.0772835200450349,-0.0247647835844288,0.0200468802101342,0.00915535223408133
0.0276244393023028,0.00689134869741467,0.0347124711018291,0.00609937713119215,0.0340559152890837,0.0262151577157517,0.024331160423296,0.0224452636692177,0.0286719795775436,0.0019182201985381,0.0512080876031726,0.0110718018265023,0.0433735714990714,-0.0247647835844288,0.0693429331638338,0.011341866306949,0.0351869164890082
-0.0103190453497059,-0.00804983384939727,0.00252429141276411,0.0235754068665028,-0.0074202725344895,0.0425064024871856,-0.0262656351439394,0.0453652190523752,-0.0236429890047638,0.00935448863793111,-0.0108107191648479,0.0313188763196752,0.000150071039252349,0.0200468802101342,0.011341866306949,0.058562658135064,-0.00364789502579583
0.0163114736566831,-0.00340409753865578,0.0113426221195944,-0.00657208905246249,0.029825974177998,0.0188624361372202,0.0281395697486633,-0.00215087447716186,0.0322840781605876,0.00229461440659246,0.0442772609834732,-0.00750947227615296,0.0412593959155697,0.00915535223408133,0.0351869164890082,-0.00364789502579583,0.0489696149285319
