0.0707085838785421,-0.0127441586786696,0.0118454880939441,-0.0566052689702035,-0.0333648412575369,-0.0135251443309617,-0.0193986612356898,-0.0148469166796884,0.0266992762519241,-0.0193784718450261,-0.00496142911074164,-0.00786906116219088,0.00260380841315599,0.0131439538698804,0.0343964259423287,-0.0235721284615033,0.00825571440710847
-0.0127441586786696,0.106871624121955,-0.0281220501390301,0.0747903770740362,-0.0140238930345527,0.098709609937618,0.0194573521409324,0.0697169932888151,0.0238809205071337,0.0610629839045202,0.0190232281669281,0.07251498178205,0.00223587916945992,0.0852644659741496,-0.0166946910700728,0.0791837384084611,0.0142857690784333
0.0118454880939441,-0.0281220501390301,0.0686411790218452,-0.034000236314614,0.0182478190597473,-0.00709584888198226,-0.00516971948235424,-0.0303346617008074,0.015182004306708,-0.0342402408173002,-0.000754904604428971,-0.0116200964095019,0.0658433503134353,-0.0166201018950726,-0.0154510109255239,-0.0284049836163618,0.039968023270454
-0.0566052689702035,0.0747903770740362,-0.034000236314614,0.100469108012008,0.0420076510130187,0.0669186195900698,0.030329533735213,0.0646533744224625,-0.0110358118681388,0.0560242109369753,0.0258059466608258,0.0453631320868364,-0.00860018617202927,0.0351714588619857,-0.0371232555034897,0.0628512909354453,-0.000183178230559074
-0.0333648412575369,-0.0140238930345527,0.0182478190597473,0.0420076510130187,0.10331987571523,-0.00878743933805148,0.0384401230160252,0.0104378301263328,-0.0118729394837785,-0.00985826469911072,0.0364220897251464,-0.0247120624802798,0.0186608223182897,-0.0527542491558254,-0.0390625662022047,-0.0182363667202162,0.00494573574859751
-0.0135251443309617,0.0987096099376181,-0.00709584888198226,0.0669186195900698,-0.00878743933805148,0.106226004460264,0.0299179957294852,0.0518784549490802,0.0261220260378849,0.0410130926522527,0.0110378566312262,0.0594451077718209,0.0294365614236308,0.0743014749396272,-0.0210196808531116,0.0769006485806519,0.0248729788071035
-0.0193986612356898,0.0194573521409324,-0.00516971948235424,0.030329533735213,0.0384401230160252,0.0299179957294852,0.0707063654054303,0.00177891512339701,0.0237491568757682,-0.0174273203523054,0.0258586674716763,-0.0227313230632461,0.0106088138541804,-0.0284275157238398,-0.0156160921823303,0.00631188408423576,-0.0126514439554265
-0.0148469166796884,0.0697169932888151,-0.0303346617008074,0.0646533744224625,0.0104378301263328,0.0518784549490802,0.00177891512339701,0.0641123615247503,0.00493455949646327,0.0581549706361059,0.0250338134412535,0.0553757821233692,-0.0156990564542272,0.0555252412905003,-0.015073730000609,0.0478594093053296,0.00594006894878103
0.0266992762519241,0.0238809205071337,0.015182004306708,-0.0110358118681388,-0.0118729394837785,0.0261220260378849,0.0237491568757682,0.00493455949646327,0.0573856245460879,-0.00587495782055022,0.0341498153644108,0.00771320441968613,0.0353432111498999,0.0157079435564351,0.0193584293946387,-0.0126502474364431,0.0267706135487294
-0.0193784718450261,0.0610629839045202,-0.0342402408173001,0.0560242109369753,-0.00985826469911072,0.0410130926522527,-0.0174273203523054,0.0581549706361059,-0.00587495782055022,0.0622872470695547,0.0118917982843769,0.059152400429045,-0.0229133938693858,0.0603621397056257,-0.0090895055305791,0.0477778363572938,0.0038897612880822
-0.00496142911074164,0.0190232281669281,-0.000754904604428971,0.0258059466608258,0.0364220897251464,0.0110378566312262,0.0258586674716763,0.0250338134412535,0.0341498153644108,0.0118917982843769,0.0538427267652157,0.00646829474523496,0.0188296676552512,-0.00415059230448042,0.00567824113203203,-0.0167962654890194,0.0208145397261385
-0.00786906116219088,0.07251498178205,-0.0116200964095019,0.0453631320868364,-0.0247120624802798,0.0594451077718209,-0.0227313230632461,0.0553757821233692,0.00771320441968613,0.059152400429045,0.00646829474523496,0.0728255831650604,0.002150445707213,0.080056151311935,-0.0126779532602043,0.0555559028863632,0.022325197928202
0.00260380841315599,0.00223587916945992,0.0658433503134354,-0.00860018617202928,0.0186608223182897,0.0294365614236308,0.0106088138541804,-0.0156990564542272,0.0353432111498999,-0.0229133938693858,0.0188296676552512,0.002150445707213,0.0944718674771231,0.00148147575917672,-0.00410481762309478,-0.0157612221437812,0.064681625087622
0.0131439538698804,0.0852644659741496,-0.0166201018950726,0.0351714588619857,-0.0527542491558254,0.0743014749396272,-0.0284275157238398,0.0555252412905003,0.0157079435564351,0.0603621397056257,-0.00415059230448042,0.080056151311935,0.00148147575917672,0.101620229478722,0.000788511682549762,0.0669212677645097,0.0238932104121089
0.0343964259423287,-0.0166946910700728,-0.0154510109255239,-0.0371232555034897,-0.0390625662022047,-0.0210196808531116,-0.0156160921823303,-0.015073730000609,0.0193584293946387,-0.00908950553057909,0.00567824113203203,-0.0126779532602043,-0.00410481762309478,0.000788511682549762,0.0555920884822696,-0.028186269469797,0.00744150834653955
-0.0235721284615033,0.0791837384084611,-0.0284049836163618,0.0628512909354453,-0.0182363667202162,0.0769006485806519,0.00631188408423576,0.0478594093053296,-0.0126502474364431,0.0477778363572938,-0.0167962654890194,0.0555559028863632,-0.0157612221437812,0.0669212677645097,-0.028186269469797,0.0831484903454112,-0.00689897579091741
0.00825571440710847,0.0142857690784333,0.039968023270454,-0.000183178230559074,0.00494573574859751,0.0248729788071036,-0.0126514439554265,0.00594006894878103,0.0267706135487294,0.0038897612880822,0.0208145397261385,0.022325197928202,0.064681625087622,0.0238932104121089,0.00744150834653955,-0.00689897579091741,0.0582384095658158
