0.0180064682742048,0,0,0,0,0,0,0,0,0,0,0,0,0,0,0,0,0,0,0,0,0,0,0,0,0,0,0,0,0,0,0,0,0,0,0,0,0,0,0,0,0,0,0,0,0,0,0,0,0,0,0,0,0,0,0,0,0,0,0
0,3099.05881397261,0,54.7433657479833,0,0,387.022118841711,1020.48664426383,0,-172.530181241697,0,0,0,-564.246717343421,73.5903169687064,-1280.64175360816,0,0,41.8199639787311,386.925493918527,281.905857301255,-172.631708177038,0,944.692165953911,192.594339723644,0,534.914403498694,1306.01484882248,-428.979584983073,528.31500933283,619.443746508453,0,362.741130821852,423.574159075179,0,0,-659.785318896095,496.696449873188,157.459674808036,-300.857541039272,0,-775.113990773447,-541.157977633831,21.9214592590859,0,0,-279.038072061131,1105.66251660079,0,-333.936352664821,633.023014272928,0,0,0,-182.033322033825,-501.411700675835,-401.831310239456,23.0868665357085,-209.579641261846,125.92030900799
0,0,0.00938958846102239,0,0,0,0,0,0,0,0,0,0,0,0,0,0,0,0,0,0,0,0,0,0,0,0,0,0,0,0,0,0,0,0,0,0,0,0,0,0,0,0,0,0,0,0,0,0,0,0,0,0,0,0,0,0,0,0,0
0,54.7433657479833,0,1486.44452521976,0,0,-399.242744251587,-9.25877425016771,0,-19.125194086543,0,0,0,-345.707746212646,678.04810658072,45.2083473004729,0,0,-166.996425757106,-323.702986913949,310.697036077977,-264.378683941939,0,-256.867739286816,-217.224145026887,0,-347.266141990787,-175.360294700899,-162.299081044669,242.017344605205,-717.415725215765,0,610.68784460379,-87.8682066481079,0,0,-747.226979110708,-197.038369351919,461.79449814108,338.910106468002,0,-195.734234978978,91.542843921616,63.812764320466,0,0,75.0472074387405,-652.677270926223,0,242.168691876063,242.165896225255,0,0,0,214.991484473078,-429.109692289376,225.377923427526,-87.0463427928356,-332.763424114824,156.340652559104
0,0,0,0,0.0219291146167666,0,0,0,0,0,0,0,0,0,0,0,0,0,0,0,0,0,0,0,0,0,0,0,0,0,0,0,0,0,0,0,0,0,0,0,0,0,0,0,0,0,0,0,0,0,0,0,0,0,0,0,0,0,0,0
0,0,0,0,0,0.0402940279143759,0,0,0,0,0,0,0,0,0,0,0,0,0,0,0,0,0,0,0,0,0,0,0,0,0,0,0,0,0,0,0,0,0,0,0,0,0,0,0,0,0,0,0,0,0,0,0,0,0,0,0,0,0,0
0,387.022118841711,0,-399.242744251587,0,0,6685.89447288434,529.581598711446,0,-473.370912439536,0,0,0,905.964683197441,-43.1629525294686,665.278106797069,0,0,1579.21571827179,1048.99785624244,-1423.78992495012,-473.210235551141,0,-121.073479875162,1168.90589434824,0,-68.0302648285214,-227.295951424994,1398.42827579432,-1038.00155681232,-335.641107524932,0,-1035.06257289345,965.417953433012,0,0,858.565161610857,578.234226345277,-460.563942501828,253.245958483519,0,93.8658686469438,705.542078233615,-405.411846364651,0,0,-1654.41702400219,1103.29306935486,0,-680.316447847993,56.718196725209,0,0,0,500.750970635861,60.0354258055054,206.244039310757,-111.032008373262,-402.554042386207,-781.6778256678
0,1020.48664426383,0,-9.25877425016771,0,0,529.581598711446,4871.58822460403,0,-309.749386233396,0,0,0,-543.751439107327,277.919714735953,-662.311579446976,0,0,-729.34486123431,485.713719693474,822.828524605181,-312.391225807933,0,856.76686595131,418.215791985436,0,-1534.80827122593,2334.18548521211,-4.65648289841865,199.623667058411,-214.957584371516,0,-371.388568782694,634.638195039562,0,0,882.962964491897,381.227856899143,-297.452245555505,574.490335018698,0,372.636723531721,747.098854532515,514.186964764796,0,0,716.058813131108,459.978145999352,0,1454.36313019931,535.490765155026,0,0,0,524.721852445563,-361.932491368333,-385.057975664833,-380.506976958485,402.490597842824,216.678799605989
0,0,0,0,0,0,0,0,0.0302022042228519,0,0,0,0,0,0,0,0,0,0,0,0,0,0,0,0,0,0,0,0,0,0,0,0,0,0,0,0,0,0,0,0,0,0,0,0,0,0,0,0,0,0,0,0,0,0,0,0,0,0,0
0,-172.530181241697,0,-19.125194086543,0,0,-473.370912439536,-309.749386233396,0,11194.1283633304,0,0,0,-822.587455652961,-673.620455135347,-581.723286493537,0,0,-1824.15615126976,-1755.26998736471,-2538.10613693786,-2564.74684737188,0,1081.74455691873,823.117153387765,0,-2611.73165709047,2157.59227534869,-377.207532578965,-654.711090347759,234.514794996245,0,-141.679595095529,-2279.87834556631,0,0,2382.59035890964,-1134.31685731143,666.315587209766,-745.220865513371,0,-494.423456745968,914.112959246295,-907.331849440998,0,0,706.371111539834,-1153.07442774917,0,-882.119064361199,399.24854695838,0,0,0,-931.226282788663,-720.888856184327,-148.511416115244,-148.353407001842,-519.982722610537,-436.969923588011
0,0,0,0,0,0,0,0,0,0,0.0416793880601041,0,0,0,0,0,0,0,0,0,0,0,0,0,0,0,0,0,0,0,0,0,0,0,0,0,0,0,0,0,0,0,0,0,0,0,0,0,0,0,0,0,0,0,0,0,0,0,0,0
0,0,0,0,0,0,0,0,0,0,0,0.0495691829204323,0,0,0,0,0,0,0,0,0,0,0,0,0,0,0,0,0,0,0,0,0,0,0,0,0,0,0,0,0,0,0,0,0,0,0,0,0,0,0,0,0,0,0,0,0,0,0,0
0,0,0,0,0,0,0,0,0,0,0,0,0.0560428322401802,0,0,0,0,0,0,0,0,0,0,0,0,0,0,0,0,0,0,0,0,0,0,0,0,0,0,0,0,0,0,0,0,0,0,0,0,0,0,0,0,0,0,0,0,0,0,0
0,-564.246717343421,0,-345.707746212646,0,0,905.964683197441,-543.751439107327,0,-822.587455652961,0,0,0,6312.05317829816,-1281.42408720662,1383.09247739294,0,0,-1239.43161978687,-2283.09586688271,-1251.30974628033,173.312468551757,0,-404.605274421023,-1301.51953960307,0,154.006174997841,-1303.49149093263,439.098208880533,-342.449300712368,-1211.70714718624,0,491.517080600367,576.198897047107,0,0,-419.245768358308,-710.220083528858,1610.00991362299,-422.129601091956,0,1178.82817485359,1658.8441986727,-320.985705412071,0,0,-74.6379090499872,26.1039660357101,0,-968.478952253922,363.188439379352,0,0,0,271.773225092028,458.556227352225,-657.652297230878,275.945298515591,274.859913354174,-263.579445532453
0,73.5903169687064,0,678.04810658072,0,0,-43.1629525294686,277.919714735953,0,-673.620455135347,0,0,0,-1281.42408720662,10579.9581453265,-72.3578737620577,0,0,414.684461627882,875.551436244544,-492.294117246896,-58.5805962633087,0,-459.182996979907,1859.0091010081,0,1228.76838839551,438.096060235507,-1205.4131978352,1226.03055259236,153.375678399307,0,878.442172559779,-1604.46298587649,0,0,3085.97898915481,-2403.37686274604,-647.953167745628,-890.713968194647,0,-1778.10013435949,297.520416834458,564.184265758438,0,0,-1667.90081062168,-693.281755321142,0,1122.17948387012,77.6507349192643,0,0,0,582.477928372995,701.183087942985,991.125454238439,598.00273723023,-2023.69443326617,-473.969891442689
0,-1280.64175360816,0,45.2083473004729,0,0,665.278106797069,-662.311579446976,0,-581.723286493537,0,0,0,1383.09247739294,-72.3578737620577,14440.6355408998,0,0,-2698.01213150019,-2061.27623371988,1151.35463417394,-579.341926416424,0,1077.10463180696,-2870.25163365316,0,-3811.63200228658,-2834.95024842841,-363.955422345736,906.730369750924,-1088.80394936964,0,1896.73969633886,-97.7266195514009,0,0,408.879988257117,1525.10172205313,830.265799293312,-840.23422076316,0,-528.102002260027,1745.47713301202,778.661318452158,0,0,-236.888311223213,491.019833133772,0,901.779883786796,177.035207519266,0,0,0,-66.5665132809211,1843.58770407557,379.675752267083,-515.743969436611,1060.39796250956,1437.08952036392
0,0,0,0,0,0,0,0,0,0,0,0,0,0,0,0,0.0730061197682361,0,0,0,0,0,0,0,0,0,0,0,0,0,0,0,0,0,0,0,0,0,0,0,0,0,0,0,0,0,0,0,0,0,0,0,0,0,0,0,0,0,0,0
0,0,0,0,0,0,0,0,0,0,0,0,0,0,0,0,0,0.0719767789077166,0,0,0,0,0,0,0,0,0,0,0,0,0,0,0,0,0,0,0,0,0,0,0,0,0,0,0,0,0,0,0,0,0,0,0,0,0,0,0,0,0,0
0,41.8199639787311,0,-166.996425757106,0,0,1579.21571827179,-729.344861234311,0,-1824.15615126976,0,0,0,-1239.43161978687,414.684461627882,-2698.01213150019,0,0,14791.0665924303,2313.73019308293,1556.61784448359,2021.32746081072,0,-342.726245730557,-122.221300135269,0,577.11402049112,-798.514795410214,91.7508563189511,1337.41305715466,1510.0872523958,0,-445.116186818971,1140.06055075118,0,0,-1116.97170030783,618.566887436948,-2510.05277915379,1460.58213163313,0,-838.517359725024,-1868.82638381464,-377.111616622757,0,0,-497.296248150203,-988.659455125977,0,1211.89715987886,-1280.72710914746,0,0,0,-387.306250443268,1334.97323745847,80.2391183747394,561.577775678488,1468.33416044713,36.5620777747295
0,386.925493918527,0,-323.702986913949,0,0,1048.99785624244,485.713719693474,0,-1755.26998736471,0,0,0,-2283.09586688271,875.551436244544,-2061.27623371988,0,0,2313.73019308293,18083.5285547462,2569.55946643183,4422.39932289759,0,1217.46952279325,485.726375714322,0,1198.51095058619,1470.21162325549,-2613.10269368285,1437.30764059337,1696.09091930831,0,969.23915039945,-2203.79546309638,0,0,494.151722273016,-1048.85728372679,-1685.64253344728,-750.911720290627,0,434.813149800057,-977.424013780371,235.97132115684,0,0,-16.617958321906,2048.85034861313,0,1358.28030103398,-669.784939144134,0,0,0,241.543848857358,-188.454030082064,746.827239169897,249.709740260343,-527.75488268094,675.366633505289
0,281.905857301255,0,310.697036077977,0,0,-1423.78992495012,822.828524605181,0,-2538.10613693786,0,0,0,-1251.30974628033,-492.294117246896,1151.35463417394,0,0,1556.61784448359,2569.55946643183,12202.4232054531,1610.44919818478,0,-567.466666052143,-4725.08723601781,0,-675.0758427762,1649.95224562276,613.336781594556,256.767428469967,1155.69168987082,0,45.7556943110455,3788.35172559768,0,0,-1256.3489517855,1003.70481579135,-1774.06309266144,546.321638314025,0,1640.32953563603,-2424.16009445197,366.395382467986,0,0,2401.4939750771,1129.10532535025,0,927.471495222146,-539.567829122768,0,0,0,-44.2516168690019,217.641302535347,391.096224547824,-42.0960762623942,381.447341220924,849.897880262987
0,-172.631708177038,0,-264.378683941939,0,0,-473.210235551141,-312.391225807933,0,-2564.74684737188,0,0,0,173.312468551757,-58.5805962633087,-579.341926416424,0,0,2021.32746081072,4422.39932289759,1610.44919818478,10966.2258175158,0,1674.65186225781,814.889755093728,0,-86.6593846983198,-1111.14395839364,1062.24363708674,44.6283053407015,896.752332757024,0,1643.73105810059,1235.91727212415,0,0,-164.708514384419,-1739.70673839172,44.5771073014995,-200.302087664078,0,730.298849277622,-198.428062114635,243.079408300085,0,0,-711.647656906389,904.040166520098,0,718.953425802952,-255.215178431376,0,0,0,1415.11768195185,863.327787750094,-962.522309536647,-143.320163067356,-886.80757095691,137.823289938774
0,0,0,0,0,0,0,0,0,0,0,0,0,0,0,0,0,0,0,0,0,0,0.0590589308014484,0,0,0,0,0,0,0,0,0,0,0,0,0,0,0,0,0,0,0,0,0,0,0,0,0,0,0,0,0,0,0,0,0,0,0,0,0
0,944.692165953911,0,-256.867739286816,0,0,-121.073479875162,856.76686595131,0,1081.74455691873,0,0,0,-404.605274421023,-459.182996979907,1077.10463180696,0,0,-342.726245730557,1217.46952279325,-567.466666052143,1674.65186225781,0,11417.1283209048,378.98044336799,0,-1423.99874420053,1939.5164646909,-15.6711373674496,486.674591748236,1345.70700267647,0,1893.65307900315,1568.0653996894,0,0,-203.792229149297,-827.546998199136,2831.6294901067,-593.366784374228,0,1497.47558713065,-777.926299996756,189.156005232568,0,0,434.086198896644,178.509259115274,0,2091.24505709087,709.57601791591,0,0,0,-178.333613058271,1345.92703935131,-577.637092764445,962.650736956552,289.92936165042,-7.45128379017822
0,192.594339723644,0,-217.224145026887,0,0,1168.90589434824,418.215791985436,0,823.117153387765,0,0,0,-1301.51953960307,1859.0091010081,-2870.25163365316,0,0,-122.221300135269,485.726375714322,-4725.08723601781,814.889755093728,0,378.98044336799,13201.7087939974,0,-91.8258533699763,725.353905891516,-349.967311202019,3055.10390537428,-342.410964403249,0,544.463459166058,646.300893916422,0,0,392.517603860958,-1169.44787957081,131.232457479431,1446.4589056714,0,-1147.19934133467,1672.36972944208,-62.2826919886151,0,0,-1220.31408559774,1013.22860848426,0,293.960790231998,517.885330961424,0,0,0,349.438008169423,-328.664659521473,1232.8259380339,-492.154670934092,-961.629329310073,-744.814581207927
0,0,0,0,0,0,0,0,0,0,0,0,0,0,0,0,0,0,0,0,0,0,0,0,0,0.0810233020971027,0,0,0,0,0,0,0,0,0,0,0,0,0,0,0,0,0,0,0,0,0,0,0,0,0,0,0,0,0,0,0,0,0,0
0,534.914403498694,0,-347.266141990787,0,0,-68.0302648285214,-1534.80827122593,0,-2611.73165709047,0,0,0,154.006174997841,1228.76838839551,-3811.63200228658,0,0,577.11402049112,1198.51095058619,-675.0758427762,-86.6593846983198,0,-1423.99874420053,-91.8258533699763,0,20169.4080029534,611.594824641419,217.448144334133,-87.6154317701044,-654.931044463572,0,435.434233857117,-391.718934247766,0,0,1802.23919033973,-1697.99882490503,734.26426416878,156.62132217374,0,711.281842703337,-305.477375847993,780.276476912707,0,0,-1076.97046196367,-288.45480964076,0,-1219.40807189217,-740.910907217028,0,0,0,-1228.92619507893,-53.4803357065967,306.66920845831,823.931377363401,-379.228779142996,825.613545315889
0,1306.01484882248,0,-175.360294700899,0,0,-227.295951424994,2334.1854852121,0,2157.59227534869,0,0,0,-1303.49149093263,438.096060235507,-2834.95024842841,0,0,-798.514795410214,1470.21162325549,1649.95224562276,-1111.14395839364,0,1939.5164646909,725.353905891516,0,611.594824641419,16503.0473426456,102.670317804203,-1168.19803920783,-78.4824679107749,0,281.89035228908,-1428.63811675158,0,0,1203.60253332204,663.793443420045,-285.863015553543,878.042233687322,0,-888.483136848976,-576.696027507678,563.018868835643,0,0,-524.37839280768,886.853336265471,0,605.968788956985,1109.3078440271,0,0,0,574.302787215982,-568.851297546137,1630.43716599146,-416.861279459743,614.299174695366,755.587099137446
0,-428.979584983073,0,-162.299081044669,0,0,1398.42827579432,-4.65648289841865,0,-377.207532578965,0,0,0,439.098208880533,-1205.4131978352,-363.955422345736,0,0,91.7508563189511,-2613.10269368285,613.336781594556,1062.24363708674,0,-15.6711373674496,-349.967311202018,0,217.448144334133,102.670317804203,14449.8779467378,-1942.23023673233,1340.55092083023,0,-3217.87342315019,1699.84054351979,0,0,-1428.82886165353,-314.703013493319,-1766.45448413469,544.464182605669,0,371.612889373054,-1170.75675567671,896.769968412411,0,0,-1650.88020747362,102.096643465745,0,-1311.21790860821,-460.426415190202,0,0,0,484.109781258283,-201.131483215226,-1324.03740492029,953.587155742387,1216.19187829738,272.243528926359
0,528.31500933283,0,242.017344605205,0,0,-1038.00155681232,199.623667058411,0,-654.711090347759,0,0,0,-342.449300712368,1226.03055259236,906.730369750924,0,0,1337.41305715466,1437.30764059337,256.767428469967,44.6283053407015,0,486.674591748236,3055.10390537428,0,-87.6154317701044,-1168.19803920783,-1942.23023673233,12465.4347667028,-1170.09128642289,0,-140.168386132196,-164.600068023063,0,0,-836.580800540291,1455.9583237239,714.369240060603,916.516552639574,0,127.868022159939,-798.279648395991,260.658283960536,0,0,1242.43460767777,968.544886110029,0,-368.690343709598,424.719256275918,0,0,0,-1395.53275742116,82.6625290568277,278.655680659295,-580.792498012586,640.999176011943,146.988613664178
0,619.443746508453,0,-717.415725215765,0,0,-335.641107524932,-214.957584371516,0,234.514794996245,0,0,0,-1211.70714718624,153.375678399307,-1088.80394936964,0,0,1510.0872523958,1696.09091930831,1155.69168987082,896.752332757024,0,1345.70700267647,-342.410964403249,0,-654.931044463572,-78.4824679107749,1340.55092083023,-1170.09128642289,11412.2283252863,0,-569.565619914176,773.554975176437,0,0,88.3778610783014,-306.31626413724,-2361.12717837962,-566.311149478733,0,951.158079693397,-1771.27778766847,353.76491088502,0,0,-99.2747584758526,-491.002449555926,0,340.969149123468,-181.629570662539,0,0,0,767.641607569002,211.420027380184,-42.7999155065242,789.105176290091,371.525752058057,-60.7258098072082
0,0,0,0,0,0,0,0,0,0,0,0,0,0,0,0,0,0,0,0,0,0,0,0,0,0,0,0,0,0,0,0.054167968188747,0,0,0,0,0,0,0,0,0,0,0,0,0,0,0,0,0,0,0,0,0,0,0,0,0,0,0,0
0,362.741130821851,0,610.68784460379,0,0,-1035.06257289345,-371.388568782694,0,-141.679595095529,0,0,0,491.517080600367,878.442172559779,1896.73969633886,0,0,-445.116186818971,969.23915039945,45.7556943110455,1643.73105810059,0,1893.65307900315,544.463459166058,0,435.434233857117,281.89035228908,-3217.87342315019,-140.168386132196,-569.565619914175,0,9581.8901872986,946.709226250581,0,0,-367.128672440982,-2363.41120052058,1023.85573603357,-1340.661433926,0,-1203.62794676787,-830.664013254405,130.452646793732,0,0,939.0679775011,-719.325263525166,0,-456.299804728178,-5.03269444950695,0,0,0,136.881733715608,1045.30548437288,521.450763198777,-601.943830142434,-935.826631832193,-216.732863066782
0,423.574159075179,0,-87.8682066481079,0,0,965.417953433012,634.638195039562,0,-2279.87834556631,0,0,0,576.198897047107,-1604.46298587649,-97.7266195514009,0,0,1140.06055075118,-2203.79546309638,3788.35172559768,1235.91727212415,0,1568.0653996894,646.300893916422,0,-391.718934247766,-1428.63811675158,1699.84054351979,-164.600068023063,773.554975176437,0,946.709226250581,13264.4451126502,0,0,-2481.40307567649,1263.94372269349,-1517.50833168992,2456.68434217095,0,-91.670345511005,-374.361410132207,153.624192013848,0,0,595.0565166207,264.701642921152,0,-536.15908266156,-1068.49737593529,0,0,0,1006.26900723746,-484.236784329644,607.735853450066,596.088177996787,-297.308110827083,52.7223737851891
0,0,0,0,0,0,0,0,0,0,0,0,0,0,0,0,0,0,0,0,0,0,0,0,0,0,0,0,0,0,0,0,0,0,0.0661764697101419,0,0,0,0,0,0,0,0,0,0,0,0,0,0,0,0,0,0,0,0,0,0,0,0,0
0,0,0,0,0,0,0,0,0,0,0,0,0,0,0,0,0,0,0,0,0,0,0,0,0,0,0,0,0,0,0,0,0,0,0,0.0695294554099905,0,0,0,0,0,0,0,0,0,0,0,0,0,0,0,0,0,0,0,0,0,0,0,0
0,-659.785318896095,0,-747.226979110708,0,0,858.565161610857,882.962964491897,0,2382.59035890964,0,0,0,-419.245768358308,3085.97898915481,408.879988257117,0,0,-1116.97170030783,494.151722273016,-1256.3489517855,-164.708514384419,0,-203.792229149297,392.517603860958,0,1802.23919033973,1203.60253332204,-1428.82886165353,-836.580800540291,88.3778610783014,0,-367.128672440982,-2481.40307567649,0,0,12114.8391033736,-2073.09260557891,-152.876908574035,-91.6187603454509,0,-247.522080825729,1363.93556450435,-550.427828059085,0,0,-925.831274678019,-821.283758397263,0,591.105021229215,1052.12975807207,0,0,0,198.590325748984,-544.779038244747,208.007828740594,205.472157370647,-792.739426530918,-5.51901865464684
0,496.696449873188,0,-197.038369351919,0,0,578.234226345277,381.227856899143,0,-1134.31685731143,0,0,0,-710.220083528858,-2403.37686274604,1525.10172205313,0,0,618.566887436948,-1048.85728372679,1003.70481579135,-1739.70673839172,0,-827.546998199136,-1169.44787957081,0,-1697.99882490503,663.793443420045,-314.703013493319,1455.9583237239,-306.31626413724,0,-2363.41120052058,1263.94372269349,0,0,-2073.09260557891,10895.0681357752,116.606561008299,806.813150586469,0,708.421927140447,-613.297677190751,-418.526278119962,0,0,249.592417965293,1412.3817348428,0,-756.998114096009,-468.97192502336,0,0,0,-58.2428194603583,841.724298987182,-455.772564513021,-448.248660631959,1995.01870476231,150.367224212336
0,157.459674808036,0,461.79449814108,0,0,-460.563942501828,-297.452245555505,0,666.315587209766,0,0,0,1610.00991362299,-647.953167745628,830.265799293312,0,0,-2510.05277915379,-1685.64253344728,-1774.06309266144,44.5771073014995,0,2831.6294901067,131.232457479431,0,734.26426416878,-285.863015553543,-1766.45448413469,714.369240060603,-2361.12717837962,0,1023.85573603357,-1517.50833168992,0,0,-152.876908574035,116.606561008299,10423.3069506856,316.556067939428,0,-478.655233324161,1967.26601697905,-134.353745767821,0,0,679.408890586754,876.910484154684,0,182.600680848415,705.468962065216,0,0,0,-136.867838895695,1610.71819980673,-143.74974944218,639.650141600602,223.512427824415,411.256575700328
0,-300.857541039272,0,338.910106468002,0,0,253.245958483519,574.490335018698,0,-745.220865513371,0,0,0,-422.129601091956,-890.713968194647,-840.23422076316,0,0,1460.58213163313,-750.911720290627,546.321638314025,-200.302087664078,0,-593.366784374228,1446.4589056714,0,156.62132217374,878.042233687322,544.464182605669,916.516552639574,-566.311149478733,0,-1340.661433926,2456.68434217095,0,0,-91.6187603454509,806.813150586469,316.556067939428,8246.45535458066,0,-217.317477688588,-313.308619346127,1352.99081366446,0,0,-417.82744760547,-306.644685624823,0,422.505759783793,-263.999413696847,0,0,0,743.820489968429,-788.499692039012,-566.755750496651,-228.836187655412,880.435158557393,920.203005905988
0,0,0,0,0,0,0,0,0,0,0,0,0,0,0,0,0,0,0,0,0,0,0,0,0,0,0,0,0,0,0,0,0,0,0,0,0,0,0,0,0.0513142775735733,0,0,0,0,0,0,0,0,0,0,0,0,0,0,0,0,0,0,0
0,-775.113990773447,0,-195.734234978978,0,0,93.8658686469438,372.63672353172,0,-494.423456745968,0,0,0,1178.82817485359,-1778.10013435949,-528.102002260027,0,0,-838.517359725024,434.813149800057,1640.32953563603,730.298849277622,0,1497.47558713065,-1147.19934133467,0,711.281842703337,-888.483136848976,371.612889373054,127.868022159939,951.158079693397,0,-1203.62794676787,-91.670345511005,0,0,-247.522080825729,708.421927140447,-478.655233324161,-217.317477688588,0,10490.0181831214,-601.946000387776,-1132.77678284507,0,0,2012.95522474155,-547.127108112819,0,-248.101277342817,-463.280998077023,0,0,0,-428.691601998992,-1034.68079545879,-1605.84285733402,-1201.54926546944,-155.523438075849,-932.388080847598
0,-541.157977633831,0,91.542843921616,0,0,705.542078233615,747.098854532515,0,914.112959246295,0,0,0,1658.84419867269,297.520416834458,1745.47713301202,0,0,-1868.82638381464,-977.424013780371,-2424.16009445197,-198.428062114635,0,-777.926299996756,1672.36972944208,0,-305.477375847993,-576.696027507678,-1170.75675567671,-798.279648395991,-1771.27778766847,0,-830.664013254405,-374.361410132207,0,0,1363.93556450435,-613.297677190751,1967.26601697905,-313.308619346127,0,-601.946000387776,7715.71522301579,382.443829875337,0,0,-358.550159687874,-277.821805818346,0,-46.4913581972006,1321.1562248038,0,0,0,392.654320388796,-52.446304440057,59.5044383879434,402.883405345302,-1180.09898701609,518.403035536014
0,21.9214592590859,0,63.812764320466,0,0,-405.411846364651,514.186964764796,0,-907.331849440998,0,0,0,-320.985705412071,564.184265758438,778.661318452158,0,0,-377.111616622757,235.97132115684,366.395382467986,243.079408300085,0,189.156005232568,-62.2826919886151,0,780.276476912707,563.018868835643,896.769968412411,260.658283960536,353.76491088502,0,130.452646793732,153.624192013848,0,0,-550.427828059085,-418.526278119962,-134.353745767821,1352.99081366446,0,-1132.77678284507,382.443829875337,3629.05471668934,0,0,-521.861138657161,-490.427380258003,0,-28.0474933747579,134.977972925925,0,0,0,498.27628693232,196.407629495468,40.1966529486895,277.160840814892,289.690258055566,860.504429732475
0,0,0,0,0,0,0,0,0,0,0,0,0,0,0,0,0,0,0,0,0,0,0,0,0,0,0,0,0,0,0,0,0,0,0,0,0,0,0,0,0,0,0,0,0.0475221510896426,0,0,0,0,0,0,0,0,0,0,0,0,0,0,0
0,0,0,0,0,0,0,0,0,0,0,0,0,0,0,0,0,0,0,0,0,0,0,0,0,0,0,0,0,0,0,0,0,0,0,0,0,0,0,0,0,0,0,0,0,0.0324560898046671,0,0,0,0,0,0,0,0,0,0,0,0,0,0
0,-279.038072061131,0,75.0472074387405,0,0,-1654.41702400219,716.058813131108,0,706.371111539834,0,0,0,-74.6379090499872,-1667.90081062168,-236.888311223213,0,0,-497.296248150203,-16.617958321906,2401.4939750771,-711.647656906389,0,434.086198896644,-1220.31408559774,0,-1076.97046196367,-524.37839280768,-1650.88020747362,1242.43460767777,-99.2747584758526,0,939.0679775011,595.0565166207,0,0,-925.831274678019,249.592417965293,679.408890586754,-417.82744760547,0,2012.95522474155,-358.550159687874,-521.861138657161,0,0,6103.0739446912,-309.840538634426,0,1080.7967899323,-64.7561182917055,0,0,0,-823.878846545266,-415.838435260946,-265.950602495389,30.0563008604691,791.397342916944,-237.865720613561
0,1105.66251660079,0,-652.677270926223,0,0,1103.29306935486,459.978145999352,0,-1153.07442774917,0,0,0,26.1039660357101,-693.281755321142,491.019833133772,0,0,-988.659455125977,2048.85034861313,1129.10532535025,904.040166520098,0,178.509259115274,1013.22860848426,0,-288.45480964076,886.853336265471,102.096643465745,968.544886110029,-491.002449555926,0,-719.325263525166,264.701642921152,0,0,-821.283758397263,1412.3817348428,876.910484154684,-306.644685624823,0,-547.127108112819,-277.821805818346,-490.427380258003,0,0,-309.840538634426,7072.99368198448,0,-395.182596633836,767.141238425989,0,0,0,1041.9930128297,-352.305685223219,-527.126465438981,756.487582684503,-215.258749638644,263.911307056108
0,0,0,0,0,0,0,0,0,0,0,0,0,0,0,0,0,0,0,0,0,0,0,0,0,0,0,0,0,0,0,0,0,0,0,0,0,0,0,0,0,0,0,0,0,0,0,0,0.0228025621296725,0,0,0,0,0,0,0,0,0,0,0
0,-333.936352664821,0,242.168691876063,0,0,-680.316447847993,1454.36313019931,0,-882.119064361199,0,0,0,-968.478952253922,1122.17948387012,901.779883786796,0,0,1211.89715987886,1358.28030103398,927.471495222146,718.953425802951,0,2091.24505709087,293.960790231998,0,-1219.40807189217,605.968788956985,-1311.21790860821,-368.690343709598,340.969149123468,0,-456.299804728178,-536.15908266156,0,0,591.105021229215,-756.998114096009,182.600680848415,422.505759783793,0,-248.101277342817,-46.4913581972006,-28.0474933747579,0,0,1080.7967899323,-395.182596633836,0,7315.43767203216,123.911958404083,0,0,0,-351.463241041025,498.623851708604,305.114371377507,302.297112797815,-9.23808167518266,660.604426039348
0,633.023014272928,0,242.165896225255,0,0,56.718196725209,535.490765155026,0,399.24854695838,0,0,0,363.188439379351,77.6507349192643,177.035207519266,0,0,-1280.72710914746,-669.784939144134,-539.567829122768,-255.215178431376,0,709.57601791591,517.885330961424,0,-740.910907217028,1109.3078440271,-460.426415190202,424.719256275918,-181.629570662539,0,-5.03269444950695,-1068.49737593529,0,0,1052.12975807207,-468.97192502336,705.468962065216,-263.999413696847,0,-463.280998077023,1321.1562248038,134.977972925925,0,0,-64.7561182917055,767.141238425989,0,123.911958404083,2509.723070497,0,0,0,137.441622792505,-699.586468738199,144.3105363138,141.562431241834,-184.894146772291,105.89989371626
0,0,0,0,0,0,0,0,0,0,0,0,0,0,0,0,0,0,0,0,0,0,0,0,0,0,0,0,0,0,0,0,0,0,0,0,0,0,0,0,0,0,0,0,0,0,0,0,0,0,0,0.0139344009232344,0,0,0,0,0,0,0,0
0,0,0,0,0,0,0,0,0,0,0,0,0,0,0,0,0,0,0,0,0,0,0,0,0,0,0,0,0,0,0,0,0,0,0,0,0,0,0,0,0,0,0,0,0,0,0,0,0,0,0,0,0.0326592430293205,0,0,0,0,0,0,0
0,0,0,0,0,0,0,0,0,0,0,0,0,0,0,0,0,0,0,0,0,0,0,0,0,0,0,0,0,0,0,0,0,0,0,0,0,0,0,0,0,0,0,0,0,0,0,0,0,0,0,0,0,0.0354427142527806,0,0,0,0,0,0
0,-182.033322033825,0,214.991484473078,0,0,500.750970635861,524.721852445563,0,-931.226282788663,0,0,0,271.773225092028,582.477928372995,-66.5665132809211,0,0,-387.306250443268,241.543848857359,-44.2516168690019,1415.11768195185,0,-178.333613058271,349.438008169423,0,-1228.92619507893,574.302787215982,484.109781258283,-1395.53275742116,767.641607569002,0,136.881733715608,1006.26900723746,0,0,198.590325748984,-58.2428194603583,-136.867838895695,743.820489968429,0,-428.691601998992,392.654320388796,498.27628693232,0,0,-823.878846545266,1041.9930128297,0,-351.463241041025,137.441622792505,0,0,0,3822.01319469735,442.118507026252,290.957313860495,-445.260215152803,-155.594357546728,192.049145303258
0,-501.411700675835,0,-429.109692289376,0,0,60.0354258055054,-361.932491368333,0,-720.888856184327,0,0,0,458.556227352225,701.183087942985,1843.58770407557,0,0,1334.97323745847,-188.454030082064,217.641302535347,863.327787750094,0,1345.92703935131,-328.664659521473,0,-53.4803357065967,-568.851297546138,-201.131483215226,82.6625290568277,211.420027380184,0,1045.30548437288,-484.236784329644,0,0,-544.779038244747,841.724298987182,1610.71819980673,-788.499692039012,0,-1034.68079545879,-52.446304440057,196.407629495468,0,0,-415.838435260946,-352.305685223219,0,498.623851708604,-699.586468738199,0,0,0,442.118507026252,4396.13262930156,460.593905417642,453.938787670997,811.60948342936,95.9162778325181
0,-401.831310239456,0,225.377923427526,0,0,206.244039310757,-385.057975664833,0,-148.511416115244,0,0,0,-657.652297230878,991.125454238439,379.675752267083,0,0,80.2391183747394,746.827239169897,391.096224547824,-962.522309536647,0,-577.637092764445,1232.8259380339,0,306.66920845831,1630.43716599146,-1324.03740492029,278.655680659295,-42.7999155065242,0,521.450763198777,607.735853450066,0,0,208.007828740594,-455.772564513021,-143.74974944218,-566.755750496651,0,-1605.84285733402,59.5044383879434,40.1966529486895,0,0,-265.950602495389,-527.126465438981,0,305.114371377507,144.3105363138,0,0,0,290.957313860495,460.593905417642,4187.38948140308,-211.552813334232,308.849979325871,199.536025408117
0,23.0868665357085,0,-87.0463427928356,0,0,-111.032008373262,-380.506976958485,0,-148.353407001842,0,0,0,275.945298515591,598.00273723023,-515.743969436611,0,0,561.577775678488,249.709740260343,-42.0960762623942,-143.320163067356,0,962.650736956552,-492.154670934092,0,823.931377363401,-416.861279459743,953.587155742387,-580.792498012586,789.105176290091,0,-601.943830142434,596.088177996787,0,0,205.472157370647,-448.248660631959,639.650141600602,-228.836187655412,0,-1201.54926546944,402.883405345302,277.160840814892,0,0,30.0563008604691,756.487582684503,0,302.297112797815,141.562431241834,0,0,0,-445.260215152803,453.938787670997,-211.552813334232,4046.30723831127,303.889238996792,374.368634676655
0,-209.579641261846,0,-332.763424114824,0,0,-402.554042386207,402.490597842823,0,-519.982722610538,0,0,0,274.859913354174,-2023.69443326617,1060.39796250956,0,0,1468.33416044713,-527.75488268094,381.447341220924,-886.80757095691,0,289.92936165042,-961.629329310073,0,-379.228779142996,614.299174695366,1216.19187829738,640.999176011943,371.525752058057,0,-935.826631832193,-297.308110827083,0,0,-792.739426530918,1995.01870476231,223.512427824415,880.435158557393,0,-155.523438075849,-1180.09898701609,289.690258055566,0,0,791.397342916944,-215.258749638644,0,-9.23808167518266,-184.894146772291,0,0,0,-155.594357546728,811.60948342936,308.849979325871,303.889238996792,4057.68534321577,480.308232665466
0,125.92030900799,0,156.340652559104,0,0,-781.6778256678,216.678799605989,0,-436.969923588011,0,0,0,-263.579445532453,-473.969891442689,1437.08952036392,0,0,36.5620777747295,675.366633505289,849.897880262987,137.823289938774,0,-7.45128379017822,-744.814581207927,0,825.613545315889,755.587099137446,272.243528926359,146.988613664178,-60.7258098072082,0,-216.732863066782,52.722373785189,0,0,-5.51901865464684,150.367224212336,411.256575700328,920.203005905988,0,-932.388080847598,518.403035536014,860.504429732475,0,0,-237.865720613561,263.911307056108,0,660.604426039348,105.89989371626,0,0,0,192.049145303258,95.9162778325181,199.536025408117,374.368634676655,480.308232665466,2254.25837387189
