0.041351362597411,0.00614871835979698,0.0056881713909807,-0.00109982349538332,-0.00138928079551243,0.000709844431501409,-0.00137058078319698,0.0198476077172477
0.00614871835979698,0.0248246422613086,0.00307475207911067,0.00163081478914276,0.00568876843819244,0.0047006132260337,0.00232329404665859,0.00873813501578745
0.0056881713909807,0.00307475207911067,0.0206510475686783,0.00346139098270391,0.000916079175522897,0.00393286689571288,-0.00114156616466927,0.00362362625865559
-0.00109982349538332,0.00163081478914276,0.00346139098270391,0.0256999514809024,0.010440172264181,0.00719763018868604,0.00435564609565565,-0.003618080322377
-0.00138928079551243,0.00568876843819244,0.000916079175522897,0.010440172264181,0.0166184984872166,0.00278019465949383,0.00210003334255653,-0.00100287190174599
0.000709844431501409,0.0047006132260337,0.00393286689571288,0.00719763018868604,0.00278019465949383,0.0132262248249852,0.00320045932091632,0.000210075560967802
-0.00137058078319698,0.00232329404665859,-0.00114156616466927,0.00435564609565565,0.00210003334255653,0.00320045932091632,0.0191489173339479,0.00135117163240685
0.0198476077172477,0.00873813501578745,0.00362362625865559,-0.003618080322377,-0.00100287190174599,0.000210075560967802,0.00135117163240685,0.0365110768603456
