0.0539784920230805,0.015894270810794,0.0275083008313847,-0.00404289007892103,-0.00795675530691345,-0.002965531190154,-0.00476354425027925,-0.00302967891013478,-0.00876902504449295,-0.00664363993817754,-0.0119749793504995,-0.00747191286296829,-0.00328851611554984,-0.0114840362956483,-0.00189440570485999,0.0121185332488212,0.0105304703327749,-0.0490639541658633,-0.0195669947591758,-0.0326616220783599,-0.00736386214562976,-0.0187825339288993
0.015894270810794,0.0201739859340934,0.00447349098843304,-0.00850930682411754,-0.00837206915895516,-0.00739856492593002,-0.00878456458318186,-0.00745772410479158,-0.00832068080364153,-0.00870116965978249,-0.0125637282649666,-0.00999538044490865,-0.00734589724006159,-0.0122417581533233,-1.34205948896095e-05,0.00106413693721768,0.00328895008892019,-0.0261743734636006,-0.00751374488303818,-0.00137628302250779,0.00621630190256937,-0.00906356139300232
0.0275083008313847,0.00447349098843304,0.0475516498691795,-0.00417098724371206,-0.00491820623663973,-0.00387010873245231,-0.00370101820678403,-0.00385435968728965,-0.0156838873940694,-0.0154050410326087,-0.0158508180205841,-0.00978010377419245,-0.00481323542454268,-0.0159013833040674,-0.00436476101132925,0.0179681605417079,-0.00775788861072541,-0.0155787968240485,-0.0233042582701475,-0.0244551145311381,-0.00905363737426522,-0.0238032630502558
-0.00404289007892103,-0.00850930682411754,-0.00417098724371206,0.0284179274132454,0.0148313364556619,0.0264894074236296,0.0274003725440269,0.0262873685384089,0.0149865753179695,0.0189084888887911,0.0236331357511023,0.0216165652935814,0.0201773766753076,0.0235270496965047,0.00924644706122193,-0.0193894491807007,0.0167124470640384,0.00493617508204553,0.0189609204636164,0.0100926236848487,0.00336587124955414,0.0229171433148222
-0.00795675530691345,-0.00837206915895516,-0.00491820623663972,0.0148313364556619,0.00981176888244519,0.0136688246471495,0.0150361586826832,0.0135955250687622,0.00953604531855929,0.0108753239851268,0.0141310937933919,0.0125908589507746,0.0112031850489401,0.014008336267753,0.00350104613282739,-0.0100885043232322,0.0106111261153602,0.0100716284648963,0.0149038713702972,0.00885969319448693,0.00144196095482164,0.0169076017240373
-0.002965531190154,-0.00739856492593002,-0.00387010873245231,0.0264894074236296,0.0136688246471495,0.0248291993901113,0.0254242079797155,0.0246204582791488,0.0136980672484383,0.0173299006820106,0.021755435125202,0.0198972522517968,0.0183464883864981,0.0216611917636463,0.00882258796993199,-0.0181765634817325,0.0149706777928625,0.00371955061643718,0.0166959112852547,0.00876487814738003,0.00331228760108966,0.0204188284138245
-0.00476354425027925,-0.00878456458318186,-0.00370101820678403,0.0274003725440269,0.0150361586826832,0.0254242079797155,0.0275167611362832,0.0252659225770568,0.0159142637771458,0.0197535952142263,0.0248896906869413,0.0228973336188395,0.0218763429885789,0.0247523568502692,0.00710799013490288,-0.0181750900109263,0.0203093119710461,0.00685050672872549,0.0204843332113195,0.0115353502293522,0.00243715009558289,0.0240660968563237
-0.00302967891013478,-0.00745772410479158,-0.00385435968728965,0.0262873685384089,0.0135955250687622,0.0246204582791488,0.0252659225770568,0.0244175853337353,0.0136507827653008,0.0172547875677565,0.0216397793970188,0.01980975542274,0.0183070717176484,0.0215432536924467,0.00867904013775117,-0.0179594389897131,0.0149611338523788,0.0039351895799942,0.016720419675229,0.00879588670213943,0.0031585954975629,0.02041778403052
-0.00876902504449295,-0.00832068080364153,-0.0156838873940694,0.0149865753179695,0.00953604531855929,0.0136980672484383,0.0159142637771458,0.0136507827653009,0.0172209144818867,0.0198766737709351,0.0235117718463945,0.0186204623908931,0.0173193588244767,0.0234584730391473,0.00307172114569093,-0.0141702969059495,0.0227279623867929,0.00627022381850824,0.0174548239542777,0.0103386402021555,0.000760789743041057,0.0184162257330955
-0.00664363993817754,-0.00870116965978249,-0.0154050410326087,0.0189084888887911,0.0108753239851268,0.0173299006820106,0.0197535952142263,0.0172547875677565,0.0198766737709351,0.02381791024309,0.0281282749302289,0.0226784079033773,0.0213836805066736,0.0281172938923155,0.0042642875055876,-0.0167951922018791,0.0254789943208813,0.00268868087743387,0.0181337615868534,0.00908913305241053,0.0014901688626545,0.0195791646765364
-0.0119749793504995,-0.0125637282649666,-0.0158508180205841,0.0236331357511023,0.0141310937933919,0.021755435125202,0.0248896906869413,0.0216397793970188,0.0235117718463945,0.0281282749302289,0.0348682240362671,0.0281866681001332,0.0259033751295204,0.0347657760951746,0.00494440802691407,-0.0203521772943013,0.0275566918434879,0.00832631332197813,0.0201791919982662,0.0111262943011628,0.00257860767606825,0.0220150946601404
-0.00747191286296829,-0.00999538044490865,-0.00978010377419245,0.0216165652935814,0.0125908589507746,0.0198972522517968,0.0228973336188395,0.01980975542274,0.0186204623908931,0.0226784079033773,0.0281866681001332,0.0240546662700632,0.0225589037850681,0.0280877321945339,0.00390722929562341,-0.0161746885032687,0.0220427910894802,0.00690869986889269,0.0178195233333086,0.00940892868318459,0.00174072235011116,0.0200821626807994
-0.00328851611554984,-0.00734589724006159,-0.00481323542454268,0.0201773766753076,0.0112031850489401,0.0183464883864981,0.0218763429885789,0.0183070717176484,0.0173193588244767,0.0213836805066736,0.0259033751295204,0.0225589037850681,0.0231321222514383,0.0258106814297483,0.00279506762120704,-0.0138288656712002,0.0266172855645992,0.00346146682004539,0.017343840325356,0.00930962221110829,-0.0007731382619379,0.0188370717954587
-0.0114840362956483,-0.0122417581533233,-0.0159013833040674,0.0235270496965047,0.014008336267753,0.0216611917636463,0.0247523568502692,0.0215432536924467,0.0234584730391473,0.0281172938923155,0.0347657760951746,0.0280877321945339,0.0258106814297483,0.0346801204865578,0.00499694683080354,-0.0204130418688951,0.0276466069300215,0.00737939484091716,0.0201472663404344,0.0108694933739576,0.00285280224640834,0.0219815923059945
-0.00189440570485999,-1.34205948896095e-05,-0.00436476101132925,0.00924644706122193,0.00350104613282739,0.00882258796993199,0.00710799013490288,0.00867904013775117,0.00307172114569093,0.0042642875055876,0.00494440802691407,0.00390722929562341,0.00279506762120704,0.00499694683080354,0.00658959858028477,-0.00942774698340991,0.000401042931418401,-0.00298424533240771,0.00399689431185378,0.00311323896804168,0.00473108610183748,0.00537303210315451
0.0121185332488212,0.00106413693721768,0.0179681605417079,-0.0193894491807007,-0.0100885043232322,-0.0181765634817325,-0.0181750900109263,-0.0179594389897131,-0.0141702969059495,-0.0167951922018791,-0.0203521772943013,-0.0161746885032687,-0.0138288656712002,-0.0204130418688951,-0.00942774698340991,0.0231697319387156,-0.0175240676906866,-0.0002412970135784,-0.0193377570879622,-0.0169125595792546,-0.0114997412761272,-0.0212330352988603
0.0105304703327749,0.00328895008892019,-0.00775788861072541,0.0167124470640384,0.0106111261153602,0.0149706777928625,0.0203093119710461,0.0149611338523788,0.0227279623867929,0.0254789943208813,0.0275566918434879,0.0220427910894802,0.0266172855645992,0.0276466069300215,0.000401042931418401,-0.0175240676906866,0.0701482125472857,-0.0140970781667827,0.0301038008317358,0.0160283613099168,-0.00292612464098021,0.0286669238576119
-0.0490639541658633,-0.0261743734636007,-0.0155787968240485,0.00493617508204553,0.0100716284648963,0.00371955061643718,0.00685050672872549,0.0039351895799942,0.00627022381850824,0.00268868087743387,0.00832631332197813,0.00690869986889269,0.00346146682004539,0.00737939484091716,-0.00298424533240771,-0.0002412970135784,-0.0140970781667827,0.0703988756569826,0.0153913770175414,0.0265698852187603,-0.00909229532429314,0.0162627197363021
-0.0195669947591758,-0.00751374488303818,-0.0233042582701475,0.0189609204636164,0.0149038713702972,0.0166959112852547,0.0204843332113195,0.016720419675229,0.0174548239542777,0.0181337615868534,0.0201791919982662,0.0178195233333086,0.017343840325356,0.0201472663404344,0.00399689431185378,-0.0193377570879622,0.0301038008317358,0.0153913770175414,0.0413587710800259,0.0308442142658727,0.00649787310813286,0.0433206075391154
-0.0326616220783599,-0.00137628302250779,-0.0244551145311381,0.0100926236848487,0.00885969319448693,0.00876487814738003,0.0115353502293522,0.00879588670213943,0.0103386402021555,0.00908913305241053,0.0111262943011628,0.00940892868318459,0.00930962221110829,0.0108694933739576,0.00311323896804168,-0.0169125595792546,0.0160283613099168,0.0265698852187603,0.0308442142658727,0.0384907546607008,0.00768224191940556,0.0305959630292704
-0.00736386214562975,0.00621630190256937,-0.00905363737426522,0.00336587124955414,0.00144196095482164,0.00331228760108966,0.00243715009558289,0.0031585954975629,0.000760789743041057,0.0014901688626545,0.00257860767606825,0.00174072235011116,-0.0007731382619379,0.00285280224640834,0.00473108610183748,-0.0114997412761272,-0.00292612464098021,-0.00909229532429314,0.00649787310813286,0.00768224191940556,0.016642263378621,0.00736773573700822
-0.0187825339288993,-0.00906356139300232,-0.0238032630502558,0.0229171433148222,0.0169076017240373,0.0204188284138245,0.0240660968563237,0.02041778403052,0.0184162257330955,0.0195791646765364,0.0220150946601404,0.0200821626807994,0.0188370717954587,0.0219815923059945,0.00537303210315451,-0.0212330352988603,0.0286669238576119,0.0162627197363021,0.0433206075391154,0.0305959630292704,0.00736773573700822,0.0465847295868917
