0.193724085560794,0.0204707838218176,0.0534837404586253,0.0106068893629118,0.0478376816659445,0.0306647788712344,8.89708478903906e-06,0.0127520968697176,-0.0595877854108486,0.00593910506183589,0.0149031722147937,0.0160215199812279,-0.00405054333747428,0.0435989557136939,-0.0257104511125731,-0.0712955288508928,-0.000794908380572958,0.00408916957070127,-0.00262112443116106,0.00200072511895212,-0.00448787344928856,-0.0277683008896409,0.0218691035905464,-0.0158552868504372
0.0204707838218176,0.0336193138345067,0.0103880744695388,0.0165203789386202,0.0138544477378346,0.00138489852268404,0.000878447647382726,-0.0240416464436634,0.0258986268299426,-0.00236747708555903,-0.00980929456390245,0.000252910029973744,-0.0181585038945865,0.0418136881836116,-0.00783111180737997,-0.00785599471357227,0.0238282414968396,-0.00179888039163567,0.00513805206699341,0.000696675601577413,-0.00136277792688127,0.000319695914542344,-0.0129386219272316,-0.0203338306222607
0.0534837404586253,0.0103880744695388,0.0745389666909326,0.00889837565616043,0.015735970707016,0.0155481941791686,0.00419674650135325,0.0103620310633338,-0.0176408330101141,0.0135495059064896,0.0011441908216088,0.0550348996243259,0.00462069589876489,0.0473242964651269,-0.0124938873208117,0.0226283812391365,-0.0139637337902315,-0.00206729081850786,0.00902354482555272,-0.00258674605196572,0.00135165551540345,-0.0106258905235209,-0.00102324775395947,-0.00246591352051785
0.0106068893629118,0.0165203789386202,0.00889837565616043,0.0191015699988633,-0.00311156922022711,0.0104880787747032,-0.00734549870106994,-0.00278591566908116,0.0196082062630948,-0.000625994026218582,-0.0106487032223753,0.000765168369465286,0.00598806801854439,0.0242473541315096,-0.00188593328843924,0.0029985874712239,0.0271828686774769,0.000773533608314337,0.00179851361459706,0.0176140166413563,-0.0177478250449788,0.00237944612057006,-0.00786558641953419,-0.0276638695694144
0.0478376816659445,0.0138544477378346,0.015735970707016,-0.00311156922022711,0.179495049905746,-0.00170028506564289,0.0106029867216926,0.0290574110635297,0.0285706043581916,-0.00300994802765419,-0.0330782647029184,0.00391589093601763,0.000871506374708996,0.0100180772158892,0.0152383547965155,0.0453796004307584,0.0192105514408623,-0.010634004556379,-0.00363110293380482,0.0236715639335537,-0.0220042940971855,0.0199427865424188,0.022517922331054,-0.0265544960837152
0.0306647788712344,0.00138489852268404,0.0155481941791686,0.0104880787747032,-0.00170028506564289,0.0871600935425221,0.00912611759545163,0.0393018077741878,0.0184823132158373,0.0245295652120296,-0.0362586035692322,0.0117261246580187,0.0434215426104133,0.0549625880783933,-0.0119062288601879,-0.0429681353344703,0.0459853285415132,0.0177115203477176,0.00774987607773558,0.03533173182117,-0.0365100734958241,-0.00590684577311516,-0.0358868695707262,0.0238527794838464
8.89708478903906e-06,0.000878447647382726,0.00419674650135325,-0.00734549870106994,0.0106029867216926,0.00912611759545163,0.0523517181942395,-0.0216854864746146,-0.0210106360185687,0.0161078681825944,0.0275346363430243,0.000253985012222938,0.00693360210414157,0.0232045415620027,-0.0001562203593439,0.0114148018099272,0.0115879294430011,-0.0077016975868683,0.00660482911129904,0.00503382788969299,-0.0050539989039392,-0.00324718692862065,0.0290939426918133,-0.0287747407906736
0.0127520968697176,-0.0240416464436634,0.0103620310633338,-0.00278591566908116,0.0290574110635297,0.0393018077741878,-0.0216854864746146,0.124896526198016,0.0486690245163525,0.0113931177866503,0.0164806853528083,0.0266473505864797,0.0175497138270704,0.0399294636817739,-0.0175802115212793,-0.0268749896219809,0.0190898273310689,0.0158456792633098,-0.0101927343817508,0.0322635855396533,-0.0338996379806085,-0.00716318913757706,-0.0214376641250094,0.0175620136680413
-0.0595877854108486,0.0258986268299426,-0.0176408330101141,0.0196082062630948,0.0285706043581916,0.0184823132158373,-0.0210106360185687,0.0486690245163525,0.142075572135488,-0.00771430169283962,-0.0307849278881463,0.00157712803901139,0.0199404067788829,0.0800015165353966,-0.00805501237020754,-0.0117914229006949,0.0587841562775458,0.0121730152786111,-0.00460380432925048,-0.000295458397125811,-0.000432411430589569,0.0060124653312917,-0.0548508213879756,-0.00194566184416833
0.00593910506183589,-0.00236747708555903,0.0135495059064896,-0.000625994026218582,-0.00300994802765419,0.0245295652120296,0.0161078681825944,0.0113931177866503,-0.00771430169283962,0.0377465885339475,0.000138814226990764,0.0052539308670815,0.0177045917587602,0.0218183730323625,0.0026908649239735,-0.00393299813583735,0.00146867684656432,0.0143798327357271,0.0043432681815301,-0.00261271533821092,0.00281377640829854,-0.00115225286344636,0.0121090685124646,-0.0117131862504476
0.0149031722147937,-0.00980929456390245,0.0011441908216088,-0.0106487032223753,-0.0330782647029184,-0.0362586035692322,0.0275346363430243,0.0164806853528083,-0.0307849278881463,0.000138814226990764,0.136876146430379,-0.002198349827815,-0.0433262673103472,0.00288546293202289,-0.0292331188960314,0.0107790278011424,-0.0164192384654165,-0.0304673593702951,0.0152898889852219,-0.00141572176236214,-0.00142471005977427,-0.030509763613909,0.0215510315426956,-0.00225107127214425
0.0160215199812279,0.000252910029973744,0.0550348996243259,0.000765168369465286,0.00391589093601763,0.0117261246580187,0.000253985012222938,0.0266473505864797,0.00157712803901139,0.0052539308670815,-0.002198349827815,0.0583591397329724,-0.0042834993521346,0.0529829327910486,-0.0131441939904073,0.00081786718954988,-0.00642843253491699,0.0103802399908617,-0.00498048411611971,-0.00844809730434515,0.00720091933485783,-0.00269002238055664,-0.0230020900039862,0.0121724283675253
-0.00405054333747428,-0.0181585038945865,0.00462069589876489,0.00598806801854439,0.000871506374708996,0.0434215426104133,0.00693360210414157,0.0175497138270704,0.0199404067788829,0.0177045917587602,-0.0433262673103472,-0.0042834993521346,0.188183231963506,0.0533866232335025,0.0415332128224647,0.0270265851716125,-0.0170569339268666,0.0403405487961883,-0.0132500755722856,0.0426805154511445,-0.0390959059270366,-0.0125527031596298,-0.00913603769800609,0.00865904861819671
0.0435989557136939,0.0418136881836116,0.0473242964651269,0.0242473541315096,0.0100180772158892,0.0549625880783933,0.0232045415620027,0.0399294636817739,0.0800015165353966,0.0218183730323625,0.00288546293202289,0.0529829327910486,0.0533866232335025,0.26021557078339,-0.0277932582626466,-0.05370976857558,0.0691051499970222,0.0371441437877599,-0.00960397258954157,0.027193611209893,-0.0298647535795274,-0.018252887570368,-0.0739086303987878,-0.0296641635196291
-0.0257104511125731,-0.00783111180737997,-0.0124938873208117,-0.00188593328843924,0.0152383547965155,-0.0119062288601879,-0.0001562203593439,-0.0175802115212793,-0.00805501237020754,0.0026908649239735,-0.0292331188960314,-0.0131441939904073,0.0415332128224647,-0.0277932582626466,0.040333689330754,0.016501281562877,-0.016519900162744,0.00292352836827702,-0.00240938633051546,0.0137086861409051,-0.00985837618592499,0.0250829762758296,0.012704494560731,-0.00783637836850341
-0.0712955288508928,-0.00785599471357227,0.0226283812391365,0.0029985874712239,0.0453796004307584,-0.0429681353344703,0.0114148018099272,-0.0268749896219809,-0.0117914229006949,-0.00393299813583735,0.0107790278011424,0.00081786718954988,0.0270265851716125,-0.05370976857558,0.016501281562877,0.207625918774732,-0.0356895599017083,-0.0428123598783126,0.0232936047376194,0.0439090105536628,-0.0423424743341567,-0.00761613170328208,0.0695277344270496,-0.0590285349784744
-0.000794908380572958,0.0238282414968396,-0.0139637337902315,0.0271828686774769,0.0192105514408623,0.0459853285415132,0.0115879294430011,0.0190898273310689,0.0587841562775458,0.00146867684656432,-0.0164192384654165,-0.00642843253491699,-0.0170569339268666,0.0691051499970222,-0.016519900162744,-0.0356895599017083,0.126255615052368,0.00779071290244222,-0.00835677373690313,0.017968551704293,-0.0193642246137676,0.0192169000749666,-0.037101265880524,-0.0600072498786206
0.00408916957070127,-0.00179888039163567,-0.00206729081850786,0.000773533608314337,-0.010634004556379,0.0177115203477176,-0.0077016975868683,0.0158456792633098,0.0121730152786111,0.0143798327357271,-0.0304673593702951,0.0103802399908617,0.0403405487961883,0.0371441437877599,0.00292352836827702,-0.0428123598783126,0.00779071290244222,0.0862724219409129,-0.0527422122778367,-0.00880742584614825,0.00905977959143369,-0.00149570258262694,-0.0531911069070457,0.0123443447491171
-0.00262112443116106,0.00513805206699341,0.00902354482555273,0.00179851361459706,-0.00363110293380482,0.00774987607773558,0.00660482911129904,-0.0101927343817508,-0.00460380432925048,0.0043432681815301,0.0152898889852219,-0.00498048411611971,-0.0132500755722856,-0.00960397258954157,-0.00240938633051546,0.0232936047376194,-0.00835677373690313,-0.0527422122778367,0.0460942683618629,0.0113295206399954,-0.011600153828511,-0.00288377922562096,0.0140707713352396,0.0206704141447845
0.00200072511895212,0.000696675601577413,-0.00258674605196572,0.0176140166413563,0.0236715639335537,0.03533173182117,0.00503382788969299,0.0322635855396533,-0.000295458397125811,-0.00261271533821092,-0.00141572176236214,-0.00844809730434515,0.0426805154511445,0.027193611209893,0.0137086861409051,0.0439090105536628,0.017968551704293,-0.00880742584614825,0.0113295206399954,0.162314892255514,-0.160680008183759,0.00563122981118419,-0.000781493037940668,-0.0282144440727419
-0.00448787344928856,-0.00136277792688127,0.00135165551540345,-0.0177478250449788,-0.0220042940971855,-0.0365100734958241,-0.0050539989039392,-0.0338996379806085,-0.000432411430589569,0.00281377640829854,-0.00142471005977427,0.00720091933485783,-0.0390959059270366,-0.0298647535795274,-0.00985837618592499,-0.0423424743341567,-0.0193642246137676,0.00905977959143369,-0.011600153828511,-0.160680008183759,0.159415351893374,-0.00308042398583449,0.00202902954620243,0.0271962806373659
-0.0277683008896409,0.000319695914542344,-0.0106258905235209,0.00237944612057006,0.0199427865424188,-0.00590684577311516,-0.00324718692862065,-0.00716318913757706,0.0060124653312917,-0.00115225286344636,-0.030509763613909,-0.00269002238055664,-0.0125527031596298,-0.018252887570368,0.0250829762758296,-0.00761613170328208,0.0192169000749666,-0.00149570258262694,-0.00288377922562096,0.00563122981118419,-0.00308042398583449,0.0368845323583539,-0.005928450641721,-0.0133537691269053
0.0218691035905464,-0.0129386219272316,-0.00102324775395947,-0.00786558641953419,0.022517922331054,-0.0358868695707262,0.0290939426918133,-0.0214376641250094,-0.0548508213879756,0.0121090685124646,0.0215510315426956,-0.0230020900039862,-0.00913603769800609,-0.0739086303987878,0.012704494560731,0.0695277344270496,-0.037101265880524,-0.0531911069070457,0.0140707713352396,-0.000781493037940668,0.00202902954620243,-0.005928450641721,0.183061777999009,-0.147525881079837
-0.0158552868504372,-0.0203338306222607,-0.00246591352051785,-0.0276638695694144,-0.0265544960837152,0.0238527794838464,-0.0287747407906736,0.0175620136680413,-0.00194566184416833,-0.0117131862504476,-0.00225107127214425,0.0121724283675253,0.00865904861819671,-0.0296641635196291,-0.00783637836850341,-0.0590285349784744,-0.0600072498786206,0.0123443447491171,0.0206704141447845,-0.0282144440727419,0.0271962806373659,-0.0133537691269053,-0.147525881079837,0.247889039516445
