0.0669808892092502,0.000372988888166533,0.0380972402501257,0.0134755007998436,0.0102623677982784,-0.0290929616293764,0.0280292923032311,-0.00538971532736299,0.002937994107526,-0.0194057119721372,0.0102708990866969,-0.00719263391458778,0.0079236888637136,0.0114933711703989,-0.0123378039249482,0.0144905958396106,-0.0176885384581249
0.000372988888166533,0.117736710781215,-0.0195367093279279,0.0651398532427601,0.00281596659987591,0.060142284310733,0.00253743957098162,0.0851220397722354,0.00847852356169727,0.0320331385412012,0.0327204196756669,0.0833466882653181,-0.00985154847298419,0.0460947238625446,0.0354572759176872,0.0416900377972946,-0.000892052767213168
0.0380972402501257,-0.0195367093279279,0.0864138934522334,0.00485218780554653,0.0228860243492921,-0.0116603866179509,0.0258898854851132,-0.00324458944573806,0.0228555134910898,0.000963254587044205,0.0129909158398308,-0.0181349736341103,0.0551910173721196,-0.0307263169760457,0.00538525078252058,-0.0116911874013587,0.0238244519430905
0.0134755007998436,0.0651398532427601,0.00485218780554653,0.107843660895923,-0.0090716210283725,0.0526647462781824,0.0320161866901389,0.04201326364029,0.0312043826199819,0.0372656493596253,0.0230668409121455,0.0511907206034899,0.0338179302671508,0.0538577615887878,0.00434098186236395,0.0541572132983468,-0.0156387326648869
0.0102623677982784,0.00281596659987591,0.0228860243492921,-0.0090716210283725,0.0494471942102719,0.00411644855195024,0.0293511413315639,0.00463073609781425,0.0156241631659051,0.00214144079897431,0.0238600265612193,-0.0210245219489149,0.0201340932436841,-0.00487679001940779,0.0146903080945534,-0.015870855011996,0.00319591728251761
-0.0290929616293764,0.060142284310733,-0.0116603866179509,0.0526647462781824,0.00411644855195024,0.102753397058577,-0.015494696751652,0.0472096651152554,0.029385173759495,0.0477009399564193,0.00785613245743625,0.0407283675456045,0.014758884458186,0.0420788922398038,0.045903543174063,0.0225155901689062,0.00797818740214818
0.0280292923032311,0.00253743957098162,0.0258898854851132,0.0320161866901389,0.0293511413315639,-0.015494696751652,0.0759189097081055,0.00136542391462267,0.0198802766395924,0.00197862234242776,0.0398279358855992,-0.00937323185555334,0.0312800807404978,0.0122576435308864,-0.0238464535995709,0.00529980739743669,-0.0076091463705856
-0.00538971532736299,0.0851220397722354,-0.00324458944573806,0.04201326364029,0.00463073609781425,0.0472096651152554,0.00136542391462267,0.096408002440476,-0.0115060989769862,0.0316207072214743,0.0321396988178357,0.0736840343094923,0.00518578666756402,0.0296588801601225,0.0277491790341352,0.037959289783183,0.0112744810411824
0.002937994107526,0.00847852356169727,0.0228555134910898,0.0312043826199819,0.0156241631659051,0.029385173759495,0.0198802766395924,-0.0115060989769862,0.0742048159349769,0.0256414403525438,0.0252332036421227,0.0023341516937125,0.0226823657582032,-0.000276503338574684,0.027181426904898,-0.0158123583412923,-0.000836178657151074
-0.0194057119721372,0.0320331385412012,0.000963254587044205,0.0372656493596253,0.00214144079897431,0.0477009399564193,0.00197862234242776,0.0316207072214743,0.0256414403525438,0.068040663012882,0.00397278680567493,0.0207350201003493,0.0131621571638494,0.03371600913621,-0.00782511768218925,0.00839772469370879,0.00296448720779902
0.0102708990866969,0.0327204196756669,0.0129909158398308,0.0230668409121455,0.0238600265612193,0.00785613245743625,0.0398279358855992,0.0321396988178357,0.0252332036421227,0.00397278680567493,0.075456627383606,0.0204217446489442,0.0191729006396803,-0.00488976765159765,0.0292462522792005,-0.00618925232907673,0.0119924988244463
-0.00719263391458778,0.0833466882653181,-0.0181349736341103,0.05119072060349,-0.0210245219489149,0.0407283675456045,-0.00937323185555334,0.0736840343094923,0.0023341516937125,0.0207350201003493,0.0204217446489442,0.109016788728408,-0.00628725121036803,0.0314698677424815,0.0353298867439792,0.0365151033318854,0.00833303556361105
0.0079236888637136,-0.00985154847298419,0.0551910173721196,0.0338179302671508,0.0201340932436841,0.014758884458186,0.0312800807404978,0.00518578666756402,0.0226823657582032,0.0131621571638494,0.0191729006396803,-0.00628725121036803,0.0764921587844747,-0.0182485692573683,0.0162301191423545,-0.0118179845415287,0.0274762156624588
0.0114933711703989,0.0460947238625446,-0.0307263169760457,0.0538577615887878,-0.00487679001940779,0.0420788922398038,0.0122576435308864,0.0296588801601225,-0.000276503338574684,0.03371600913621,-0.00488976765159764,0.0314698677424815,-0.0182485692573683,0.0826264068549275,-0.0145345825038765,0.0541743962107694,-0.0233710979753768
-0.0123378039249482,0.0354572759176872,0.00538525078252058,0.00434098186236395,0.0146903080945534,0.045903543174063,-0.0238464535995709,0.0277491790341352,0.027181426904898,-0.00782511768218925,0.0292462522792005,0.0353298867439792,0.0162301191423545,-0.0145345825038765,0.0856942427690491,-0.0120895176029716,0.0322877842252556
0.0144905958396106,0.0416900377972946,-0.0116911874013587,0.0541572132983468,-0.015870855011996,0.0225155901689062,0.00529980739743669,0.037959289783183,-0.0158123583412923,0.00839772469370879,-0.00618925232907673,0.0365151033318854,-0.0118179845415287,0.0541743962107694,-0.0120895176029716,0.0683979378232653,-0.0193877981236014
-0.0176885384581249,-0.000892052767213168,0.0238244519430905,-0.0156387326648869,0.00319591728251761,0.00797818740214818,-0.0076091463705856,0.0112744810411824,-0.000836178657151074,0.00296448720779902,0.0119924988244463,0.00833303556361105,0.0274762156624588,-0.0233710979753768,0.0322877842252556,-0.0193877981236014,0.0559829260275681
