0.0296414712930531,0,0,0,0,0,0,0,0,0,0,0,0,0,0,0,0,0,0,0,0,0,0,0,0,0,0,0,0,0,0,0,0,0,0,0,0,0,0,0,0,0,0,0,0,0,0,0,0,0,0,0,0,0,0,0,0,0,0,0
0,0.0142744495683218,0,0,0,0,0,0,0,0,0,0,0,0,0,0,0,0,0,0,0,0,0,0,0,0,0,0,0,0,0,0,0,0,0,0,0,0,0,0,0,0,0,0,0,0,0,0,0,0,0,0,0,0,0,0,0,0,0,0
0,0,0.00809392066496158,0,0,0,0,0,0,0,0,0,0,0,0,0,0,0,0,0,0,0,0,0,0,0,0,0,0,0,0,0,0,0,0,0,0,0,0,0,0,0,0,0,0,0,0,0,0,0,0,0,0,0,0,0,0,0,0,0
0,0,0,1232.46939712786,127.232082822199,0,259.465471267589,-114.171294866767,0,407.74491333208,438.220490731647,358.940090898593,-254.656418848486,-200.790525565926,331.221379305928,0,-726.180850479188,0,-286.670427910361,381.795390102644,323.346881321634,0,0,0,26.2666970936224,72.5343961688978,-774.670102451718,-20.1221530160761,446.572348170381,-680.831162594109,0,766.710888401201,-84.7550424708363,-277.059180974034,-418.843776649944,589.784932441787,0,340.791137351347,63.31151384463,0,116.926937579481,123.08552657503,108.844130416539,144.661384738904,354.553660653324,0,-205.112896006118,21.2047583602844,351.242959380618,-345.522710898257,-53.2339809523702,0,-6.27393418443933,237.191568883724,71.2876462900499,-143.057733821476,-206.192217552588,0,-286.829665285155,692.815901877834
0,0,0,127.232082822199,1951.42838386496,0,584.543803217874,-116.968621516672,0,69.6971421357018,-9.32094900105378,617.992116691583,231.622098596325,538.653489463889,677.558655109956,0,-1142.6053486085,0,563.174955376133,863.837956563002,-776.186053789675,0,0,0,-568.693902525476,359.676593952853,130.158098953355,275.984527054661,519.948243763359,282.535409313007,0,-135.21080787577,135.462291396287,251.540562612138,103.001212624173,-96.2538473076596,0,608.93805207469,-107.919952377666,0,-494.990579635387,-52.4280106756053,-256.154733482609,-312.912716289325,241.097965659343,0,-84.8169146200357,-188.606494867847,-154.865290983624,-120.098182988267,-370.529921048996,0,-140.269938165048,827.027591873462,398.212330887187,10.6338111912664,-251.073351190282,0,114.15922871781,-136.490835791149
0,0,0,0,0,0.0318006465823319,0,0,0,0,0,0,0,0,0,0,0,0,0,0,0,0,0,0,0,0,0,0,0,0,0,0,0,0,0,0,0,0,0,0,0,0,0,0,0,0,0,0,0,0,0,0,0,0,0,0,0,0,0,0
0,0,0,259.465471267589,584.543803217874,0,6640.27528446651,-571.967682499256,0,1562.9278987945,-796.25655237773,-414.271969779886,-1414.2779083123,1924.72980145645,-27.5897954975111,0,-209.65943331421,0,693.243991797382,431.883418343079,282.113635814239,0,0,0,250.815242718716,1484.78668226415,-1033.31322426638,593.666958117073,728.703953518675,93.0769853054709,0,556.826222767904,1356.5636562299,-33.3232101704756,1844.59626096153,-1899.15251143258,0,1043.62509877164,271.661733554714,0,-31.0826561675617,420.733988534972,-29.5344831251841,418.695767749149,1394.80203490663,0,-149.921361648807,627.989062944713,500.415151449083,-1009.20650400342,-66.5221761241063,0,73.757828183568,-745.147314106439,-33.0181370419794,-560.79938587883,314.11187944031,0,552.578297859495,456.524877222192
0,0,0,-114.171294866767,-116.968621516672,0,-571.967682499256,7829.61341615218,0,647.033315341022,-1054.24796454069,-772.243692094546,-964.429572078424,-1285.74099982018,379.929305072117,0,-909.88798658074,0,1133.89913489939,-2151.97461317056,-268.09018115445,0,0,0,-513.982592942692,153.652207849716,260.752086489262,36.8046695203243,1039.62239367881,-494.451201486724,0,-2266.65849706328,-684.857982714788,1019.61375099752,1311.66903868034,984.951802821978,0,-1045.7710261577,195.020360365792,0,-101.714966915345,2216.39716408632,2391.42766550016,101.981404481192,481.829556098153,0,373.782998591774,-835.359346382876,1412.45876315546,337.933319502186,99.7120114777637,0,883.724863777731,180.373604872896,-550.887940657577,662.067392826664,-505.234987941682,0,-364.294796815565,58.7736517055647
0,0,0,0,0,0,0,0,0.0435200029051043,0,0,0,0,0,0,0,0,0,0,0,0,0,0,0,0,0,0,0,0,0,0,0,0,0,0,0,0,0,0,0,0,0,0,0,0,0,0,0,0,0,0,0,0,0,0,0,0,0,0,0
0,0,0,407.74491333208,69.6971421357018,0,1562.9278987945,647.033315341022,0,8287.30633717736,76.3456619760206,1125.58305301129,-1380.1669402535,-713.902238659121,835.635604072599,0,149.898065460748,0,-797.766212797102,134.56774119627,-88.5780671134948,0,0,0,1419.09804756892,235.961106845809,638.985934561758,1007.76669129279,-511.143502055704,1034.7777599577,0,-5.85218853543752,320.526845650827,-914.196907918893,1221.56166803284,-536.090209814629,0,-153.458926980598,130.384855556601,0,752.953558027515,788.982600911878,239.080020361724,673.883874105468,374.701491279266,0,-10.5312548027715,-490.3787575421,-169.099718197561,668.74526883203,-170.172730232309,0,-592.101955318687,-568.60343326482,-501.191700399865,265.42551978725,235.486787968506,0,497.704172102122,1126.49647643328
0,0,0,438.220490731647,-9.32094900105378,0,-796.25655237773,-1054.24796454069,0,76.3456619760206,11379.9336186124,3105.8013247456,2067.32724425302,617.552155751077,181.173552669564,0,323.389813831029,0,-1915.53518388648,-1183.99775075287,-374.79805450265,0,0,0,1850.56069544296,1672.78787220909,2216.5943737058,-179.659385998308,-1726.33763086247,-187.818008506389,0,198.642672473312,-619.131130926621,453.615125157048,-1243.95820074733,270.724878561789,0,-1971.16804086765,-491.580468248787,0,-860.701262411308,-361.641982167546,158.595475356875,1729.25801468563,-1196.91547111809,0,642.715709652764,314.097217655173,-928.11396253678,-799.549906378775,1200.96121260511,0,55.7184595713447,592.309933440735,-608.40290398106,-481.142589169131,-47.3940461913724,0,-570.047362804073,230.726574256464
0,0,0,358.940090898593,617.992116691583,0,-414.271969779886,-772.243692094546,0,1125.58305301129,3105.8013247456,11465.2607506252,837.581229866325,-2.93255003030088,-617.660180958228,0,-1440.75282474558,0,416.161096368906,832.626047472002,-1145.76782787502,0,0,0,21.610137661669,-788.682894826361,154.187944526992,-983.730141063917,210.646159140273,779.002245112692,0,134.982315471452,-434.765722302501,-251.726332467303,1074.49102238058,-3219.80013775458,0,1157.80104685325,-721.16096719146,0,-561.208203575656,2026.31459683366,-55.9734229705929,-5.217766629344,157.654423399739,0,-82.2367426185926,1043.40330824282,-1459.00239625581,-313.595698315477,345.425226729546,0,1305.68787186125,1503.04785337075,193.324569776115,464.149179714559,1266.17377902081,0,-38.4438597595349,-353.316123482536
0,0,0,-254.656418848486,231.622098596325,0,-1414.2779083123,-964.429572078424,0,-1380.1669402535,2067.32724425302,837.581229866325,7691.98931899809,716.088549758065,-1970.45243936361,0,-44.1961083063046,0,2246.80545607336,-726.166319564185,457.673796336854,0,0,0,-1485.48541369158,-602.090749746929,2788.82176497975,-298.027753040425,-692.072291247187,1385.64370608752,0,298.189338521291,639.588954521418,-454.744338038519,-1355.23770093304,-1292.0795156703,0,194.088221664879,-452.356958083011,0,-2264.8048466248,-391.396942689618,-787.559600183047,-223.400400470414,-1214.54180648905,0,491.11236438762,-614.341836602588,-261.16593794059,843.284826229219,-230.248686625426,0,583.483287862619,1410.24869728175,460.126291148376,491.633041861436,-654.31162722499,0,-246.078494552812,-89.0023469883474
0,0,0,-200.790525565927,538.653489463889,0,1924.72980145645,-1285.74099982018,0,-713.902238659121,617.552155751077,-2.93255003030088,716.088549758065,7297.19698251581,-768.810078723889,0,138.070657739821,0,-109.556310077463,131.819137334826,-78.7907610805283,0,0,0,31.2497566553724,219.6559530673,602.180103048664,943.966813008808,-482.584912871931,-708.020792607951,0,-533.09743891469,1309.51565687959,769.899953248664,-605.142869517421,-1744.49055094038,0,1051.50869854006,-1627.02223946836,0,-700.693233392547,-245.78678189874,-219.638663692185,-515.969557941519,-124.489339238111,0,-11.2729224742314,22.6524568049357,297.124205107376,-596.646012717818,-162.105862536885,0,-966.718610983559,-1050.71472777202,2014.43051372518,-424.670358289063,-895.096969200021,0,156.659193359939,-324.874915250759
0,0,0,331.221379305929,677.558655109956,0,-27.5897954975111,379.929305072117,0,835.635604072599,181.173552669564,-617.660180958228,-1970.45243936361,-768.810078723889,9144.02852407147,0,-802.084071995385,0,-525.824394076898,-54.3614635481242,-144.056090803584,0,0,0,1674.29339698461,-242.347067688728,553.290753036345,-1491.15096671681,-1545.69582885061,-374.276917568688,0,-606.670611633657,-570.416492561022,-1005.85062957858,-819.795897166821,1883.73752161635,0,370.692571840923,-557.010866261904,0,1004.79486337032,-989.211801219264,-427.569972212017,-196.617649656217,172.43677135722,0,-108.818240023458,-260.186836225815,-230.446208358034,470.820019498073,-52.9381165188651,0,213.64517773359,342.817270552276,274.605450675543,472.138252339268,-38.6134178304963,0,-303.743139904526,894.755049203204
0,0,0,0,0,0,0,0,0,0,0,0,0,0,0,0.0724852169787465,0,0,0,0,0,0,0,0,0,0,0,0,0,0,0,0,0,0,0,0,0,0,0,0,0,0,0,0,0,0,0,0,0,0,0,0,0,0,0,0,0,0,0,0
0,0,0,-726.180850479188,-1142.6053486085,0,-209.65943331421,-909.88798658074,0,149.898065460748,323.389813831029,-1440.75282474558,-44.1961083063046,138.070657739821,-802.084071995385,0,16617.1840650871,0,172.312645932887,1680.54272782573,453.962926499514,0,0,0,3247.20416776093,-2062.64954135087,-1637.93751305778,143.831607539448,-1293.30744250073,142.613056498572,0,-657.249046385193,1414.34138037167,744.094640061158,-1329.14757408274,620.01669005369,0,-94.6231487754792,-207.615282691371,0,1321.31704670316,-53.1073697259925,-2594.83474706554,666.831248354128,816.848283234603,0,179.417387640476,-409.41286562333,-534.721126776034,1526.08277922937,217.238749899292,0,-1077.14186432283,-1934.26923293019,-572.399697708043,-397.668323069412,-49.8776506928414,0,421.042678563038,-288.635914669678
0,0,0,0,0,0,0,0,0,0,0,0,0,0,0,0,0,0.0885410860872784,0,0,0,0,0,0,0,0,0,0,0,0,0,0,0,0,0,0,0,0,0,0,0,0,0,0,0,0,0,0,0,0,0,0,0,0,0,0,0,0,0,0
0,0,0,-286.670427910361,563.174955376133,0,693.243991797382,1133.89913489939,0,-797.766212797103,-1915.53518388648,416.161096368906,2246.80545607336,-109.556310077463,-525.824394076898,0,172.312645932887,0,14792.6442631025,-2468.2349990442,-728.349166268359,0,0,0,-1212.35494586031,1213.83833281014,1249.18128364385,1048.74580802747,1586.91131962486,-350.512962635408,0,407.965660059915,1864.89105673564,-356.041304888214,-2349.6046326759,-662.035759886636,0,219.090369221116,-1747.68528608313,0,-484.3052979687,119.481477513986,-453.485126620523,-576.213368857128,315.231418467951,0,-56.6943628549212,941.691811220387,-1844.59552936866,-178.392104545154,-602.098025855708,0,-618.735807332001,1219.29055013311,-186.363678684707,-203.368474220387,422.437001205321,0,-1113.65008534065,244.740635660254
0,0,0,381.795390102644,863.837956563002,0,431.883418343079,-2151.97461317056,0,134.56774119627,-1183.99775075287,832.626047472003,-726.166319564186,131.819137334826,-54.3614635481243,0,1680.54272782573,0,-2468.2349990442,14656.656970072,2260.66598857877,0,0,0,-523.477861606934,-3609.52625086779,116.880958298955,138.78984388827,-449.077953716978,135.302543170297,0,1548.09660608454,639.266307975235,-42.5158082091082,-449.65222726616,-2816.77264154925,0,1547.51129295233,411.583416063931,0,-45.530049558555,-1394.45203448947,-642.295814106186,-1471.8161891985,770.169418397536,0,-225.21250929467,932.979272179523,745.199360239041,-241.873918389591,509.663400437811,0,668.84601024426,-394.838499196322,436.496619092914,543.330206869243,-41.6482659847054,0,822.699419470883,-748.493013608105
0,0,0,323.346881321634,-776.186053789674,0,282.113635814239,-268.09018115445,0,-88.5780671134948,-374.79805450265,-1145.76782787502,457.673796336854,-78.7907610805283,-144.056090803584,0,453.962926499514,0,-728.349166268359,2260.66598857877,12935.5271389528,0,0,0,313.250018321908,579.074978300167,1158.60187129144,1485.62070122703,1886.97689444721,765.662827742,0,2434.62740460961,640.106380622455,-1725.02557844954,1763.67726732488,374.428869108621,0,967.961090193637,346.352708576213,0,-1409.5437797143,-139.902260571614,-716.32398044705,-1099.79897770977,10.2616565979752,0,-692.932976775809,234.066783617754,1776.25714820674,151.517295893123,175.089996760357,0,-69.3204229162701,164.531388537216,-940.441006020446,918.417597984916,-36.9142285084103,0,-932.438540951621,1582.4011894693
0,0,0,0,0,0,0,0,0,0,0,0,0,0,0,0,0,0,0,0,0,0.0656922477948292,0,0,0,0,0,0,0,0,0,0,0,0,0,0,0,0,0,0,0,0,0,0,0,0,0,0,0,0,0,0,0,0,0,0,0,0,0,0
0,0,0,0,0,0,0,0,0,0,0,0,0,0,0,0,0,0,0,0,0,0,0.0779084036034796,0,0,0,0,0,0,0,0,0,0,0,0,0,0,0,0,0,0,0,0,0,0,0,0,0,0,0,0,0,0,0,0,0,0,0,0,0
0,0,0,0,0,0,0,0,0,0,0,0,0,0,0,0,0,0,0,0,0,0,0,0.0601534779231925,0,0,0,0,0,0,0,0,0,0,0,0,0,0,0,0,0,0,0,0,0,0,0,0,0,0,0,0,0,0,0,0,0,0,0,0
0,0,0,26.2666970936224,-568.693902525476,0,250.815242718716,-513.982592942692,0,1419.09804756892,1850.56069544296,21.610137661669,-1485.48541369158,31.2497566553724,1674.29339698461,0,3247.20416776092,0,-1212.35494586031,-523.477861606934,313.250018321908,0,0,0,15162.7662834303,729.645570557857,-1550.19071072014,-140.694657286047,-287.594579616579,587.868739629516,0,1400.64666773304,4779.78312347467,-891.318087219349,-2195.02538379109,346.333620902399,0,-3342.74371524741,-472.332451184654,0,1524.17169661466,-973.701419705003,-290.114699633796,-472.765145530497,492.531690247973,0,-332.213350584539,-712.50233804737,1213.33346463054,1540.54048799884,336.81553213416,0,-1582.55897832604,-1278.70722936178,453.250758293108,-530.42371362439,-375.792515287005,0,-616.296388535429,1289.33776320764
0,0,0,72.5343961688978,359.676593952853,0,1484.78668226415,153.652207849716,0,235.961106845809,1672.78787220909,-788.682894826361,-602.090749746929,219.6559530673,-242.347067688728,0,-2062.64954135087,0,1213.83833281014,-3609.52625086779,579.074978300167,0,0,0,729.645570557857,13937.0636141176,-900.49565959525,632.665379088601,-330.149848811016,-701.642018781969,0,-1432.41239989084,-1096.24189850973,1996.55812623117,-1196.80838820973,500.051791568276,0,-1152.14119212015,-389.667527340963,0,-218.874665341907,-824.557237877509,-738.760655112713,638.533508869754,-1758.2187523898,0,1157.71759513761,-1214.0808554312,-357.80222623783,-404.108319937319,70.7337540725122,0,-315.439210846556,1454.79861460444,356.00181491851,-833.196643529468,1003.68710875623,0,989.273931255026,-883.555216699802
0,0,0,-774.670102451718,130.158098953355,0,-1033.31322426638,260.752086489262,0,638.985934561758,2216.5943737058,154.187944526992,2788.82176497975,602.180103048664,553.290753036345,0,-1637.93751305778,0,1249.18128364385,116.880958298955,1158.60187129144,0,0,0,-1550.19071072014,-900.49565959525,14898.2828547283,-1125.94319502925,-2477.1388591949,-1149.83498387139,0,-2409.44097220345,-1111.54702005035,-286.554695037039,-904.044566603128,-2148.58051223493,0,-1585.38359242383,1839.10619661457,0,-2355.25226075448,-74.8838831624265,-64.4919247592489,1857.05268759638,173.440161704247,0,-1144.01904507157,-1145.55474147291,-561.788378379815,10.1857273196239,-147.54058661498,0,-1002.76141888939,2338.94472708206,-1074.19712629029,-285.544887816286,1892.48629513793,0,-422.071060149577,437.717153770679
0,0,0,-20.1221530160761,275.984527054661,0,593.666958117073,36.8046695203243,0,1007.76669129279,-179.659385998308,-983.730141063917,-298.027753040425,943.966813008808,-1491.15096671681,0,143.831607539448,0,1048.74580802747,138.78984388827,1485.62070122703,0,0,0,-140.694657286047,632.665379088601,-1125.94319502925,9883.39504772272,2245.81614842706,-228.326985130417,0,747.116642600441,-417.577813197157,869.071336635593,-60.6380273869933,-1233.00874297678,0,-1947.56493533288,33.3118785888194,0,-337.339109106034,-347.569387208872,645.752392574988,-107.995319189326,844.794567095731,0,-28.9155263961597,940.668020618892,864.151788457647,-69.660805015455,-224.356885284675,0,-119.280877003565,-619.12213517462,829.20981276569,-503.618203240206,98.7968283555203,0,-222.290342819462,301.91917436279
0,0,0,446.572348170381,519.948243763359,0,728.703953518675,1039.62239367881,0,-511.143502055704,-1726.33763086247,210.646159140273,-692.072291247187,-482.584912871931,-1545.69582885061,0,-1293.30744250073,0,1586.91131962486,-449.077953716978,1886.97689444721,0,0,0,-287.594579616579,-330.149848811016,-2477.1388591949,2245.81614842706,11952.1037799589,431.410513382798,0,1973.99543564449,500.038082645841,-744.176045729622,-1919.79728309648,288.859344333148,0,-2014.39414274161,475.160588011738,0,173.574830660434,-918.478727405997,161.547730032391,-368.398486489738,2496.00039791992,0,-626.284611222366,861.082673686813,579.713797076464,-136.549090451875,239.694744928956,0,62.1514337908951,-2862.4297989313,-619.879609742071,634.898015412309,-462.275282433973,0,-930.417710221009,620.07910316802
0,0,0,-680.831162594109,282.535409313007,0,93.0769853054709,-494.451201486724,0,1034.7777599577,-187.818008506389,779.002245112692,1385.64370608752,-708.020792607951,-374.276917568688,0,142.613056498572,0,-350.512962635408,135.302543170297,765.662827741999,0,0,0,587.868739629516,-701.642018781969,-1149.83498387139,-228.326985130417,431.410513382798,10464.3275453764,0,1360.68342029369,701.24425933721,-1555.3271671879,1245.69249865886,-1971.31600516617,0,687.189551293215,-454.662546219358,0,-873.965029522517,-355.409195651942,664.367000817237,-974.43646621273,-734.871887542118,0,616.624212178547,-111.773247139881,-1156.1485480335,960.674647152418,-481.621910374023,0,-585.058008215731,-639.259930118761,-745.418766245875,989.637200759837,-318.244867970541,0,118.961973204051,-82.2734932738347
0,0,0,0,0,0,0,0,0,0,0,0,0,0,0,0,0,0,0,0,0,0,0,0,0,0,0,0,0,0,0.0389147148693716,0,0,0,0,0,0,0,0,0,0,0,0,0,0,0,0,0,0,0,0,0,0,0,0,0,0,0,0,0
0,0,0,766.710888401201,-135.21080787577,0,556.826222767904,-2266.65849706328,0,-5.85218853543752,198.642672473312,134.982315471452,298.189338521291,-533.09743891469,-606.670611633657,0,-657.249046385193,0,407.965660059915,1548.09660608454,2434.62740460961,0,0,0,1400.64666773304,-1432.41239989084,-2409.44097220345,747.116642600441,1973.99543564449,1360.68342029369,0,11250.1273602952,1706.15397169428,-2548.6465063128,-783.32184126508,-1213.08695211015,0,3679.0371965786,-251.324486062372,0,934.910857633639,976.848020596091,-977.547143141958,-813.909608082217,1660.35175097377,0,520.661096186317,1029.37004212115,-482.482274126171,335.041224248908,342.332142510448,0,-438.06663222683,-1243.74336829022,-561.660943283953,819.71084167902,-316.350956524142,0,-696.153079540826,1842.9025979804
0,0,0,-84.7550424708363,135.462291396287,0,1356.5636562299,-684.857982714788,0,320.526845650827,-619.131130926621,-434.765722302501,639.588954521418,1309.51565687959,-570.416492561022,0,1414.34138037167,0,1864.89105673564,639.266307975235,640.106380622455,0,0,0,4779.78312347467,-1096.24189850973,-1111.54702005035,-417.577813197157,500.038082645841,701.24425933721,0,1706.15397169428,9523.88392397717,-1515.63606587902,-245.864175630732,-683.631224074285,0,-694.499973276181,254.152171952108,0,-45.1136701549773,-542.406169275612,-483.494876889611,229.128836383618,121.14249799011,0,-413.866207409783,-863.544155016482,-650.773795525756,73.5274232264822,-548.371182717016,0,-1005.91251369053,-747.127223249894,-285.332394547159,80.5025203971504,-922.852828826987,0,-978.030690751783,1135.67703153404
0,0,0,-277.059180974034,251.540562612138,0,-33.3232101704756,1019.61375099752,0,-914.196907918893,453.615125157048,-251.726332467302,-454.744338038519,769.899953248664,-1005.85062957858,0,744.094640061158,0,-356.041304888214,-42.5158082091082,-1725.02557844954,0,0,0,-891.318087219349,1996.55812623117,-286.554695037039,869.071336635593,-744.176045729621,-1555.3271671879,0,-2548.6465063128,-1515.63606587902,9011.97286676158,-190.942170608056,641.487807618492,0,857.077426186429,-12.5708233721026,0,-401.212975700788,650.153798214039,581.970714501437,1432.60412000594,238.698567673142,0,844.238473937313,377.153767848258,-288.818146810847,-1756.68492746734,-247.738173834895,0,634.891038807039,1521.11908285769,1663.29834446396,-932.824549379453,-1519.20469122556,0,751.240553169433,-858.237836447659
0,0,0,-418.843776649944,103.001212624173,0,1844.59626096153,1311.66903868034,0,1221.56166803284,-1243.95820074733,1074.49102238058,-1355.23770093304,-605.142869517421,-819.795897166821,0,-1329.14757408274,0,-2349.6046326759,-449.65222726616,1763.67726732488,0,0,0,-2195.02538379109,-1196.80838820973,-904.044566603128,-60.6380273869933,-1919.79728309648,1245.69249865886,0,-783.32184126508,-245.864175630732,-190.942170608056,11021.0177866477,308.821049093877,0,2413.68005558358,1727.07773406201,0,-1846.95491630393,1516.1862719773,-182.804691547044,882.305913876567,-1163.230433425,0,-951.652677683425,-503.768164054694,-18.9795748558906,398.027317360889,-161.675710415886,0,2379.17594461682,1312.29942436289,213.90270772855,747.146944005237,686.398451494359,0,959.60752289884,-768.034329805149
0,0,0,589.784932441787,-96.2538473076596,0,-1899.15251143258,984.951802821978,0,-536.090209814629,270.724878561789,-3219.80013775458,-1292.0795156703,-1744.49055094038,1883.73752161635,0,620.01669005369,0,-662.035759886636,-2816.77264154925,374.428869108621,0,0,0,346.333620902399,500.051791568276,-2148.58051223493,-1233.00874297678,288.859344333148,-1971.31600516617,0,-1213.08695211015,-683.631224074285,641.487807618492,308.821049093877,12136.5635841465,0,660.964862415813,911.480891555559,0,1710.822953503,-1261.71462048945,-583.697544649058,569.603989275266,-1075.57515540558,0,-202.410550088818,248.612423054378,112.048273117767,-219.363587013242,186.573677546305,0,96.3612249640356,1568.61647814241,2168.14322802741,-761.929126260678,-963.391682531992,0,-28.5831216682469,611.454768659995
0,0,0,0,0,0,0,0,0,0,0,0,0,0,0,0,0,0,0,0,0,0,0,0,0,0,0,0,0,0,0,0,0,0,0,0,0.0746968932371879,0,0,0,0,0,0,0,0,0,0,0,0,0,0,0,0,0,0,0,0,0,0,0
0,0,0,340.791137351347,608.93805207469,0,1043.62509877164,-1045.7710261577,0,-153.458926980598,-1971.16804086765,1157.80104685325,194.088221664879,1051.50869854006,370.692571840923,0,-94.6231487754792,0,219.090369221116,1547.51129295233,967.961090193637,0,0,0,-3342.74371524741,-1152.14119212015,-1585.38359242383,-1947.56493533288,-2014.39414274161,687.189551293215,0,3679.0371965786,-694.499973276181,857.077426186429,2413.68005558358,660.964862415813,0,14637.0193434127,78.4709035334033,0,333.391399965017,2704.23345134349,306.900992604446,-1493.17535397972,12.9339598025564,0,501.943881613959,1566.82246781379,-677.635931769352,-1202.76773206831,-222.981550889795,0,-613.301315659683,904.738989344201,901.248446739055,1626.85471397495,382.921792016046,0,967.750094763944,1550.2739458787
0,0,0,63.31151384463,-107.919952377666,0,271.661733554714,195.020360365792,0,130.384855556601,-491.580468248787,-721.16096719146,-452.356958083011,-1627.02223946836,-557.010866261904,0,-207.615282691371,0,-1747.68528608313,411.583416063931,346.352708576213,0,0,0,-472.332451184654,-389.667527340963,1839.10619661457,33.3118785888194,475.160588011738,-454.662546219358,0,-251.324486062372,254.152171952108,-12.5708233721026,1727.07773406201,911.480891555559,0,78.4709035334033,6694.75929842092,0,-1334.3916819529,-101.367392917951,293.264694331635,1772.16249882768,30.1696225388688,0,93.3316042784706,-774.001580415326,507.946544938465,-223.505495100755,480.669488939034,0,-260.626081797482,623.391755931209,-512.088245794636,315.258366614719,836.20652992042,0,210.970235049728,-253.283055552891
0,0,0,0,0,0,0,0,0,0,0,0,0,0,0,0,0,0,0,0,0,0,0,0,0,0,0,0,0,0,0,0,0,0,0,0,0,0,0,0.0283928382873606,0,0,0,0,0,0,0,0,0,0,0,0,0,0,0,0,0,0,0,0
0,0,0,116.926937579481,-494.990579635387,0,-31.0826561675617,-101.714966915345,0,752.953558027515,-860.701262411308,-561.208203575656,-2264.8048466248,-700.693233392547,1004.79486337032,0,1321.31704670316,0,-484.3052979687,-45.530049558555,-1409.5437797143,0,0,0,1524.17169661466,-218.874665341907,-2355.25226075448,-337.339109106034,173.574830660434,-873.965029522517,0,934.910857633639,-45.1136701549773,-401.212975700788,-1846.95491630393,1710.822953503,0,333.391399965017,-1334.3916819529,0,7553.09476934778,-1817.77388218396,438.229695912265,-903.255603666842,2394.85838560119,0,715.877943234228,213.602405146878,217.741186827687,-725.558994888322,161.273494216426,0,580.139974446015,-665.981553285873,917.754309664307,-837.156819871662,314.252830627236,0,18.3665128253395,481.059533058869
0,0,0,123.08552657503,-52.4280106756053,0,420.733988534972,2216.39716408632,0,788.982600911878,-361.641982167546,2026.31459683366,-391.396942689618,-245.78678189874,-989.211801219264,0,-53.1073697259925,0,119.481477513986,-1394.45203448947,-139.902260571614,0,0,0,-973.701419705004,-824.557237877509,-74.8838831624265,-347.569387208872,-918.478727405997,-355.409195651942,0,976.848020596091,-542.406169275612,650.153798214039,1516.1862719773,-1261.71462048945,0,2704.23345134349,-101.367392917952,0,-1817.77388218396,8228.18928506338,1314.54165328037,190.743116199722,163.177646698209,0,-382.16056889516,1166.61469853994,221.713640563646,447.864643160221,166.520865491363,0,-199.021607924619,-189.642288338308,-437.768099469068,-213.537673541959,1060.79161322271,0,-287.139750700462,508.195036046623
0,0,0,108.844130416539,-256.154733482609,0,-29.5344831251841,2391.42766550016,0,239.080020361724,158.595475356875,-55.9734229705929,-787.559600183047,-219.638663692185,-427.569972212017,0,-2594.83474706554,0,-453.485126620523,-642.295814106186,-716.32398044705,0,0,0,-290.114699633796,-738.760655112713,-64.4919247592489,645.752392574988,161.547730032391,664.367000817237,0,-977.547143141958,-483.494876889611,581.970714501437,-182.804691547044,-583.697544649058,0,306.900992604446,293.264694331635,0,438.229695912265,1314.54165328037,6537.73397826679,-501.48003251229,977.052426580874,0,666.31584143862,-218.862617195171,597.539612779829,-675.433552088607,-238.955031533349,0,-179.637850874477,-623.123174451597,-391.190352159288,-190.44316129884,292.36545338618,0,14.9961815330341,450.565553705026
0,0,0,144.661384738904,-312.912716289325,0,418.695767749149,101.981404481192,0,673.883874105468,1729.25801468563,-5.217766629344,-223.400400470414,-515.969557941519,-196.617649656217,0,666.831248354128,0,-576.213368857128,-1471.8161891985,-1099.79897770977,0,0,0,-472.765145530497,638.533508869754,1857.05268759638,-107.995319189326,-368.398486489738,-974.43646621273,0,-813.909608082217,229.128836383618,1432.60412000594,882.305913876567,569.603989275266,0,-1493.17535397972,1772.16249882768,0,-903.255603666842,190.743116199722,-501.48003251229,4314.74722076586,-459.324464513315,0,-5.94740324018491,-721.422277935287,-472.91222288156,-457.23890358839,387.800269408924,0,520.779702199313,382.908872105252,-634.342218707444,-841.256370847942,-403.713538601458,0,121.392783967658,-255.979474463413
0,0,0,354.553660653324,241.097965659343,0,1394.80203490663,481.829556098153,0,374.701491279266,-1196.91547111809,157.654423399739,-1214.54180648905,-124.489339238111,172.43677135722,0,816.848283234603,0,315.231418467951,770.169418397536,10.2616565979752,0,0,0,492.531690247973,-1758.21875238981,173.440161704247,844.794567095731,2496.00039791992,-734.871887542118,0,1660.35175097377,121.14249799011,238.698567673142,-1163.230433425,-1075.57515540558,0,12.9339598025564,30.1696225388688,0,2394.85838560119,163.177646698209,977.052426580874,-459.324464513315,7533.26842367594,0,-25.989423401072,-1013.75183136364,751.048678572907,-935.469801291907,-193.360187109467,0,-494.807702127938,-2018.01233265668,-292.036131120262,-436.154210222158,438.688126350149,0,695.41689549789,923.718805219766
0,0,0,0,0,0,0,0,0,0,0,0,0,0,0,0,0,0,0,0,0,0,0,0,0,0,0,0,0,0,0,0,0,0,0,0,0,0,0,0,0,0,0,0,0,0.0176417574269554,0,0,0,0,0,0,0,0,0,0,0,0,0,0
0,0,0,-205.112896006118,-84.8169146200357,0,-149.921361648807,373.782998591774,0,-10.5312548027715,642.715709652764,-82.2367426185926,491.11236438762,-11.2729224742314,-108.818240023458,0,179.417387640476,0,-56.6943628549212,-225.21250929467,-692.932976775809,0,0,0,-332.213350584539,1157.71759513761,-1144.01904507157,-28.9155263961597,-626.284611222366,616.624212178547,0,520.661096186317,-413.866207409783,844.238473937313,-951.652677683425,-202.410550088818,0,501.943881613959,93.3316042784706,0,715.877943234227,-382.16056889516,666.31584143862,-5.94740324018491,-25.989423401072,0,2677.38311537442,-245.434377607245,-271.227293012531,18.9993496521642,303.637029627604,0,-9.41131794185727,349.61836802032,104.415995076174,175.383451145435,-732.421179321866,0,831.422499381458,-377.741988883977
0,0,0,21.2047583602844,-188.606494867847,0,627.989062944713,-835.359346382876,0,-490.3787575421,314.097217655173,1043.40330824282,-614.341836602588,22.6524568049357,-260.186836225815,0,-409.41286562333,0,941.691811220387,932.979272179522,234.066783617754,0,0,0,-712.50233804737,-1214.0808554312,-1145.55474147291,940.668020618892,861.082673686813,-111.773247139881,0,1029.37004212115,-863.544155016482,377.153767848258,-503.768164054694,248.612423054378,0,1566.82246781379,-774.001580415326,0,213.602405146878,1166.61469853994,-218.862617195171,-721.422277935287,-1013.75183136364,0,-245.434377607245,8242.53293193852,-854.71049890204,-927.463975906318,463.71714837081,0,1599.21310000309,-940.218215177818,1360.94694371444,259.295204005551,82.9183030027964,0,-154.725180148837,-49.0882650966378
0,0,0,351.242959380618,-154.865290983624,0,500.415151449083,1412.45876315546,0,-169.099718197561,-928.11396253678,-1459.00239625581,-261.16593794059,297.124205107376,-230.446208358034,0,-534.721126776034,0,-1844.59552936866,745.199360239041,1776.25714820674,0,0,0,1213.33346463054,-357.80222623783,-561.788378379815,864.151788457647,579.713797076464,-1156.1485480335,0,-482.482274126171,-650.773795525756,-288.818146810847,-18.9795748558906,112.048273117767,0,-677.635931769352,507.946544938465,0,217.741186827687,221.713640563646,597.539612779829,-472.91222288156,751.048678572907,0,-271.227293012531,-854.71049890204,6084.87233367126,13.1838993179678,663.288928449773,0,-130.511205254876,451.042611305206,217.102261853152,-690.810172318271,-138.627224927493,0,-140.783633486958,650.824690243827
0,0,0,-345.522710898257,-120.098182988267,0,-1009.20650400342,337.933319502186,0,668.74526883203,-799.549906378775,-313.595698315477,843.284826229219,-596.646012717818,470.820019498073,0,1526.08277922937,0,-178.392104545154,-241.873918389591,151.517295893123,0,0,0,1540.54048799884,-404.108319937319,10.1857273196239,-69.660805015455,-136.549090451875,960.674647152418,0,335.041224248908,73.5274232264822,-1756.68492746734,398.027317360889,-219.363587013242,0,-1202.76773206831,-223.505495100755,0,-725.558994888322,447.864643160221,-675.433552088607,-457.23890358839,-935.469801291907,0,18.9993496521642,-927.463975906318,13.1838993179678,3355.73018219495,22.6453512603784,0,-240.519027384665,353.228596255828,-5.95557242547389,163.850181004102,508.110285631203,0,-99.6348384116192,-456.378544386262
0,0,0,-53.2339809523702,-370.529921048996,0,-66.5221761241063,99.7120114777637,0,-170.172730232309,1200.96121260511,345.425226729546,-230.248686625426,-162.105862536885,-52.9381165188651,0,217.238749899292,0,-602.098025855708,509.663400437811,175.089996760357,0,0,0,336.81553213416,70.7337540725122,-147.54058661498,-224.356885284675,239.694744928956,-481.621910374023,0,342.332142510448,-548.371182717016,-247.738173834895,-161.675710415886,186.573677546305,0,-222.981550889795,480.669488939034,0,161.273494216426,166.520865491363,-238.955031533349,387.800269408924,-193.360187109467,0,303.637029627604,463.71714837081,663.288928449772,22.6453512603784,1723.09277773909,0,415.577304702442,318.46939371914,-100.667505547634,160.98309352418,-400.879359984731,0,-168.938383616859,-280.984351804214
0,0,0,0,0,0,0,0,0,0,0,0,0,0,0,0,0,0,0,0,0,0,0,0,0,0,0,0,0,0,0,0,0,0,0,0,0,0,0,0,0,0,0,0,0,0,0,0,0,0,0,0.015514376054436,0,0,0,0,0,0,0,0
0,0,0,-6.27393418443933,-140.269938165048,0,73.757828183568,883.724863777731,0,-592.101955318687,55.7184595713447,1305.68787186125,583.483287862619,-966.718610983559,213.64517773359,0,-1077.14186432283,0,-618.735807332001,668.84601024426,-69.3204229162701,0,0,0,-1582.55897832604,-315.439210846556,-1002.76141888939,-119.280877003565,62.1514337908951,-585.058008215731,0,-438.06663222683,-1005.91251369053,634.891038807039,2379.17594461682,96.3612249640356,0,-613.301315659683,-260.626081797482,0,580.139974446015,-199.021607924619,-179.637850874477,520.779702199313,-494.807702127938,0,-9.41131794185727,1599.21310000309,-130.511205254876,-240.519027384665,415.577304702442,0,4938.15145481254,836.981233492899,1071.90683155857,477.929587138285,-429.367487511319,0,130.929296641879,-556.519242586051
0,0,0,237.191568883724,827.027591873462,0,-745.147314106439,180.373604872896,0,-568.60343326482,592.309933440735,1503.04785337075,1410.24869728175,-1050.71472777202,342.817270552276,0,-1934.26923293019,0,1219.29055013311,-394.838499196322,164.531388537216,0,0,0,-1278.70722936178,1454.79861460444,2338.94472708206,-619.12213517462,-2862.4297989313,-639.259930118761,0,-1243.74336829022,-747.127223249894,1521.11908285769,1312.29942436289,1568.61647814242,0,904.7389893442,623.391755931209,0,-665.981553285873,-189.642288338308,-623.123174451597,382.908872105253,-2018.01233265668,0,349.61836802032,-940.218215177818,451.042611305206,353.228596255828,318.46939371914,0,836.981233492899,8673.94602982047,1296.33558045321,-32.4844874752914,992.18197843632,0,-761.593108656963,-1039.58464114995
0,0,0,71.2876462900499,398.212330887187,0,-33.0181370419794,-550.887940657577,0,-501.191700399865,-608.40290398106,193.324569776115,460.126291148376,2014.43051372518,274.605450675543,0,-572.399697708043,0,-186.363678684707,436.496619092914,-940.441006020446,0,0,0,453.250758293108,356.00181491851,-1074.19712629029,829.20981276569,-619.879609742071,-745.418766245875,0,-561.660943283953,-285.332394547159,1663.29834446396,213.90270772855,2168.14322802741,0,901.248446739055,-512.088245794636,0,917.754309664307,-437.768099469068,-391.190352159288,-634.342218707444,-292.036131120262,0,104.415995076174,1360.94694371444,217.102261853152,-5.95557242547389,-100.667505547634,0,1071.90683155857,1296.33558045321,4976.66889369102,-1165.64189548459,318.855090560113,0,830.044046556583,-498.964976828802
0,0,0,-143.057733821476,10.6338111912664,0,-560.79938587883,662.067392826664,0,265.42551978725,-481.142589169131,464.149179714559,491.633041861436,-424.670358289063,472.138252339268,0,-397.668323069412,0,-203.368474220387,543.330206869243,918.417597984915,0,0,0,-530.42371362439,-833.196643529468,-285.544887816286,-503.618203240206,634.898015412309,989.637200759837,0,819.71084167902,80.5025203971504,-932.824549379453,747.146944005237,-761.929126260678,0,1626.85471397495,315.258366614719,0,-837.156819871662,-213.537673541959,-190.44316129884,-841.256370847942,-436.154210222158,0,175.383451145435,259.295204005551,-690.810172318271,163.850181004102,160.98309352418,0,477.929587138285,-32.4844874752914,-1165.64189548459,3763.17412785729,-440.893126756413,0,-556.053343231904,-513.39944684263
0,0,0,-206.192217552588,-251.073351190282,0,314.11187944031,-505.234987941682,0,235.486787968506,-47.3940461913724,1266.17377902081,-654.31162722499,-895.096969200021,-38.6134178304963,0,-49.8776506928414,0,422.437001205321,-41.6482659847054,-36.9142285084103,0,0,0,-375.792515287005,1003.68710875623,1892.48629513793,98.7968283555203,-462.275282433973,-318.244867970541,0,-316.350956524142,-922.852828826987,-1519.20469122556,686.398451494359,-963.391682531992,0,382.921792016046,836.20652992042,0,314.252830627236,1060.79161322271,292.36545338618,-403.713538601458,438.688126350149,0,-732.421179321866,82.9183030027965,-138.627224927493,508.110285631203,-400.879359984731,0,-429.367487511319,992.18197843632,318.855090560113,-440.893126756413,5137.48433968078,0,440.917103422203,-458.059238541338
0,0,0,0,0,0,0,0,0,0,0,0,0,0,0,0,0,0,0,0,0,0,0,0,0,0,0,0,0,0,0,0,0,0,0,0,0,0,0,0,0,0,0,0,0,0,0,0,0,0,0,0,0,0,0,0,0,0.0144056796482327,0,0
0,0,0,-286.829665285155,114.15922871781,0,552.578297859495,-364.294796815565,0,497.704172102122,-570.047362804073,-38.4438597595349,-246.078494552812,156.659193359939,-303.743139904526,0,421.042678563038,0,-1113.65008534065,822.699419470883,-932.438540951621,0,0,0,-616.296388535429,989.273931255026,-422.071060149577,-222.290342819462,-930.417710221009,118.961973204051,0,-696.153079540826,-978.030690751783,751.240553169433,959.60752289884,-28.5831216682469,0,967.750094763944,210.970235049728,0,18.3665128253395,-287.139750700462,14.9961815330341,121.392783967658,695.41689549789,0,831.422499381458,-154.725180148837,-140.783633486958,-99.6348384116192,-168.938383616859,0,130.929296641879,-761.593108656963,830.044046556583,-556.053343231904,440.917103422203,0,3313.51457390931,-327.938710592725
0,0,0,692.815901877834,-136.490835791149,0,456.524877222192,58.7736517055647,0,1126.49647643328,230.726574256464,-353.316123482536,-89.0023469883474,-324.874915250759,894.755049203204,0,-288.635914669678,0,244.740635660254,-748.493013608105,1582.4011894693,0,0,0,1289.33776320764,-883.555216699802,437.717153770679,301.91917436279,620.07910316802,-82.2734932738347,0,1842.9025979804,1135.67703153404,-858.237836447659,-768.034329805148,611.454768659995,0,1550.2739458787,-253.283055552891,0,481.059533058869,508.195036046623,450.565553705026,-255.979474463413,923.718805219766,0,-377.741988883977,-49.0882650966378,650.824690243827,-456.378544386262,-280.984351804214,0,-556.519242586051,-1039.58464114995,-498.964976828802,-513.39944684263,-458.059238541338,0,-327.938710592725,4306.26011798853
