0.0362621856624187,0.00533277247629146,0.00405788261505377,-0.00166867924538947,-0.00315096490659119,0.00114597858564877,-0.000965173728380953,0.0223859433250326
0.00533277247629146,0.0238437609399532,0.00181107621264984,-0.000662974198427631,0.00678813147343325,0.00335789157078163,0.00240144065677495,0.0091965827354845
0.00405788261505377,0.00181107621264984,0.0215488503094796,0.00531849211509781,0.00102736701397942,0.00441451492141271,-0.00167144072101013,0.0043520247343543
-0.00166867924538947,-0.000662974198427631,0.00531849211509781,0.0237709033866872,0.0110812559087357,0.00588315034422268,0.0024986724780892,-0.00465203549559275
-0.00315096490659119,0.00678813147343325,0.00102736701397942,0.0110812559087357,0.023015994231451,0.00361783286773759,0.00567065919512214,-0.000820077068266427
0.00114597858564877,0.00335789157078163,0.00441451492141271,0.00588315034422268,0.00361783286773759,0.0138128485476839,0.00162971484792293,-0.000295959875222027
-0.000965173728380953,0.00240144065677495,-0.00167144072101013,0.0024986724780892,0.00567065919512214,0.00162971484792293,0.02199092366522,-0.000230975964764636
0.0223859433250326,0.0091965827354845,0.0043520247343543,-0.00465203549559275,-0.000820077068266427,-0.000295959875222027,-0.000230975964764636,0.0395773549903949
