0.16553588756093,0.0400883156658776,0.0472859925463994,-0.00737216023551733,0.0227851372256608,0.0575414047143061,0.0400112362749058,-0.00811889579626351,-0.0325387405516294,0.000279254113811423,-0.0453698919054404,0.0187819907250819,0.0307847887077423,0.0819451261586272,-0.00430745968692557,0.0208181157237142,0.00610912078542327,-0.00959198211829977,0.00900088915977705,-0.0182382852780555,0.00604697864387043,-0.0253911357419044,-0.0332578715178792,0.00404401238655631
0.0400883156658776,0.0363634585566375,0.00642954310736642,0.0028034735310688,0.0239879727686525,0.0220958899422461,0.0179760776200885,-0.000595670585849144,0.0387330473626088,0.000353543494172184,0.00793701308416741,-0.00355186268056679,0.0329378999058109,0.000375656476024661,-0.00441053954759718,-0.0336667590759589,0.0289194860339119,0.00568748251518033,-0.00541815551671906,0.0107527226777929,-0.0354184560205923,-0.0054863519707414,-0.0345888067182061,0.00557987797730043
0.0472859925463994,0.00642954310736642,0.0855534558772675,0.0016202937195368,0.0106094261928217,-0.00308874520323731,-0.00347892891715756,-0.0187039647326571,-0.0290772364031307,0.00931557456427083,0.0253082002108246,0.0164618691411122,-0.00246422015433221,0.0381917213229319,0.00204521072657285,0.0391551869581257,0.00501111064685264,-0.00833177434677373,0.00785436660804053,-0.0172930537693989,-0.00103422098431644,-0.0291570396994669,-0.0368355304445599,0.0258961831188349
-0.00737216023551733,0.0028034735310688,0.0016202937195368,0.0103475516502668,-0.00576005506947496,-0.0164615434780635,0.000577468001477527,-0.0161815734273534,0.0139932061859503,-0.00251402453007507,0.00451978085675737,0.00389794943871136,0.00601134352811706,0.00522086572708145,0.00406753753140704,-0.0149273296480697,0.0251317871858782,0.00286613907363799,-0.00270376846228975,0.00485290251324957,-0.00549683616040315,0.00144917627016469,-0.00894682851284555,0.00104172105723904
0.0227851372256608,0.0239879727686525,0.0106094261928217,-0.00576005506947496,0.155227037489192,0.0304535699028022,0.0249172021243721,0.0341318140968382,-0.00243091586986106,0.0181425449516657,0.055558163588894,0.0143581260852101,0.0899154435657145,-0.0388491411866054,0.0185760059212475,-0.036688790365574,0.013743417791918,-0.0517136735439637,0.0486585175183994,-0.00328988268716354,0.00574719397215751,-0.00666801496260248,-0.0314227936746436,0.0341722797288023
0.0575414047143061,0.0220958899422461,-0.00308874520323731,-0.0164615434780635,0.0304535699028022,0.0887422776547123,0.00349739957148044,0.063297717177241,0.0192199411713516,0.0163074765456836,-0.0441334185168944,0.00585943643715322,0.00803253973357843,-0.00647130477277971,-0.0136636694570163,0.0129537100734364,-0.0317731467419382,-0.0094036384086745,0.00884618271652592,0.0301208938865307,-0.04612127969447,-0.0149196695937488,-0.0174833947687815,0.0127720274132244
0.0400112362749058,0.0179760776200885,-0.00347892891715756,0.000577468001477527,0.0249172021243721,0.00349739957148044,0.0497247072191256,-0.00734820751107717,-0.0171194365096767,0.00736409205025657,-0.00918837246436053,-0.00301146317693867,0.0157069092858659,0.016832092060108,-0.00156718569761553,-0.0160325818516165,0.0394017880657118,-0.00998901187905235,0.00938248200321236,-0.0106282162532007,-0.0059168212785955,-0.00241845062938463,-0.0076136651206325,-0.0110618551224754
-0.00811889579626351,-0.000595670585849144,-0.0187039647326571,-0.0161815734273534,0.0341318140968382,0.063297717177241,-0.00734820751107717,0.121918361763437,-0.00303239239666291,-0.00350697470641152,0.0046449183562678,-0.00326388709164056,-0.0227613182206098,-0.0557854369962913,-0.00737755281279913,0.0469115568840292,-0.0346366898598727,-0.000103737555148647,8.36053579242207e-05,0.064905466943454,-0.0326986742664883,-0.0283451036142185,-0.0361433142843435,0.0361881462536216
-0.0325387405516294,0.0387330473626088,-0.0290772364031307,0.0139932061859503,-0.00243091586986106,0.0192199411713516,-0.0171194365096767,-0.00303239239666291,0.131534646197121,0.00409494051454244,0.0122364058435061,-0.0120898339961299,0.0426179159528223,-0.0202460943001414,-0.0113571006303173,-0.081892357472672,0.0365256939979447,0.0247590346241768,-0.0233897606431738,0.0403313270556242,-0.0865949114783013,0.0203632650934913,-0.015907613342097,-0.0181569809706737
0.000279254113811423,0.000353543494172184,0.00931557456427083,-0.00251402453007507,0.0181425449516657,0.0163074765456836,0.00736409205025657,-0.00350697470641152,0.00409494051454244,0.0432242723981168,-0.0301842876930828,0.0080452785192376,0.0106909628681805,-0.00389200802591641,-0.00996780730585671,0.0279484707493099,0.00663505267919336,-0.0164271363612399,0.0154892842352712,-0.0208445217474366,-0.02945916283181,0.00292810079796076,0.0299157360713915,-0.0110607253267456
-0.0453698919054404,0.00793701308416741,0.0253082002108246,0.00451978085675737,0.055558163588894,-0.0441334185168944,-0.00918837246436053,0.0046449183562678,0.0122364058435061,-0.0301842876930828,0.155085821261082,-0.0150482829732229,0.0208307644793166,0.0149015518534893,0.0280301240553206,-0.0395309876455479,0.00421367250800407,-0.00499026535404012,0.00465897353939408,0.0110274114623208,0.0228386075843722,0.00979178033058237,-0.00527779699346343,-0.0221531710837116
0.0187819907250819,-0.00355186268056679,0.0164618691411122,0.00389794943871136,0.0143581260852101,0.00585943643715322,-0.00301146317693867,-0.00326388709164056,-0.0120898339961299,0.0080452785192376,-0.0150482829732229,0.031619914843408,0.0277183548340612,0.0023094259611164,0.0137339736585203,0.0165475640991489,0.00615189782761345,0.00203866337667012,-0.00194222535318773,-0.0276709345634805,0.0313908984776642,-0.0126770826688865,-0.014270119306528,0.0227274460474402
0.0307847887077423,0.0329378999058109,-0.00246422015433221,0.00601134352811706,0.0899154435657145,0.00803253973357843,0.0157069092858659,-0.0227613182206098,0.0426179159528223,0.0106909628681805,0.0208307644793166,0.0277183548340612,0.148797167061719,-0.00778800857401479,0.0156471535443207,-0.0390480333945937,0.0351043178031828,0.0144886515735083,-0.013816713424393,-0.0516187662936723,0.0170058099196103,-0.00102666576353541,-0.032138986266562,-0.0077740315421714
0.0819451261586272,0.000375656476024661,0.0381917213229319,0.00522086572708145,-0.0388491411866054,-0.00647130477277971,0.016832092060108,-0.0557854369962913,-0.0202460943001414,-0.00389200802591641,0.0149015518534893,0.0023094259611164,-0.00778800857401479,0.258063574469618,0.008364260122172,0.020448567021913,-0.0164395380397611,-0.0191292979443573,0.0180914202930878,-0.00187812302519288,-0.00848029415358504,0.036479073536432,0.113490978488939,-0.187263807170698
-0.00430745968692557,-0.00441053954759718,0.00204521072657285,0.00406753753140704,0.0185760059212475,-0.0136636694570163,-0.00156718569761553,-0.00737755281279913,-0.0113571006303173,-0.00996780730585672,0.0280301240553206,0.0137339736585203,0.0156471535443207,0.008364260122172,0.0243437061682419,-0.00818603858988015,-0.000355778405334729,-0.00335114384137051,0.00314368425322705,-0.010024892728813,0.035841970381113,0.000744674210438167,-0.000696022261032033,-0.00109327684537343
0.0208181157237142,-0.0336667590759589,0.0391551869581257,-0.0149273296480697,-0.036688790365574,0.0129537100734364,-0.0160325818516165,0.0469115568840292,-0.081892357472672,0.0279484707493099,-0.0395309876455479,0.0165475640991489,-0.0390480333945937,0.020448567021913,-0.00818603858988015,0.20877086875117,-0.0540519790915986,0.0178636563882205,-0.0168237665371606,-0.00751595360823276,-0.00869420234461527,-0.0413073218258143,0.0277950461486278,-0.0279393503206289
0.00610912078542327,0.0289194860339119,0.00501111064685264,0.0251317871858782,0.013743417791918,-0.0317731467419382,0.0394017880657118,-0.0346366898598727,0.0365256939979447,0.00663505267919336,0.00421367250800407,0.00615189782761345,0.0351043178031828,-0.0164395380397611,-0.000355778405334729,-0.0540519790915986,0.106519181330713,0.00709889224046651,-0.00674469574452361,-0.0026351426011959,-0.0273539294204175,-0.00650006131566444,-0.0523572373977244,0.0297188271924059
-0.00959198211829977,0.00568748251518033,-0.00833177434677373,0.00286613907363799,-0.0517136735439637,-0.0094036384086745,-0.00998901187905235,-0.000103737555148647,0.0247590346241768,-0.0164271363612399,-0.00499026535404012,0.00203866337667012,0.0144886515735083,-0.0191292979443573,-0.00335114384137051,0.0178636563882205,0.0070988922404665,0.0621112769022377,-0.0586100754209058,-0.0151875038146757,0.00539816834702845,-0.0143580620589112,-0.032778764157943,0.00228268567673598
0.00900088915977705,-0.00541815551671905,0.00785436660804053,-0.00270376846228975,0.0486585175183994,0.00884618271652592,0.00938248200321236,8.36053579242207e-05,-0.0233897606431738,0.0154892842352712,0.00465897353939408,-0.00194222535318773,-0.013816713424393,0.0180914202930878,0.00314368425322705,-0.0168237665371606,-0.00674469574452361,-0.0586100754209058,0.0553064582574265,0.0143565607368075,-0.00508554934344069,0.0135705620521054,0.0310039946643447,-0.00217202959782017
-0.0182382852780555,0.0107527226777929,-0.0172930537693989,0.00485290251324957,-0.00328988268716354,0.0301208938865307,-0.0106282162532007,0.064905466943454,0.0403313270556242,-0.0208445217474366,0.0110274114623208,-0.0276709345634805,-0.0516187662936723,-0.00187812302519288,-0.010024892728813,-0.00751595360823276,-0.0026351426011959,-0.0151875038146757,0.0143565607368075,0.140144024336155,-0.113879853915564,-0.0119046105434676,-0.0432343815068308,-0.00951071586840467
0.00604697864387043,-0.0354184560205923,-0.00103422098431644,-0.00549683616040315,0.00574719397215751,-0.04612127969447,-0.0059168212785955,-0.0326986742664883,-0.0865949114783013,-0.02945916283181,0.0228386075843722,0.0313908984776642,0.0170058099196103,-0.00848029415358504,0.035841970381113,-0.00869420234461527,-0.0273539294204175,0.00539816834702845,-0.00508554934344069,-0.113879853915564,0.197296547286989,0.00811415878239114,0.0244662730799256,0.0522632203903226
-0.0253911357419044,-0.0054863519707414,-0.0291570396994669,0.00144917627016469,-0.00666801496260248,-0.0149196695937488,-0.00241845062938463,-0.0283451036142185,0.0203632650934913,0.00292810079796076,0.00979178033058237,-0.0126770826688865,-0.00102666576353541,0.036479073536432,0.000744674210438167,-0.0413073218258143,-0.00650006131566444,-0.0143580620589112,0.0135705620521055,-0.0119046105434676,0.00811415878239114,0.0421244695530412,0.0737853637947885,-0.0573689162627357
-0.0332578715178792,-0.0345888067182061,-0.0368355304445599,-0.00894682851284555,-0.0314227936746436,-0.0174833947687815,-0.0076136651206325,-0.0361433142843436,-0.015907613342097,0.0299157360713915,-0.00527779699346343,-0.014270119306528,-0.032138986266562,0.113490978488939,-0.000696022261032033,0.0277950461486278,-0.0523572373977244,-0.032778764157943,0.0310039946643447,-0.0432343815068308,0.0244662730799256,0.0737853637947885,0.199522791455268,-0.153293327369822
0.00404401238655631,0.00557987797730043,0.0258961831188349,0.00104172105723904,0.0341722797288023,0.0127720274132244,-0.0110618551224754,0.0361881462536216,-0.0181569809706737,-0.0110607253267456,-0.0221531710837116,0.0227274460474402,-0.0077740315421714,-0.187263807170698,-0.00109327684537343,-0.0279393503206289,0.0297188271924059,0.00228268567673598,-0.00217202959782017,-0.00951071586840467,0.0522632203903226,-0.0573689162627357,-0.153293327369822,0.232222442309005
