0.0634326733658602,0.0223066316534477,-0.00384631291115115,0.0227386034561794,-0.00919148886623295,-0.00276516600020063,-0.0322156736730157,-0.0166243944429231,0.0212613006999495,-0.0433634834676877,-0.0101623345957606,0.0156875521845289,-0.008266739961003,0.0226095163997315,-0.00198150138987436,0.0167965098548185,0.00018122649863537
0.0223066316534477,0.10854314446192,0.0132193259683718,0.0806876229701089,0.0106452423863735,0.0686245683413881,-0.0339847477364685,0.0403472104918109,0.0193062670891172,0.0168516704392173,0.00145443947728857,0.0547102132045093,0.00160097113412486,0.0270562677760509,0.0164486444483985,0.0539022604179804,-0.00547952502608056
-0.00384631291115115,0.0132193259683718,0.0799804114151909,-0.00278465415583161,0.0676943887542715,0.0205255822676593,0.00388266579808419,0.000319302284801845,-0.0125266413248233,-0.00483648143745319,0.023754956220174,-0.0156471812927768,0.0241075426120214,-0.00238530429864427,-0.00730251292526436,-0.00645436100581687,-0.0181511532297628
0.0227386034561794,0.0806876229701089,-0.00278465415583161,0.0967989529608048,-0.0193270460348209,0.0336681157925582,-0.0241736368646483,0.0458454465657457,0.000739510351477336,0.0304797716265359,0.0109445277873556,0.0371789600264149,-0.0122184473565848,0.0554751578592552,0.025370573443534,0.0512591129644421,0.0136053854788293
-0.00919148886623295,0.0106452423863735,0.0676943887542715,-0.0193270460348209,0.0880371917450544,0.0257031239410504,0.00984280937734704,-0.012799553603094,0.0110577470705822,-0.00899372888157545,0.0108460646937687,-0.0317033187021136,0.0230965343425234,-0.0385989188194231,-0.0073309786722572,-0.0289661408877728,-0.0266066888007041
-0.00276516600020063,0.0686245683413881,0.0205255822676593,0.0336681157925582,0.0257031239410504,0.118058329568485,-0.0302608121469294,0.0400801140466074,-0.000288878654231509,0.0346967723870603,-0.00925594193080756,0.0666712994828754,0.0227171332741924,0.0492350517712448,-0.0203267017462978,0.0611882039599137,-0.0318014831733849
-0.0322156736730157,-0.0339847477364685,0.00388266579808419,-0.0241736368646483,0.00984280937734704,-0.0302608121469294,0.104600630740259,0.016838732089612,0.0218070164726085,0.0187499343638661,0.0786977709664715,-0.0642647566089099,0.0137058181086763,-0.0299370606994129,0.0431440136462878,-0.0442891561765377,0.0156663548528178
-0.0166243944429231,0.0403472104918109,0.000319302284801845,0.0458454465657457,-0.012799553603094,0.0400801140466074,0.016838732089612,0.0618031176386442,-0.0216725573011649,0.0374944083752887,0.0144798991645823,0.013479567200906,0.0171917435829313,0.0437796627778636,0.0154118483194546,0.0283954548262179,-0.00736518628768221
0.0212613006999496,0.0193062670891172,-0.0125266413248233,0.000739510351477336,0.0110577470705822,-0.000288878654231509,0.0218070164726085,-0.0216725573011649,0.0827388411926003,-0.0117510729046716,0.0300593042841431,-0.00662413637995971,0.00360567865771784,-0.0485791157656889,0.0471387344305089,-0.0126389584470751,0.0408199084602829
-0.0433634834676877,0.0168516704392173,-0.00483648143745319,0.0304797716265359,-0.00899372888157544,0.0346967723870603,0.0187499343638661,0.0374944083752887,-0.0117510729046716,0.0662090766831615,0.0244544557209015,0.0176583867474013,-0.00229179417331831,0.025032389439058,0.0134262536409393,0.0243292611439205,0.0128250700291341
-0.0101623345957606,0.00145443947728857,0.023754956220174,0.0109445277873556,0.0108460646937687,-0.00925594193080756,0.0786977709664716,0.0144798991645823,0.0300593042841431,0.0244544557209015,0.0976517532195818,-0.0285223650025658,0.00387524516509218,-0.00445889761333103,0.0458975479962153,-0.0100042818666013,0.0280759114206761
0.0156875521845289,0.0547102132045093,-0.0156471812927768,0.0371789600264149,-0.0317033187021136,0.0666712994828754,-0.0642647566089099,0.013479567200906,-0.00662413637995971,0.0176583867474013,-0.0285223650025658,0.0932675056520162,-0.0121162258258576,0.0547979072991738,-0.0250462879032017,0.0758794154577606,-0.00457079263465798
-0.008266739961003,0.00160097113412486,0.0241075426120214,-0.0122184473565848,0.0230965343425234,0.0227171332741924,0.0137058181086763,0.0171917435829314,0.00360567865771784,-0.00229179417331831,0.00387524516509218,-0.0121162258258576,0.0389215815843166,-0.00689709021752896,0.011547501313418,-0.00813794816446336,-0.00246346170925303
0.0226095163997315,0.0270562677760509,-0.00238530429864427,0.0554751578592552,-0.0385989188194231,0.0492350517712448,-0.0299370606994129,0.0437796627778636,-0.0485791157656889,0.025032389439058,-0.00445889761333103,0.0547979072991738,-0.00689709021752896,0.115834111264215,-0.0268840133228405,0.0712531296142585,-0.0183535470849
-0.00198150138987436,0.0164486444483985,-0.00730251292526436,0.025370573443534,-0.0073309786722572,-0.0203267017462978,0.0431440136462878,0.0154118483194546,0.0471387344305089,0.0134262536409393,0.0458975479962153,-0.0250462879032017,0.011547501313418,-0.0268840133228405,0.065074272757386,-0.0143528837030019,0.0504018464665089
0.0167965098548185,0.0539022604179804,-0.00645436100581687,0.0512591129644421,-0.0289661408877728,0.0611882039599137,-0.0442891561765377,0.0283954548262179,-0.0126389584470751,0.0243292611439205,-0.0100042818666013,0.0758794154577606,-0.00813794816446336,0.0712531296142585,-0.0143528837030019,0.0730166278147999,-0.00275932780451349
0.00018122649863537,-0.00547952502608056,-0.0181511532297628,0.0136053854788293,-0.0266066888007041,-0.0318014831733849,0.0156663548528178,-0.00736518628768221,0.0408199084602829,0.0128250700291341,0.0280759114206761,-0.00457079263465798,-0.00246346170925303,-0.0183535470848999,0.0504018464665089,-0.00275932780451349,0.0639734232261744
