0.0274815359517657,0.00181786768473181,0.0061058074542377,0.0103237938290983,0.0022065212741496,0.00558299172582156,0.00450067193784126,-0.0064716136805434,0.01239275294927,0.00348057636900819,-0.0024110924168671,0.0197955293922134,0.0130408041727234
0.00181786768473181,0.197399830981936,0.00775609316836023,0.01106911804962,-0.0129974225798837,0.0353110175570547,0.0150820943915781,-0.0236135961416529,0.0402767369592515,0.016216901806602,0.0247826624864422,0.00852560876197077,0.0801441987926088
0.0061058074542377,0.00775609316836023,0.0958077744710226,0.00511375707556194,0.00591125556823651,-0.00124284254571633,0.0133160368904062,-0.0179905870043271,0.0424088698955348,0.0168375158194686,0.0243080864700158,0.0131127619760245,0.0206186440682375
0.0103237938290983,0.01106911804962,0.00511375707556195,0.0325847293808861,0.00519637877752506,0.0164950528290013,0.0100439976231866,-0.00383640081411248,0.0126192643060463,0.0104123908815099,0.0170678182553557,0.0105868083494362,0.0169773473713599
0.0022065212741496,-0.0129974225798837,0.00591125556823651,0.00519637877752506,0.0102874535211225,-0.00140974435063489,0.0140780810490519,-0.00221278301764139,0.0112689853675994,0.000104351938669506,0.00352772718646716,0.00435884896642913,0.00276455696776615
0.00558299172582156,0.0353110175570547,-0.00124284254571633,0.0164950528290013,-0.0014097443506349,0.134347772197101,-0.00531963554528375,0.00201947201565879,0.00670639979883462,0.00306322095791348,0.0192865543822354,0.0310840094080837,0.0168288159150517
0.00450067193784126,0.0150820943915781,0.0133160368904062,0.0100439976231866,0.0140780810490519,-0.00531963554528375,0.250326332114787,-0.0225015090819434,0.0730461709649724,0.0214580520900283,0.0421953062328008,0.0346291452393968,0.0228717065763884
-0.0064716136805434,-0.0236135961416529,-0.0179905870043271,-0.00383640081411248,-0.00221278301764139,0.00201947201565879,-0.0225015090819434,0.0317265549053342,-0.0337593148632109,-0.0105898439153717,-0.0176670949071681,-0.0109548972087339,-0.0111899862834687
0.01239275294927,0.0402767369592515,0.0424088698955348,0.0126192643060463,0.0112689853675994,0.00670639979883462,0.0730461709649724,-0.0337593148632109,0.219947813501984,0.0197881738345784,0.0302900531051286,0.0495230750500427,0.0282019986511411
0.00348057636900819,0.016216901806602,0.0168375158194686,0.0104123908815099,0.000104351938669506,0.00306322095791348,0.0214580520900283,-0.0105898439153717,0.0197881738345784,0.0414882699575504,0.0457075474763367,0.00578550199542499,0.0258755167247626
-0.0024110924168671,0.0247826624864422,0.0243080864700158,0.0170678182553557,0.00352772718646717,0.0192865543822354,0.0421953062328008,-0.0176670949071681,0.0302900531051286,0.0457075474763367,0.0971992223437253,0.00373558526846589,0.0526667021754391
0.0197955293922134,0.00852560876197077,0.0131127619760245,0.0105868083494362,0.00435884896642913,0.0310840094080837,0.0346291452393968,-0.0109548972087339,0.0495230750500427,0.00578550199542499,0.00373558526846589,0.104996654281262,0.0355304504199394
0.0130408041727234,0.0801441987926088,0.0206186440682375,0.0169773473713599,0.00276455696776615,0.0168288159150517,0.0228717065763884,-0.0111899862834687,0.0282019986511411,0.0258755167247626,0.0526667021754391,0.0355304504199394,0.219424828865149
