0.0433998819581223,0.00395420502382141,0.00904112746856025,0.00129650940335064,0.000826802947814837,0.00265727355479797,-0.00210403269019947,0.021009703479681
0.00395420502382141,0.0252685318193114,0.00373209847912999,0.000147852419299305,0.00506110567110072,0.00292783607723931,0.00193974392342992,0.00888778363481791
0.00904112746856025,0.00373209847912999,0.0281248421966562,0.00743591187689002,0.00289040526447672,0.00697406854714686,0.00190171417248317,0.00644190772660273
0.00129650940335064,0.000147852419299305,0.00743591187689002,0.0266386697743115,0.00955572932497842,0.00641131716242421,0.00564229328692227,-0.00318315425255394
0.000826802947814837,0.00506110567110072,0.00289040526447672,0.00955572932497842,0.0150037172212411,0.00251008048923025,0.00430116863710861,-0.00218728242238894
0.00265727355479797,0.00292783607723931,0.00697406854714686,0.00641131716242421,0.00251008048923025,0.0130218528377587,0.00212144863058539,0.00198496755651311
-0.00210403269019947,0.00193974392342992,0.00190171417248317,0.00564229328692227,0.00430116863710861,0.00212144863058539,0.022230418306418,0.0014055167634892
0.021009703479681,0.00888778363481791,0.00644190772660273,-0.00318315425255394,-0.00218728242238894,0.00198496755651311,0.0014055167634892,0.0430882696662695
