3253.5756437057,-354.87455076493,36.9126494456986,-0.036638267518873,107.171633648393,-0.177640505025523,236.871260972662,-245.190670915654,0.295807249459189,-218.762811047472,0.267398607754888,1151.80384650306,195.280277884302,-0.100899029577671,-1000.03416397543,318.287858607193,-0.348874971435947,-363.23981952417,1109.2495872211,556.735257281907,-0.410332152059336,-478.605201543898,-0.293439963636865,-1388.7531945446,859.358344919036,295.123835119555,182.684428024228,471.533866235563,149.631209829142,916.335951320168,-313.825512128609,318.243484651689,-536.132928423513,-432.460431951881,552.924452188669,-0.09692781191465,700.539784814627,-555.170196041568,129.827139049569,-0.223739111021816,1481.50777366436,40.707704925129,375.347577821867,419.190211896045,104.43500704684,-247.182367744818,0.0485515678276249,60.7377015464109,7.03019083636603,0.125818724761167,-65.6552678461516,-0.00532656745987765,-0.271483469748254,45.6277342807008,0.0649879255045956,350.732577974607,392.580125720494,-116.496757771658,-413.594580919517,581.072706441867
-354.87455076493,2417.0765020511,-77.4124759767106,-0.0358651351310894,-188.788939326749,-0.173891975492926,255.461489586575,-376.903795144036,0.289565192162651,-28.2688562395595,0.261756023154034,-15.9467860115139,-28.2258813384006,-0.0987698812050714,39.5238437816444,41.3099311488204,-0.341513091140556,-557.287666207198,618.696791773828,1005.59732657678,-0.401673416316925,131.862886067429,-0.287247860267316,1949.75371181715,-1234.97307734454,-320.047852663561,371.526904835236,-466.161550069461,-789.989163651451,-106.925179621267,-754.344267591566,494.14675396604,34.5930672388791,-588.840642378209,72.3595315958843,-0.0948824632739238,-949.160510072134,477.08992888051,-78.5073522920353,-0.219017819190651,339.778487096591,449.911222861944,185.520661981946,-316.134176940183,678.015209748679,377.217338783009,0.0475270436864076,-126.458138001815,-416.709424226085,0.123163726648813,93.3849542900892,-0.00521416744487056,-0.265754687318727,221.279903816439,0.0636165650821451,149.288752166149,-273.783694714056,-389.971159433953,26.5355477221658,-308.59431915432
36.9126494456986,-77.4124759767106,2007.53508743367,-0.0351603522049675,-224.843773565077,-0.170474838073281,-380.060143101653,341.484754383277,0.283874969535877,-440.146916691503,0.256612276301996,131.541659667025,-131.053132560563,-0.0968289621026144,-956.963722995591,-429.385229327168,-0.334802044470771,499.736336787044,-319.521941366976,331.546150421535,-0.393780163868204,294.278148792125,-0.281603175345837,469.157052580842,256.939078751417,-80.9384446075266,-60.0622493393965,302.465526276641,397.234293073446,119.82596748498,24.6030790970481,78.4174648447405,-343.873340692796,-36.7958518951847,-506.314546795513,-0.0930179355129244,-247.823530808016,-333.027302855816,82.2571237736779,-0.214713917395273,395.742547011826,93.6958819849033,94.2412255544493,722.885828820889,-147.973501052918,77.6062560152564,0.0465930935201337,21.6070780048323,191.957332455567,0.120743446024129,223.20496133684,-0.00511170425392904,-0.260532363034311,110.242716761158,0.062366441006924,-125.15445521055,-82.830097351071,207.687820269293,794.682908374806,200.651837460367
-0.036638267518873,-0.0358651351310894,-0.0351603522049675,6.16768256838668e-05,-0.0334369909090942,0.00015177474055667,-0.0324020882563584,-0.0609205496979011,-0.000252735537624138,-0.066835113762553,-0.000228463403160117,-0.0850555205084664,-0.0612229565249436,8.62073885365888e-05,-0.060840458813673,-0.0705433670341835,0.000298076208851127,-0.088516711258046,-0.0871526912427241,-0.0978380989465489,0.000350584771822855,-0.0881410501179643,0.00025071294603416,-0.0840180840146409,-0.0767096478004714,-0.065039509893514,0.00099932816977457,-0.0690003949174376,-0.0714240685602118,-0.0498827286404116,-0.0661439181700244,-0.032546108607522,-0.056698544680818,-0.0804832914022683,-0.122513494110906,8.2814409382353e-05,-0.0849702403054455,-0.0619352204534841,-0.0599874943574071,0.000191161050363139,-0.0864501707724026,-0.0381877755437177,-0.0385112151270542,-0.0508935805134114,-0.0507520487459322,-0.0320509722165442,-4.14821023482138e-05,-0.0579659625066487,-0.0571547689737019,-0.000107498592762132,-0.0197196526084232,4.550980049085e-06,0.000231953479194098,-0.0467434590916559,-5.55252054218109e-05,-0.0423803962186263,-0.03220964448815,-0.0243506360152515,-0.0437121859144938,-0.0456693448623823
107.171633648393,-188.788939326749,-224.843773565077,-0.0334369909090942,2110.98882749609,-0.162119127182128,497.397372763728,-77.4416228579575,0.269961026566428,295.495790467841,0.244034596122714,-17.1238342348743,-27.2966253398911,-0.0920829548773574,352.810030344854,-692.688522690319,-0.318391944769358,-115.451843855088,578.659509225053,539.19286096217,-0.374479290841184,119.570733741566,-0.2678005828588,281.144397413781,-523.566369177404,374.824257673369,18.5134838992567,-136.960762066162,559.793995408666,540.452845681737,718.408977307249,143.968301291686,30.211082852585,-221.135324883411,831.982603271498,-0.0884587232231672,-109.336876158595,-242.11265328428,-628.504875879283,-0.204189857432303,44.7789137423439,-327.680860348552,-580.489527018632,-65.8971675269016,-298.082807053604,142.269771733931,0.0443093640068575,-370.400126007626,-156.412198807332,0.114825286262941,275.673010884298,-0.00486115746714436,-0.247762542409124,810.192209846288,0.0593095913495,-445.182304172085,-29.1527673501681,264.806792710998,-432.441883922099,-290.587907171048
-0.177640505025523,-0.173891975492926,-0.170474838073281,0.00015177474055667,-0.162119127182128,0.000863856801664403,-0.15710140548474,-0.29537306067195,-0.00122538732264896,-0.324049802739767,-0.00110770396816133,-0.412391377691345,-0.296839279058272,0.000417976205580194,-0.294984740314973,-0.342029255059558,0.0014452213999783,-0.429172948283587,-0.422559502266712,-0.474367662134931,0.00169980897401291,-0.42735155663047,0.00121558079477975,-0.407361370674766,-0.371926444627514,-0.315343823998887,0.00484523894785916,-0.334548160438538,-0.346299333162436,-0.241856225957436,-0.320698543456974,-0.157799687626527,-0.274902684907903,-0.390222941722082,-0.594006224641816,0.000401525358656587,-0.411977896941324,-0.300292688090567,-0.290849145292577,0.00092684364811254,-0.41915333435571,-0.18515328897287,-0.186721484600564,-0.246757337537927,-0.246071121284955,-0.155399020659829,-0.000201125820342371,-0.281047755565046,-0.277114686710445,-0.000521206530793524,-0.0956106629900879,2.20654099941836e-05,0.00112462558894847,-0.226635489120868,-0.000269213753835254,-0.205481194862176,-0.156168342583888,-0.118063968969433,-0.211938372293928,-0.221427650239171
236.871260972662,255.461489586575,-380.060143101653,-0.0324020882563584,497.397372763728,-0.15710140548474,6411.54470404315,297.564215135942,0.26160550847304,-43.8784801378127,0.236481522594842,-671.536990915208,-36.4067201747992,-0.0892329109085878,-904.593655411356,-474.641650681463,-0.308537449514446,430.147681434181,1440.00947799225,100.540355930846,-0.362888845620182,660.676359468859,-0.259511932293369,1632.51495220323,-415.872173386816,96.4057726583417,-297.31021959238,1595.96109952412,-681.581787578225,478.636680907207,638.755779253882,985.983310051728,-382.319479284039,1649.70018757888,1588.73190240575,-0.0857208522356047,-204.567669259608,236.00865209802,727.243379974456,-0.197870011675448,-582.960894582855,369.334151496244,-811.219456465718,984.936366160677,243.728790643563,-17.9938598109582,0.042937952372466,554.611778951152,-679.373933788816,0.111271348240291,-10.0758992526541,-0.00471070060421051,-0.240094085845993,-501.605518306461,0.0574739102145768,-408.929156997941,434.004171820033,-95.3948970819719,425.03144846399,-801.54708043747
-245.190670915654,-376.903795144036,341.484754383277,-0.0609205496979011,-77.4416228579576,-0.29537306067195,297.564215135942,6363.8009234769,0.491855687018862,-1247.58393777591,0.444619008376645,1441.49717039959,365.494488494671,-0.167770606038887,-571.230194632515,-667.031568475845,-0.580094433361721,-1019.156417823,-1080.98610685771,-600.052033296461,-0.682282813981321,66.7410406797395,-0.487919465047864,993.440793525221,592.166331086613,-1183.0424630852,-39.0531921173149,-843.807833010172,832.502470987547,-791.372880049469,1116.00045058799,732.597001540462,460.347129178575,1178.89761532901,-77.0718416217559,-0.161167434563149,-977.863758975957,-511.032236944179,-227.44588774544,-0.37202385798802,1316.44685952311,-194.578876202768,-621.269395760023,2183.27310588753,-190.19696568635,-162.21878733897,0.0807294777033305,-293.509036562127,-356.275795547864,0.20920601310612,-203.798309073807,-0.00885678935259488,-0.451411142801367,-232.684936863278,0.108059152726769,-160.844680229964,-99.7304413562676,56.0625738381045,357.427508132506,103.679245932893
0.295807249459189,0.289565192162651,0.283874969535877,-0.000252735537624138,0.269961026566428,-0.00122538732264896,0.26160550847304,0.491855687018863,0.00222253274331475,0.539608243190192,0.00184455039682383,0.686714773289076,0.494297236190904,-0.00069601463750792,0.491209055347287,0.569547655582295,-0.00240658495721855,0.714659471137027,0.703646750387271,0.789917780003811,-0.00283052458748948,0.711626486880341,-0.00202418705884404,0.678338797662793,0.619332502857859,0.525111033644317,-0.00806829954652127,0.557090125006856,0.576658196381576,0.402739369350312,0.534027720940901,0.262768288998136,0.457768384974279,0.649799858709509,0.989140103197058,-0.000668620661235158,0.686026244491268,0.500047858364332,0.484322455985962,-0.00154338150630399,0.69797479420357,0.308317549150836,0.31092891098621,0.410900708092862,0.409758019704909,0.258770694574584,0.000334915033607622,0.468001166335512,0.461451813868534,0.000867913938051705,0.159211026978369,-3.67433555631394e-05,-0.00187272830647758,0.377393774336842,0.000448295167969405,0.342167610135051,0.260051770657251,0.196600307548454,0.352920112190166,0.368721672807932
-218.762811047472,-28.2688562395595,-440.146916691503,-0.066835113762553,295.495790467841,-0.324049802739767,-43.8784801378127,-1247.58393777591,0.539608243190192,8229.20758003403,0.487785519881347,-2525.77652338346,1713.46039118595,-0.184058870056585,-558.325100577767,71.5800303947711,-0.636413782196918,1382.42016053379,1883.0781518587,269.443463961287,-0.748523276904192,1666.79339365709,-0.535289867132686,-217.696361529858,-1656.45264546805,1401.10682170702,-615.935188245896,-855.229314098945,-175.039349748007,435.91807736787,859.86792586874,-964.69390624545,-517.286101266835,218.017006241295,1646.04647478181,-0.176814619652351,2094.96753194888,889.50383859529,397.072481260059,-0.408142359094149,99.9673965332313,334.994232039882,-151.977760531882,-587.24242215905,-1044.76402843808,286.163567145908,0.0885672216197932,1244.60694165286,-307.418265882669,0.229517096531382,172.709859452284,-0.00971666419438202,-0.495237078989344,-779.073280321488,0.118550239638227,-106.919288500646,-50.3088475685588,-303.480148872833,501.555583857901,-179.045587859023
0.267398607754888,0.261756023154034,0.256612276301996,-0.000228463403160117,0.244034596122714,-0.00110770396816133,0.236481522594842,0.444619008376645,0.00184455039682383,0.487785519881347,0.00184887592437421,0.620764280246453,0.446826076832751,-0.000629171007089598,0.44403447771007,0.514849620593165,-0.00217546212332734,0.646025234169424,0.636070149561253,0.714055909718314,-0.00255868757542106,0.64328353068157,-0.00182978883161233,0.613192713879654,0.559853246681158,0.474680588693962,-0.0072934387836433,0.503588482341737,0.521277281556816,0.364061215028516,0.48274093803714,0.237532632376987,0.413805371707823,0.587394588387949,0.894145383363609,-0.000604407884719891,0.620141876156397,0.452024422599169,0.437809251368418,-0.00139515872844512,0.630942914885488,0.278707447299087,0.281068020004452,0.371438757739735,0.370405810492524,0.233918957643924,0.000302750571078272,0.423055420496205,0.417135052639887,0.00078456149776718,0.1439207694574,-3.32146089718536e-05,-0.00169287582630513,0.341149752136004,0.00040524194047788,0.309306626988378,0.235077002152845,0.177719270297647,0.319026483701414,0.333310499111007
1151.80384650306,-15.9467860115139,131.541659667025,-0.0850555205084664,-17.1238342348743,-0.412391377691345,-671.536990915208,1441.49717039959,0.686714773289076,-2525.77652338346,0.620764280246453,9524.08527592467,-30.500206307407,-0.23423649808515,125.134604729753,1554.11613105625,-0.809911174773054,-1019.0825447816,320.478825353684,152.938565023467,-0.9525836546935,1528.68292829602,-0.681219133308145,-227.052560053435,115.369911723026,132.249310928423,-359.085018473727,-1453.81802663795,1684.17747203365,-1257.72626430546,-304.104827078035,596.691624765325,-1019.31601851968,757.895400058133,-240.205392602243,-0.225017339859216,-229.766512399392,-1023.71845156523,-158.762842962525,-0.519409017805204,1907.23943322011,-1451.85968165011,465.089014148902,763.071595876378,-132.421818113046,386.180361270309,0.112712176441018,1174.47887784663,84.0821926071046,0.292087422495079,-9.94572351664135,-0.0123655947320643,-0.630247263110565,1723.1067048036,0.15086908319864,1011.66416552,971.636211179665,-113.212621843235,-349.404995110229,548.047506586063
195.280277884302,-28.2258813384006,-131.053132560563,-0.0612229565249435,-27.2966253398911,-0.296839279058272,-36.4067201747992,365.494488494671,0.494297236190904,1713.46039118595,0.446826076832751,-30.500206307407,7015.14741168129,-0.1686034116668,-516.100961541866,-602.895197414872,-0.582973995641621,2760.93898823516,1048.45170855469,-2685.99635436516,-0.685669634716644,885.994096766806,-0.490341474993772,1918.09645524157,-375.867963809136,-1767.8428558287,32.2872664561268,-790.038808202214,-166.290311890153,985.44451411006,792.38843366652,264.715828055842,-476.9439735649,199.973811213161,2216.02024881207,-0.161967462349351,-204.487162653858,814.981230878336,-640.477006378471,-0.373870567432321,578.882043438787,-141.681313886539,-144.336877624461,-118.386899839435,-964.890449010518,-119.861954550592,0.0811302151445105,239.239842483701,140.83172895724,0.21024450220276,-189.808160804817,-0.00890075405053697,-0.453651927102621,-170.90933047388,0.10859555342688,610.394684395741,781.355137309376,485.345780867096,872.022611136289,-531.095276368218
-0.100899029577671,-0.0987698812050714,-0.0968289621026144,8.62073885365888e-05,-0.0920829548773574,0.000417976205580194,-0.0892329109085878,-0.167770606038887,-0.00069601463750792,-0.184058870056585,-0.000629171007089598,-0.23423649808515,-0.1686034116668,0.000418000942230739,-0.167550041775246,-0.194271120304042,0.000820879431533619,-0.243768356752769,-0.240011948352733,-0.269438756468103,0.000965484059621879,-0.242733814263409,0.000690444572587234,-0.231379476108838,-0.211252593161668,-0.179113912225305,0.00275207452174901,-0.190021891293283,-0.196696505982496,-0.137373278087217,-0.182155369447598,-0.0896295321097465,-0.156143522174282,-0.221644923453941,-0.337392936486217,0.000228064646818333,-0.234001642828352,-0.170564932886533,-0.165201041898068,0.000526443136667225,-0.238077259883152,-0.105166257987124,-0.106056986241914,-0.140157088019815,-0.139767320190709,-0.0882659637769213,-0.000114238585916219,-0.159633895419423,-0.157399929519366,-0.000296043028919885,-0.0543064382281092,1.25330563281538e-05,0.000638782413655133,-0.128727966163302,-0.000152912234217284,-0.116712419586265,-0.0887029352635701,-0.0670598177785645,-0.120380068113737,-0.125769936465711
-1000.03416397543,39.5238437816444,-956.963722995591,-0.060840458813673,352.810030344854,-0.294984740314973,-904.593655411356,-571.230194632515,0.491209055347287,-558.325100577767,0.44403447771007,125.134604729753,-516.100961541866,-0.167550041775246,7525.52495913288,912.061583894721,-0.579331796183769,-844.126663522496,-185.63216849691,-1887.18189902325,-0.681385832024777,-303.063843916091,-0.487278008239294,-53.1746447413677,1566.13291292307,190.740983682757,2027.81068194953,-1288.39973812319,582.181554266916,515.738662250349,414.63694870524,340.06955723035,-410.135371818623,-279.035344027745,-1120.5262865274,-0.160955551341367,-57.6909373608308,-1024.26027295513,493.009535062504,-0.371534766542077,-1311.53148905116,-83.2735272962716,399.514727405512,-483.198307535036,869.625651763937,-68.0939051859306,0.0806233444644718,362.212342291457,-197.648563742801,0.208930974639497,-164.332382891679,-0.00884514552971138,-0.450817682667545,-681.114521354636,0.107917089775377,-404.39036934482,-435.102976024339,968.996746593724,-1192.19790259577,284.185139393899
318.287858607193,41.3099311488204,-429.385229327168,-0.0705433670341835,-692.688522690319,-0.342029255059558,-474.641650681463,-667.031568475845,0.569547655582295,71.5800303947711,0.514849620593165,1554.11613105625,-602.895197414872,-0.194271120304042,912.061583894721,10101.5535042082,-0.671724315195032,-72.119352976111,-1066.4326868045,513.979553153976,-0.790054049191539,1268.74429810348,-0.564989680439194,-926.177246329312,1108.44272758951,-532.428521010913,125.500676998756,-825.175081175846,-776.638906732049,-119.537527067749,475.52094515536,-1027.13595211838,192.031848244979,-318.699716003237,410.55265066119,-0.186624932748064,2549.10266455655,-416.449933240317,-665.171290952367,-0.430787569870328,-918.466939723562,1019.00804864578,464.442887458896,-559.079017205936,-34.742416414944,-545.031819825991,0.0934812506509692,976.796530185793,-229.287295234002,0.242251533209858,-189.780223157293,-0.0102557797843723,-0.52271461908781,561.764701168785,0.125127834696318,399.476792447261,-1016.38493257513,174.310114988299,149.999227635137,-111.344957599033
-0.348874971435947,-0.341513091140556,-0.334802044470771,0.000298076208851126,-0.318391944769358,0.0014452213999783,-0.308537449514446,-0.580094433361721,-0.00240658495721855,-0.636413782196918,-0.00217546212332734,-0.809911174773054,-0.582973995641621,0.000820879431533619,-0.579331796183769,-0.671724315195032,0.00319348805440665,-0.842869142102532,-0.82988074292016,-0.93162876650056,0.00333831975522769,-0.839292041480888,0.0023873255426511,-0.800032551910667,-0.730440547481263,-0.619315778089641,0.00951574979644,-0.657031907785768,-0.680110484644144,-0.474990678000976,-0.629832116115782,-0.309908832478264,-0.539891880689772,-0.766373736819634,-1.16659150808491,0.000788570985046453,-0.809099124138402,-0.589756277516601,-0.571209743191926,0.00182026363421111,-0.823191239687249,-0.363629614723308,-0.366709454001715,-0.484616158194223,-0.483268471890268,-0.305194070947284,-0.000394998679028157,-0.551960419617177,-0.544236115500183,-0.00102361740931042,-0.18777343216204,4.3335101306638e-05,0.00220869514058277,-0.445098091688361,-0.000528719171711117,-0.403552365367743,-0.306704971652287,-0.231870337206635,-0.416233862708315,-0.434870218035123
-363.23981952417,-557.287666207198,499.736336787045,-0.0885167112580459,-115.451843855088,-0.429172948283587,430.147681434181,-1019.156417823,0.714659471137027,1382.42016053379,0.646025234169424,-1019.0825447816,2760.93898823516,-0.243768356752769,-844.126663522496,-72.119352976111,-0.842869142102532,13675.9021879373,-649.149988142236,-894.667180506182,-0.991347437621602,-1702.87454610107,-0.70894019536911,-463.955296534358,85.9306653503591,-898.647117389862,-1700.82648474998,971.770911512265,-389.223857345383,1233.11021737787,1637.19850011686,287.971659362223,681.429521486698,909.947435598816,-1057.95262518359,-0.234174040453839,-1434.07524043637,115.277845116767,1723.96591469354,-0.54054549051067,588.942176046395,336.462567713859,339.45082180658,-856.552856472992,-1434.10655746775,276.592939561285,0.11729880809209,817.824410469621,-517.709333479934,0.303973426822201,-774.316585955118,-0.0128687917243799,-0.655894111004586,-1846.43111130285,0.15700844572377,-239.062701450456,989.904043656537,80.974228485699,1086.37749905165,-338.238384522932
1109.2495872211,618.696791773828,-319.521941366976,-0.0871526912427241,578.659509225053,-0.422559502266712,1440.00947799225,-1080.98610685771,0.703646750387271,1883.0781518587,0.636070149561253,320.478825353684,1048.45170855469,-0.240011948352733,-185.63216849691,-1066.4326868045,-0.82988074292016,-649.149988142236,12325.8551532222,-1040.25443308866,-0.976071025655604,736.428636078882,-0.698015607204858,2964.85192022869,-1547.35178305521,577.687104668993,614.575349683517,-1982.80450019979,-515.814494414912,294.756391685219,1379.50121521304,-1274.4701822885,-859.016843031835,-860.076038763181,515.588086870779,-0.230565478028634,-618.483382952736,-828.100514090798,199.540961941144,-0.532215821934307,981.150417992075,-925.660285345245,1384.48806973926,169.351897399796,703.709516497801,188.696200245793,0.11549126328233,627.634373123746,-609.339036764915,0.299289273599373,115.205975708453,-0.0126704869157667,-0.645786949513516,274.070587892662,0.154588985494179,585.327064486266,850.47865328693,-953.110184711479,1443.97526008762,41.4230250231948
556.735257281907,1005.59732657678,331.546150421535,-0.0978380989465489,539.19286096217,-0.474367662134931,100.540355930846,-600.052033296461,0.789917780003811,269.443463961287,0.714055909718314,152.938565023467,-2685.99635436516,-0.269438756468103,-1887.18189902325,513.979553153976,-0.93162876650056,-894.667180506182,-1040.25443308866,14516.3012609627,-1.0957427960657,-1203.01080795209,-0.78359622715205,-3701.07997060223,-1824.42169401953,1301.01989630556,-1067.53564207505,645.879594593409,-1506.15087681631,-584.257073525836,-788.172568975892,130.503262634731,1134.74555261309,-286.601476486748,2140.29426823515,-0.258834096014312,3940.60618627611,-1873.24360697531,-1281.23149930912,-0.597468460294686,2836.01276774875,-457.199024607816,-1074.74266242345,-507.00162413192,638.841833191251,130.241360886992,0.129651138517456,-687.514949393684,-1351.22862763463,0.335983813540602,82.8762172063006,-0.0142239595231003,-0.724964043725602,2416.57426179903,0.173542460286217,-429.122864430582,-288.465303607976,-550.235050893643,-242.458460197096,-542.373061437074
-0.410332152059336,-0.401673416316925,-0.393780163868204,0.000350584771822855,-0.374479290841184,0.00169980897401291,-0.362888845620182,-0.682282813981321,-0.00283052458748948,-0.748523276904192,-0.00255868757542106,-0.9525836546935,-0.685669634716644,0.000965484059621879,-0.681385832024777,-0.790054049191539,0.00333831975522769,-0.991347437621602,-0.976071025655604,-1.0957427960657,0.004241569923789,-0.987140201458595,0.00280787246947039,-0.940964831589576,-0.859113626196126,-0.728413319481947,0.0111920269784939,-0.772773454007666,-0.79991751100263,-0.558664172181968,-0.740782196493366,-0.364501808913373,-0.634998252729275,-0.901376740832488,-1.37209614698463,0.000927484215946621,-0.951628554695526,-0.693646671034776,-0.671833012945874,0.00214091796630461,-0.968203111696411,-0.427685946480446,-0.431308324646204,-0.569985259464466,-0.568400167191655,-0.358956503563757,-0.000464580928116206,-0.649192763530442,-0.640107760044934,-0.00120393599093389,-0.220851258551144,5.09689339584152e-05,0.00259777486056997,-0.523505762216979,-0.000621857379651822,-0.474641416288534,-0.360733561789744,-0.272716194208825,-0.489556863142421,-0.511476164937881
-478.605201543898,131.862886067429,294.278148792125,-0.0881410501179642,119.570733741566,-0.42735155663047,660.676359468859,66.7410406797395,0.711626486880341,1666.79339365709,0.64328353068157,1528.68292829602,885.994096766806,-0.24273381426341,-303.063843916091,1268.74429810348,-0.839292041480889,-1702.87454610107,736.428636078882,-1203.01080795209,-0.987140201458595,11738.131984632,-0.705931483474415,1803.21396638003,446.435543569271,1913.71924765596,-965.360076225639,-80.5383878517918,-644.433236671456,-1239.9222943022,1184.89907549885,-1284.45157372327,-937.973626784692,474.63705556155,237.033657006098,-0.233180215832874,93.9986992330516,607.483081613456,-547.918907425233,-0.538251438547506,164.467329356796,-413.645347748353,-409.041836438961,1092.85786764261,570.748228474545,117.870182359611,0.116800996962958,2144.96548524132,-181.638278447276,0.302683376588144,72.4478271205995,-0.0128141771222102,-0.653110524425105,835.686869865703,0.156342108589394,475.141811184738,747.272154599569,-494.785223931333,-215.802874742216,-923.43368943834
-0.293439963636865,-0.287247860267316,-0.281603175345837,0.00025071294603416,-0.2678005828588,0.00121558079477975,-0.259511932293369,-0.487919465047864,-0.00202418705884404,-0.535289867132686,-0.00182978883161233,-0.681219133308145,-0.490341474993772,0.000690444572587234,-0.487278008239294,-0.564989680439194,0.0023873255426511,-0.70894019536911,-0.698015607204858,-0.78359622715205,0.00280787246947039,-0.705931483474415,0.00233479997382208,-0.672910188927329,-0.614376109611975,-0.520908675834132,0.00800373057074241,-0.552631844971169,-0.572043317012984,-0.399516327315695,-0.529754004678681,-0.260665407320154,-0.454104956814122,-0.644599641352891,-0.981224214229323,0.000663269824787667,-0.680536114667613,-0.496046076096517,-0.480446520945242,0.00153103013504794,-0.692389042543758,-0.305850145920486,-0.308440609553188,-0.40761235250852,-0.406478808825532,-0.2566998048394,-0.000332234776067664,-0.464255847287675,-0.457758907969029,-0.000860968197660667,-0.157936893205068,3.64493058911059e-05,0.00185774123913192,-0.37437356799285,-0.000444707552056405,-0.339429311686292,-0.257970628728274,-0.195026954895428,-0.350095763633727,-0.365770867545341
-1388.7531945446,1949.75371181715,469.157052580842,-0.0840180840146409,281.144397413781,-0.407361370674766,1632.51495220323,993.440793525221,0.678338797662793,-217.696361529858,0.613192713879654,-227.052560053435,1918.09645524157,-0.231379476108838,-53.1746447413677,-926.177246329312,-0.800032551910667,-463.955296534358,2964.85192022869,-3701.07997060223,-0.940964831589576,1803.21396638003,-0.672910188927329,12335.7465561983,-1409.84752097323,-1648.60228750873,720.683997001213,-485.4781628523,398.710646589202,-342.583429136326,-463.257363880164,1020.11406570417,-748.468023165014,82.6143192056226,-1002.36526240574,-0.222272765506857,-1361.00493512961,921.550038113549,985.043965757242,-0.513073698626944,-718.441636401955,903.789746995975,-268.748291246105,285.965358342793,829.090126734161,757.972100040557,0.111337407061675,179.888428634309,609.045164388211,0.288524783060588,160.500228029769,-0.0122147694926649,-0.6225600312063,387.147648574165,0.149028907607858,-223.278247861717,399.4183109022,-422.319221606874,496.776251635729,-1254.90132837833
859.358344919036,-1234.97307734454,256.939078751417,-0.0767096478004714,-523.566369177404,-0.371926444627514,-415.872173386816,592.166331086613,0.619332502857859,-1656.45264546805,0.559853246681158,115.369911723026,-375.867963809136,-0.211252593161668,1566.13291292307,1108.44272758951,-0.730440547481263,85.9306653503591,-1547.35178305521,-1824.42169401953,-0.859113626196126,446.435543569271,-0.614376109611975,-1409.84752097323,8892.50960266854,1009.63512821591,1064.4655508619,497.658045785816,65.6964038777649,157.33830051246,1582.4900444507,-510.066917251014,322.790309562618,412.799988367694,209.292780721487,-0.202938043132451,-1418.05050110532,-134.443986433839,56.1207101839282,-0.468443230751385,142.928810819316,122.514544305674,-362.259970994014,47.6817900028491,942.238609808847,-703.86988185796,0.101652559480307,422.051491102767,296.402534219182,0.263427031809354,-669.878299752168,-0.0111522498606731,-0.568405734177006,-435.427603691904,0.136065409593203,41.0235312249054,-667.130888770326,-22.7588744426183,-629.028655450221,1092.2063340109
295.123835119555,-320.047852663561,-80.9384446075266,-0.065039509893514,374.824257673369,-0.315343823998887,96.4057726583417,-1183.0424630852,0.525111033644317,1401.10682170702,0.474680588693962,132.249310928423,-1767.8428558287,-0.179113912225305,190.740983682757,-532.428521010913,-0.619315778089641,-898.647117389862,577.687104668993,1301.01989630556,-0.728413319481947,1913.71924765596,-0.520908675834132,-1648.60228750873,1009.63512821591,8510.29382662403,112.007522399904,454.74051080398,-49.3058405044897,-769.654502867251,440.665170442168,-291.854608934622,-432.4025226086,381.838409813627,-404.607758408981,-0.17206428712089,743.695344549081,-1081.88761534883,525.522000888013,-0.39717713500982,-286.772271225588,427.237135482194,-598.988669570045,-511.29478191468,445.958219888265,-70.3924595401168,0.0861877591358143,1414.53505939641,-684.26765964655,0.223350850027987,-171.890891601016,-0.00945561459276735,-0.481931952910189,517.479961127976,0.115365248142199,373.444591942684,-458.128307637216,-269.858182495425,-329.702976209132,-506.650945874273
182.684428024228,371.526904835236,-60.0622493393965,0.00099932816977457,18.5134838992567,0.00484523894785916,-297.31021959238,-39.0531921173149,-0.00806829954652127,-615.935188245896,-0.0072934387836433,-359.085018473727,32.2872664561268,0.00275207452174902,2027.81068194953,125.500676998756,0.00951574979644,-1700.82648474998,614.575349683517,-1067.53564207505,0.0111920269784939,-965.360076225639,0.00800373057074241,720.683997001213,1064.4655508619,112.007522399904,5884.6672808105,-120.036390474243,609.280547948493,350.729316325215,-685.570799853586,654.477425280123,-1086.23667860083,457.108675562554,-812.688875103197,0.00264375745471198,-848.446342732486,-486.926641870289,-1153.87556018029,0.00610260286486122,-571.528606642105,-234.078771405275,1783.61670712714,-36.6372388874398,1374.73922530515,-195.758810116455,-0.00132426975134051,-100.309361481725,-148.152603482215,-0.00343177241866327,8.34049711703623,0.000145284951263447,0.00740485556004931,-891.112966306013,-0.00177258012045738,-418.312037792766,-615.405275995092,810.193315556252,-840.643102478698,320.263458179873
471.533866235563,-466.161550069461,302.465526276641,-0.0690003949174376,-136.960762066162,-0.334548160438538,1595.96109952412,-843.807833010172,0.557090125006856,-855.229314098945,0.503588482341737,-1453.81802663795,-790.038808202214,-0.190021891293283,-1288.39973812319,-825.175081175846,-0.657031907785768,971.770911512265,-1982.80450019979,645.879594593408,-0.772773454007666,-80.5383878517918,-0.552631844971169,-485.4781628523,497.658045785816,454.74051080398,-120.036390474243,7548.56810717506,770.310662402367,1391.32029850401,-460.207230142901,155.097925447493,399.954031316615,523.067395910158,-287.009663318773,-0.182542946310127,223.162679179649,1852.27966496415,656.606109627827,-0.421365093505819,-205.673391536868,628.420782840599,-724.414501550246,133.07947602377,554.51244876551,-226.460030941653,0.0914365656684208,-860.687043887434,376.328031195452,0.236952844237439,-249.088196191723,-0.010031458449737,-0.511281452283076,-1421.35876942761,0.122390954276758,-946.142091738182,1081.19482035636,-359.35145387683,-102.453438999956,-323.356845464112
149.631209829142,-789.989163651451,397.234293073446,-0.0714240685602118,559.793995408666,-0.346299333162436,-681.581787578225,832.502470987547,0.576658196381576,-175.039349748007,0.521277281556816,1684.17747203365,-166.290311890153,-0.196696505982496,582.181554266916,-776.638906732049,-0.680110484644144,-389.223857345383,-515.814494414913,-1506.15087681631,-0.79991751100263,-644.433236671456,-0.572043317012984,398.710646589202,65.6964038777648,-49.3058405044897,609.280547948493,770.310662402367,8713.65518232351,2252.99353669148,177.142712685232,224.37308656042,544.528839223672,724.567071071129,-1607.40271664109,-0.188954859287952,-1142.92219998521,-596.518188199493,1924.93822743997,-0.436165754753305,-65.3054726509824,-1215.38548330121,-726.517158155467,-688.554075219931,-219.510968672391,640.235361422725,0.0946483211150595,-841.62530380139,980.461489738666,0.245275932298679,-241.763975488035,-0.0103838184829266,-0.529240470944068,-272.068853724524,0.12668999822208,202.858498847423,-115.57185519415,901.515943063062,869.937540212495,-270.082693391272
916.335951320168,-106.925179621266,119.82596748498,-0.0498827286404115,540.452845681737,-0.241856225957436,478.636680907207,-791.372880049469,0.402739369350312,435.91807736787,0.364061215028516,-1257.72626430546,985.44451411006,-0.137373278087217,515.738662250349,-119.537527067749,-0.474990678000976,1233.11021737787,294.756391685219,-584.257073525836,-0.558664172181968,-1239.9222943022,-0.399516327315695,-342.583429136326,157.33830051246,-769.654502867251,350.729316325215,1391.32029850401,2252.99353669148,6443.03059262796,1339.86584851641,527.413788152086,-94.7180687191047,-478.961859730661,288.081127683325,-0.131966494784627,412.861737107666,-693.696765888175,832.910820650324,-0.304619135050499,-323.523982842124,126.597245675983,-851.021490090232,-212.062440886393,-208.327923811208,-299.687229266567,0.0661025983765248,193.005667993458,576.247761160055,0.171301257678489,-58.335346732229,-0.0072520819672779,-0.369622724241367,-1023.69251169715,0.0884805770682,-555.641674240481,-262.575379507331,702.222123922999,371.957153584203,154.473570434605
-313.825512128609,-754.344267591566,24.6030790970481,-0.0661439181700244,718.408977307249,-0.320698543456974,638.755779253882,1116.00045058799,0.534027720940901,859.86792586874,0.48274093803714,-304.104827078035,792.38843366652,-0.182155369447598,414.63694870524,475.52094515536,-0.629832116115782,1637.19850011686,1379.50121521304,-788.172568975892,-0.740782196493366,1184.89907549885,-0.529754004678681,-463.257363880164,1582.4900444507,440.665170442168,-685.570799853586,-460.207230142901,177.142712685233,1339.86584851641,7003.49432011134,699.916729319066,383.487072727958,511.214796895414,1715.49258674907,-0.174986037655282,-1144.82354639173,-621.304124817394,631.381386997082,-0.403921431144018,1211.96329967679,-263.230105520062,-697.439793755126,125.77105624716,-276.273662131982,508.780865662239,0.0876512768449586,912.057547794219,1174.37185033805,0.227143475890946,-243.823985901669,-0.00961617636564702,-0.49011543458742,-844.552854404386,0.11732421639209,445.597596143749,-151.585516564201,751.895749227195,294.078648938618,378.608524267783
318.243484651689,494.14675396604,78.4174648447405,-0.032546108607522,143.968301291686,-0.157799687626527,985.983310051728,732.597001540462,0.262768288998136,-964.69390624545,0.237532632376987,596.691624765325,264.715828055842,-0.0896295321097466,340.06955723035,-1027.13595211838,-0.309908832478264,287.971659362223,-1274.4701822885,130.503262634731,-0.364501808913373,-1284.45157372327,-0.260665407320154,1020.11406570417,-510.066917251014,-291.854608934622,654.477425280123,155.097925447493,224.37308656042,527.413788152086,699.916729319067,4449.93894076841,-827.818484639524,112.490462285462,435.878718466467,-0.0861018630872345,273.690435028862,-902.07073285054,-340.454875610735,-0.198749501550942,830.815692118653,891.079829612385,-75.5723807237831,163.00177820508,163.859804154345,339.738847813923,0.0431288023858994,613.127110043946,-831.608952359808,0.11176592558115,452.796789733562,-0.00473163866072971,-0.241161252699017,-90.5263031405287,0.0577293694512315,139.177769646678,-25.8819995894723,463.524194391744,-638.631098835276,-659.746190642545
-536.132928423513,34.5930672388791,-343.873340692796,-0.056698544680818,30.211082852585,-0.274902684907903,-382.319479284039,460.347129178575,0.457768384974279,-517.286101266835,0.413805371707823,-1019.31601851968,-476.9439735649,-0.156143522174282,-410.135371818623,192.031848244979,-0.539891880689772,681.429521486699,-859.016843031835,1134.74555261309,-0.634998252729275,-937.973626784692,-0.454104956814123,-748.468023165014,322.790309562618,-432.4025226086,-1086.23667860083,399.954031316615,544.528839223671,-94.7180687191047,383.487072727958,-827.818484639524,6536.15370250106,334.213121278995,328.014515062579,-0.149997973343733,-750.763713987567,290.731765527086,957.730915744745,-0.346241316584697,-737.250227476978,822.323543789776,-525.508505458228,-449.474829566044,-29.8003618976452,314.239230705418,0.0751346453917347,-564.294871661808,240.275554091961,0.194707312071446,-493.995197017838,-0.00824298318591844,-0.420126787700732,-90.6523290760982,0.100570279313506,324.133840832962,-408.145162943573,522.966325953719,528.990619153472,267.436633638838
-432.460431951881,-588.840642378209,-36.7958518951847,-0.0804832914022683,-221.135324883411,-0.390222941722082,1649.70018757888,1178.89761532901,0.649799858709509,218.017006241295,0.587394588387949,757.895400058133,199.973811213161,-0.221644923453941,-279.035344027745,-318.699716003237,-0.766373736819634,909.947435598816,-860.076038763181,-286.601476486748,-0.901376740832488,474.63705556155,-0.644599641352891,82.6143192056226,412.799988367694,381.838409813627,457.108675562554,523.067395910158,724.567071071129,-478.961859730661,511.214796895414,112.490462285462,334.213121278995,9773.48114221112,-1327.54803669146,-0.212921348622511,89.7028666105631,1249.96117807419,54.3456649872242,-0.491487761018632,1785.65116690611,-876.395632897329,128.190621612888,-890.544141662077,-419.826449760687,-734.576549135425,0.106653241163614,444.800769909079,779.828766328078,0.276386024082561,-318.289275401266,-0.0117008720684272,-0.596367805748225,-452.579404645671,0.142758992174532,828.121381322899,222.029671877476,-26.296468269759,259.249877858455,351.583518251835
552.924452188669,72.3595315958843,-506.314546795513,-0.122513494110906,831.982603271498,-0.594006224641816,1588.73190240575,-77.0718416217559,0.989140103197058,1646.04647478181,0.894145383363609,-240.205392602243,2216.02024881207,-0.337392936486217,-1120.5262865274,410.55265066119,-1.1665915080849,-1057.95262518359,515.588086870779,2140.29426823515,-1.37209614698463,237.033657006098,-0.981224214229323,-1002.36526240574,209.292780721487,-404.607758408981,-812.688875103197,-287.009663318773,-1607.40271664109,288.081127683325,1715.49258674907,435.878718466467,328.014515062579,-1327.54803669146,15575.9228113969,-0.324113712747776,2608.22797878975,1434.27980665632,-1367.28059648728,-0.748153832503969,1549.3422189382,-940.077511054601,-948.537150581393,-68.9741598940898,-614.761090313487,-301.794273848811,0.162349986010132,-831.097777776521,695.704742733168,0.420721083144244,260.52417939453,-0.0178113332130375,-0.907804618629352,2391.22779367901,0.217310980233598,-54.7449269659725,-163.802832815155,-347.956614978938,-1338.6487740681,265.553279165445
-0.09692781191465,-0.0948824632739238,-0.0930179355129244,8.28144093823529e-05,-0.0884587232231672,0.000401525358656587,-0.0857208522356047,-0.161167434563149,-0.000668620661235157,-0.176814619652351,-0.000604407884719891,-0.225017339859216,-0.161967462349351,0.000228064646818333,-0.160955551341367,-0.186624932748064,0.000788570985046453,-0.234174040453839,-0.230565478028634,-0.258834096014312,0.000927484215946621,-0.233180215832874,0.000663269824787667,-0.222272765506857,-0.202938043132451,-0.17206428712089,0.00264375745471198,-0.182542946310127,-0.188954859287952,-0.131966494784627,-0.174986037655282,-0.0861018630872345,-0.149997973343733,-0.212921348622511,-0.324113712747776,0.000546603199475081,-0.224791728113947,-0.163851781362617,-0.158699004184907,0.000505723212088546,-0.228706935673211,-0.101027089324939,-0.101882759999961,-0.134640738597306,-0.134266311380439,-0.0847919625317019,-0.000109742345545145,-0.153350971314396,-0.151204930589425,-0.000284391268636535,-0.0521690273173189,1.20397761165369e-05,0.000613641002339768,-0.123661447931243,-0.000146893863496001,-0.112118813244407,-0.0852117355488183,-0.0644204551012797,-0.115642109237712,-0.120819841353195
