0.0661121270121682,-0.0136540710724113,0.0154010760012293,-0.00670381968543722,0.0153076340951431,-0.0277389807140509,0.00584368719260974,6.99819679660582e-05,0.0213408735612606,-0.015977662546594,0.0104505155538546,-0.011178090483163,0.0251851777099539,0.0172462543682426,0.00548777999157406,-0.005141349922698,0.0074338485804997
-0.0136540710724113,0.114280045983976,0.0315801687226253,0.0807496504013692,0.0119548248736351,0.0506226994182838,-0.00629228279059793,0.028694928398684,0.00953006154221202,0.0240900425937378,0.0208476930158034,0.0450990965294246,0.0283816984565079,0.0153581497065659,0.0280919383732907,0.0203591794533199,0.0105281754193079
0.0154010760012293,0.0315801687226253,0.0626547144804949,0.00589917695452882,0.021893528794876,-0.00581244482455124,0.0016059353403011,-0.00693178162433722,0.037917332399744,-0.0208910201479526,0.0225730366302553,-0.00192919117463556,0.0286646490816487,-0.0215111719435592,0.0324809015759183,-0.00819700106500339,0.00967262403453241
-0.00670381968543722,0.0807496504013692,0.00589917695452882,0.0973905766356022,-0.00291431038255319,0.0551524020534823,0.00175626674672369,0.0497658767075611,0.0183660708698294,0.0251703014745534,0.0196098462427069,0.0389182919469442,0.0193373047726286,0.0451771407139804,0.0329635585728186,0.048100629944901,0.00575643166414363
0.0153076340951431,0.0119548248736351,0.021893528794876,-0.00291431038255319,0.065662314400767,0.0270625160783157,0.028635141513489,-0.0071740739451599,0.0264213265866659,-0.00608840514957471,0.0221789636725838,0.00613265037496231,0.0286596655377811,-0.014716629031824,0.0272444387412955,-0.00043885971180673,0.0110426781037324
-0.0277389807140509,0.0506226994182838,-0.00581244482455124,0.0551524020534823,0.0270625160783157,0.0969889473993668,0.0263393175079353,0.0347332089550136,-0.00533044750444054,0.0425177077002273,0.0231200092916772,0.0295716907318812,0.0125728282396595,0.0226594323668834,0.0206810259814593,0.0374457322171231,0.00530632085150204
0.00584368719260974,-0.00629228279059793,0.0016059353403011,0.00175626674672369,0.028635141513489,0.0263393175079353,0.10699905393451,-0.0057773563344167,0.0455049750883732,-0.000176374998416483,0.0344055953166523,-0.0219047850553387,0.0489731640542717,-0.0344987057631115,0.00942157090525871,-0.0330123248972648,0.0326817226057136
6.99819679660582e-05,0.028694928398684,-0.00693178162433722,0.0497658767075611,-0.0071740739451599,0.0347332089550136,-0.00577735633441669,0.081156145408374,0.0226439944846383,0.0269114189630971,0.00647058861189236,0.0326634756891626,-0.00680481995431683,0.0483747857244464,0.0220311647594989,0.0330679446659901,0.00881780596708234
0.0213408735612606,0.00953006154221202,0.037917332399744,0.0183660708698294,0.0264213265866659,-0.00533044750444054,0.0455049750883732,0.0226439944846383,0.101225974034567,-0.0142620961126217,0.0639564221171082,0.00554230391349035,0.0510989385813338,-0.02395038355033,0.0336675820895578,-0.0153077254775727,0.0355295530835443
-0.015977662546594,0.0240900425937378,-0.0208910201479526,0.0251703014745534,-0.00608840514957471,0.0425177077002273,-0.000176374998416483,0.0269114189630971,-0.0142620961126217,0.0513119925410161,0.00618921028236456,0.025724528290075,0.0069804481137155,0.0250622095662849,-0.00329288726080018,0.0132206436231883,0.00134608112002181
0.0104505155538546,0.0208476930158034,0.0225730366302553,0.0196098462427069,0.0221789636725838,0.0231200092916772,0.0344055953166523,0.00647058861189236,0.0639564221171082,0.00618921028236456,0.103402767262477,-0.00268922041553869,0.0524529225987099,-0.0206906930108415,0.0339936979023432,-0.0184496217564359,0.0367620700787748
-0.011178090483163,0.0450990965294246,-0.00192919117463556,0.0389182919469442,0.00613265037496231,0.0295716907318812,-0.0219047850553387,0.0326634756891626,0.00554230391349035,0.025724528290075,-0.00268922041553869,0.0614095055277623,8.19157910432224e-05,0.0444101514465192,-0.00218718365768882,0.0473252473335065,-0.00109090013652241
0.0251851777099539,0.0283816984565079,0.0286646490816487,0.0193373047726286,0.0286596655377811,0.0125728282396595,0.0489731640542717,-0.00680481995431683,0.0510989385813338,0.0069804481137155,0.0524529225987099,8.19157910432224e-05,0.0674770489302503,-0.0162288876783699,0.0289416198406061,-0.0179757717864443,0.0332587707498761
0.0172462543682426,0.0153581497065659,-0.0215111719435592,0.0451771407139804,-0.014716629031824,0.0226594323668834,-0.0344987057631115,0.0483747857244464,-0.02395038355033,0.0250622095662849,-0.0206906930108415,0.0444101514465192,-0.0162288876783699,0.0941560828647579,0.00296029564192228,0.0742732698268219,-0.0167254587032389
0.00548777999157406,0.0280919383732907,0.0324809015759183,0.0329635585728186,0.0272444387412955,0.0206810259814593,0.00942157090525871,0.0220311647594989,0.0336675820895578,-0.00329288726080018,0.0339936979023432,-0.00218718365768882,0.0289416198406061,0.00296029564192228,0.0898009329515894,0.0131533278795663,0.0429638776513596
-0.005141349922698,0.0203591794533199,-0.00819700106500339,0.048100629944901,-0.00043885971180673,0.0374457322171231,-0.0330123248972648,0.0330679446659901,-0.0153077254775727,0.0132206436231883,-0.0184496217564359,0.0473252473335065,-0.0179757717864443,0.0742732698268219,0.0131533278795663,0.0846160733108538,-0.0168708790982077
0.0074338485804997,0.0105281754193079,0.00967262403453241,0.00575643166414363,0.0110426781037324,0.00530632085150205,0.0326817226057136,0.00881780596708234,0.0355295530835443,0.00134608112002181,0.0367620700787748,-0.00109090013652241,0.0332587707498761,-0.0167254587032389,0.0429638776513596,-0.0168708790982077,0.0587964159205255
