0.171862048667659,-0.00416641644287628,0.0232656077828277,-0.0060018245949192,0.0336918003965402,0.0357574026192615,-0.0118024164005638,0.0332325044219223,0.00915502146331072,0.00321432136583701,0.016814679071695,0.0243251351419996,-0.0188232580524466,0.0143084739488832,-0.00617512656816254,-0.0305095128101985,-0.0122581978048515,0.00108009414408701,-0.00363408035510769,-0.00164969866570086,-0.00191305343814703,0.00560178019966978,-0.0275495650152001,0.0247550272979445
-0.00416641644287628,0.0309428618556109,-0.00836342439286165,0.0150770201047618,0.00903353265326373,0.00237732766310732,0.00469348577166594,-0.00385579385270467,0.0282289391784587,-0.000955751017437521,-0.00467170310469038,-0.00261119066629536,-0.00715511653957475,0.0074263030436173,-0.00728177790415372,-0.0175978739383138,0.00202846674143453,-0.00220280589478863,0.00667756067097336,-0.00338999488274337,-0.00684206933725521,-0.000237288081482718,-0.0122981630330143,0.00839231460782539
0.0232656077828277,-0.00836342439286165,0.071821722983905,-0.00575847125387972,0.00613578229572186,0.0218617348758446,0.00063434641661535,0.0140102777969272,0.00753729372449042,0.000639941833256146,0.0210441345913475,0.0198326378295493,-0.00929108078277304,-0.00539721953728508,0.00117122949614644,0.0165789035775549,-0.000970330740040364,0.0110783105480773,0.00029287573887924,-0.013538872608862,0.00379779677265304,-0.0019713161778339,0.00371697378321394,0.00779570386235705
-0.0060018245949192,0.0150770201047618,-0.00575847125387972,0.0289839200529142,0.00908204068038,0.00976433277167713,-0.000598853164448496,-0.00283185946744999,0.0208756077580291,0.0103597688926533,-0.0212062734944964,0.00047520824453354,-0.00466108343352805,0.0182588485074849,0.0101100764342329,-0.00645432310783651,0.00544972022824378,-0.00368466590851087,0.010480837805336,-0.00682931831710277,-0.010120285560322,0.00121456974540904,-0.00478306899743032,-0.00870681994662191
0.0336918003965402,0.00903353265326373,0.00613578229572186,0.00908204068038,0.152042992366437,0.0333264416205797,-0.00719437926219191,0.0156815272971014,0.00506303023583798,0.0181752352340294,-0.00075270678683467,-0.00251779290218187,0.00283646200912867,-0.0283102993791748,0.00644391069955567,0.0083968146283818,-0.00173326773374889,0.0121961670208608,0.00667960079526627,0.012781294326567,-0.0059787951721093,0.00281878535689552,-0.0174855979879877,0.0132533025176576
0.0357574026192615,0.00237732766310732,0.0218617348758446,0.00976433277167713,0.0333264416205797,0.0990506742959647,0.00653559763618669,0.0332657286459905,0.00562230842505506,0.0194791686466503,0.0244094935521536,0.00763837725079064,0.00509529020148024,-0.00199120286439661,-0.00322560123644812,-0.0136204156160586,0.00398250304969304,0.00357941319962372,-0.00284640618245294,-0.00320913414888286,0.00121778610669756,-0.00900088346988271,-0.0185311193862614,0.0272323778406041
-0.0118024164005638,0.00469348577166594,0.00063434641661535,-0.000598853164448496,-0.00719437926219191,0.00653559763618669,0.0610436866838344,0.00617121448480498,-0.016158698493463,-0.00474284913872075,0.00883200866270121,0.00374929740165086,0.00881592719059177,-0.0110410664089712,0.000468131546771371,-0.00978453241917893,0.00164660163074604,-0.00117903319381112,-0.00847428145602967,-0.00344384047784548,0.00158962609462499,-0.00238547135722251,-0.0193037747590522,0.0142558571964614
0.0332325044219223,-0.00385579385270467,0.0140102777969272,-0.00283185946744999,0.0156815272971014,0.0332657286459905,0.00617121448480498,0.13828339938832,0.00275340015058353,0.0227049276175297,0.00402707371817726,0.00499550439366369,0.011644579908752,0.000972467146805133,-0.00434630820296943,0.0210074375421704,0.00815141369638976,0.00301059242683108,-0.0115720334247921,0.0112186177506719,-0.0339333957054293,0.00577059747108708,0.00466345187165344,0.00497741160432996
0.00915502146331072,0.0282289391784587,0.00753729372449041,0.0208756077580291,0.00506303023583798,0.00562230842505506,-0.016158698493463,0.00275340015058353,0.123117452349197,-0.0134779950692745,-0.011229443662101,-0.00215679251464823,0.0157185289769193,0.0587371060889826,-0.0144644566301032,-0.0343384508648422,0.0282338496518032,-0.00508088119161768,0.00525964041496081,-0.0159254923949424,-0.0329598739846128,-0.00224727442981884,-0.0166865136151377,-0.0111367498401423
0.00321432136583701,-0.000955751017437521,0.000639941833256146,0.0103597688926533,0.0181752352340294,0.0194791686466503,-0.00474284913872075,0.0227049276175297,-0.0134779950692745,0.0400858334024242,-0.000877709961450672,-0.000299333465092052,0.0101845847037067,0.00202591307595648,0.00776195599320576,0.00739750512227575,0.00654505677254087,0.00398679171408477,0.00441060571303699,-0.000252788829776309,0.000127645278573621,0.00474919121007863,-3.62903005860765e-05,-0.00956538262348786
0.016814679071695,-0.00467170310469038,0.0210441345913475,-0.0212062734944964,-0.00075270678683467,0.0244094935521536,0.00883200866270121,0.00402707371817726,-0.011229443662101,-0.000877709961450672,0.126046920306088,0.00743395645717969,-0.0259771329450235,-0.00276263409121181,-0.00794687366683317,0.00728786118158124,0.00104192338024364,0.0166068438609168,-0.00945088673149793,-0.00486868901300048,0.0210374238391698,0.00180085562350187,-0.00706848882492605,-0.00391385726729318
0.0243251351419996,-0.00261119066629536,0.0198326378295493,0.00047520824453354,-0.00251779290218187,0.00763837725079064,0.00374929740165086,0.00499550439366369,-0.00215679251464823,-0.000299333465092052,0.0074339564571797,0.0373402463581025,-0.00176056688470994,0.00245347540505676,0.00173482169156473,0.00923258186208352,-0.00821156407888041,0.00402452535685902,0.00389463893645089,-0.0172832648992732,0.00358591706204289,-0.00233428258089491,-8.61518534453713e-05,-3.68792941179326e-05
-0.0188232580524466,-0.00715511653957475,-0.00929108078277304,-0.00466108343352805,0.00283646200912867,0.00509529020148024,0.00881592719059177,0.011644579908752,0.0157185289769193,0.0101845847037067,-0.0259771329450235,-0.00176056688470994,0.129508714001109,-0.0257593387789036,0.0116034157081955,0.0021395707676695,0.00648981888587646,-0.0287567177099673,0.00252830398671268,-0.000219712875514294,-0.000563800785382967,0.00106391765939643,0.00962265069494296,-0.018404792587382
0.0143084739488832,0.0074263030436173,-0.00539721953728508,0.0182588485074849,-0.0283102993791748,-0.00199120286439661,-0.0110410664089712,0.000972467146805133,0.0587371060889826,0.00202591307595648,-0.00276263409121181,0.00245347540505676,-0.0257593387789036,0.230662131328295,-0.0172796041715621,0.00978428679817999,0.0443673930810819,0.0214257661548194,-0.00281224204763599,0.00236952333598244,-0.0190240124832619,-0.00429416546838692,-0.0653839047397541,-0.0481285799207301
-0.00617512656816254,-0.00728177790415372,0.00117122949614644,0.0101100764342329,0.00644391069955567,-0.00322560123644812,0.000468131546771371,-0.00434630820296943,-0.0144644566301032,0.00776195599320576,-0.00794687366683317,0.00173482169156473,0.0116034157081955,-0.0172796041715621,0.0611805576530785,0.00791490497261778,-0.00208498211059241,-0.0242991820112856,0.036101618282974,-0.00148228329707638,0.0107586938181904,0.00927109323283841,0.0126780666825077,-0.0111429412549419
-0.0305095128101985,-0.0175978739383138,0.0165789035775549,-0.00645432310783651,0.0083968146283818,-0.0136204156160586,-0.00978453241917893,0.0210074375421704,-0.0343384508648422,0.00739750512227575,0.00728786118158124,0.00923258186208352,0.0021395707676695,0.00978428679817999,0.00791490497261778,0.197858537546233,-0.0358378759173991,0.00889469607113471,-0.00656584371683998,0.0254366085681288,-0.0243910293541928,0.00462416100802337,0.0324650172457068,-0.0316821040022231
-0.0122581978048515,0.00202846674143453,-0.000970330740040364,0.00544972022824378,-0.00173326773374889,0.00398250304969304,0.00164660163074604,0.00815141369638977,0.0282338496518032,0.00654505677254087,0.00104192338024364,-0.00821156407888041,0.00648981888587646,0.0443673930810819,-0.00208498211059241,-0.0358378759173991,0.098742184792215,0.0139016299764997,-0.00250669923824149,-0.00359872577752306,-0.0246523824994864,-0.00195142215897877,-0.0253188793709653,0.00949665992164089
0.00108009414408701,-0.00220280589478863,0.0110783105480773,-0.00368466590851087,0.0121961670208608,0.00357941319962372,-0.00117903319381112,0.00301059242683108,-0.00508088119161768,0.00398679171408477,0.0166068438609168,0.00402452535685902,-0.0287567177099673,0.0214257661548194,-0.0242991820112856,0.00889469607113471,0.0139016299764997,0.0833167509766354,-0.0227526978365562,0.00926627373670845,-0.00664166069227947,-0.00266249920543199,-0.0242320765912026,0.00878228475621796
-0.00363408035510769,0.00667756067097336,0.00029287573887924,0.010480837805336,0.00667960079526627,-0.00284640618245294,-0.00847428145602967,-0.0115720334247921,0.00525964041496081,0.00441060571303699,-0.00945088673149793,0.00389463893645089,0.00252830398671268,-0.00281224204763599,0.036101618282974,-0.00656584371683998,-0.00250669923824149,-0.0227526978365562,0.032029725170443,-0.00536225999215907,0.0041566903407741,0.001883563738185,0.0131351422302207,-0.0166215532090648
-0.00164969866570086,-0.00338999488274337,-0.013538872608862,-0.00682931831710277,0.012781294326567,-0.00320913414888286,-0.00344384047784548,0.0112186177506719,-0.0159254923949425,-0.000252788829776309,-0.00486868901300048,-0.0172832648992732,-0.000219712875514294,0.00236952333598244,-0.00148228329707638,0.0254366085681288,-0.00359872577752305,0.00926627373670845,-0.00536225999215907,0.144067467205369,-0.12732351984366,0.00873797073195082,0.00867626328355633,-0.00111879695668948
-0.00191305343814703,-0.00684206933725521,0.00379779677265304,-0.010120285560322,-0.0059787951721093,0.00121778610669756,0.00158962609462499,-0.0339333957054293,-0.0329598739846128,0.000127645278573621,0.0210374238391698,0.00358591706204289,-0.000563800785382967,-0.0190240124832619,0.0107586938181904,-0.0243910293541928,-0.0246523824994864,-0.00664166069227947,0.0041566903407741,-0.12732351984366,0.194269756721624,0.00267042043880714,-0.0101184981332194,0.00113817149066794
0.00560178019966978,-0.000237288081482718,-0.0019713161778339,0.00121456974540904,0.00281878535689552,-0.00900088346988271,-0.00238547135722251,0.00577059747108708,-0.00224727442981884,0.00474919121007863,0.00180085562350187,-0.00233428258089491,0.00106391765939643,-0.00429416546838692,0.00927109323283841,0.00462416100802337,-0.00195142215897877,-0.00266249920543199,0.001883563738185,0.00873797073195082,0.00267042043880714,0.0139826782453958,0.00695362607434138,-0.00499805035460883
-0.0275495650152001,-0.0122981630330143,0.00371697378321394,-0.00478306899743032,-0.0174855979879877,-0.0185311193862614,-0.0193037747590522,0.00466345187165344,-0.0166865136151377,-3.62903005860765e-05,-0.00706848882492605,-8.61518534453713e-05,0.00962265069494296,-0.0653839047397541,0.0126780666825077,0.0324650172457068,-0.0253188793709653,-0.0242320765912026,0.0131351422302207,0.00867626328355633,-0.0101184981332194,0.00695362607434138,0.173252753899627,-0.128060508467145
0.0247550272979445,0.00839231460782539,0.00779570386235705,-0.00870681994662191,0.0132533025176576,0.0272323778406041,0.0142558571964614,0.00497741160432996,-0.0111367498401423,-0.00956538262348786,-0.00391385726729318,-3.68792941179326e-05,-0.018404792587382,-0.0481285799207301,-0.0111429412549419,-0.0316821040022231,0.00949665992164089,0.00878228475621796,-0.0166215532090648,-0.00111879695668948,0.00113817149066794,-0.00499805035460883,-0.128060508467145,0.238217925719387
