0.229710030521821,0.00610472143511743,0.0134855168819308,-0.00694215107879566,-0.00477589253777659,0.00580415145085872,0.014361225115684,0.0210716823864966,-0.0215074660472748,0.00395940105026826,0.0434670911035633,-0.00278933892262076,0.000862825966757642,0.00154529074919592
0.00610472143511743,0.0359911585864772,0.0123312928945816,-0.000408524599635667,-0.0155757782461498,-0.00828087681274058,0.0110139095822887,0.0180587804105392,0.00357765296636455,0.00325927324861516,0.00212855010797263,0.000403236311464966,-0.00472799340310976,0.000488772812488567
0.0134855168819308,0.0123312928945816,0.0404624224053796,7.94775323980996e-05,-0.00161202036243414,-0.00100609617987178,0.0108973677522133,0.0283104877793978,0.0175363308752938,0.00755002620719913,-0.00592443379650175,0.00266441727657269,-0.0104143596673478,-0.000405177318601148
-0.00694215107879566,-0.000408524599635667,7.94775323980996e-05,0.0461807197149115,0.014415873388417,-0.00214995257275844,0.000859154485543619,0.0123299747193775,0.0182880586388916,0.000836184493041282,-0.004335639590531,-0.00158078024609443,-0.00246858689029925,0.000751219922030377
-0.00477589253777659,-0.0155757782461498,-0.00161202036243414,0.014415873388417,0.0934670200246857,0.0295791167588642,-0.000761577920169175,0.0468587288239764,0.034469291100206,0.00525975049240461,-0.000305530366051239,0.00401372487838011,0.00616213606276772,0.00229663875437235
0.00580415145085872,-0.00828087681274058,-0.00100609617987178,-0.00214995257275844,0.0295791167588642,0.075835675610088,0.0108742081544625,0.0389383352870653,-0.00641316379756341,0.00265422463375923,0.0156432081965303,0.00299709354520716,0.00237329302291674,-0.00017355239651782
0.014361225115684,0.0110139095822887,0.0108973677522133,0.000859154485543619,-0.000761577920169175,0.0108742081544625,0.0200402562094965,0.0213122277283672,0.013557754413339,0.00513381700204237,0.00883007971822686,-0.000184638498663125,-0.00648021413203472,0.000128647552669812
0.0210716823864966,0.0180587804105392,0.0283104877793978,0.0123299747193775,0.0468587288239764,0.0389383352870653,0.0213122277283672,0.258005172064407,0.0989232315558566,0.0245242235561441,0.0169043581373686,0.00903312149738133,-0.00208588212021791,0.00413285984714164
-0.0215074660472748,0.00357765296636455,0.0175363308752938,0.0182880586388916,0.034469291100206,-0.00641316379756341,0.013557754413339,0.0989232315558566,0.24519087438183,0.0200315723797037,-0.0264477025145549,0.00598611947171362,0.00142223708585449,0.00215417978566998
0.00395940105026826,0.00325927324861516,0.00755002620719913,0.000836184493041282,0.00525975049240461,0.00265422463375923,0.00513381700204238,0.0245242235561441,0.0200315723797037,0.0105169613295951,0.000380742040282389,0.000414851097513387,-0.00223294985753746,-1.42419855686251e-05
0.0434670911035633,0.00212855010797263,-0.00592443379650175,-0.004335639590531,-0.000305530366051239,0.0156432081965303,0.00883007971822686,0.0169043581373686,-0.0264477025145549,0.000380742040282389,0.248964596374695,-0.00430013533598008,0.00014259724645216,0.00117945485775625
-0.00278933892262076,0.000403236311464966,0.00266441727657269,-0.00158078024609443,0.00401372487838011,0.00299709354520716,-0.000184638498663125,0.00903312149738133,0.00598611947171362,0.000414851097513387,-0.00430013533598008,0.0136077818687057,0.000661787320149011,0.00016074373195618
0.000862825966757642,-0.00472799340310976,-0.0104143596673478,-0.00246858689029925,0.00616213606276772,0.00237329302291674,-0.00648021413203472,-0.00208588212021791,0.00142223708585449,-0.00223294985753746,0.00014259724645216,0.000661787320149011,0.0106628909004819,0.000629195556439097
0.00154529074919592,0.000488772812488567,-0.000405177318601148,0.000751219922030377,0.00229663875437235,-0.00017355239651782,0.000128647552669812,0.00413285984714164,0.00215417978566998,-1.42419855686251e-05,0.00117945485775625,0.00016074373195618,0.000629195556439097,0.00200317924431669
