0.182184589884566,-0.0222102202482384,0.0120783609132926,-0.00732217826832049,-0.00700466193276324,-0.00064153736989283,0.0260547104180931,-0.036088660980442,-0.0228178242226312,-0.00439503801598489,1.50346733859141e-05,-0.00375962145640129,-0.0304503951661081,0.0353573674732697,0.00820412660486978,-0.0175341297261095,-0.043906048102806,0.00770201506985763,0.0152695105923576,-0.0354955522496219,0.0342900272450529,-0.00531403754439356,0.00741237153287602,-0.0399914748637524
-0.0222102202482384,0.0361234127075956,-0.00213534833375368,0.0140809953233367,-0.000417445599930913,0.00169756714048054,0.0127666337299896,0.00431390476639931,0.0113112913842179,-0.00472068048585857,-0.0124573593391405,-0.00177041025421789,0.00115940256719802,0.0129133519799014,-0.00709639365766489,0.00388014349382472,0.0180164184389084,-4.0154358762361e-05,-0.000507710032239427,0.00297443172482587,-0.00080065811710117,-0.00283342731720195,-0.0173054754627401,0.00667253479444878
0.0120783609132926,-0.00213534833375368,0.0791527328923073,-0.000214901936319351,-0.00592209152025869,0.0200272198257373,-0.00147082084637223,0.00121994011291772,-0.0376677819123159,0.00878284829655407,0.0319438269659437,0.0179417387447499,-0.00556162296436829,0.0200978950540198,0.0155576874206455,0.010126171294872,0.00164795271324687,0.00152630832880729,0.0127089616456488,-0.0292701995700052,0.000524512755652645,0.000762488361132162,-0.0173007709860879,0.0256769307844285
-0.00732217826832049,0.0140809953233367,-0.000214901936319351,0.0261653771697307,0.00603799780611143,-0.0157253470424829,0.00510623812768403,1.67183910667365e-05,0.0104923274443821,0.000132684356036157,-0.0186815285209854,0.00576481766487172,-0.0022567819795536,0.00782841707559468,-0.00430119818697969,0.0088506466721805,0.017097989005493,-0.00959346552739569,-0.00436705798354272,-0.00577754884826535,-0.00381437251565712,-0.00479515316225576,-0.0139780816774308,-0.010426292618041
-0.00700466193276324,-0.000417445599930913,-0.00592209152025869,0.00603799780611143,0.148581209981119,0.00193904639004109,0.00525548941543934,-0.00953011313484401,0.0191417644446562,-0.00387206517083764,0.0126771972457296,-0.0189999150758426,0.0267897210289593,-0.0192968074530558,0.00592037775726369,-0.0148360724928914,0.0296927997420536,-0.0166560724851107,0.00796014983332807,-0.0253129660107809,0.00219667974095836,-0.00172055215356327,0.014409082749554,-0.0149862193690625
-0.00064153736989283,0.00169756714048054,0.0200272198257373,-0.0157253470424829,0.00193904639004109,0.101715321579003,-0.00254022388376007,0.0312056456926672,-0.000254439402256131,0.00454214216760601,-0.0207012780967668,0.00655887542440479,0.00476488006737963,-0.012455640465716,0.0109126761752421,-0.0307703836006512,0.0119840557603681,0.00613624023710449,0.0131522355726493,-0.0104893189278606,-0.0260330459132973,0.0131861823987845,-0.00994801105946815,0.0551611298087843
0.0260547104180931,0.0127666337299896,-0.00147082084637223,0.00510623812768403,0.00525548941543934,-0.00254022388376007,0.0491047984220616,0.000938084273107386,0.00167506927468754,-0.00342690488473081,0.00295226923863428,0.00857713092597908,0.0107074101446811,0.00450241011987855,-0.000956025958517025,-0.00588021340240405,0.026421418573308,-0.013841801772512,0.00214306517421195,-0.0347164387893722,0.0118511631199111,-0.00183675501579185,0.01801823228638,0.00414695967324787
-0.036088660980442,0.00431390476639931,0.00121994011291772,1.67183910667365e-05,-0.00953011313484401,0.0312056456926672,0.000938084273107386,0.119951034181864,0.0185666013630201,0.0157374081160801,-0.0110112531885093,0.00978625530721802,0.0165582933302782,0.0244902346394247,0.00105655112397108,0.00725117118412151,0.0218393113309651,6.28836758719325e-05,0.00771901175228141,0.0290612221880681,-0.0470768785067453,0.00546795644373016,0.0111901654796298,-0.010366845763601
-0.0228178242226312,0.0113112913842179,-0.0376677819123159,0.0104923274443821,0.0191417644446562,-0.000254439402256131,0.00167506927468754,0.0185666013630201,0.128147896091657,0.00255103798415964,-0.00787365973484024,0.00368643718148232,-0.00679230034974828,0.00317205943020163,-0.0194053237515537,0.00689460154878507,0.0391696356534739,0.00396153220025035,-0.00771974942015696,0.0122938367599149,-0.0714955873667298,0.00509121991683657,-0.051663578467567,-0.0201971618377609
-0.00439503801598489,-0.00472068048585857,0.00878284829655407,0.000132684356036157,-0.00387206517083764,0.00454214216760601,-0.00342690488473081,0.0157374081160801,0.00255103798415964,0.0420318593330033,0.000388395976172739,0.00845500168778238,0.0206389857385526,0.0219190576763359,-0.00700624879839289,-0.000247561501986575,-0.00140859427568734,-0.00561850023637108,0.00421870491405379,-0.0282755732451285,-0.00364365815240481,0.00241731109433351,0.00240763678381151,-0.0144213627543691
1.50346733859141e-05,-0.0124573593391405,0.0319438269659437,-0.0186815285209854,0.0126771972457296,-0.0207012780967668,0.00295226923863428,-0.0110112531885093,-0.00787365973484024,0.000388395976172739,0.117365355254606,-0.00109141249326459,-0.00842340035426321,-0.0123090969004289,0.00246548013930258,0.0044248918097211,0.00396538655821325,-0.0220946306658761,0.0081790360194567,-0.0129365521609038,0.00115199741023776,-0.000624599258629038,-0.00477038507177008,0.00624732861857832
-0.00375962145640129,-0.00177041025421789,0.0179417387447499,0.00576481766487172,-0.0189999150758426,0.00655887542440479,0.00857713092597908,0.00978625530721802,0.00368643718148232,0.00845500168778237,-0.00109141249326459,0.0389352599734497,0.00830018977466216,0.0217985650732261,-0.00829892790126921,0.0139319151572731,0.00661713071164812,-0.00357443464079387,-0.00461923778448329,-0.0147437646267114,-0.0146106282819112,-0.00176769049355183,-0.00203574937290366,-0.00199253960643749
-0.0304503951661081,0.00115940256719802,-0.00556162296436829,-0.0022567819795536,0.0267897210289594,0.00476488006737963,0.0107074101446811,0.0165582933302782,-0.00679230034974828,0.0206389857385526,-0.00842340035426321,0.00830018977466216,0.117770858847862,-0.0350270122796912,0.00561163766607109,-0.00264987386738853,0.0248378779086062,-0.0465648206542937,0.0109827497427578,-0.0217204863208259,-0.0185245259649914,0.00598128061402952,0.0610422544589597,-0.0120234340998605
0.0353573674732697,0.0129133519799014,0.0200978950540198,0.00782841707559468,-0.0192968074530558,-0.012455640465716,0.00450241011987855,0.0244902346394247,0.00317205943020163,0.0219190576763359,-0.0123090969004289,0.0217985650732261,-0.0350270122796912,0.2910099719008,0.00500405260975775,0.0223185928574341,0.0355385993382203,0.0321757295479513,-0.00535321551177548,0.0348267849039412,-0.0125299605417297,-0.0218121704785097,-0.0668912964282905,-0.0354276541284401
0.00820412660486978,-0.00709639365766489,0.0155576874206455,-0.00430119818697969,0.00592037775726369,0.0109126761752421,-0.000956025958517025,0.00105655112397108,-0.0194053237515537,-0.00700624879839289,0.00246548013930258,-0.00829892790126921,0.00561163766607109,0.00500405260975775,0.0494100265683761,0.0341097223257787,-0.00687840915784568,-0.00456715144849314,-0.00602730871710528,0.00408629148179905,0.00533799895629136,0.00582240327338673,0.0284657308229592,0.0163765331880329
-0.0175341297261095,0.00388014349382472,0.010126171294872,0.0088506466721805,-0.0148360724928914,-0.0307703836006512,-0.00588021340240405,0.00725117118412151,0.00689460154878507,-0.000247561501986575,0.00442489180972109,0.0139319151572731,-0.00264987386738853,0.0223185928574341,0.0341097223257787,0.197199776443282,-0.0555875561553821,0.0179032957698477,-0.0197233678862848,0.0122826155653985,-0.0206423074539669,-0.00395518705896561,-0.000295511948956032,-0.00213908107897616
-0.043906048102806,0.0180164184389084,0.00164795271324687,0.017097989005493,0.0296927997420536,0.0119840557603681,0.026421418573308,0.0218393113309651,0.0391696356534739,-0.00140859427568734,0.00396538655821325,0.00661713071164812,0.0248378779086062,0.0355385993382203,-0.00687840915784568,-0.0555875561553821,0.113559460209018,-0.00792078227796254,-0.0166639566148857,0.0245226067018062,-0.0611391575010496,0.00119041224656266,-0.0188868655658171,0.00870941547675812
0.00770201506985763,-4.0154358762361e-05,0.00152630832880729,-0.00959346552739569,-0.0166560724851107,0.00613624023710449,-0.013841801772512,6.28836758719325e-05,0.00396153220025035,-0.00561850023637108,-0.0220946306658761,-0.00357443464079387,-0.0465648206542937,0.0321757295479513,-0.00456715144849314,0.0179032957698477,-0.00792078227796254,0.0897432505698733,-0.0401978595390343,0.0439503870774897,0.00237122210790455,-0.0015431518365473,-0.0149422530134791,-0.0162579593030199
0.0152695105923576,-0.000507710032239427,0.0127089616456488,-0.00436705798354272,0.00796014983332807,0.0131522355726493,0.00214306517421195,0.00771901175228141,-0.00771974942015696,0.00421870491405379,0.0081790360194567,-0.00461923778448329,0.0109827497427578,-0.00535321551177548,-0.00602730871710528,-0.0197233678862848,-0.0166639566148857,-0.0401978595390343,0.0456561159565764,-0.0349629151711062,0.00406764636727741,-0.000703744314716299,-0.00420178302349128,0.00229080432195986
-0.0354955522496219,0.00297443172482587,-0.0292701995700052,-0.00577754884826535,-0.0253129660107809,-0.0104893189278606,-0.0347164387893722,0.0290612221880681,0.0122938367599149,-0.0282755732451285,-0.0129365521609038,-0.0147437646267114,-0.0217204863208259,0.0348267849039412,0.00408629148179905,0.0122826155653985,0.0245226067018062,0.0439503870774897,-0.0349629151711062,0.164483953007573,-0.0985631574027037,0.00169560421218461,-0.00925938859941871,-0.0256302104628676
0.0342900272450529,-0.00080065811710117,0.000524512755652645,-0.00381437251565712,0.00219667974095836,-0.0260330459132972,0.0118511631199111,-0.0470768785067453,-0.0714955873667298,-0.00364365815240481,0.00115199741023776,-0.0146106282819112,-0.0185245259649914,-0.0125299605417297,0.00533799895629136,-0.0206423074539669,-0.0611391575010496,0.00237122210790455,0.00406764636727741,-0.0985631574027037,0.172629950754433,-0.00922766184248582,0.0200422273560205,0.0361438082295662
-0.00531403754439356,-0.00283342731720195,0.000762488361132162,-0.00479515316225576,-0.00172055215356327,0.0131861823987845,-0.00183675501579185,0.00546795644373016,0.00509121991683657,0.00241731109433351,-0.000624599258629038,-0.00176769049355183,0.00598128061402953,-0.0218121704785097,0.00582240327338672,-0.00395518705896561,0.00119041224656266,-0.0015431518365473,-0.000703744314716299,0.00169560421218461,-0.00922766184248582,0.00618102758171078,0.00191890871416817,0.0174540548007045
0.00741237153287602,-0.0173054754627401,-0.0173007709860879,-0.0139780816774308,0.014409082749554,-0.00994801105946815,0.01801823228638,0.0111901654796298,-0.051663578467567,0.00240763678381151,-0.00477038507177008,-0.00203574937290366,0.0610422544589597,-0.0668912964282905,0.0284657308229592,-0.000295511948956032,-0.0188868655658171,-0.0149422530134791,-0.00420178302349128,-0.00925938859941871,0.0200422273560205,0.00191890871416817,0.162361817899902,-0.10966824834403
-0.0399914748637524,0.00667253479444878,0.0256769307844285,-0.010426292618041,-0.0149862193690625,0.0551611298087843,0.00414695967324787,-0.010366845763601,-0.0201971618377609,-0.0144213627543691,0.00624732861857832,-0.00199253960643749,-0.0120234340998605,-0.0354276541284401,0.0163765331880329,-0.00213908107897616,0.00870941547675812,-0.0162579593030199,0.00229080432195986,-0.0256302104628676,0.0361438082295662,0.0174540548007045,-0.10966824834403,0.251770907432478
