0.033050816300055,-0.00158151640071629,0.00552649800716865,-0.00325341781128835,-0.000105306667604244,-0.00265700480969912,0.00180115329163314,0.021807257055632
-0.00158151640071629,0.0155121038425338,0.00229677343128711,-4.73584645600199e-05,0.000342902733791353,0.0022240564665695,0.00205908976384316,0.00861691824788202
0.00552649800716865,0.00229677343128711,0.0262054771735288,0.00195643388871631,0.00107238384109885,0.00544581876828699,0.000915259204336838,0.00936935460888693
-0.00325341781128835,-4.73584645600199e-05,0.00195643388871631,0.0272505113245481,0.00978450004402242,0.00846457660786207,0.00340793121687828,-0.00514416707133301
-0.000105306667604244,0.000342902733791353,0.00107238384109885,0.00978450004402242,0.0120292156572312,0.00340995405221574,0.00223032109189274,-0.00275742015838394
-0.00265700480969912,0.0022240564665695,0.00544581876828699,0.00846457660786207,0.00340995405221574,0.0149460372454882,0.00240176688423703,-0.00419786349663266
0.00180115329163314,0.00205908976384316,0.000915259204336838,0.00340793121687828,0.00223032109189274,0.00240176688423703,0.0142636805454156,0.00421552349027928
0.021807257055632,0.00861691824788202,0.00936935460888693,-0.00514416707133301,-0.00275742015838394,-0.00419786349663266,0.00421552349027928,0.0411253576825535
