0.187659953318731,0.00938546305289283,-0.0441395606683839,0.0120163212362521,0.0798498922983781,0.00626982204072833,0.0321158002437429,-0.0130491801316306,-0.019729466023137,0.00344727201821201,-0.0289673598089118,-0.00841439499425235,-0.0160093742213042,-0.0149993071202411,-0.0100632240849069,-0.028857501400082,0.0346655405627868,0.0143199662400405,-0.0135414652055922,0.0104241938631529,0.0498148681969297,-0.0078154190621257,-0.0242298389530728,0.00827442524558621
0.00938546305289283,0.0325858175264973,-0.0153615274785141,0.0135666296283818,0.00150625950986168,0.0141403865952332,0.00877642089741609,0.00836126763389453,0.0191301988481334,-0.0042663853407401,0.00147751949758136,-0.00612322240578502,0.000410732116953315,0.0268569190055241,-0.0149570137651865,-0.00343591738481246,0.00422356286906866,0.00422856834550137,0.00258857802242764,0.0050049596674099,-0.0158096545572441,-0.00201131408404076,-0.0220365215626124,0.02334230047046
-0.0441395606683839,-0.0153615274785141,0.078485967938974,-0.00320217270248316,-0.0224297583594156,0.0119166076890055,0.0129087343412041,-0.00994438102064709,0.00727398409368719,0.0172216873298535,0.0283430657708176,0.00999104156588002,0.030854398961964,0.0565274390998022,0.0203129074709164,-0.0138493318861742,-0.00664702690060811,-0.0181790471866484,0.0133913534921124,-0.00722366842390465,0.0137327208757055,-0.00661149308563499,0.00357439123948315,-0.0323937309389677
0.0120163212362521,0.0135666296283818,-0.00320217270248316,0.0184414362791128,0.00281116524755987,-0.00315422935908025,0.00159411196296448,0.00526735173263914,0.00441140317104914,0.00263648425206054,-0.0148126525404539,0.00673127447396248,0.0106268855972894,0.0155153913787878,-0.00200230884234103,-0.0238188715488878,0.01007843299066,0.00173326033343279,0.00214561126936398,-0.00508529424618794,0.0124473404393492,-0.0032046100509615,-0.0225155859767169,0.0250656965222549
0.0798498922983781,0.00150625950986169,-0.0224297583594156,0.00281116524755988,0.183128891463969,0.0243263517164978,0.0277451547161464,0.10075092457667,0.0375854562716807,0.0125601298773278,-0.0445477157626182,0.0217054394102423,0.0106316971776886,0.0398585130821787,-0.000750196580000886,-0.0348017664286259,0.0303085509233366,0.0512619096226583,-0.0154030410437158,0.018537384967121,-0.0523993711768563,-0.01139065301376,-0.0076878687110917,0.00450954586946595
0.00626982204072833,0.0141403865952332,0.0119166076890055,-0.00315422935908025,0.0243263517164978,0.0935296094310401,0.0265413760420119,0.00553890640154252,0.0429579372881119,0.0227807309551264,0.00492353118461853,-0.00209245003405831,0.00069560124625023,0.0344238948007161,-0.0352671406278163,0.0352513908657397,-0.0179779526543769,0.0015226065276581,-0.00633273301877885,-0.0193336178188583,0.00695822424910406,-0.00344807841505796,-0.0172128698818413,0.00949876474665097
0.0321158002437429,0.00877642089741609,0.0129087343412041,0.00159411196296448,0.0277451547161464,0.0265413760420119,0.0620118408322433,-0.0137970166762928,-0.00178140582235716,0.00529274416494959,0.0140764183506755,0.00961909904938991,0.0154670102217121,0.00462787033155661,0.0204150379736508,0.00939984129666065,0.00117103130649854,-0.0183917895456809,0.00635006948568852,-0.00615915844554602,0.0231183790986338,-0.0131639221234005,0.00296571614465574,0.0088383482375072
-0.0130491801316306,0.00836126763389453,-0.00994438102064709,0.00526735173263914,0.10075092457667,0.00553890640154252,-0.0137970166762928,0.120094562148489,0.0238810944427875,0.0163029446543835,-0.0299329916110171,0.0198620639600661,-0.00565436338713415,0.0226988941266143,-0.0183440006390642,-0.0138202395344181,0.0219797510076745,0.0373214593261577,0.00207678204557798,0.0401252214834479,-0.0904570786712472,0.00047634464399564,-0.0101443013407634,0.00119808493918335
-0.019729466023137,0.0191301988481334,0.00727398409368719,0.00441140317104914,0.0375854562716807,0.0429579372881119,-0.00178140582235716,0.0238810944427875,0.126368172061255,-0.00522211669261166,-0.00276489914505722,0.012867127798673,-0.0162707925309617,0.0863085302061581,-0.0294949977894028,0.00709540476803058,-0.00671845558532779,0.00197837219306653,0.0129015698502335,0.0121638841350829,-0.0464282107338451,-0.00739027388700284,-0.0589213680187825,0.0605520857742821
0.00344727201821201,-0.0042663853407401,0.0172216873298535,0.00263648425206054,0.0125601298773278,0.0227807309551264,0.00529274416494959,0.0163029446543835,-0.00522211669261166,0.0397789134049364,-0.00361911997291172,0.013853499123716,0.0105338427183514,0.0145253685555259,-0.00124910754458656,0.0229959113029101,-0.00165753789204784,0.0174146111847846,-0.00940859443448593,-0.0229895470925625,0.00104844731831175,0.00448901347831111,0.00304558585896938,-0.0147769294763933
-0.0289673598089118,0.00147751949758136,0.0283430657708176,-0.0148126525404539,-0.0445477157626182,0.00492353118461853,0.0140764183506755,-0.0299329916110171,-0.00276489914505722,-0.00361911997291172,0.136887786020515,-0.0188502673020401,0.0188400489066476,-0.0359406785640374,0.00750844805428072,-0.00771651201520807,-0.0378058797222216,0.0148643547541072,0.00821289676062598,0.0184260847297679,-0.048449894654818,-0.00505816746207924,0.00589230663357804,0.012155911036462
-0.00841439499425235,-0.00612322240578502,0.00999104156588002,0.00673127447396248,0.0217054394102423,-0.00209245003405831,0.00961909904938991,0.0198620639600661,0.012867127798673,0.013853499123716,-0.0188502673020401,0.0403749095658961,-0.0142221758105354,0.0110183125784715,0.0198019389457489,-0.00877543743692608,-0.00178517863682923,0.00874623110859334,-0.00391765744243608,0.00725865991347585,-0.00463223672900131,0.000579735081330885,0.00215562390245083,0.020258071772581
-0.0160093742213042,0.000410732116953315,0.030854398961964,0.0106268855972894,0.0106316971776886,0.00069560124625023,0.0154670102217121,-0.00565436338713415,-0.0162707925309617,0.0105338427183514,0.0188400489066476,-0.0142221758105354,0.113256938036515,0.0305049496919017,0.0151945753625922,-0.0246302894961448,-0.000640032288240369,-0.00870173125388423,0.00419039510008542,-0.0269472895396941,-0.00608572956775359,-0.0028581209826219,0.00624321882516103,0.018533358325898
-0.0149993071202411,0.0268569190055241,0.0565274390998022,0.0155153913787878,0.0398585130821787,0.0344238948007161,0.00462787033155661,0.0226988941266143,0.0863085302061581,0.0145253685555259,-0.0359406785640374,0.0110183125784715,0.0305049496919017,0.239626659112584,-0.00328456896052567,-0.014152116832871,0.00348195257844578,0.0394937508420992,-0.0105108058676519,-0.0106040110384007,-0.0243228989986648,-0.0085829012489387,-0.0624904816189754,-0.00777870712809673
-0.0100632240849069,-0.0149570137651865,0.0203129074709164,-0.00200230884234103,-0.000750196580000886,-0.0352671406278163,0.0204150379736508,-0.0183440006390642,-0.0294949977894028,-0.00124910754458656,0.00750844805428072,0.0198019389457489,0.0151945753625922,-0.00328456896052567,0.0556690056658725,-0.02106826174775,-0.00369514141732738,0.000808776736992718,-0.00623622817831061,-0.0118665472489762,0.0163502135071754,-0.00360910520336623,0.0393748337957136,-0.0209669289481056
-0.028857501400082,-0.00343591738481246,-0.0138493318861742,-0.0238188715488878,-0.0348017664286259,0.0352513908657397,0.00939984129666065,-0.0138202395344181,0.00709540476803058,0.0229959113029101,-0.00771651201520807,-0.00877543743692608,-0.0246302894961448,-0.014152116832871,-0.02106826174775,0.181363461313316,-0.0225966146264912,-0.0249423188652651,0.00964926212694391,-0.0280160013666504,0.00134443679919575,0.00109029483781377,-0.0242609511811662,0.0411803759267365
0.0346655405627868,0.00422356286906866,-0.00664702690060811,0.01007843299066,0.0303085509233366,-0.0179779526543769,0.00117103130649854,0.0219797510076745,-0.00671845558532779,-0.00165753789204784,-0.0378058797222216,-0.00178517863682923,-0.000640032288240369,0.00348195257844578,-0.00369514141732738,-0.0225966146264912,0.0544182653145226,0.00148987855243754,-0.000662208411320174,-0.0132076508405522,0.0258923754110607,-0.000651100682313721,-0.00712928479707271,-0.0128887020719822
0.0143199662400405,0.00422856834550137,-0.0181790471866484,0.00173326033343279,0.0512619096226583,0.0015226065276581,-0.0183917895456808,0.0373214593261577,0.00197837219306653,0.0174146111847846,0.0148643547541072,0.00874623110859334,-0.00870173125388423,0.0394937508420992,0.000808776736992718,-0.0249423188652651,0.00148987855243754,0.115780734104262,-0.0524670494043303,-0.0213184311593445,-0.0374251257345597,0.00241685234822753,-0.019871495863847,0.00172475985962841
-0.0135414652055922,0.00258857802242764,0.0133913534921124,0.00214561126936398,-0.0154030410437158,-0.00633273301877885,0.00635006948568852,0.00207678204557798,0.0129015698502335,-0.00940859443448593,0.00821289676062598,-0.00391765744243608,0.00419039510008542,-0.0105108058676519,-0.00623622817831061,0.00964926212694391,-0.000662208411320174,-0.0524670494043303,0.037807603332513,0.0281511779610725,-0.00677937596293574,-0.00777464117921176,-0.0165991500484128,0.0180127985315897
0.0104241938631529,0.0050049596674099,-0.00722366842390465,-0.00508529424618794,0.018537384967121,-0.0193336178188583,-0.00615915844554602,0.0401252214834479,0.0121638841350829,-0.0229895470925625,0.0184260847297679,0.00725865991347585,-0.0269472895396941,-0.0106040110384007,-0.0118665472489762,-0.0280160013666504,-0.0132076508405522,-0.0213184311593445,0.0281511779610725,0.134271756785043,-0.10454359706361,-0.00294108928742741,-0.0175967279007491,0.0241785607975441
0.0498148681969297,-0.0158096545572441,0.0137327208757055,0.0124473404393492,-0.0523993711768563,0.00695822424910406,0.0231183790986338,-0.0904570786712472,-0.0464282107338451,0.00104844731831175,-0.048449894654818,-0.00463223672900131,-0.00608572956775359,-0.0243228989986648,0.0163502135071754,0.00134443679919575,0.0258923754110607,-0.0374251257345597,-0.00677937596293574,-0.10454359706361,0.198747185047081,-0.0122522828094439,-0.00879180387331995,-0.0166001811037191
-0.0078154190621257,-0.00201131408404076,-0.00661149308563499,-0.0032046100509615,-0.01139065301376,-0.00344807841505796,-0.0131639221234005,0.00047634464399564,-0.00739027388700284,0.00448901347831111,-0.00505816746207924,0.000579735081330885,-0.0028581209826219,-0.0085829012489387,-0.00360910520336623,0.00109029483781377,-0.000651100682313721,0.00241685234822753,-0.00777464117921176,-0.00294108928742741,-0.0122522828094439,0.0168029402703717,0.0339612139975213,-0.0221090118792613
-0.0242298389530728,-0.0220365215626124,0.00357439123948315,-0.0225155859767169,-0.0076878687110917,-0.0172128698818413,0.00296571614465574,-0.0101443013407634,-0.0589213680187825,0.00304558585896938,0.00589230663357804,0.00215562390245083,0.00624321882516103,-0.0624904816189754,0.0393748337957136,-0.0242609511811662,-0.00712928479707271,-0.019871495863847,-0.0165991500484128,-0.0175967279007491,-0.00879180387331995,0.0339612139975213,0.168129122986677,-0.135615887552687
0.00827442524558621,0.02334230047046,-0.0323937309389677,0.0250656965222549,0.00450954586946595,0.00949876474665097,0.0088383482375072,0.00119808493918335,0.060552085774282,-0.0147769294763933,0.012155911036462,0.020258071772581,0.018533358325898,-0.00777870712809673,-0.0209669289481056,0.0411803759267365,-0.0128887020719822,0.00172475985962841,0.0180127985315897,0.0241785607975441,-0.0166001811037191,-0.0221090118792613,-0.135615887552687,0.249539836919301
