0.0660025658035592,0.0180325135938445,0.0476472289581422,-0.0118937668011681,-0.0198232224082686,-0.0100355248310475,-0.0101680594153194,-0.0100327695257732,-0.00982231961002566,-0.00749099989456897,-0.0118711214866232,-0.00611029243830614,-0.00542470793224793,-0.0118721525208555,-0.00868207822406566,0.00786105145478912,-0.0175194203798685,-0.0192937895552425,-0.025869946046898,-0.0045891295658419,0.00309178495419635,-0.0210030422147694
0.0180325135938445,0.0349887153481716,-0.00139277327905922,0.00619963398685105,0.0026902509767025,0.00661008403516387,0.00616915994673153,0.00660780892635746,0.00373981577566154,0.00356047832076529,0.00510776256632308,0.00240193399515455,0.00143300738296622,0.00510547049877025,0.00536455644935689,0.00174198576557362,0.00440174918028266,-0.0148784856979415,-0.000733651955662649,0.0125693248776417,0.00486147420990108,-0.000375354287698259
0.0476472289581422,-0.00139277327905922,0.091489648896457,-0.0106444333489586,-0.0156416281185367,-0.00898087379661301,-0.00714028565137325,-0.00897805137572711,-0.00967010626696401,-0.00641318370429302,-0.0120491931101852,-0.00428173400976239,-0.00444473734207175,-0.0120433028102728,-0.00773179169397571,0.010877971837198,-0.0330760154516945,-0.000164638003122764,-0.0262873639814978,-0.0196540191768256,-0.00728629390719025,-0.0166615332022011
-0.0118937668011681,0.00619963398685105,-0.0106444333489586,0.0332721896983975,0.0282031756322173,0.0309407763265404,0.030189781948282,0.0309389548222264,0.0280123224823058,0.0260607188725436,0.0322968282870543,0.024050136921189,0.019411670825306,0.0322922709094719,0.0264439615458848,-0.0287608004803467,0.0148031366295109,0.00110349483297551,0.0251869103746544,0.00250984043241384,0.0110001394831383,0.0272804996699985
-0.0198232224082686,0.0026902509767025,-0.0156416281185367,0.0282031756322173,0.0267218632698297,0.0262598217324547,0.025317428583217,0.0262572668213254,0.0230974822096494,0.0208236700075454,0.0271649214040545,0.0191917386879366,0.0149091785386521,0.0271616158634794,0.0230221023807408,-0.0233866407848223,0.0137887611806275,0.00185961742299962,0.0244644550642949,0.00103952357252633,0.0084584863822972,0.0248127672089101
-0.0100355248310475,0.00661008403516387,-0.00898087379661301,0.0309407763265404,0.0262598217324547,0.0292566102902572,0.0277545063909202,0.0292554193884668,0.0256409316273392,0.0236019558763439,0.0298744250838471,0.0218202934731358,0.0174591941577147,0.0298700064629559,0.0251054197422296,-0.0266064716832563,0.0134537544827675,-0.000280135669800459,0.0223232803069459,0.000231652773382995,0.0108003694612783,0.0239691854983664
-0.0101680594153194,0.00616915994673153,-0.00714028565137325,0.030189781948282,0.025317428583217,0.0277545063909202,0.028660497707991,0.027752493924627,0.0261088469637889,0.0246698225271404,0.0294734908379652,0.0234249000207977,0.0187010795975152,0.0294695417750649,0.0228160886213867,-0.0265783110559181,0.012614681482242,0.00402629232589987,0.024942995916009,0.00540823837867109,0.010117446893371,0.0276165808740165
-0.0100327695257732,0.00660780892635746,-0.00897805137572711,0.0309389548222264,0.0262572668213254,0.0292554193884668,0.027752493924627,0.0292542449413293,0.0256392421010481,0.0236002023210766,0.0298728734634825,0.021817767061046,0.0174579317515436,0.0298684553236824,0.0251055388084534,-0.0266059012265488,0.0134439077006876,-0.000282900504724727,0.0223174825156584,0.000226932553038436,0.0107970726634288,0.0239635907980569
-0.00982231961002566,0.00373981577566153,-0.00967010626696401,0.0280123224823058,0.0230974822096494,0.0256409316273392,0.0261088469637889,0.0256392421010481,0.037989158327775,0.0341424544448449,0.0439498375216583,0.0342548865240686,0.0258127346518486,0.0439419774898741,0.0213900484785755,-0.034914070318536,0.0193139788359559,0.00493471445272357,0.025110865369379,0.0117984883057556,0.0155089822120212,0.0264971283754724
-0.00749099989456897,0.00356047832076529,-0.00641318370429302,0.0260607188725436,0.0208236700075454,0.0236019558763439,0.0246698225271404,0.0236002023210766,0.0341424544448449,0.0314887864356049,0.0388018224647016,0.0311568351410339,0.0240431813441158,0.0387950839737428,0.0192935803869742,-0.0310382722896071,0.0159604512531395,0.00490821419296445,0.0227889755856239,0.0121227146004296,0.0137621450463195,0.0248704217149003
-0.0118711214866232,0.00510776256632308,-0.0120491931101852,0.0322968282870543,0.0271649214040545,0.0298744250838471,0.0294734908379652,0.0298728734634825,0.0439498375216583,0.0388018224647016,0.0520348830383355,0.0388970160243757,0.0285461357742534,0.0520251820181806,0.0252549564219013,-0.0407915211034084,0.0224216779360433,0.00395486636199555,0.0273987581523425,0.0109864589175878,0.0169867569526783,0.0284861216606799
-0.00611029243830614,0.00240193399515455,-0.00428173400976239,0.024050136921189,0.0191917386879366,0.0218202934731358,0.0234249000207977,0.021817767061046,0.0342548865240686,0.0311568351410339,0.0388970160243757,0.0322640189780032,0.0239575933185319,0.0388901602801902,0.0173593518728128,-0.0317336818186807,0.0162214872408656,0.00751048710314546,0.0231296835234301,0.0118027825517127,0.0148424096808621,0.0250485610932027
-0.00542470793224793,0.00143300738296622,-0.00444473734207175,0.019411670825306,0.0149091785386521,0.0174591941577147,0.0187010795975152,0.0174579317515436,0.0258127346518486,0.0240431813441158,0.0285461357742534,0.0239575933185319,0.0193563277855708,0.0285414043755281,0.0140384110770223,-0.0237475965660409,0.0143173819299912,0.00532249404124579,0.0184375554794372,0.0112206494299345,0.0117499062230562,0.0202511563911627
-0.0118721525208555,0.00510547049877025,-0.0120433028102728,0.0322922709094719,0.0271616158634794,0.0298700064629559,0.0294695417750649,0.0298684553236824,0.0439419774898742,0.0387950839737428,0.0520251820181806,0.0388901602801902,0.0285414043755281,0.0520154853099227,0.0252516798151064,-0.0407843212171949,0.0224147027737997,0.00395494084597436,0.0273953243152731,0.0109824604534408,0.0169823382158076,0.0284827084143852
-0.00868207822406566,0.00536455644935689,-0.00773179169397571,0.0264439615458848,0.0230221023807408,0.0251054197422296,0.0228160886213867,0.0251055388084534,0.0213900484785755,0.0192935803869742,0.0252549564219013,0.0173593518728128,0.0140384110770223,0.0252516798151064,0.024191677129111,-0.0210606286656499,0.0123003735418923,-0.00662640668490588,0.0168824482784085,-0.00171469211920267,0.00846657804644488,0.0183509976578664
0.00786105145478912,0.00174198576557362,0.010877971837198,-0.0287608004803467,-0.0233866407848223,-0.0266064716832563,-0.0265783110559181,-0.0266059012265488,-0.034914070318536,-0.0310382722896071,-0.0407915211034084,-0.0317336818186807,-0.0237475965660409,-0.0407843212171949,-0.0210606286656499,0.0453145935484361,-0.0278654659311119,-0.00202558054650662,-0.030721689503089,-0.00202584919974599,-0.0197579830117722,-0.0309874075073868
-0.0175194203798685,0.00440174918028266,-0.0330760154516945,0.0148031366295109,0.0137887611806275,0.0134537544827675,0.012614681482242,0.0134439077006876,0.0193139788359559,0.0159604512531395,0.0224216779360433,0.0162214872408656,0.0143173819299912,0.0224147027737997,0.0123003735418923,-0.0278654659311119,0.0671427957245732,-0.0116850065282958,0.0255984619382406,0.0153191065679755,0.013471793893183,0.0220212128801815
-0.0192937895552425,-0.0148784856979415,-0.000164638003122764,0.00110349483297551,0.00185961742299962,-0.000280135669800459,0.00402629232589987,-0.000282900504724727,0.00493471445272357,0.00490821419296445,0.00395486636199555,0.00751048710314546,0.00532249404124579,0.00395494084597436,-0.00662640668490588,-0.00202558054650662,-0.0116850065282958,0.0468207689733675,0.0103247022778674,0.00667868143871897,-0.00363241160391285,0.0117963971911926
-0.025869946046898,-0.000733651955662649,-0.0262873639814978,0.0251869103746544,0.0244644550642949,0.0223232803069459,0.024942995916009,0.0223174825156584,0.025110865369379,0.0227889755856239,0.0273987581523425,0.0231296835234301,0.0184375554794372,0.0273953243152731,0.0168824482784085,-0.030721689503089,0.0255984619382406,0.0103247022778674,0.0412680506391508,0.0134605509568996,0.0179595171216137,0.0389715946752844
-0.0045891295658419,0.0125693248776417,-0.0196540191768256,0.00250984043241384,0.00103952357252633,0.000231652773382995,0.00540823837867109,0.000226932553038436,0.0117984883057556,0.0121227146004296,0.0109864589175878,0.0118027825517127,0.0112206494299345,0.0109824604534408,-0.00171469211920267,-0.00202584919974599,0.0153191065679755,0.00667868143871897,0.0134605509568996,0.0444123739242834,0.00992370899054239,0.0141914710047962
0.00309178495419635,0.00486147420990108,-0.00728629390719025,0.0110001394831383,0.0084584863822972,0.0108003694612783,0.010117446893371,0.0107970726634288,0.0155089822120212,0.0137621450463195,0.0169867569526783,0.0148424096808621,0.0117499062230562,0.0169823382158076,0.00846657804644488,-0.0197579830117722,0.013471793893183,-0.00363241160391285,0.0179595171216137,0.00992370899054239,0.0265031707006921,0.0173200986761701
-0.0210030422147694,-0.000375354287698259,-0.0166615332022011,0.0272804996699985,0.0248127672089101,0.0239691854983664,0.0276165808740165,0.0239635907980569,0.0264971283754724,0.0248704217149003,0.0284861216606799,0.0250485610932027,0.0202511563911627,0.0284827084143852,0.0183509976578664,-0.0309874075073868,0.0220212128801815,0.0117963971911926,0.0389715946752844,0.0141914710047962,0.0173200986761701,0.0396945104157316
