0.0869512804032628,0.00924697676955138,0.019226069809028,-0.0250062731938022,-0.0215205908450793,-0.0222207333007965,-0.0261933776802156,-0.024350971631068,-0.0210422130941659,-0.0275175603017812,-0.0331790940825251,-0.0330622699520696,-0.0258482917605112,-0.0329287962454457,-0.0126978206730586,0.0301524841048598,-0.0631421495618304,-0.0465761873167186,-0.0516369382569459,-0.044203436007372,0.0025485011551837,-0.0425027680032038
0.00924697676955138,0.0077213599995734,-0.00465800585850702,0.00224738930170841,0.00283413546230153,0.00375299231749359,0.00417616226942785,0.00497971125463975,0.00329536617950325,0.00539063785174562,0.00536850194411014,0.0028395854359226,0.00348585564996053,0.00555617598972768,0.00619679953177618,-0.00590274890832938,-0.00346813259867164,-0.0130870066067432,-0.0031938760737307,-0.00268994849514506,0.00221878451613883,-0.000249231854058518
0.019226069809028,-0.00465800585850702,0.0454235785054377,-0.0043923542663094,-0.00785951182333235,-0.00337711231699755,-0.00443765749452225,-0.0023805035943546,-0.00706109438636232,-0.00750518102554655,-0.0125334360925406,-0.00561947464659796,-0.00205925285692727,-0.0127835863943345,-0.00422950841851508,0.000900300801267517,0.00133901627836553,0.0114180472665603,-0.00713883910323687,0.00186279666346697,0.019190478601764,-0.00405905488803076
-0.0250062731938022,0.00224738930170841,-0.0043923542663094,0.0185786063192935,0.0126590588836279,0.0177130701444227,0.0235083117428855,0.0238475367416231,0.019439949825634,0.0276957982768274,0.0293420348993125,0.0265951190520901,0.0236983611518638,0.0293211888458198,0.0178528902353187,-0.0281861789402178,0.0395053086414101,0.00687761663271195,0.0212798910582679,0.0232596708341367,0.00837558266972976,0.0223240668917068
-0.0215205908450793,0.00283413546230153,-0.00785951182333235,0.0126590588836279,0.0106638354613398,0.0130665455935506,0.0158057246286991,0.0164776312836752,0.0116449750743453,0.0174535673118453,0.0185943375803307,0.016714750712148,0.0149247727730211,0.0186211019591749,0.0122450435845382,-0.0174750904618761,0.0231158537186731,0.00515895480377607,0.0165159039929984,0.0153324412221076,0.00193319218754898,0.0166371678580749
-0.0222207333007965,0.00375299231749359,-0.00337711231699755,0.0177130701444227,0.0130665455935506,0.018032233769753,0.0228490280714368,0.0238888438949552,0.0171060626082249,0.0257872867952881,0.0265666867350103,0.0243660748690675,0.0221746579672786,0.0265542097479337,0.0179129296009466,-0.0260074399879836,0.0335737273797219,0.00565007963905507,0.0197409296674584,0.0214728583361148,0.00736927689251599,0.0213462511805445
-0.0261933776802156,0.00417616226942785,-0.00443765749452225,0.0235083117428855,0.0158057246286991,0.0228490280714368,0.0309089646433059,0.0318612620411489,0.0250707721908238,0.0366090415544555,0.0387455144602598,0.033423711209663,0.0308733085304942,0.038730926411765,0.0241198012468985,-0.0350560510329855,0.0445331308373628,0.0040531252251831,0.0233282755324726,0.0263578823307513,0.0111780034088511,0.0260930860012097
-0.0243509716310679,0.00497971125463975,-0.0023805035943546,0.0238475367416231,0.0164776312836752,0.0238888438949552,0.0318612620411489,0.0347894182719242,0.0255158167274917,0.0375463186790446,0.0398392445218205,0.0328565060909795,0.0329635715451708,0.0399173399575764,0.0261206378825659,-0.0365222164988601,0.0465563061308662,-0.000790598541057093,0.0238359973430101,0.0230166493554271,0.0113118678637664,0.0279083355253483
-0.0210422130941659,0.00329536617950325,-0.00706109438636232,0.019439949825634,0.0116449750743453,0.0171060626082249,0.0250707721908238,0.0255158167274917,0.0259668332953192,0.0329349470487806,0.038058234375807,0.0296564674695085,0.0285406016651498,0.038136622431728,0.0197467166094749,-0.0351220904231757,0.0450404545093479,-0.00260185665941631,0.0177400430637914,0.0179752412469413,0.0123039610610744,0.0204146068236923
-0.0275175603017812,0.00539063785174562,-0.00750518102554655,0.0276957982768274,0.0174535673118453,0.0257872867952881,0.0366090415544555,0.0375463186790446,0.0329349470487806,0.0456723731605905,0.0499814918781937,0.0406328187185735,0.0383740600838824,0.0500522693008754,0.0291697911170815,-0.0442910237043553,0.0555827197258569,-0.00169683792219921,0.0252176218902869,0.0277271502804744,0.0149684131582024,0.0292524058132783
-0.0331790940825251,0.00536850194411014,-0.0125334360925406,0.0293420348993125,0.0185943375803307,0.0265666867350103,0.0387455144602598,0.0398392445218205,0.038058234375807,0.0499814918781937,0.0578755620054833,0.0434242375000732,0.0426210945730747,0.0579871243113921,0.0304162616014667,-0.0492704834503639,0.0591560675992834,-0.00447370360442373,0.0257631484247162,0.0249979155255324,0.0156166077287903,0.0300209222614684
-0.0330622699520696,0.0028395854359226,-0.00561947464659796,0.0265951190520901,0.016714750712148,0.0243660748690675,0.033423711209663,0.0328565060909795,0.0296564674695085,0.0406328187185735,0.0434242375000732,0.0397139049822247,0.034440581545092,0.0433562521636381,0.0249976561311481,-0.042670303443596,0.059857623029129,0.00964754003755998,0.0287050402623474,0.0342945649120138,0.0147254147966343,0.0302411721981833
-0.0258482917605112,0.00348585564996053,-0.00205925285692727,0.0236983611518638,0.0149247727730211,0.0221746579672786,0.0308733085304942,0.0329635715451708,0.0285406016651498,0.0383740600838824,0.0426210945730747,0.034440581545092,0.0343369185232456,0.0426970613327662,0.0246451209613493,-0.0406387255448942,0.0540888650577048,-0.000231075315705354,0.0237380066894183,0.0229987764865534,0.0146605520500757,0.0273578469227341
-0.0329287962454457,0.00555617598972768,-0.0127835863943345,0.0293211888458198,0.0186211019591749,0.0265542097479337,0.038730926411765,0.0399173399575764,0.038136622431728,0.0500522693008754,0.0579871243113921,0.0433562521636381,0.0426970613327662,0.0581168380492196,0.0305762887824506,-0.0493887311401922,0.0593382897370154,-0.00520681618628414,0.0257901515156195,0.0246596380625787,0.015572899413799,0.0301263042652104
-0.0126978206730586,0.00619679953177618,-0.00422950841851508,0.0178528902353187,0.0122450435845382,0.0179129296009466,0.0241198012468985,0.0261206378825659,0.0197467166094749,0.0291697911170815,0.0304162616014667,0.0249976561311481,0.0246451209613493,0.0305762887824506,0.0210984591930245,-0.0282243452123832,0.0343402409503628,-0.00658259337661001,0.0162161921643832,0.0162147092212965,0.00888022658746179,0.0200563997202676
0.0301524841048598,-0.00590274890832938,0.000900300801267517,-0.0281861789402178,-0.0174750904618761,-0.0260074399879836,-0.0350560510329855,-0.0365222164988601,-0.0351220904231757,-0.0442910237043553,-0.0492704834503639,-0.042670303443596,-0.0406387255448942,-0.0493887311401922,-0.0282243452123832,0.0552126982146491,-0.0746308414704228,-0.00177140307672526,-0.0298514902406246,-0.0314034765807027,-0.0228051774979006,-0.0336421947886834
-0.0631421495618303,-0.00346813259867164,0.00133901627836553,0.0395053086414101,0.0231158537186731,0.0335737273797219,0.0445331308373628,0.0465563061308662,0.0450404545093479,0.0555827197258569,0.0591560675992834,0.059857623029129,0.0540888650577048,0.0593382897370154,0.0343402409503628,-0.0746308414704228,0.139243678636747,0.0209710069258696,0.0623099705366819,0.0579525345965444,0.0260447530310695,0.0615475521959818
-0.0465761873167186,-0.0130870066067432,0.0114180472665603,0.00687761663271195,0.00515895480377607,0.00565007963905507,0.0040531252251831,-0.000790598541057093,-0.00260185665941631,-0.00169683792219921,-0.00447370360442373,0.00964754003755998,-0.000231075315705354,-0.00520681618628414,-0.00658259337661001,-0.00177140307672526,0.0209710069258696,0.0567230635237284,0.0242682417377735,0.0355794351422268,0.0020712450353282,0.0151435236981811
-0.0516369382569459,-0.0031938760737307,-0.00713883910323687,0.0212798910582679,0.0165159039929984,0.0197409296674584,0.0233282755324726,0.0238359973430101,0.0177400430637914,0.0252176218902869,0.0257631484247162,0.0287050402623473,0.0237380066894183,0.0257901515156195,0.0162161921643832,-0.0298514902406246,0.0623099705366819,0.0242682417377735,0.0408782338480539,0.0361483059431336,0.00365988419240588,0.0369717550533985
-0.044203436007372,-0.00268994849514506,0.00186279666346697,0.0232596708341367,0.0153324412221076,0.0214728583361148,0.0263578823307513,0.0230166493554271,0.0179752412469413,0.0277271502804744,0.0249979155255324,0.0342945649120138,0.0229987764865534,0.0246596380625787,0.0162147092212965,-0.0314034765807027,0.0579525345965444,0.0355794351422268,0.0361483059431336,0.0483297665615046,0.0115363016854082,0.0323226281894289
0.0025485011551837,0.00221878451613883,0.019190478601764,0.00837558266972976,0.00193319218754898,0.00736927689251599,0.0111780034088511,0.0113118678637664,0.0123039610610744,0.0149684131582024,0.0156166077287903,0.0147254147966343,0.0146605520500757,0.015572899413799,0.00888022658746179,-0.0228051774979006,0.0260447530310695,0.0020712450353282,0.00365988419240588,0.0115363016854082,0.0208985453427402,0.0071889762701915
-0.0425027680032038,-0.000249231854058518,-0.00405905488803076,0.0223240668917068,0.0166371678580749,0.0213462511805445,0.0260930860012097,0.0279083355253483,0.0204146068236922,0.0292524058132783,0.0300209222614684,0.0302411721981833,0.0273578469227341,0.0301263042652104,0.0200563997202676,-0.0336421947886834,0.0615475521959818,0.0151435236981811,0.0369717550533985,0.0323226281894289,0.0071889762701915,0.0358376157641499
