7502.51983993786,274.514893603649,-126.825600272025,-204.638672690766,0,-428.755568105032,0,0,0,1016.60426803186,0,242.454885027917,0,434.039143698986,0,46.0521239536253,0,-1168.39661050219,-1266.77815111256,3063.81578002419,1599.52412516364,0,0,0,-334.631119848223,0,0,1070.58306661281,0,0,0,0,-1302.2985038299,0,-77.6091585898968,897.262657834772,0,-197.687414243198,0,1412.7153942444,0,199.085304015698,0,-240.684986514194,1981.27496501973,0,-449.218520353707,398.656159308163,0,0,84.2445861481321,0,0,0,0,504.677996618721,0,0,-685.215452543821,0
274.514893603649,3936.07704330469,121.311479633548,-80.1741717090196,0,-398.33538398053,0,0,0,-802.991149099147,0,-1132.80506346666,0,486.657799243066,0,-807.557384266384,0,-1263.55167917044,303.215105267238,-831.658057567677,1653.20486437113,0,0,0,1376.27437545542,0,0,-169.394002924,0,0,0,0,837.024240442897,0,278.83378360138,-162.143426474278,0,22.1352514457588,0,-475.195932592391,0,-472.809332162074,0,56.4134389515888,233.411267362651,0,-525.808147517547,169.353376122993,0,0,-9.11681468887297,0,0,0,0,-440.301747527081,0,0,-259.505433550284,0
-126.825600272025,121.311479633548,1494.54398881235,203.278359674875,0,-354.174961825458,0,0,0,-516.089617380198,0,-428.936801381158,0,-183.018008304475,0,814.284080804575,0,293.715748135341,174.000115757952,62.6194470915677,-63.6172947766149,0,0,0,-150.262814334178,0,0,257.449701809334,0,0,0,0,37.4661626302982,0,220.226274114841,-79.621615503387,0,583.24046372216,0,-337.885022161345,0,-447.124213186907,0,43.4191974285209,132.823645092149,0,121.449497855695,698.604232327906,0,0,134.910716854622,0,0,0,0,226.421611438483,0,0,345.324634121338,0
-204.638672690766,-80.1741717090196,203.278359674875,969.368176316145,0,378.126334234155,0,0,0,-305.536188164657,0,-482.710752671511,0,919.233073689306,0,-315.395490665467,0,-107.708682076995,249.335207792664,92.2803363007896,730.79384632482,0,0,0,382.383028395788,0,0,363.025363708762,0,0,0,0,342.354362422451,0,-157.195319701492,-5.40463451625628,0,288.772286320959,0,-74.3203897495341,0,564.369920243771,0,-151.069097371408,-110.180077707139,0,198.760575353967,-671.739204284716,0,0,107.217360951547,0,0,0,0,69.2598354669312,0,0,-78.6849183206572,0
0,0,0,0,0.0109558930142495,0,0,0,0,0,0,0,0,0,0,0,0,0,0,0,0,0,0,0,0,0,0,0,0,0,0,0,0,0,0,0,0,0,0,0,0,0,0,0,0,0,0,0,0,0,0,0,0,0,0,0,0,0,0,0
-428.755568105032,-398.33538398053,-354.174961825458,378.126334234155,0,7311.79391420599,0,0,0,-964.496951891701,0,413.072521949922,0,201.328867326474,0,-764.72251753762,0,410.061044372191,-426.224277146365,1045.11510157579,1241.4487584747,0,0,0,-512.615568041082,0,0,780.425429153001,0,0,0,0,731.823459008165,0,-363.900858085427,-395.833041533201,0,1013.83797784609,0,330.076655670833,0,-1620.63025527116,0,-2059.95907362931,918.014298493418,0,422.384532426414,185.101397770219,0,0,-225.5606426155,0,0,0,0,638.000906520945,0,0,385.076243991429,0
0,0,0,0,0,0,0.0196326391547127,0,0,0,0,0,0,0,0,0,0,0,0,0,0,0,0,0,0,0,0,0,0,0,0,0,0,0,0,0,0,0,0,0,0,0,0,0,0,0,0,0,0,0,0,0,0,0,0,0,0,0,0,0
0,0,0,0,0,0,0,0.0556356511481118,0,0,0,0,0,0,0,0,0,0,0,0,0,0,0,0,0,0,0,0,0,0,0,0,0,0,0,0,0,0,0,0,0,0,0,0,0,0,0,0,0,0,0,0,0,0,0,0,0,0,0,0
0,0,0,0,0,0,0,0,0.0223754795500205,0,0,0,0,0,0,0,0,0,0,0,0,0,0,0,0,0,0,0,0,0,0,0,0,0,0,0,0,0,0,0,0,0,0,0,0,0,0,0,0,0,0,0,0,0,0,0,0,0,0,0
1016.60426803186,-802.991149099147,-516.089617380198,-305.536188164657,0,-964.496951891701,0,0,0,10238.5735082136,0,-1011.78991688473,0,1201.97871669503,0,3134.7735809883,0,-2487.84230850274,1812.90610850741,1604.83833629607,-2268.63532207613,0,0,0,-427.053754987584,0,0,-427.558140539597,0,0,0,0,-404.903713778565,0,412.175157601838,584.528120323235,0,-1274.27871689505,0,356.504499014056,0,-521.441244313355,0,-314.70405955868,-96.9996248266085,0,-1840.55810223255,1108.76745993892,0,0,294.725193815818,0,0,0,0,-58.1602640066483,0,0,-215.143257778522,0
0,0,0,0,0,0,0,0,0,0,0.0336064107789796,0,0,0,0,0,0,0,0,0,0,0,0,0,0,0,0,0,0,0,0,0,0,0,0,0,0,0,0,0,0,0,0,0,0,0,0,0,0,0,0,0,0,0,0,0,0,0,0,0
242.454885027917,-1132.80506346666,-428.936801381158,-482.710752671511,0,413.072521949922,0,0,0,-1011.78991688472,0,8875.75921577745,0,-1334.79903937746,0,-825.438363008872,0,1123.88413096615,-1619.94704267607,1015.89263715372,874.279639015354,0,0,0,209.067912529269,0,0,1038.54164238838,0,0,0,0,-524.137904324692,0,100.101408704823,84.5473328293933,0,272.493135447961,0,796.252086388256,0,1181.76675973728,0,-464.428783746811,-331.892957360976,0,544.335586841273,445.437085950194,0,0,-119.619068351104,0,0,0,0,175.495800546926,0,0,248.17936798367,0
0,0,0,0,0,0,0,0,0,0,0,0,0.0271697913498191,0,0,0,0,0,0,0,0,0,0,0,0,0,0,0,0,0,0,0,0,0,0,0,0,0,0,0,0,0,0,0,0,0,0,0,0,0,0,0,0,0,0,0,0,0,0,0
434.039143698986,486.657799243066,-183.018008304475,919.233073689306,0,201.328867326474,0,0,0,1201.97871669503,0,-1334.79903937746,0,9835.68130509384,0,-603.289914159488,0,764.405618021562,-770.113573134531,674.653267105854,-677.582616196913,0,0,0,-739.08762025101,0,0,1957.35616874841,0,0,0,0,2895.53842201016,0,-4062.8391534647,344.714068831171,0,36.7562158533132,0,-1457.16969847846,0,-298.513992505361,0,1620.822331546,848.839107571035,0,-1238.28187299694,-175.261479845303,0,0,-15.2985217937274,0,0,0,0,24.209884137305,0,0,-132.255529391758,0
0,0,0,0,0,0,0,0,0,0,0,0,0,0,0.0497076081312996,0,0,0,0,0,0,0,0,0,0,0,0,0,0,0,0,0,0,0,0,0,0,0,0,0,0,0,0,0,0,0,0,0,0,0,0,0,0,0,0,0,0,0,0,0
46.0521239536253,-807.557384266384,814.284080804575,-315.395490665467,0,-764.72251753762,0,0,0,3134.7735809883,0,-825.438363008872,0,-603.289914159488,0,18829.8554128471,0,858.522751473169,1493.42208374601,-1791.22737830388,-1930.28156369704,0,0,0,-2396.97431669092,0,0,1813.59374483175,0,0,0,0,966.723453835503,0,4448.43335230172,-443.175782556246,0,568.681529191516,0,1237.06803901273,0,1740.73904799091,0,-918.603278417763,472.79297797516,0,1678.53817073061,1306.58317591046,0,0,-596.427765656705,0,0,0,0,358.642642082421,0,0,120.628599598935,0
0,0,0,0,0,0,0,0,0,0,0,0,0,0,0,0,0.0776214838902362,0,0,0,0,0,0,0,0,0,0,0,0,0,0,0,0,0,0,0,0,0,0,0,0,0,0,0,0,0,0,0,0,0,0,0,0,0,0,0,0,0,0,0
-1168.39661050219,-1263.55167917044,293.715748135341,-107.708682076995,0,410.061044372191,0,0,0,-2487.84230850274,0,1123.88413096615,0,764.405618021562,0,858.522751473169,0,19886.8842674354,638.06390286468,1034.84970657111,-79.2219729794144,0,0,0,900.793811591912,0,0,-2164.59028328686,0,0,0,0,-2802.96096539061,0,-89.53514697217,-2228.31983186654,0,-238.472260038964,0,1267.4399293107,0,-185.773740885103,0,-386.547073860052,1175.04420651359,0,541.155488071542,-1209.91131639544,0,0,459.825011382421,0,0,0,0,-1707.10230706042,0,0,923.118434583335,0
-1266.77815111256,303.215105267238,174.000115757952,249.335207792664,0,-426.224277146365,0,0,0,1812.90610850741,0,-1619.94704267607,0,-770.113573134532,0,1493.42208374601,0,638.06390286468,17076.4358538265,-1127.46303201981,1981.57819715542,0,0,0,2429.78525687131,0,0,-1619.50084869161,0,0,0,0,-835.709530873256,0,642.499845553462,-2242.06068563084,0,-1291.92969091016,0,-121.188286640135,0,1077.94424412226,0,1131.97874566686,-158.019769309997,0,155.730038574637,-1290.96327378939,0,0,236.435105088352,0,0,0,0,130.662172631002,0,0,643.990496673444,0
3063.81578002419,-831.658057567677,62.6194470915677,92.2803363007896,0,1045.11510157579,0,0,0,1604.83833629607,0,1015.89263715372,0,674.653267105854,0,-1791.22737830388,0,1034.84970657111,-1127.46303201981,18648.4070884933,2517.01933960174,0,0,0,-535.527624016575,0,0,-1405.53963079917,0,0,0,0,-1329.06677972168,0,-117.925603826895,560.212635145158,0,-1897.30961917251,0,759.381532003945,0,943.972538916074,0,2284.48188009269,472.046083769752,0,1566.93466506817,-1210.89715536366,0,0,-549.670922431017,0,0,0,0,302.979238804239,0,0,452.150648178321,0
1599.52412516364,1653.20486437113,-63.6172947766149,730.79384632482,0,1241.4487584747,0,0,0,-2268.63532207613,0,874.279639015355,0,-677.582616196913,0,-1930.28156369704,0,-79.2219729794144,1981.57819715542,2517.01933960174,18334.2503372855,0,0,0,2123.36443456541,0,0,-1672.8844475532,0,0,0,0,2032.83189270882,0,2785.2072252889,1121.75033359196,0,-479.208552341353,0,1666.68634270151,0,2191.76194512557,0,1433.28538069636,848.326327845784,0,1261.67649549469,1199.3985655895,0,0,205.775032378563,0,0,0,0,-1785.14617345512,0,0,-450.729362942259,0
0,0,0,0,0,0,0,0,0,0,0,0,0,0,0,0,0,0,0,0,0,0.0700430500599372,0,0,0,0,0,0,0,0,0,0,0,0,0,0,0,0,0,0,0,0,0,0,0,0,0,0,0,0,0,0,0,0,0,0,0,0,0,0
0,0,0,0,0,0,0,0,0,0,0,0,0,0,0,0,0,0,0,0,0,0,0.0725826025244354,0,0,0,0,0,0,0,0,0,0,0,0,0,0,0,0,0,0,0,0,0,0,0,0,0,0,0,0,0,0,0,0,0,0,0,0,0
0,0,0,0,0,0,0,0,0,0,0,0,0,0,0,0,0,0,0,0,0,0,0,0.0728765368238133,0,0,0,0,0,0,0,0,0,0,0,0,0,0,0,0,0,0,0,0,0,0,0,0,0,0,0,0,0,0,0,0,0,0,0,0
-334.631119848223,1376.27437545542,-150.262814334178,382.383028395788,0,-512.615568041082,0,0,0,-427.053754987584,0,209.067912529269,0,-739.08762025101,0,-2396.97431669092,0,900.793811591912,2429.78525687131,-535.527624016575,2123.36443456541,0,0,0,13617.0876594071,0,0,14.8167460655956,0,0,0,0,1291.28149452625,0,1152.46721602602,532.308841716928,0,-1130.47938978648,0,817.255312031969,0,869.071730215889,0,849.666457715421,1269.15003301282,0,-674.375610554757,936.759848564656,0,0,1694.57808690473,0,0,0,0,-273.328132308496,0,0,-1680.57281611082,0
0,0,0,0,0,0,0,0,0,0,0,0,0,0,0,0,0,0,0,0,0,0,0,0,0,0.046120311296,0,0,0,0,0,0,0,0,0,0,0,0,0,0,0,0,0,0,0,0,0,0,0,0,0,0,0,0,0,0,0,0,0,0
0,0,0,0,0,0,0,0,0,0,0,0,0,0,0,0,0,0,0,0,0,0,0,0,0,0,0.0547896793838839,0,0,0,0,0,0,0,0,0,0,0,0,0,0,0,0,0,0,0,0,0,0,0,0,0,0,0,0,0,0,0,0,0
1070.58306661281,-169.394002924,257.449701809334,363.025363708762,0,780.425429153001,0,0,0,-427.558140539597,0,1038.54164238838,0,1957.35616874841,0,1813.59374483175,0,-2164.59028328686,-1619.50084869161,-1405.53963079917,-1672.8844475532,0,0,0,14.8167460655956,0,0,13218.6849428332,0,0,0,0,853.565959077074,0,1244.67695899626,-3020.36379087048,0,1965.22379523924,0,1194.40831716358,0,1655.70398634508,0,545.246059951926,-2341.67989201009,0,869.716129662018,-762.832880434554,0,0,-563.448104865012,0,0,0,0,-16.8685819435279,0,0,-519.004493487794,0
0,0,0,0,0,0,0,0,0,0,0,0,0,0,0,0,0,0,0,0,0,0,0,0,0,0,0,0,0.0438528557596021,0,0,0,0,0,0,0,0,0,0,0,0,0,0,0,0,0,0,0,0,0,0,0,0,0,0,0,0,0,0,0
0,0,0,0,0,0,0,0,0,0,0,0,0,0,0,0,0,0,0,0,0,0,0,0,0,0,0,0,0,0.0460914202483708,0,0,0,0,0,0,0,0,0,0,0,0,0,0,0,0,0,0,0,0,0,0,0,0,0,0,0,0,0,0
0,0,0,0,0,0,0,0,0,0,0,0,0,0,0,0,0,0,0,0,0,0,0,0,0,0,0,0,0,0,0.0348895514788367,0,0,0,0,0,0,0,0,0,0,0,0,0,0,0,0,0,0,0,0,0,0,0,0,0,0,0,0,0
0,0,0,0,0,0,0,0,0,0,0,0,0,0,0,0,0,0,0,0,0,0,0,0,0,0,0,0,0,0,0,0.0359939789331625,0,0,0,0,0,0,0,0,0,0,0,0,0,0,0,0,0,0,0,0,0,0,0,0,0,0,0,0
-1302.2985038299,837.024240442897,37.4661626302982,342.354362422451,0,731.823459008165,0,0,0,-404.903713778565,0,-524.137904324692,0,2895.53842201016,0,966.723453835503,0,-2802.96096539061,-835.709530873256,-1329.06677972168,2032.83189270882,0,0,0,1291.28149452625,0,0,853.565959077074,0,0,0,0,11742.0036719236,0,-956.762221643883,1840.08616403347,0,-25.877508298058,0,-32.6361947613012,0,1060.17061292401,0,511.893990403016,1458.74551826848,0,371.078367225296,2191.27022627088,0,0,284.970213438364,0,0,0,0,1162.71124840568,0,0,115.412691756428,0
0,0,0,0,0,0,0,0,0,0,0,0,0,0,0,0,0,0,0,0,0,0,0,0,0,0,0,0,0,0,0,0,0,0.0582058147006544,0,0,0,0,0,0,0,0,0,0,0,0,0,0,0,0,0,0,0,0,0,0,0,0,0,0
-77.6091585898968,278.83378360138,220.226274114841,-157.195319701492,0,-363.900858085427,0,0,0,412.175157601838,0,100.101408704823,0,-4062.8391534647,0,4448.43335230173,0,-89.53514697217,642.499845553462,-117.925603826895,2785.2072252889,0,0,0,1152.46721602602,0,0,1244.67695899626,0,0,0,0,-956.762221643883,0,17995.6886831122,-2145.44877679062,0,-1405.68154892411,0,-99.202776872745,0,2193.45551512482,0,636.418971338775,-149.09371593514,0,-1581.02880397488,408.88510145984,0,0,610.900100577989,0,0,0,0,-403.587900263376,0,0,-130.194496714034,0
897.262657834772,-162.143426474278,-79.621615503387,-5.40463451625628,0,-395.833041533201,0,0,0,584.528120323235,0,84.5473328293933,0,344.714068831171,0,-443.175782556246,0,-2228.31983186654,-2242.06068563084,560.212635145158,1121.75033359196,0,0,0,532.308841716928,0,0,-3020.36379087048,0,0,0,0,1840.08616403347,0,-2145.44877679062,15637.9721857167,0,838.396644853494,0,907.487256682058,0,60.2843755990554,0,-1565.0863057838,1953.99140495108,0,-1392.7098005373,1447.93316361674,0,0,1842.70626743105,0,0,0,0,986.451415771209,0,0,-92.4244821897832,0
0,0,0,0,0,0,0,0,0,0,0,0,0,0,0,0,0,0,0,0,0,0,0,0,0,0,0,0,0,0,0,0,0,0,0,0,0.064619211910118,0,0,0,0,0,0,0,0,0,0,0,0,0,0,0,0,0,0,0,0,0,0,0
-197.687414243198,22.1352514457588,583.24046372216,288.772286320959,0,1013.83797784609,0,0,0,-1274.27871689505,0,272.493135447961,0,36.7562158533132,0,568.681529191516,0,-238.472260038964,-1291.92969091016,-1897.30961917251,-479.208552341353,0,0,0,-1130.47938978648,0,0,1965.22379523924,0,0,0,0,-25.877508298058,0,-1405.68154892411,838.396644853494,0,13951.1735921042,0,1419.9512111633,0,393.184907695189,0,-1041.33984816256,724.844432202845,0,2145.02258266073,30.6934925970959,0,0,-447.583481658988,0,0,0,0,646.936786997191,0,0,-674.959654768904,0
0,0,0,0,0,0,0,0,0,0,0,0,0,0,0,0,0,0,0,0,0,0,0,0,0,0,0,0,0,0,0,0,0,0,0,0,0,0,0.0367840670901667,0,0,0,0,0,0,0,0,0,0,0,0,0,0,0,0,0,0,0,0,0
1412.7153942444,-475.195932592391,-337.885022161345,-74.3203897495342,0,330.076655670834,0,0,0,356.504499014056,0,796.252086388256,0,-1457.16969847846,0,1237.06803901273,0,1267.4399293107,-121.188286640135,759.381532003945,1666.68634270151,0,0,0,817.255312031969,0,0,1194.40831716358,0,0,0,0,-32.6361947613012,0,-99.202776872745,907.487256682058,0,1419.9512111633,0,5352.81569813426,0,1351.01446205747,0,-491.25721405021,-92.2632730414842,0,135.58441612835,278.14423074381,0,0,-252.612446074971,0,0,0,0,-164.170265536906,0,0,-423.807861178887,0
0,0,0,0,0,0,0,0,0,0,0,0,0,0,0,0,0,0,0,0,0,0,0,0,0,0,0,0,0,0,0,0,0,0,0,0,0,0,0,0,0.032657797993704,0,0,0,0,0,0,0,0,0,0,0,0,0,0,0,0,0,0,0
199.085304015698,-472.809332162074,-447.124213186907,564.369920243771,0,-1620.63025527116,0,0,0,-521.441244313355,0,1181.76675973728,0,-298.51399250536,0,1740.73904799091,0,-185.773740885103,1077.94424412226,943.972538916074,2191.76194512557,0,0,0,869.071730215889,0,0,1655.70398634508,0,0,0,0,1060.17061292401,0,2193.45551512482,60.2843755990554,0,393.184907695189,0,1351.01446205747,0,8495.99441019957,0,802.128718077638,-545.151219999398,0,1366.92504135127,-1951.00882349079,0,0,296.27130348442,0,0,0,0,-432.728365143413,0,0,295.852198881212,0
0,0,0,0,0,0,0,0,0,0,0,0,0,0,0,0,0,0,0,0,0,0,0,0,0,0,0,0,0,0,0,0,0,0,0,0,0,0,0,0,0,0,0.0346567225386064,0,0,0,0,0,0,0,0,0,0,0,0,0,0,0,0,0
-240.684986514194,56.4134389515888,43.4191974285209,-151.069097371408,0,-2059.95907362931,0,0,0,-314.70405955868,0,-464.428783746811,0,1620.822331546,0,-918.603278417763,0,-386.547073860052,1131.97874566686,2284.48188009269,1433.28538069636,0,0,0,849.666457715421,0,0,545.246059951926,0,0,0,0,511.893990403016,0,636.418971338775,-1565.0863057838,0,-1041.33984816256,0,-491.25721405021,0,802.128718077638,0,6371.09500635713,-1818.69446843339,0,-95.9154683644124,433.256538051221,0,0,55.1697146458508,0,0,0,0,-366.618834458947,0,0,-172.257031331933,0
1981.27496501973,233.411267362651,132.823645092149,-110.180077707139,0,918.014298493418,0,0,0,-96.9996248266085,0,-331.892957360976,0,848.839107571035,0,472.79297797516,0,1175.04420651359,-158.019769309997,472.046083769752,848.326327845784,0,0,0,1269.15003301282,0,0,-2341.67989201009,0,0,0,0,1458.74551826848,0,-149.09371593514,1953.99140495108,0,724.844432202845,0,-92.2632730414842,0,-545.151219999397,0,-1818.69446843339,9915.4011967809,0,114.611391347082,-101.525291208731,0,0,1415.24881273822,0,0,0,0,100.761712836683,0,0,-614.444133212285,0
0,0,0,0,0,0,0,0,0,0,0,0,0,0,0,0,0,0,0,0,0,0,0,0,0,0,0,0,0,0,0,0,0,0,0,0,0,0,0,0,0,0,0,0,0,0.013699152664346,0,0,0,0,0,0,0,0,0,0,0,0,0,0
-449.218520353707,-525.808147517547,121.449497855695,198.760575353967,0,422.384532426414,0,0,0,-1840.55810223255,0,544.335586841273,0,-1238.28187299694,0,1678.53817073061,0,541.155488071542,155.730038574637,1566.93466506817,1261.67649549469,0,0,0,-674.375610554757,0,0,869.716129662018,0,0,0,0,371.078367225296,0,-1581.02880397488,-1392.7098005373,0,2145.02258266073,0,135.58441612835,0,1366.92504135127,0,-95.9154683644124,114.611391347082,0,7100.98906528768,367.691681477311,0,0,-931.566805218674,0,0,0,0,-800.161947013157,0,0,194.804888137255,0
398.656159308163,169.353376122993,698.604232327906,-671.739204284716,0,185.101397770219,0,0,0,1108.76745993892,0,445.437085950194,0,-175.261479845303,0,1306.58317591046,0,-1209.91131639544,-1290.96327378939,-1210.89715536366,1199.3985655895,0,0,0,936.759848564656,0,0,-762.832880434554,0,0,0,0,2191.27022627088,0,408.88510145984,1447.93316361674,0,30.6934925970959,0,278.14423074381,0,-1951.00882349079,0,433.256538051221,-101.525291208731,0,367.691681477311,8406.44170717363,0,0,-14.3079571535616,0,0,0,0,-308.704347914143,0,0,-378.043903332304,0
0,0,0,0,0,0,0,0,0,0,0,0,0,0,0,0,0,0,0,0,0,0,0,0,0,0,0,0,0,0,0,0,0,0,0,0,0,0,0,0,0,0,0,0,0,0,0,0,0.0281191056415393,0,0,0,0,0,0,0,0,0,0,0
0,0,0,0,0,0,0,0,0,0,0,0,0,0,0,0,0,0,0,0,0,0,0,0,0,0,0,0,0,0,0,0,0,0,0,0,0,0,0,0,0,0,0,0,0,0,0,0,0,0.0215865706730494,0,0,0,0,0,0,0,0,0,0
84.2445861481321,-9.11681468887297,134.910716854622,107.217360951547,0,-225.5606426155,0,0,0,294.725193815818,0,-119.619068351104,0,-15.2985217937274,0,-596.427765656705,0,459.825011382421,236.435105088352,-549.670922431017,205.775032378563,0,0,0,1694.57808690473,0,0,-563.448104865012,0,0,0,0,284.970213438364,0,610.900100577989,1842.70626743105,0,-447.583481658988,0,-252.612446074971,0,296.27130348442,0,55.1697146458508,1415.24881273822,0,-931.566805218674,-14.3079571535616,0,0,2620.20389012533,0,0,0,0,91.7664493875272,0,0,-422.305417013372,0
0,0,0,0,0,0,0,0,0,0,0,0,0,0,0,0,0,0,0,0,0,0,0,0,0,0,0,0,0,0,0,0,0,0,0,0,0,0,0,0,0,0,0,0,0,0,0,0,0,0,0,0.00730763176110001,0,0,0,0,0,0,0,0
0,0,0,0,0,0,0,0,0,0,0,0,0,0,0,0,0,0,0,0,0,0,0,0,0,0,0,0,0,0,0,0,0,0,0,0,0,0,0,0,0,0,0,0,0,0,0,0,0,0,0,0,0.0290893311698511,0,0,0,0,0,0,0
0,0,0,0,0,0,0,0,0,0,0,0,0,0,0,0,0,0,0,0,0,0,0,0,0,0,0,0,0,0,0,0,0,0,0,0,0,0,0,0,0,0,0,0,0,0,0,0,0,0,0,0,0,0.0371110259765152,0,0,0,0,0,0
0,0,0,0,0,0,0,0,0,0,0,0,0,0,0,0,0,0,0,0,0,0,0,0,0,0,0,0,0,0,0,0,0,0,0,0,0,0,0,0,0,0,0,0,0,0,0,0,0,0,0,0,0,0,0.0267716340504042,0,0,0,0,0
504.677996618721,-440.301747527081,226.421611438483,69.2598354669312,0,638.000906520945,0,0,0,-58.1602640066483,0,175.495800546926,0,24.209884137305,0,358.642642082421,0,-1707.10230706042,130.662172631002,302.979238804239,-1785.14617345512,0,0,0,-273.328132308496,0,0,-16.8685819435279,0,0,0,0,1162.71124840568,0,-403.587900263376,986.451415771209,0,646.936786997191,0,-164.170265536906,0,-432.728365143413,0,-366.618834458947,100.761712836683,0,-800.161947013157,-308.704347914143,0,0,91.7664493875272,0,0,0,0,5523.67028662513,0,0,-631.735092527846,0
0,0,0,0,0,0,0,0,0,0,0,0,0,0,0,0,0,0,0,0,0,0,0,0,0,0,0,0,0,0,0,0,0,0,0,0,0,0,0,0,0,0,0,0,0,0,0,0,0,0,0,0,0,0,0,0,0.0290958981054035,0,0,0
0,0,0,0,0,0,0,0,0,0,0,0,0,0,0,0,0,0,0,0,0,0,0,0,0,0,0,0,0,0,0,0,0,0,0,0,0,0,0,0,0,0,0,0,0,0,0,0,0,0,0,0,0,0,0,0,0,0.030760581904133,0,0
-685.215452543821,-259.505433550284,345.324634121338,-78.6849183206572,0,385.076243991429,0,0,0,-215.143257778522,0,248.17936798367,0,-132.255529391758,0,120.628599598935,0,923.118434583335,643.990496673444,452.150648178321,-450.729362942259,0,0,0,-1680.57281611082,0,0,-519.004493487794,0,0,0,0,115.412691756428,0,-130.194496714034,-92.4244821897832,0,-674.959654768904,0,-423.807861178887,0,295.852198881212,0,-172.257031331933,-614.444133212285,0,194.804888137255,-378.043903332304,0,0,-422.305417013372,0,0,0,0,-631.735092527846,0,0,3256.64166150307,0
0,0,0,0,0,0,0,0,0,0,0,0,0,0,0,0,0,0,0,0,0,0,0,0,0,0,0,0,0,0,0,0,0,0,0,0,0,0,0,0,0,0,0,0,0,0,0,0,0,0,0,0,0,0,0,0,0,0,0,0.00843513885868705
