5014.35503587442,-336.964037141242,0,159.587328376445,1076.03393415393,68.9986881553906,0,0,0,0,0,1856.00490430733,0,0,0,795.946533039037,0,0,-909.673274785223,-289.21349116693,0,0,82.944126984534,0,0,0,-555.900882536432,1033.05809182297,-304.119974500961,0,0,303.129433487444,0,-27.9923822752443,-954.507911112957,202.113532152065,-675.536968932234,0,0,142.360870639709,0,0,0,914.598816219392,303.937686496194,0,0,0,973.424648837059,-234.928596089953,0,0,-183.960283364165,0,269.921353075884,-53.2976843707669,0,203.824670729933,0,0
-336.964037141242,2552.86604856474,0,68.4021596214918,-450.906499704451,-368.846759088328,0,0,0,0,0,207.066887000601,0,0,0,116.435096781744,0,0,490.038296194241,-418.113400235972,0,0,898.219050780789,0,0,0,1308.52398565891,861.247559953765,576.242028810658,0,0,-229.25220035053,0,-1055.01021873551,-231.294620172624,276.312134524695,8.88158476749383,0,0,-515.977950337872,0,0,0,-1705.79692389695,-434.393340858236,0,0,0,802.176347681471,-265.094077770434,0,0,324.712784252301,0,258.0102571441,-105.606565259021,0,228.444279767619,0,0
0,0,0.0141813817926688,0,0,0,0,0,0,0,0,0,0,0,0,0,0,0,0,0,0,0,0,0,0,0,0,0,0,0,0,0,0,0,0,0,0,0,0,0,0,0,0,0,0,0,0,0,0,0,0,0,0,0,0,0,0,0,0,0
159.587328376445,68.4021596214918,0,1305.37593679358,-30.9334808559251,-213.002928126894,0,0,0,0,0,-46.377151874165,0,0,0,-1201.24408040068,0,0,997.967237879907,-425.143531164386,0,0,419.159769968854,0,0,0,56.683539513106,-325.807122870882,-366.330099549803,0,0,479.647170256073,0,464.570959046123,54.4905630825584,150.840327196376,908.714853887928,0,0,52.8766290209472,0,0,0,1113.77743430795,412.191994988711,0,0,0,712.473578697134,151.785177636409,0,0,490.798842441146,0,172.452871040089,122.725950997052,0,-218.685774714748,0,0
1076.03393415393,-450.906499704451,0,-30.9334808559251,5939.16278831222,771.946654023893,0,0,0,0,0,-802.175857622862,0,0,0,1070.41556740968,0,0,239.244004961027,-129.190210239533,0,0,-2711.29946262332,0,0,0,-1310.00410112742,124.817014694522,877.552237866429,0,0,102.01963793932,0,-2055.69875112551,-1261.42888230468,-475.864641275466,539.36826821551,0,0,-396.244682856514,0,0,0,436.159312181974,1305.94966423856,0,0,0,-214.771498890611,129.59461885719,0,0,-619.347937520779,0,-241.976401151685,256.477043055206,0,877.930035114387,0,0
68.9986881553906,-368.846759088328,0,-213.002928126894,771.946654023893,4917.85659031847,0,0,0,0,0,522.269025686739,0,0,0,458.962651465338,0,0,-317.032090483784,-32.24842798422,0,0,-1840.17657592827,0,0,0,-566.651309779136,699.707249456826,1665.92701385186,0,0,295.380452575339,0,42.6627707006388,-548.722197934285,1534.55454339002,-1500.43537191501,0,0,32.6388448652169,0,0,0,523.023368014544,694.039490124746,0,0,0,700.993674954748,573.035776715646,0,0,-697.941502589495,0,-98.1320481729576,-638.11439223179,0,-23.7150248917703,0,0
0,0,0,0,0,0,0.0200486252532971,0,0,0,0,0,0,0,0,0,0,0,0,0,0,0,0,0,0,0,0,0,0,0,0,0,0,0,0,0,0,0,0,0,0,0,0,0,0,0,0,0,0,0,0,0,0,0,0,0,0,0,0,0
0,0,0,0,0,0,0,0.0199735668171337,0,0,0,0,0,0,0,0,0,0,0,0,0,0,0,0,0,0,0,0,0,0,0,0,0,0,0,0,0,0,0,0,0,0,0,0,0,0,0,0,0,0,0,0,0,0,0,0,0,0,0,0
0,0,0,0,0,0,0,0,0.0206663929478957,0,0,0,0,0,0,0,0,0,0,0,0,0,0,0,0,0,0,0,0,0,0,0,0,0,0,0,0,0,0,0,0,0,0,0,0,0,0,0,0,0,0,0,0,0,0,0,0,0,0,0
0,0,0,0,0,0,0,0,0,0.0279822187039444,0,0,0,0,0,0,0,0,0,0,0,0,0,0,0,0,0,0,0,0,0,0,0,0,0,0,0,0,0,0,0,0,0,0,0,0,0,0,0,0,0,0,0,0,0,0,0,0,0,0
0,0,0,0,0,0,0,0,0,0,0.0487184849169072,0,0,0,0,0,0,0,0,0,0,0,0,0,0,0,0,0,0,0,0,0,0,0,0,0,0,0,0,0,0,0,0,0,0,0,0,0,0,0,0,0,0,0,0,0,0,0,0,0
1856.00490430733,207.066887000601,0,-46.377151874165,-802.175857622862,522.269025686739,0,0,0,0,0,10034.7959036515,0,0,0,-493.454220260179,0,0,-601.150972750748,1240.48421893299,0,0,-132.622138030942,0,0,0,1390.21747408801,-408.051168092281,-2101.54133944264,0,0,-435.812432557353,0,82.9294703439795,-1024.54641164522,-802.732986367096,-982.967210514016,0,0,1731.41078257695,0,0,0,-333.0485713523,1126.47119019126,0,0,0,-867.931908462926,721.648092365029,0,0,267.307193281182,0,183.050800050957,-741.537932802637,0,757.417609012951,0,0
0,0,0,0,0,0,0,0,0,0,0,0,0.0531248335640119,0,0,0,0,0,0,0,0,0,0,0,0,0,0,0,0,0,0,0,0,0,0,0,0,0,0,0,0,0,0,0,0,0,0,0,0,0,0,0,0,0,0,0,0,0,0,0
0,0,0,0,0,0,0,0,0,0,0,0,0,0.0202704821787128,0,0,0,0,0,0,0,0,0,0,0,0,0,0,0,0,0,0,0,0,0,0,0,0,0,0,0,0,0,0,0,0,0,0,0,0,0,0,0,0,0,0,0,0,0,0
0,0,0,0,0,0,0,0,0,0,0,0,0,0,0.0340153621708692,0,0,0,0,0,0,0,0,0,0,0,0,0,0,0,0,0,0,0,0,0,0,0,0,0,0,0,0,0,0,0,0,0,0,0,0,0,0,0,0,0,0,0,0,0
795.946533039037,116.435096781744,0,-1201.24408040068,1070.41556740968,458.962651465338,0,0,0,0,0,-493.45422026018,0,0,0,14208.3461927208,0,0,-370.44267344724,4102.93747165612,0,0,1824.1780983878,0,0,0,-166.555160739781,2871.36954717148,74.584871845165,0,0,-2275.94724344516,0,-966.352364187389,-162.570123717976,1420.17032126002,1599.85882312991,0,0,1813.8368547289,0,0,0,500.666757908202,-804.223214145652,0,0,0,-776.569103382256,-1853.75042642895,0,0,959.510650523495,0,706.349320330574,1218.36236157003,0,-537.224753041271,0,0
0,0,0,0,0,0,0,0,0,0,0,0,0,0,0,0,0.0710784210693275,0,0,0,0,0,0,0,0,0,0,0,0,0,0,0,0,0,0,0,0,0,0,0,0,0,0,0,0,0,0,0,0,0,0,0,0,0,0,0,0,0,0,0
0,0,0,0,0,0,0,0,0,0,0,0,0,0,0,0,0,0.0623915957634451,0,0,0,0,0,0,0,0,0,0,0,0,0,0,0,0,0,0,0,0,0,0,0,0,0,0,0,0,0,0,0,0,0,0,0,0,0,0,0,0,0,0
-909.673274785223,490.038296194241,0,997.967237879907,239.244004961027,-317.032090483784,0,0,0,0,0,-601.150972750748,0,0,0,-370.44267344724,0,0,18063.3320239789,-9.98095256134262,0,0,-1466.92499927844,0,0,0,2303.04037812139,-3018.04473066457,1064.64996166407,0,0,-174.638016139792,0,406.716511495483,623.109294020644,746.039162517493,-171.243885707809,0,0,119.946452011084,0,0,0,-721.270424765113,447.991339086954,0,0,0,-303.084165327062,647.239702304589,0,0,2070.02491533674,0,33.5619319571385,1385.68545524533,0,300.710309663962,0,0
-289.21349116693,-418.113400235972,0,-425.143531164386,-129.190210239533,-32.24842798422,0,0,0,0,0,1240.48421893299,0,0,0,4102.93747165612,0,0,-9.98095256134262,16813.9521392656,0,0,-483.345212472498,0,0,0,-151.640517190582,377.286966926793,1553.7712586488,0,0,650.191380296533,0,1759.94394270367,4620.52056126602,3608.28251116777,3982.57474401759,0,0,2472.17579013868,0,0,0,2717.02804725197,2437.88637801864,0,0,0,168.609406544344,923.518847398713,0,0,87.0229580893483,0,706.65310795165,-792.074898672894,0,1174.35624718864,0,0
0,0,0,0,0,0,0,0,0,0,0,0,0,0,0,0,0,0,0,0,0.0601388726271497,0,0,0,0,0,0,0,0,0,0,0,0,0,0,0,0,0,0,0,0,0,0,0,0,0,0,0,0,0,0,0,0,0,0,0,0,0,0,0
0,0,0,0,0,0,0,0,0,0,0,0,0,0,0,0,0,0,0,0,0,0.0774144631659098,0,0,0,0,0,0,0,0,0,0,0,0,0,0,0,0,0,0,0,0,0,0,0,0,0,0,0,0,0,0,0,0,0,0,0,0,0,0
82.944126984534,898.21905078079,0,419.159769968854,-2711.29946262332,-1840.17657592827,0,0,0,0,0,-132.622138030942,0,0,0,1824.1780983878,0,0,-1466.92499927844,-483.345212472498,0,0,18676.4027336796,0,0,0,2707.21640664591,3691.54506718176,-748.118637504865,0,0,193.146906973405,0,-1323.78979505406,996.4302786185,-135.292388585439,2657.45191069742,0,0,-593.789166928052,0,0,0,-1209.63605631616,890.551186161156,0,0,0,838.21194227852,-1253.04657127039,0,0,868.278032008881,0,673.85912033997,827.021666912212,0,1065.48160072071,0,0
0,0,0,0,0,0,0,0,0,0,0,0,0,0,0,0,0,0,0,0,0,0,0,0.0528625995089846,0,0,0,0,0,0,0,0,0,0,0,0,0,0,0,0,0,0,0,0,0,0,0,0,0,0,0,0,0,0,0,0,0,0,0,0
0,0,0,0,0,0,0,0,0,0,0,0,0,0,0,0,0,0,0,0,0,0,0,0,0.0313355151944444,0,0,0,0,0,0,0,0,0,0,0,0,0,0,0,0,0,0,0,0,0,0,0,0,0,0,0,0,0,0,0,0,0,0,0
0,0,0,0,0,0,0,0,0,0,0,0,0,0,0,0,0,0,0,0,0,0,0,0,0,0.0640160840613632,0,0,0,0,0,0,0,0,0,0,0,0,0,0,0,0,0,0,0,0,0,0,0,0,0,0,0,0,0,0,0,0,0,0
-555.900882536432,1308.52398565891,0,56.683539513106,-1310.00410112742,-566.651309779136,0,0,0,0,0,1390.21747408801,0,0,0,-166.555160739781,0,0,2303.04037812139,-151.640517190582,0,0,2707.21640664591,0,0,0,16065.629250365,-1460.56708120364,2043.3420443722,0,0,-2423.23501323462,0,3494.82731245276,-939.684164428062,203.339796537615,1969.12259572194,0,0,2356.64636827921,0,0,0,-2654.13426223018,-1446.55372852741,0,0,0,-1310.59929036771,779.575280794177,0,0,117.328825858915,0,1136.19237609041,-772.799190072291,0,-538.532870707847,0,0
1033.05809182297,861.247559953765,0,-325.807122870882,124.817014694522,699.707249456826,0,0,0,0,0,-408.051168092281,0,0,0,2871.36954717148,0,0,-3018.04473066457,377.286966926793,0,0,3691.54506718176,0,0,0,-1460.56708120364,11280.1580878955,-63.6996388458409,0,0,-151.153475335299,0,-2032.95037508699,471.813567401374,-1736.75855662926,91.6071501084201,0,0,993.582029361741,0,0,0,-2195.9748193389,-152.936605144311,0,0,0,-159.270332052489,-1226.83401521223,0,0,-293.663667999054,0,1519.05933965278,502.138071226035,0,1355.61827108613,0,0
-304.119974500961,576.242028810658,0,-366.330099549803,877.552237866429,1665.92701385186,0,0,0,0,0,-2101.54133944264,0,0,0,74.584871845165,0,0,1064.64996166407,1553.7712586488,0,0,-748.118637504865,0,0,0,2043.3420443722,-63.6996388458409,14810.3723126817,0,0,-949.63253615657,0,1515.17396472625,1978.03189176477,-200.699040271527,-70.8580486529732,0,0,52.8194498220749,0,0,0,-306.288750059625,-1322.90030553519,0,0,0,638.860003293545,1422.3128342026,0,0,1033.84219654051,0,-512.426335631813,-101.62812252322,0,1237.57345474126,0,0
0,0,0,0,0,0,0,0,0,0,0,0,0,0,0,0,0,0,0,0,0,0,0,0,0,0,0,0,0,0.0629353244289946,0,0,0,0,0,0,0,0,0,0,0,0,0,0,0,0,0,0,0,0,0,0,0,0,0,0,0,0,0,0
0,0,0,0,0,0,0,0,0,0,0,0,0,0,0,0,0,0,0,0,0,0,0,0,0,0,0,0,0,0,0.051853681692351,0,0,0,0,0,0,0,0,0,0,0,0,0,0,0,0,0,0,0,0,0,0,0,0,0,0,0,0,0
303.129433487444,-229.25220035053,0,479.647170256073,102.01963793932,295.380452575339,0,0,0,0,0,-435.812432557353,0,0,0,-2275.94724344516,0,0,-174.638016139792,650.191380296533,0,0,193.146906973405,0,0,0,-2423.23501323462,-151.153475335299,-949.63253615657,0,0,14922.3834236301,0,1247.16966164526,537.693696451484,3015.17029236035,238.833927727539,0,0,-179.730778413148,0,0,0,-161.555739219127,-771.512253701994,0,0,0,-2975.15198191047,-935.801404727007,0,0,995.356145725835,0,-920.080564228501,906.689341720577,0,-938.610699873744,0,0
0,0,0,0,0,0,0,0,0,0,0,0,0,0,0,0,0,0,0,0,0,0,0,0,0,0,0,0,0,0,0,0,0.0471659258217537,0,0,0,0,0,0,0,0,0,0,0,0,0,0,0,0,0,0,0,0,0,0,0,0,0,0,0
-27.9923822752443,-1055.01021873551,0,464.570959046123,-2055.69875112551,42.6627707006388,0,0,0,0,0,82.9294703439795,0,0,0,-966.352364187389,0,0,406.716511495483,1759.94394270367,0,0,-1323.78979505406,0,0,0,3494.82731245276,-2032.95037508699,1515.17396472625,0,0,1247.16966164526,0,14242.7410133039,2664.41605664269,730.716081894764,790.191021890372,0,0,3017.7622905701,0,0,0,-673.875282016241,-2020.82476291832,0,0,0,889.902963964829,1867.51993326485,0,0,1400.53990578049,0,1032.3056441922,-396.90584275712,0,-542.180873203666,0,0
-954.507911112957,-231.294620172624,0,54.4905630825584,-1261.42888230468,-548.722197934285,0,0,0,0,0,-1024.54641164522,0,0,0,-162.570123717976,0,0,623.109294020644,4620.52056126602,0,0,996.4302786185,0,0,0,-939.684164428061,471.813567401374,1978.03189176477,0,0,537.693696451484,0,2664.41605664269,14926.5219714994,3723.27637281046,1070.47927307641,0,0,1657.29865803067,0,0,0,443.830416804061,-148.32972654107,0,0,0,-131.915231639454,-89.5485838101136,0,0,552.248297523726,0,427.88106641673,-413.26722630312,0,-937.584320657019,0,0
202.113532152065,276.312134524695,0,150.840327196375,-475.864641275466,1534.55454339002,0,0,0,0,0,-802.732986367096,0,0,0,1420.17032126002,0,0,746.039162517493,3608.28251116777,0,0,-135.292388585439,0,0,0,203.339796537615,-1736.75855662926,-200.699040271527,0,0,3015.17029236035,0,730.716081894764,3723.27637281046,14189.2619306802,-2114.15741025477,0,0,959.47207156405,0,0,0,2582.34788729721,715.195185927728,0,0,0,-1082.08298746667,805.128532282073,0,0,315.147820565627,0,201.781835114043,-232.950278999427,0,-751.457494629555,0,0
-675.536968932234,8.88158476749383,0,908.714853887928,539.36826821551,-1500.43537191501,0,0,0,0,0,-982.967210514016,0,0,0,1599.85882312991,0,0,-171.243885707809,3982.57474401759,0,0,2657.45191069742,0,0,0,1969.12259572194,91.6071501084201,-70.8580486529732,0,0,238.833927727539,0,790.191021890372,1070.47927307641,-2114.15741025477,19314.0756056573,0,0,1944.95557100749,0,0,0,2386.28623680972,97.9274588859175,0,0,0,1947.73723842594,-575.095814870843,0,0,364.728853978557,0,984.386800129157,107.880971017546,0,544.940086530309,0,0
0,0,0,0,0,0,0,0,0,0,0,0,0,0,0,0,0,0,0,0,0,0,0,0,0,0,0,0,0,0,0,0,0,0,0,0,0,0.0424475687846779,0,0,0,0,0,0,0,0,0,0,0,0,0,0,0,0,0,0,0,0,0,0
0,0,0,0,0,0,0,0,0,0,0,0,0,0,0,0,0,0,0,0,0,0,0,0,0,0,0,0,0,0,0,0,0,0,0,0,0,0,0.0480864897973702,0,0,0,0,0,0,0,0,0,0,0,0,0,0,0,0,0,0,0,0,0
142.360870639709,-515.977950337872,0,52.8766290209472,-396.244682856514,32.6388448652169,0,0,0,0,0,1731.41078257695,0,0,0,1813.8368547289,0,0,119.946452011084,2472.17579013868,0,0,-593.789166928052,0,0,0,2356.64636827921,993.582029361741,52.8194498220749,0,0,-179.730778413148,0,3017.7622905701,1657.29865803067,959.47207156405,1944.95557100749,0,0,10562.7731561428,0,0,0,1307.15702823713,461.610250389038,0,0,0,497.791440700273,-293.713902038398,0,0,1614.40206072596,0,700.153607632082,-81.6179780459027,0,1023.37142746561,0,0
0,0,0,0,0,0,0,0,0,0,0,0,0,0,0,0,0,0,0,0,0,0,0,0,0,0,0,0,0,0,0,0,0,0,0,0,0,0,0,0,0.0265787621151021,0,0,0,0,0,0,0,0,0,0,0,0,0,0,0,0,0,0,0
0,0,0,0,0,0,0,0,0,0,0,0,0,0,0,0,0,0,0,0,0,0,0,0,0,0,0,0,0,0,0,0,0,0,0,0,0,0,0,0,0,0.0387736968737257,0,0,0,0,0,0,0,0,0,0,0,0,0,0,0,0,0,0
0,0,0,0,0,0,0,0,0,0,0,0,0,0,0,0,0,0,0,0,0,0,0,0,0,0,0,0,0,0,0,0,0,0,0,0,0,0,0,0,0,0,0.0307021005467847,0,0,0,0,0,0,0,0,0,0,0,0,0,0,0,0,0
914.598816219392,-1705.79692389695,0,1113.77743430795,436.159312181974,523.023368014544,0,0,0,0,0,-333.0485713523,0,0,0,500.666757908202,0,0,-721.270424765113,2717.02804725197,0,0,-1209.63605631616,0,0,0,-2654.13426223018,-2195.9748193389,-306.288750059625,0,0,-161.555739219127,0,-673.875282016241,443.830416804061,2582.34788729721,2386.28623680972,0,0,1307.15702823713,0,0,0,10356.1673785744,2491.1732349574,0,0,0,882.613552621217,322.077192675885,0,0,467.385735392183,0,91.1503749322655,-621.208627619842,0,-72.7332790756237,0,0
303.937686496194,-434.393340858236,0,412.191994988711,1305.94966423856,694.039490124746,0,0,0,0,0,1126.47119019126,0,0,0,-804.223214145653,0,0,447.991339086954,2437.88637801864,0,0,890.551186161156,0,0,0,-1446.55372852741,-152.936605144311,-1322.90030553519,0,0,-771.512253701994,0,-2020.82476291832,-148.32972654107,715.195185927728,97.9274588859174,0,0,461.610250389038,0,0,0,2491.1732349574,11180.1351938986,0,0,0,-152.542774160994,238.270284480656,0,0,1241.32568098333,0,-231.745833224812,-1209.7532816611,0,1713.27959871708,0,0
0,0,0,0,0,0,0,0,0,0,0,0,0,0,0,0,0,0,0,0,0,0,0,0,0,0,0,0,0,0,0,0,0,0,0,0,0,0,0,0,0,0,0,0,0,0.0324605600116555,0,0,0,0,0,0,0,0,0,0,0,0,0,0
0,0,0,0,0,0,0,0,0,0,0,0,0,0,0,0,0,0,0,0,0,0,0,0,0,0,0,0,0,0,0,0,0,0,0,0,0,0,0,0,0,0,0,0,0,0,0.0323991653365482,0,0,0,0,0,0,0,0,0,0,0,0,0
0,0,0,0,0,0,0,0,0,0,0,0,0,0,0,0,0,0,0,0,0,0,0,0,0,0,0,0,0,0,0,0,0,0,0,0,0,0,0,0,0,0,0,0,0,0,0,0.0231791387603156,0,0,0,0,0,0,0,0,0,0,0,0
973.424648837059,802.176347681471,0,712.473578697134,-214.771498890611,700.993674954748,0,0,0,0,0,-867.931908462926,0,0,0,-776.569103382256,0,0,-303.084165327062,168.609406544344,0,0,838.21194227852,0,0,0,-1310.59929036771,-159.270332052489,638.860003293545,0,0,-2975.15198191047,0,889.902963964829,-131.915231639454,-1082.08298746667,1947.73723842594,0,0,497.791440700273,0,0,0,882.613552621217,-152.542774160994,0,0,0,9254.7323833062,175.380073009652,0,0,-264.242338669443,0,305.181820767037,463.109704406584,0,1547.56559072877,0,0
-234.928596089953,-265.094077770434,0,151.785177636409,129.59461885719,573.035776715646,0,0,0,0,0,721.648092365029,0,0,0,-1853.75042642895,0,0,647.239702304589,923.518847398713,0,0,-1253.04657127039,0,0,0,779.575280794177,-1226.83401521223,1422.3128342026,0,0,-935.801404727007,0,1867.51993326485,-89.5485838101136,805.128532282073,-575.095814870843,0,0,-293.713902038398,0,0,0,322.077192675885,238.270284480656,0,0,0,175.380073009652,5046.38030469828,0,0,-199.446471109077,0,-377.283437303696,-815.289619743071,0,-334.42363124318,0,0
0,0,0,0,0,0,0,0,0,0,0,0,0,0,0,0,0,0,0,0,0,0,0,0,0,0,0,0,0,0,0,0,0,0,0,0,0,0,0,0,0,0,0,0,0,0,0,0,0,0,0.0156090902253413,0,0,0,0,0,0,0,0,0
0,0,0,0,0,0,0,0,0,0,0,0,0,0,0,0,0,0,0,0,0,0,0,0,0,0,0,0,0,0,0,0,0,0,0,0,0,0,0,0,0,0,0,0,0,0,0,0,0,0,0,0.00506687287728719,0,0,0,0,0,0,0,0
-183.960283364165,324.712784252301,0,490.798842441146,-619.347937520779,-697.941502589495,0,0,0,0,0,267.307193281182,0,0,0,959.510650523495,0,0,2070.02491533674,87.0229580893483,0,0,868.278032008881,0,0,0,117.328825858915,-293.663667999054,1033.84219654051,0,0,995.356145725835,0,1400.53990578049,552.248297523726,315.147820565627,364.728853978557,0,0,1614.40206072596,0,0,0,467.385735392183,1241.32568098333,0,0,0,-264.242338669443,-199.446471109077,0,0,5624.06467995854,0,563.390977124853,458.084590907499,0,-707.43992804367,0,0
0,0,0,0,0,0,0,0,0,0,0,0,0,0,0,0,0,0,0,0,0,0,0,0,0,0,0,0,0,0,0,0,0,0,0,0,0,0,0,0,0,0,0,0,0,0,0,0,0,0,0,0,0,0.0312875116632798,0,0,0,0,0,0
269.921353075884,258.0102571441,0,172.452871040089,-241.976401151685,-98.1320481729576,0,0,0,0,0,183.050800050957,0,0,0,706.349320330575,0,0,33.5619319571385,706.65310795165,0,0,673.85912033997,0,0,0,1136.19237609041,1519.05933965278,-512.426335631813,0,0,-920.080564228501,0,1032.3056441922,427.88106641673,201.781835114043,984.386800129158,0,0,700.153607632082,0,0,0,91.1503749322656,-231.745833224812,0,0,0,305.181820767037,-377.283437303696,0,0,563.390977124853,0,3234.08937886044,350.112572197038,0,430.967265148197,0,0
-53.2976843707669,-105.606565259021,0,122.725950997052,256.477043055206,-638.11439223179,0,0,0,0,0,-741.537932802637,0,0,0,1218.36236157003,0,0,1385.68545524533,-792.074898672894,0,0,827.021666912212,0,0,0,-772.799190072291,502.138071226035,-101.62812252322,0,0,906.689341720577,0,-396.905842757121,-413.26722630312,-232.950278999427,107.880971017546,0,0,-81.6179780459027,0,0,0,-621.208627619842,-1209.7532816611,0,0,0,463.109704406584,-815.289619743071,0,0,458.084590907499,0,350.112572197038,3142.28346317099,0,147.533343334533,0,0
0,0,0,0,0,0,0,0,0,0,0,0,0,0,0,0,0,0,0,0,0,0,0,0,0,0,0,0,0,0,0,0,0,0,0,0,0,0,0,0,0,0,0,0,0,0,0,0,0,0,0,0,0,0,0,0,0.016793699434135,0,0,0
203.824670729933,228.444279767619,0,-218.685774714748,877.930035114387,-23.7150248917703,0,0,0,0,0,757.417609012951,0,0,0,-537.224753041271,0,0,300.710309663962,1174.35624718864,0,0,1065.48160072071,0,0,0,-538.532870707847,1355.61827108613,1237.57345474126,0,0,-938.610699873744,0,-542.180873203666,-937.584320657019,-751.457494629555,544.940086530309,0,0,1023.37142746561,0,0,0,-72.7332790756237,1713.27959871708,0,0,0,1547.56559072877,-334.42363124318,0,0,-707.43992804367,0,430.967265148197,147.533343334533,0,5051.64439101505,0,0
0,0,0,0,0,0,0,0,0,0,0,0,0,0,0,0,0,0,0,0,0,0,0,0,0,0,0,0,0,0,0,0,0,0,0,0,0,0,0,0,0,0,0,0,0,0,0,0,0,0,0,0,0,0,0,0,0,0,0.0156662785245654,0
0,0,0,0,0,0,0,0,0,0,0,0,0,0,0,0,0,0,0,0,0,0,0,0,0,0,0,0,0,0,0,0,0,0,0,0,0,0,0,0,0,0,0,0,0,0,0,0,0,0,0,0,0,0,0,0,0,0,0,0.00756340378476885
