0.0452347458370222,0.00411688271056899,0.00304486274523033,0.00246794528526486,-0.000430502941718805,0.00226297746938022,0.00188800250014234,0.0232440231304871
0.00411688271056899,0.0277293728395079,0.00350171483703413,0.00147908271266905,0.00790029996082317,0.00209885480991937,0.00388311616035346,0.010832521075292
0.00304486274523033,0.00350171483703413,0.0211017021252258,0.000854649637036664,0.00157456176579832,0.00188806384557615,0.00155628705427741,0.00515441723741813
0.00246794528526486,0.00147908271266905,0.000854649637036664,0.0261993562395219,0.0078197761901149,0.00914021012250241,0.00257184940744495,-0.00102785758108247
-0.000430502941718805,0.00790029996082317,0.00157456176579832,0.0078197761901149,0.0196674540061853,0.00174660834881512,0.00375892863755644,0.00264550725769989
0.00226297746938021,0.00209885480991937,0.00188806384557615,0.00914021012250241,0.00174660834881512,0.0110829515838144,-0.000327634731710449,0.00182747249119356
0.00188800250014234,0.00388311616035346,0.00155628705427741,0.00257184940744495,0.00375892863755644,-0.000327634731710449,0.0234801299448062,0.00565335701242143
0.0232440231304871,0.010832521075292,0.00515441723741813,-0.00102785758108247,0.00264550725769989,0.00182747249119356,0.00565335701242143,0.0320481117855782
