0.0549507385176166,-0.000998996057285071,0.0276401365673806,-0.0147928304781601,-0.00780736917862268,-0.0143800586188026,-0.0186779150083637,-0.00633334313936468,0.0294436149180979,-0.0424730826722422,0.0162224521162093,0.0107143589428127,0.000419319697005058,-0.0204518790125774,0.0320596069751833,-0.0124015032045329,0.0212095804863672
-0.000998996057285071,0.0846364308866775,-0.0333331179566451,0.0753050949736857,-0.024089592207519,0.0446505072613742,0.0460062367185595,0.0657660574213334,0.043906427925788,0.0113166614181009,-0.0105555032929903,0.0544871093798022,-0.00294797964130516,0.0208806290658613,0.0276940058732007,0.0189194100320732,-0.0109496345834961
0.0276401365673806,-0.0333331179566451,0.0967466317123094,-0.0753248647439979,-0.0299044433700822,-0.044105604178444,-0.0220205347400305,-0.0345060056900191,0.0397445300823884,-0.0560215746226737,-0.0262119688820975,-0.0727258859836056,-0.0400136674912763,-0.0575667602167388,0.00232357329796288,-0.0495922003200586,-0.0112127243660613
-0.0147928304781601,0.0753050949736857,-0.0753248647439979,0.146157021285319,0.00175573697627631,0.0590100129348004,0.0504676276035263,0.0655639929540729,0.0117624474595937,0.0708690741772649,0.0328944783668887,0.0987768914670587,0.0523045908533703,0.0766388202410146,0.0154592186899177,0.0330959953134867,-0.00109987887446009
-0.00780736917862268,-0.024089592207519,-0.0299044433700822,0.00175573697627631,0.0748771628713642,-0.0205110691442519,0.0353270097011683,-0.0296640384731589,-0.00930753816641235,-0.00458675139420684,0.0352854260417806,0.00307089542040963,0.0333759696452974,-0.00498733166318715,0.00947411387280371,-0.0238377809922148,0.0548884708799896
-0.0143800586188026,0.0446505072613742,-0.044105604178444,0.0590100129348004,-0.0205110691442519,0.0415964169849196,0.00799975454050146,0.0440566350765187,-0.00800220744314134,0.0388435698550819,-0.00270480129785058,0.0475355636393247,0.00855778211136213,0.0397981117227795,-0.00113239557617498,0.0394634406118122,-0.0209121618452317
-0.0186779150083637,0.0460062367185595,-0.0220205347400305,0.0504676276035263,0.0353270097011683,0.00799975454050146,0.0803759831293948,0.0228662126777075,0.0463092182079963,-0.00188983339861966,0.00427889637266498,0.0158536151873025,0.0103667039346029,-0.00339714412415885,0.023868254913772,-0.0283909755362041,0.0262938984588712
-0.00633334313936468,0.0657660574213334,-0.0345060056900191,0.0655639929540729,-0.0296640384731589,0.0440566350765187,0.0228662126777075,0.0567564716989885,0.0189473529177549,0.0245010563210204,-0.00994073298869672,0.0496681391459039,-0.000690602299816309,0.0299199749002282,0.0121368532974313,0.0304228723802839,-0.0211276651899612
0.0294436149180979,0.043906427925788,0.0397445300823884,0.0117624474595937,-0.00930753816641235,-0.00800220744314134,0.0463092182079963,0.0189473529177549,0.0820218031362357,-0.0482207564082304,-0.00938864054857734,-0.00372346697808681,-0.0178005135775538,-0.0356380612459761,0.042133179063532,-0.0425832970576252,0.0147968141901246
-0.0424730826722422,0.0113166614181009,-0.0560215746226737,0.0708690741772649,-0.00458675139420684,0.0388435698550819,-0.00188983339861966,0.0245010563210204,-0.0482207564082304,0.0810504463070338,0.0108475990154292,0.0411576662595855,0.0318962101140188,0.0667766886852692,-0.0312308771527786,0.0445934511242888,-0.0272345954870556
0.0162224521162093,-0.0105555032929903,-0.0262119688820975,0.0328944783668887,0.0352854260417806,-0.00270480129785058,0.00427889637266498,-0.00994073298869672,-0.00938864054857734,0.0108475990154292,0.0430914305391959,0.0350173302457169,0.0412089817562476,0.0204803936281345,0.0124683473782103,-0.00121419444344342,0.0340377741374679
0.0107143589428127,0.0544871093798022,-0.0727258859836056,0.0987768914670587,0.00307089542040963,0.0475355636393247,0.0158536151873025,0.0496681391459039,-0.00372346697808681,0.0411576662595855,0.0350173302457169,0.0940043083495744,0.0426359278497545,0.0579568723452237,0.0219570409255284,0.0434468108818348,0.0104680031957405
0.000419319697005058,-0.00294797964130516,-0.0400136674912763,0.0523045908533703,0.0333759696452974,0.00855778211136213,0.0103667039346029,-0.000690602299816308,-0.0178005135775538,0.0318962101140188,0.0412089817562476,0.0426359278497545,0.0459774580154738,0.0359272808073111,0.00405126153989649,0.00833455942342129,0.0248208790066913
-0.0204518790125774,0.0208806290658613,-0.0575667602167388,0.0766388202410146,-0.00498733166318715,0.0397981117227795,-0.00339714412415885,0.0299199749002282,-0.0356380612459761,0.0667766886852692,0.0204803936281345,0.0579568723452237,0.0359272808073111,0.0638663021035495,-0.0142696542428029,0.0448464660985,-0.0156353062796695
0.0320596069751833,0.0276940058732007,0.00232357329796288,0.0154592186899177,0.00947411387280371,-0.00113239557617498,0.023868254913772,0.0121368532974313,0.042133179063532,-0.0312308771527786,0.0124683473782103,0.0219570409255284,0.00405126153989649,-0.0142696542428029,0.0374075589240343,-0.0146109687096449,0.0276027734878687
-0.0124015032045329,0.0189194100320732,-0.0495922003200586,0.0330959953134867,-0.0238377809922148,0.0394634406118122,-0.0283909755362041,0.0304228723802839,-0.0425832970576252,0.0445934511242888,-0.00121419444344342,0.0434468108818348,0.00833455942342129,0.0448464660985,-0.0146109687096449,0.0599402781129812,-0.0265660384686698
0.0212095804863672,-0.0109496345834961,-0.0112127243660613,-0.00109987887446009,0.0548884708799896,-0.0209121618452317,0.0262938984588712,-0.0211276651899612,0.0147968141901246,-0.0272345954870556,0.0340377741374679,0.0104680031957405,0.0248208790066913,-0.0156353062796695,0.0276027734878687,-0.0265660384686698,0.0548180011295932
