0.178807978904426,0.00197182186964718,0.0315622296222246,0.000820622264851039,0.0375019016506024,0.00385766223764044,0.00642290890429483,-0.021199068622692,-0.00500704709854545,0.00423721401690885,0.0185483431498332,0.00933118405180316,-0.0247625613057902,0.0285382783840765,-0.0133007323290755,-0.0240098841753272,-0.00651596236393468,0.0151032200979254,-0.00769485011245606,-0.0128056345652487,0.0127278853155648,-0.00906646251990522,0.00636568462707384,0.0101713019404681
0.00197182186964718,0.0356756416069466,-0.00249463993371518,0.014132837266292,0.00408071626491557,0.00629965478742075,0.00388542879432447,-0.00804475690452089,0.013101179856501,-0.0038172538822158,0.00643062265584366,0.0028855830854438,0.00494787041219777,0.00988802838828093,-0.00385740882044868,-0.0140508366908237,0.000426123954360378,0.000549753587786861,0.000725778918898578,-0.00778297630208463,-0.00359765714562069,-0.00260091676488004,-0.0128699068400476,0.00567464932362425
0.0315622296222246,-0.00249463993371518,0.0710346122628086,-0.00572149137223899,0.00966796299456939,0.0108932022407461,0.0022956384606802,0.0140051190940428,-0.00406628413517344,0.0124676466755993,0.00860750319783613,0.0232898091466393,-0.00231097019896104,0.0191986985055981,8.02919121171456e-05,0.00757239008002914,0.00839905415380566,-0.00407416260663533,0.00209508768031831,0.00338244722467747,0.00953652298196628,0.00625898240247606,0.00757766105073004,-0.00577088719654514
0.000820622264851039,0.014132837266292,-0.00572149137223899,0.0246329977603462,-0.00599955376862005,0.00152086251685557,0.00234314851961833,0.000950632341858714,0.0151348564954061,-0.00309483953991784,0.00402275999464734,0.00141161642141242,-0.00304834807955292,0.018336600951973,-0.00280726416407442,-0.00235500426073529,0.0206321326030265,0.00389646922849406,0.00126428895130801,-0.0126082246626329,-0.0015450664947603,0.00218661918428842,-0.00918390512180441,-0.0131098541811537
0.0375019016506024,0.00408071626491557,0.00966796299456939,-0.00599955376862005,0.147159099608582,0.00410821703211728,0.00576014347515302,-0.0111949034441816,-0.00257634900613989,0.00574711861869218,-0.00898319507909022,-0.00194857961392391,0.00319058933928794,0.03940675546455,0.00399677863741229,-0.00922439134420053,0.00554175053374506,-0.000308264056024945,-0.0063967447931569,0.00615821679877489,-0.00427617686842738,-0.00379244653350602,-0.020039529918232,0.0220943244418057
0.00385766223764044,0.00629965478742075,0.0108932022407461,0.00152086251685557,0.00410821703211728,0.0916122692276651,0.0122770235934348,0.00869522300039592,0.00441376424924496,0.0128534779664334,-0.0162263645113539,-0.000466890562770379,0.00782921929666569,0.00512296068959401,-0.00493631853122618,0.0014389528940128,0.00368441090880921,-0.00241035957864349,-0.00506361579730941,-0.0116968577882387,-0.00680209049632126,-0.0172267982916014,-0.0138924093649765,0.0234935292348541
0.00642290890429483,0.00388542879432447,0.0022956384606802,0.00234314851961833,0.00576014347515302,0.0122770235934348,0.0513372834732625,-0.00950877552659651,-0.000891296465302821,0.00169603970837794,-0.00788389868872255,0.00368153347917057,0.0124859653295428,0.00982148693533308,-0.00719001192023984,-0.00323704409555804,-0.00241705285976631,-0.00344829317173483,0.000900269565026075,-0.016573175966748,0.0133053707599834,-0.00321064314589547,0.00725057099367201,0.00121824712099701
-0.021199068622692,-0.00804475690452089,0.0140051190940428,0.000950632341858714,-0.0111949034441816,0.00869522300039592,-0.00950877552659651,0.131252117054957,0.00520604386388642,0.0258892861914221,-0.00547725649801516,0.000731539806024461,0.00717721592396389,0.0247866091462265,0.00403766720354839,-0.00939033238582547,0.0133005809691256,-0.0074128921815655,0.00918581003762229,0.0282731125498695,-0.0660722214710252,0.00198628352773248,-0.00797034428225271,0.0105293465634271
-0.00500704709854545,0.013101179856501,-0.00406628413517344,0.0151348564954061,-0.00257634900613989,0.00441376424924496,-0.000891296465302821,0.00520604386388642,0.126162172415519,0.00490225933855835,0.00220155175256403,0.00302558908089474,-0.00337801655918369,0.0207659921889589,-0.00971645737121407,-0.00901482322324442,0.0279982151369633,0.0183100560451353,-0.00495887083182168,-0.040847820442372,-0.0338559453071413,-0.000616056030845473,-0.0497577677958256,0.00174754423739755
0.00423721401690885,-0.0038172538822158,0.0124676466755993,-0.00309483953991784,0.00574711861869218,0.0128534779664334,0.00169603970837794,0.0258892861914221,0.00490225933855834,0.0392759636461945,0.0018958679841355,0.00458194935511508,0.00904368404853708,0.00932645808617619,-0.000852295395572362,0.00524206344888214,0.000689796905582641,0.000486984592722699,0.00120693511959351,-0.0199866065274921,-0.00682286070553881,0.010774738191462,0.00592271902804033,-0.0149007930954512
0.0185483431498332,0.00643062265584366,0.00860750319783613,0.00402275999464734,-0.00898319507909022,-0.0162263645113539,-0.00788389868872255,-0.00547725649801516,0.00220155175256403,0.0018958679841355,0.105572888956854,-0.00327758093446703,-0.00635075811126258,-0.0233328538312818,0.00365610804913924,-0.0067067074132301,0.00390767649183268,0.00477278929775908,-0.00387717869550486,0.0039362644427046,-0.0146121535154521,0.00301211512059805,-0.0229183499955638,0.0103223631422125
0.00933118405180316,0.0028855830854438,0.0232898091466393,0.00141161642141242,-0.00194857961392391,-0.000466890562770379,0.00368153347917057,0.000731539806024461,0.00302558908089474,0.00458194935511508,-0.00327758093446703,0.0357148477953931,2.01281398189447e-05,0.0094834398571817,-0.000567831134377297,-0.00123818964804267,0.000468040669075164,0.000401361980850917,0.00384030360220951,-0.00869421329984436,0.00890358756041366,0.00307336322335365,0.00727387366720412,-0.00536299690750779
-0.0247625613057902,0.00494787041219777,-0.00231097019896104,-0.00304834807955292,0.00319058933928794,0.00782921929666569,0.0124859653295428,0.00717721592396389,-0.00337801655918369,0.00904368404853708,-0.00635075811126258,2.01281398189447e-05,0.126790536293269,-0.00806946439809392,0.00182458177827609,0.0339819456810361,-0.00194562871403181,-0.0163549488020263,0.00720499011523612,-0.0207473136562168,-0.0179905391269412,0.00411947023768739,0.0253095977062491,-0.0348155682476076
0.0285382783840765,0.00988802838828093,0.0191986985055981,0.018336600951973,0.03940675546455,0.00512296068959401,0.00982148693533308,0.0247866091462265,0.0207659921889589,0.00932645808617619,-0.0233328538312818,0.0094834398571817,-0.00806946439809392,0.239203244791769,-0.00362596581390248,-0.0164456168342277,0.0177017133086191,0.0129188510774453,-0.01061190200735,0.00252507547739493,-0.00166968235718698,-0.000302103532820374,-0.0459300666957959,-0.00739854760440112
-0.0133007323290755,-0.00385740882044868,8.02919121171456e-05,-0.00280726416407442,0.00399677863741229,-0.00493631853122618,-0.00719001192023984,0.00403766720354839,-0.00971645737121407,-0.000852295395572362,0.00365610804913924,-0.000567831134377297,0.00182458177827609,-0.00362596581390248,0.0326284262014002,0.0110770824216576,-0.000513003759834756,-0.00461583361276468,0.00319718544902063,0.0136229693243331,-0.00709510665691141,-0.00267426737852559,0.00320550974719039,0.00355956567156423
-0.0240098841753272,-0.0140508366908237,0.00757239008002914,-0.00235500426073529,-0.00922439134420053,0.0014389528940128,-0.00323704409555804,-0.00939033238582547,-0.00901482322324442,0.00524206344888214,-0.0067067074132301,-0.00123818964804267,0.0339819456810361,-0.0164456168342277,0.0110770824216576,0.183699156684043,-0.0293605564938904,0.00217041161344744,-0.00524281303884955,0.00769986458820999,0.00610261534432086,0.00827476256799843,0.0283521127641478,-0.0238590445092733
-0.00651596236393468,0.000426123954360378,0.00839905415380566,0.0206321326030265,0.00554175053374506,0.00368441090880921,-0.00241705285976631,0.0133005809691256,0.0279982151369633,0.000689796905582641,0.00390767649183268,0.000468040669075164,-0.00194562871403181,0.0177017133086191,-0.000513003759834756,-0.0293605564938904,0.109523111818984,0.00958018678605164,-0.00751430053829149,-0.00441502149670019,-0.0199511359334639,0.00419506741781291,-0.0170386074376194,-0.00987130119906759
0.0151032200979254,0.000549753587786861,-0.00407416260663533,0.00389646922849406,-0.000308264056024945,-0.00241035957864349,-0.00344829317173483,-0.0074128921815655,0.0183100560451353,0.000486984592722699,0.00477278929775908,0.000401361980850917,-0.0163549488020263,0.0129188510774453,-0.00461583361276468,0.00217041161344744,0.00958018678605164,0.0950391206399302,-0.0370042823396666,0.0128246259210646,-0.0238103964805011,0.00213103299552458,0.000202113568613461,-0.00339872384700901
-0.00769485011245605,0.000725778918898578,0.00209508768031831,0.00126428895130801,-0.0063967447931569,-0.00506361579730941,0.000900269565026075,0.00918581003762229,-0.00495887083182168,0.00120693511959351,-0.00387717869550486,0.00384030360220951,0.00720499011523612,-0.01061190200735,0.00319718544902063,-0.00524281303884955,-0.00751430053829149,-0.0370042823396666,0.0415639486295599,0.00173429941171021,0.00801549748647604,0.00618375291098772,0.0016848433573399,-0.00960917317174563
-0.0128056345652487,-0.00778297630208463,0.00338244722467747,-0.0126082246626329,0.00615821679877489,-0.0116968577882387,-0.016573175966748,0.0282731125498695,-0.040847820442372,-0.0199866065274921,0.0039362644427046,-0.00869421329984435,-0.0207473136562168,0.00252507547739493,0.0136229693243331,0.00769986458820999,-0.00441502149670019,0.0128246259210646,0.00173429941171021,0.14042837371966,-0.110016148669219,0.000529315613709255,-0.00422455920537752,-0.00533548852204318
0.0127278853155648,-0.00359765714562069,0.00953652298196628,-0.0015450664947603,-0.00427617686842738,-0.00680209049632126,0.0133053707599834,-0.0660722214710252,-0.0338559453071413,-0.00682286070553881,-0.0146121535154521,0.00890358756041366,-0.0179905391269412,-0.00166968235718698,-0.00709510665691141,0.00610261534432086,-0.0199511359334639,-0.0238103964805011,0.00801549748647604,-0.110016148669219,0.212840251829891,-0.00471245475616934,0.0418003663710538,0.00947510447682108
-0.00906646251990522,-0.00260091676488004,0.00625898240247606,0.00218661918428842,-0.00379244653350602,-0.0172267982916014,-0.00321064314589547,0.00198628352773248,-0.000616056030845473,0.010774738191462,0.00301211512059805,0.00307336322335365,0.00411947023768739,-0.000302103532820374,-0.00267426737852559,0.00827476256799843,0.00419506741781291,0.00213103299552458,0.00618375291098772,0.000529315613709255,-0.00471245475616934,0.0286759576867903,-0.00851342789392648,-0.0232059113833386
0.00636568462707384,-0.0128699068400476,0.00757766105073004,-0.00918390512180441,-0.020039529918232,-0.0138924093649765,0.00725057099367201,-0.00797034428225271,-0.0497577677958256,0.00592271902804033,-0.0229183499955638,0.00727387366720412,0.0253095977062491,-0.0459300666957959,0.00320550974719039,0.0283521127641478,-0.0170386074376194,0.000202113568613461,0.0016848433573399,-0.00422455920537752,0.0418003663710538,-0.00851342789392648,0.153348483161418,-0.103616683306429
0.0101713019404681,0.00567464932362425,-0.00577088719654514,-0.0131098541811537,0.0220943244418057,0.0234935292348541,0.00121824712099701,0.0105293465634271,0.00174754423739755,-0.0149007930954512,0.0103223631422125,-0.00536299690750779,-0.0348155682476076,-0.00739854760440112,0.00355956567156423,-0.0238590445092733,-0.00987130119906759,-0.00339872384700901,-0.00960917317174563,-0.00533548852204318,0.00947510447682108,-0.0232059113833385,-0.103616683306429,0.241138306271344
