0.0461265713968664,-0.0469859917888186,-0.0129268775318923,0.0142284167915924,0.000963296421659587,-0.00344172490979268,0.0286508242105291,-0.0219031869084696,-0.0279144698432901,0.0123769554140691,0.00611766168167213,-0.00072033643589059,0.00444856145472604
-0.0469859917888186,0.279635231160847,-0.000490459911510829,-0.0209722373521564,-0.000169071202042331,0.0699773846771356,-0.0551517077677251,0.00727140278918744,0.0347179731515523,0.0145111768325199,0.0561878614256046,0.0184261828313076,0.162857868994363
-0.0129268775318923,-0.000490459911510829,0.102807602422518,-0.0176374607025805,0.00974405637066338,-0.0630910436124779,0.0350833609282406,-0.0021662426369992,0.0354582758241225,0.00670447838576828,0.0364473745322971,0.0398795567516187,0.0061858221818203
0.0142284167915924,-0.0209722373521564,-0.0176374607025805,0.0234038129220604,0.00894795457245615,0.0176605374205312,-0.00295392150683626,0.000549557877738226,-0.025040157231271,-0.00463939559431929,-0.0241295914192114,-0.0056932646678088,-0.0111089553742007
0.000963296421659587,-0.000169071202042331,0.00974405637066338,0.00894795457245615,0.0173941410450776,-0.00535995052552216,0.0149439533232191,-0.002104893484485,0.00210451447085332,0.00498444791649525,-0.00740186935496333,0.00163542241701652,-0.00749771163328032
-0.00344172490979268,0.0699773846771356,-0.0630910436124779,0.0176605374205312,-0.00535995052552216,0.0987443671382819,-0.017338860860399,0.00109743336569043,-0.031389987972497,-0.00704309449061018,-0.0315665721515671,0.0140557732665423,0.0173516105440243
0.0286508242105291,-0.0551517077677251,0.0350833609282406,-0.00295392150683626,0.0149439533232191,-0.017338860860399,0.26324545391477,-0.0124216539046816,0.0372635838615876,0.00732389739016859,0.0182939822557692,-0.0195626216051307,0.0344108110610031
-0.0219031869084696,0.00727140278918744,-0.0021662426369992,0.000549557877738226,-0.002104893484485,0.00109743336569043,-0.0124216539046816,0.0309634422828339,-0.0212457469524412,-0.0133942697149568,-0.0248916013799422,-0.0117634376296322,0.00855240332989069
-0.0279144698432901,0.0347179731515523,0.0354582758241225,-0.025040157231271,0.00210451447085332,-0.031389987972497,0.0372635838615876,-0.0212457469524412,0.195880333024176,-0.0116399404167983,0.0137501274711056,0.0172272241488627,0.0657913448299654
0.0123769554140691,0.0145111768325199,0.00670447838576828,-0.00463939559431929,0.00498444791649525,-0.00704309449061018,0.00732389739016859,-0.0133942697149567,-0.0116399404167983,0.018014286087283,0.0196030446156739,0.0100623432007563,0.00722695576632234
0.00611766168167213,0.0561878614256046,0.0364473745322971,-0.0241295914192114,-0.00740186935496333,-0.0315665721515671,0.0182939822557692,-0.0248916013799422,0.0137501274711056,0.0196030446156739,0.113001336407764,-0.0394128212199071,0.0124506421978419
-0.00072033643589059,0.0184261828313076,0.0398795567516187,-0.0056932646678088,0.00163542241701652,0.0140557732665423,-0.0195626216051307,-0.0117634376296322,0.0172272241488627,0.0100623432007563,-0.0394128212199071,0.115963120567925,0.0268466884119154
0.00444856145472604,0.162857868994363,0.0061858221818203,-0.0111089553742007,-0.00749771163328032,0.0173516105440243,0.0344108110610031,0.00855240332989069,0.0657913448299654,0.00722695576632234,0.0124506421978419,0.0268466884119154,0.246773459840111
