0.0790270400749783,-0.0335534663224858,0.0272010411025636,-0.0282928459687991,0.0573889170529389,0.00594288908932141,-0.00685955440312011,-0.0140089737708756,0.0563936989189531,-0.000222700386967048,0.0215671989946085,0.00304168802718663,-0.023631508507807,0.0059755483449627,0.0385560368823277,0.030343815492543,0.0118195549076089
-0.0335534663224858,0.096865460617969,0.01536330530632,0.0767126703048148,-0.0288907554036368,0.0436309274752988,0.0459100736798543,0.0107731080309724,0.0023259286706586,0.0423031988937164,0.0166760609344883,0.0152828626531302,0.0199204764300404,0.0202390262795205,-0.0328395582991308,0.0105990389358031,0.00164692551050479
0.0272010411025636,0.01536330530632,0.0637010134969173,5.45856673583694e-05,0.0253725206852768,-0.0123229189012826,0.0308659631605328,-0.0483043508578108,0.0348844916201786,-0.00360584252477847,0.00170807040754838,-0.034047777404999,0.00984541930106104,-0.0111324588235813,-0.0151209896213958,-0.00199896926895463,-0.00867290984518131
-0.0282928459687991,0.0767126703048148,5.45856673583694e-05,0.0754039885893826,-0.0176404813297801,0.059702770985428,0.0252865058105834,0.0360619090433184,0.000141351787247209,0.0469941637320969,0.0194893708398191,0.028527977794375,0.0188688958953094,0.0225423487111928,-0.0194469004441065,0.0145171694910119,0.0118642214268464
0.0573889170529389,-0.0288907554036368,0.0253725206852768,-0.0176404813297801,0.0778757650365671,0.00498052651264788,0.0163318102074441,0.00580427787156723,0.0472373639294338,-0.00451932587479904,0.0309336600044283,-0.00242083312544183,0.00768577862584984,-0.0202739249592305,0.0402643857474491,0.00781054323604976,0.0145679485512712
0.00594288908932141,0.0436309274752988,-0.0123229189012826,0.059702770985428,0.00498052651264788,0.0861528819036153,-0.00713277226880253,0.0518502410681913,0.00640365813620726,0.0625142640783824,0.0157951475256293,0.0567291408518067,-0.0124579934935028,0.0494300651913713,-0.00418634139159956,0.0527821117187607,0.00744771793118739
-0.00685955440312011,0.0459100736798543,0.0308659631605328,0.0252865058105834,0.0163318102074441,-0.00713277226880253,0.0825425279604895,-0.0152218347259559,0.016677239458503,-0.011838414176959,0.0348172630547736,-0.021171770200093,0.030254191161922,-0.0235095061867717,-0.000371958468927722,-0.0212803204118105,-0.00154255146033597
-0.0140089737708756,0.0107731080309724,-0.0483043508578108,0.0360619090433184,0.00580427787156723,0.0518502410681913,-0.0152218347259559,0.078709383551011,-0.000195453065505538,0.0318191821724859,0.0207765870126222,0.0446838374665594,0.00912742741754277,0.0209027386800914,0.03235763062054,0.0217611523697453,0.0279009252187427
0.0563936989189531,0.0023259286706586,0.0348844916201786,0.000141351787247209,0.0472373639294338,0.00640365813620726,0.016677239458503,-0.000195453065505538,0.0933867775726735,0.00816351981749597,0.0199385550563974,-0.0189937697449865,0.00669079426828016,0.0122889066137612,0.0535559617977543,0.038828033561208,0.0163519969653646
-0.000222700386967048,0.0423031988937164,-0.00360584252477847,0.0469941637320969,-0.00451932587479904,0.0625142640783824,-0.011838414176959,0.0318191821724859,0.00816351981749597,0.0665282174816842,0.00140372733829824,0.0490491721280788,-0.00296600960198281,0.0482053456263871,-0.0125460572183541,0.0585442230623402,0.00651366197063633
0.0215671989946085,0.0166760609344883,0.00170807040754838,0.0194893708398191,0.0309336600044283,0.0157951475256293,0.0348172630547736,0.0207765870126222,0.0199385550563974,0.00140372733829824,0.054116161053611,0.0152620595886014,0.0202546073094392,-0.0217000419012439,0.0284407170024587,-0.0151397358456106,0.0375771038402277
0.00304168802718663,0.0152828626531302,-0.034047777404999,0.028527977794375,-0.00242083312544183,0.0567291408518067,-0.021171770200093,0.0446838374665594,-0.0189937697449865,0.0490491721280788,0.0152620595886014,0.0659020576599578,-0.0148668803598918,0.0345429815265901,-0.00120680907094102,0.0397877889104603,0.0150837213920715
-0.023631508507807,0.0199204764300404,0.00984541930106104,0.0188688958953094,0.00768577862584984,-0.0124579934935028,0.030254191161922,0.00912742741754277,0.00669079426828017,-0.00296600960198281,0.0202546073094392,-0.0148668803598918,0.053107704162573,-0.0379144699694213,0.00398858916615966,-0.0341193931783307,0.0257036681135468
0.0059755483449627,0.0202390262795205,-0.0111324588235813,0.0225423487111928,-0.0202739249592305,0.0494300651913713,-0.0235095061867717,0.0209027386800914,0.0122889066137612,0.0482053456263871,-0.0217000419012439,0.0345429815265901,-0.0379144699694213,0.0803744426969862,-4.84892035545015e-05,0.0808340101148496,-0.0163374423713559
0.0385560368823277,-0.0328395582991308,-0.0151209896213958,-0.0194469004441065,0.0402643857474491,-0.00418634139159956,-0.000371958468927722,0.03235763062054,0.0535559617977544,-0.0125460572183541,0.0284407170024587,-0.00120680907094102,0.00398858916615966,-4.84892035545015e-05,0.0734437743369632,0.0158988799253035,0.0312764937469246
0.030343815492543,0.0105990389358031,-0.00199896926895463,0.0145171694910119,0.00781054323604976,0.0527821117187607,-0.0212803204118105,0.0217611523697453,0.038828033561208,0.0585442230623402,-0.0151397358456106,0.0397877889104603,-0.0341193931783307,0.0808340101148496,0.0158988799253035,0.101132421789209,-0.0132459826475001
0.0118195549076089,0.00164692551050479,-0.00867290984518131,0.0118642214268464,0.0145679485512712,0.00744771793118739,-0.00154255146033597,0.0279009252187427,0.0163519969653646,0.00651366197063633,0.0375771038402277,0.0150837213920715,0.0257036681135468,-0.0163374423713559,0.0312764937469246,-0.0132459826475001,0.0523652726706337
