0.0322430374003179,0.00244065982499471,0.00279608034075215,-0.00602290946265206,-0.00321518811185216,-0.00139364966334879,-0.000207761008725844,0.0170302808421413
0.00244065982499471,0.0259925439206063,0.00182771865810643,0.000544025103157937,0.00597536360323838,0.00353332807301805,0.000546894496691494,0.00571540656502349
0.00279608034075215,0.00182771865810643,0.0229641835094831,0.00345793087531911,0.00149024233417002,0.00585148002972236,0.00125218326450216,0.00680338732107069
-0.00602290946265206,0.000544025103157937,0.00345793087531911,0.0295973218041666,0.0105027649593146,0.00878841201613513,0.0049722716249654,-0.00403264513007453
-0.00321518811185216,0.00597536360323838,0.00149024233417002,0.0105027649593146,0.0165009485608882,0.00353611914927857,0.00143439812428899,-0.00148964507256466
-0.00139364966334879,0.00353332807301805,0.00585148002972236,0.00878841201613513,0.00353611914927857,0.0146139585625399,0.00296687771428721,-0.000403167981141404
-0.000207761008725844,0.000546894496691494,0.00125218326450216,0.0049722716249654,0.00143439812428899,0.00296687771428721,0.0182840214461192,0.000991942889425043
0.0170302808421413,0.0057154065650235,0.00680338732107069,-0.00403264513007453,-0.00148964507256466,-0.000403167981141404,0.000991942889425043,0.0337676844820499
