0.0637291023025658,-0.0360687149870017,0.0136598358504285,0.0128026396966396,0.00539178989005189,-0.0379479730652461,-0.007496726539949,-0.0124333863769638,0.0131721340678638,-0.0288738663150335,-0.0106935008482343,-0.0517378388474286,0.00106778303122431,-0.044303317730231,0.0384229555078068,0.00199746060509996,0.02663750113598
-0.0360687149870017,0.073025962673949,-0.00842909285105658,0.0328088726818512,-0.00186080498089452,0.0614725939144665,-0.000316649784835109,0.0399713283218523,-0.00116138446872412,0.0615167620761714,0.0184088639749591,0.0743413334801502,0.0115308039332986,0.0791514748459625,0.00139715683495462,0.0482917545320002,0.00412081162542401
0.0136598358504285,-0.00842909285105658,0.0514311840140771,-0.0223034193727144,0.0324736308577607,-0.000740924242196297,0.0458583342716615,-0.0220986563694799,0.0553518321483577,-0.0409341055525947,0.0447049995707639,-0.0256019507893795,0.019506851140952,-0.0306186664098533,-0.00158785198372177,-0.0366171372423754,0.00247477080741241
0.0128026396966396,0.0328088726818512,-0.0223034193727144,0.0848817425055729,-0.0336595528313222,0.00954395179236888,-0.0512434421501936,0.0364281195956988,-0.0150360327758248,0.0456010661191653,-0.0160347753823054,0.0260149953762397,-0.0189449181235578,0.060339945572244,0.0113435827331644,0.0854794851234139,0.00883191461301015
0.00539178989005189,-0.00186080498089452,0.0324736308577607,-0.0336595528313222,0.0693010442382896,0.0220672511124233,0.0734204156841426,-0.0235621694469919,0.0323600574432385,-0.0364433905254234,0.0232070292246252,-0.0166163087902767,-0.00692139888711889,-0.0150566915942114,-0.00789301384645462,-0.0573733695926968,-0.0214772615531207
-0.0379479730652461,0.0614725939144665,-0.000740924242196297,0.00954395179236888,0.0220672511124233,0.0891896757300571,0.0305432277061263,0.0656192824991125,0.0141104606416075,0.0420887400917886,0.0382934437991152,0.089026610943783,0.00551339965343508,0.0603364862104663,-0.0199886111035686,0.0165405577771994,-0.00297792715044793
-0.007496726539949,-0.000316649784835109,0.0458583342716615,-0.0512434421501936,0.0734204156841426,0.0305432277061263,0.0910707271619594,-0.0193495795313452,0.0488795930563112,-0.0464290742425494,0.0433247782843937,-0.00959996226419015,0.00421125866357162,-0.022312072220777,-0.0257618395085405,-0.0768298910654652,-0.0274355056948278
-0.0124333863769638,0.0399713283218523,-0.0220986563694799,0.0364281195956988,-0.0235621694469919,0.0656192824991125,-0.0193495795313452,0.0986695442174739,-0.00262572193052595,0.049385767003691,0.0186044312428293,0.086377013686818,0.00535978465918881,0.0449074949149552,-0.0134909286794375,0.0496020677982483,0.0179163206097107
0.0131721340678638,-0.00116138446872412,0.0553518321483577,-0.0150360327758248,0.0323600574432385,0.0141104606416075,0.0488795930563112,-0.00262572193052595,0.0648933983034889,-0.0375896764892004,0.0568272620545944,-0.0106761878887457,0.0216589683820107,-0.0244616170294717,-0.00754335795019763,-0.0304528768901335,0.00493589006822087
-0.0288738663150335,0.0615167620761714,-0.0409341055525947,0.0456010661191653,-0.0364433905254234,0.0420887400917886,-0.0464290742425494,0.049385767003691,-0.0375896764892004,0.0815406195726223,-0.0149612779160109,0.0751180050558689,0.00612505354424084,0.0775985804470767,0.0176600453998101,0.075917891942069,0.0189313235013259
-0.0106935008482343,0.0184088639749591,0.0447049995707639,-0.0160347753823054,0.0232070292246252,0.0382934437991152,0.0433247782843937,0.0186044312428293,0.0568272620545944,-0.0149612779160109,0.064008860448353,0.0243748969539856,0.0264059240172469,-0.00309400717946425,-0.0156094236421695,-0.0197976521702993,0.00667707470077143
-0.0517378388474286,0.0743413334801502,-0.0256019507893795,0.0260149953762397,-0.0166163087902767,0.089026610943783,-0.00959996226419015,0.086377013686818,-0.0106761878887457,0.0751180050558689,0.0243748969539856,0.114469215310102,0.011797716880811,0.0809031576304014,-0.0163127399921069,0.0515401102927137,0.00859413660299379
0.00106778303122431,0.0115308039332986,0.019506851140952,-0.0189449181235578,-0.00692139888711889,0.00551339965343508,0.00421125866357162,0.00535978465918881,0.0216589683820107,0.00612505354424084,0.0264059240172469,0.011797716880811,0.0414290332263918,-0.012120141427885,0.021685136786524,-0.00155331965483591,0.0310433256260824
-0.044303317730231,0.0791514748459625,-0.0306186664098533,0.060339945572244,-0.0150566915942114,0.0603364862104663,-0.022312072220777,0.0449074949149552,-0.0244616170294717,0.0775985804470767,-0.00309400717946425,0.0809031576304014,-0.012120141427885,0.105765357250531,-0.00899948370059246,0.0729816177187682,-0.0106583872217756
0.0384229555078068,0.00139715683495462,-0.00158785198372177,0.0113435827331644,-0.00789301384645462,-0.0199886111035686,-0.0257618395085405,-0.0134909286794375,-0.00754335795019763,0.0176600453998101,-0.0156094236421695,-0.0163127399921069,0.021685136786524,-0.00899948370059246,0.0674216744921216,0.0302712283748585,0.0471835751772531
0.00199746060509996,0.0482917545320002,-0.0366171372423754,0.0854794851234139,-0.0573733695926968,0.0165405577771994,-0.0768298910654652,0.0496020677982483,-0.0304528768901335,0.075917891942069,-0.0197976521702993,0.0515401102927137,-0.00155331965483591,0.0729816177187682,0.0302712283748585,0.1095089722436,0.0313209482136133
0.02663750113598,0.00412081162542401,0.00247477080741241,0.00883191461301015,-0.0214772615531207,-0.00297792715044793,-0.0274355056948278,0.0179163206097107,0.00493589006822087,0.0189313235013259,0.00667707470077143,0.00859413660299379,0.0310433256260824,-0.0106583872217756,0.0471835751772531,0.0313209482136133,0.0506532169688791
