0.073258139163985,0.0115085664043208,0.0358456295635215,-0.00289157169730389,0.0245486876754361,-0.0105867904924735,0.00431025180340512,-0.000268993967113077,0.0267377977310596,-0.00544908865640155,0.0254552513356663,-0.00132629237084684,0.0103548992072611,-0.0048075594596323,0.0153167421259661,0.0105780470697743,0.00537130396723368
0.0115085664043208,0.083181933317665,0.00499596869552838,0.0490686541463739,0.00786794474194213,0.0446588265829376,0.00111693193650378,0.0487323795127814,0.0106983569359534,0.0347355039460679,0.0216621138684166,0.0407282386471652,0.00853913857742339,0.0395843448683744,0.00298162697484663,0.0380961756174512,-0.00877757948317919
0.0358456295635215,0.00499596869552838,0.076684424883087,-0.00939044669088136,0.0469669171393719,-0.0061519239184409,0.0237836241649293,0.0036290826967392,0.0252039253412758,0.000491318619549375,0.0262061567578453,-0.0193279937211102,0.0378068221432155,-0.022551101761588,0.0200023525613948,-0.00175110759906869,-0.00121308078268291
-0.00289157169730389,0.0490686541463739,-0.00939044669088136,0.0907057922218839,-0.0133826890706601,0.0568486818608189,0.000993119274069541,0.0376447323066026,0.0110819144454414,0.018840376051503,0.00224940201804889,0.0460206875202893,-0.00813761327017594,0.0469997840822052,0.0026340451024909,0.0523964055497581,-0.00324803078042261
0.0245486876754361,0.00786794474194213,0.0469669171393719,-0.0133826890706601,0.0746522162430078,0.00378359815441037,0.0308200599997603,-0.00311983000398455,0.0292939745525874,0.00278154585222333,0.0338374801532987,-0.0152526889569994,0.024345007910124,-0.0116563639366886,0.002321261562633,-0.00445424673298201,-0.00125382288684704
-0.0105867904924735,0.0446588265829376,-0.0061519239184409,0.0568486818608189,0.00378359815441037,0.0955451188924647,-0.00151288814694847,0.0404015219935526,0.0100086853631466,0.0350184376515883,0.020661661460767,0.0676657893513126,0.0112448814307648,0.0477360804675626,0.00468928253290268,0.0397454586572122,0.00454366780020684
0.00431025180340512,0.00111693193650378,0.0237836241649293,0.000993119274069541,0.0308200599997603,-0.00151288814694847,0.0772298318303685,0.0017839820775644,0.0258421885817169,-0.00373180799985736,0.0292343540022207,-0.0142092714913055,0.026562813724648,-0.00665211014230359,-0.00243267153607971,-0.0169757435874678,0.00444301102512211
-0.000268993967113077,0.0487323795127814,0.0036290826967392,0.0376447323066026,-0.00311983000398455,0.0404015219935526,0.0017839820775644,0.0824975862240198,-0.00681489283076682,0.0364013889607962,0.0083623067413775,0.0537071975746678,0.0126244975747679,0.0401137799374267,0.00526562860439398,0.0340173445580651,0.00107206436314991
0.0267377977310596,0.0106983569359534,0.0252039253412758,0.0110819144454414,0.0292939745525874,0.0100086853631466,0.0258421885817169,-0.00681489283076682,0.0668990210776698,0.00360928680557602,0.0336297798446553,-0.00389139343805756,0.019400254366054,-0.00784364801011359,0.0149078063504176,0.00222213419418253,0.00410233018799149
-0.00544908865640155,0.0347355039460679,0.000491318619549375,0.018840376051503,0.00278154585222333,0.0350184376515883,-0.00373180799985736,0.0364013889607962,0.00360928680557602,0.0627586858186023,0.00980854940612851,0.0302665750739015,0.0118207407860604,0.0215300285604271,0.0176395103402333,0.0301815653541687,0.00258782834620958
0.0254552513356663,0.0216621138684166,0.0262061567578453,0.00224940201804889,0.0338374801532987,0.020661661460767,0.0292343540022207,0.0083623067413775,0.0336297798446553,0.00980854940612851,0.0849758594138963,-0.00312249447688023,0.0403929256479777,-0.00363140041360924,0.0373081801584165,-0.00393026387153465,0.0246006436815001
-0.00132629237084684,0.0407282386471652,-0.0193279937211102,0.0460206875202893,-0.0152526889569994,0.0676657893513126,-0.0142092714913055,0.0537071975746678,-0.00389139343805756,0.0302665750739015,-0.00312249447688024,0.0932875910997888,0.00149875819597915,0.0515671971390418,-0.00491165521502982,0.0447763287116069,-0.00200720659524887
0.0103548992072611,0.00853913857742339,0.0378068221432155,-0.00813761327017594,0.024345007910124,0.0112448814307648,0.0265628137246479,0.0126244975747679,0.019400254366054,0.0118207407860604,0.0403929256479777,0.00149875819597915,0.060233455468567,-0.00787146266618852,0.0244351841924307,-0.0103072602858831,0.0129453671666706
-0.0048075594596323,0.0395843448683744,-0.0225511017615879,0.0469997840822052,-0.0116563639366886,0.0477360804675626,-0.00665211014230359,0.0401137799374267,-0.00784364801011359,0.0215300285604271,-0.00363140041360924,0.0515671971390418,-0.00787146266618852,0.0893093374364841,-0.0135055035033863,0.0507776840788046,-0.00557390373508604
0.0153167421259661,0.00298162697484663,0.0200023525613948,0.0026340451024909,0.002321261562633,0.00468928253290268,-0.00243267153607971,0.00526562860439398,0.0149078063504176,0.0176395103402333,0.0373081801584165,-0.00491165521502982,0.0244351841924307,-0.0135055035033863,0.0745307332809071,-0.00480051579223628,0.0329639846431231
0.0105780470697743,0.0380961756174512,-0.00175110759906869,0.0523964055497581,-0.00445424673298201,0.0397454586572122,-0.0169757435874678,0.0340173445580651,0.00222213419418253,0.0301815653541687,-0.00393026387153465,0.0447763287116069,-0.0103072602858831,0.0507776840788046,-0.00480051579223628,0.0718056565182945,-0.0167889899576759
0.00537130396723368,-0.00877757948317919,-0.00121308078268291,-0.00324803078042261,-0.00125382288684704,0.00454366780020684,0.00444301102512211,0.00107206436314991,0.00410233018799149,0.00258782834620958,0.0246006436815001,-0.00200720659524887,0.0129453671666706,-0.00557390373508604,0.0329639846431231,-0.0167889899576759,0.0516503616880239
