0.239535969936931,0.0304327024612392,0.00217013097944395,-0.00601168213738432,-0.0197142489889214,0.00523732546621664,0.0249313791178577,0.054569316961049,0.0145224235218011,-0.000142142240212609,0.0457880500121746,-0.013222133760187,0.00548649497209214,0.00199653625636413
0.0304327024612392,0.0293183558893252,-0.00273343333215391,0.00617576766370172,-0.00163154809243568,-0.00959504946364465,0.00680659568640218,-0.00121717799285846,-0.00601885178696949,0.00071963684176084,0.00759232086516604,-0.00487985231626273,-0.000478477779247171,0.000358262502016573
0.00217013097944395,-0.00273343333215391,0.0317804878303295,0.00972355168743566,0.00138058396311489,0.0158678689051292,0.0037433561567748,0.014125513491119,-0.00212602756752628,0.00131163996855671,-0.0322372508344673,0.00107169085227643,-0.00568630347271954,0.000122045227537329
-0.00601168213738432,0.00617576766370172,0.00972355168743566,0.052290878532906,-0.00149156509296765,-0.00648935750363289,-0.00940185953242449,0.0190900520439263,0.0343908265463645,0.00345157903180386,0.00112801291005792,0.0101328310086514,0.00105127134497983,0.000302308247945445
-0.0197142489889214,-0.00163154809243568,0.00138058396311489,-0.00149156509296765,0.0636560625745759,0.0364100527264089,0.00578117847067794,0.0265366557975441,0.0491151138704773,0.000567863284206076,0.0104514093904579,0.00123944359185864,0.00490235141897831,8.9703213081341e-05
0.00523732546621664,-0.00959504946364465,0.0158678689051292,-0.00648935750363289,0.0364100527264089,0.0587348353224818,0.00843846778117525,0.0215985188761991,0.00681737933562946,0.000625482936348746,0.00838321332889922,0.00810410938974932,-0.00130496094951624,-0.000193562710961298
0.0249313791178577,0.00680659568640218,0.0037433561567748,-0.00940185953242449,0.00578117847067794,0.00843846778117525,0.011134805057489,0.0237323437759566,0.0139945524208574,0.00207001648065705,0.0110703347453412,-0.00237834618408441,-0.00111032187440297,0.000665791076045254
0.054569316961049,-0.00121717799285846,0.014125513491119,0.0190900520439263,0.0265366557975441,0.0215985188761991,0.0237323437759566,0.245325231961472,0.128756253119469,0.00983903841244575,-0.0122163713457776,0.00851133125952168,0.00227861123091593,0.000874586330961973
0.0145224235218011,-0.00601885178696949,-0.00212602756752628,0.0343908265463645,0.0491151138704773,0.00681737933562946,0.0139945524208574,0.128756253119469,0.272570645329522,0.0233401357490841,0.0114849492003982,0.0171018270041323,-0.00024963785196903,0.00349942445489331
-0.000142142240212609,0.00071963684176084,0.00131163996855671,0.00345157903180386,0.000567863284206076,0.000625482936348746,0.00207001648065705,0.00983903841244575,0.0233401357490841,0.00299208972092342,0.00153187075303132,0.00276311918282196,-0.00130350041902175,0.000492428572047015
0.0457880500121746,0.00759232086516604,-0.0322372508344673,0.00112801291005792,0.0104514093904579,0.00838321332889922,0.0110703347453412,-0.0122163713457776,0.0114849492003982,0.00153187075303132,0.237502061286816,0.0112168619192743,0.00693940792105343,0.00263206524682334
-0.013222133760187,-0.00487985231626273,0.00107169085227643,0.0101328310086514,0.00123944359185864,0.00810410938974932,-0.00237834618408441,0.00851133125952168,0.0171018270041323,0.00276311918282196,0.0112168619192743,0.0186811334094929,0.0012991935517002,-0.000421157549511408
0.00548649497209214,-0.000478477779247171,-0.00568630347271954,0.00105127134497983,0.00490235141897831,-0.00130496094951624,-0.00111032187440297,0.00227861123091593,-0.00024963785196903,-0.00130350041902175,0.00693940792105343,0.0012991935517002,0.00584493997920067,-0.00018540659498104
0.00199653625636413,0.000358262502016573,0.000122045227537329,0.000302308247945445,8.9703213081341e-05,-0.000193562710961298,0.000665791076045254,0.000874586330961973,0.00349942445489331,0.000492428572047015,0.00263206524682334,-0.000421157549511408,-0.00018540659498104,0.000249982388229555
