0.00571980325795959,-0.00138973834498771,-0.00174854804378794,-0.00115614382815413,-0.00180310575364594,0.000694594790736039,-0.0026500128088521,-0.00137802605290859,-0.00197704679281759,-0.00114960483697016
-0.00138973834498771,0.0911612012249388,0.0646062911539623,0.0637678445418087,0.0451051998592534,0.0370281569369856,0.0642070464142905,0.0475220897267307,0.0588315504564701,0.013603009218424
-0.00174854804378794,0.0646062911539623,0.118111548705218,0.109449433139556,0.0824505921047022,0.0613326435033236,0.0923576751751258,0.0754769122157992,0.0915961811427368,0.0210740321252242
-0.00115614382815413,0.0637678445418087,0.109449433139556,0.116272145128623,0.0817141129308791,0.0595077578342319,0.0948462018866043,0.0749614122574146,0.0943028548570394,0.0231982438569429
-0.00180310575364594,0.0451051998592534,0.0824505921047022,0.0817141129308791,0.113575602699688,0.0486495898904072,0.0869750510008921,0.0660184380845579,0.0752935228937598,0.0249536964828297
0.000694594790736039,0.0370281569369856,0.0613326435033236,0.0595077578342319,0.0486495898904072,0.0570775421392014,0.053990748640277,0.0431727835987438,0.0540954992894897,0.0178191307917587
-0.0026500128088521,0.0642070464142905,0.0923576751751258,0.0948462018866043,0.0869750510008921,0.053990748640277,0.169909606207371,0.0776916707755967,0.0898926253626765,0.0131443420601162
-0.00137802605290859,0.0475220897267307,0.0754769122157992,0.0749614122574146,0.0660184380845579,0.0431727835987438,0.0776916707755967,0.0801976352548987,0.0713952298620825,0.0166796481207696
-0.00197704679281759,0.0588315504564701,0.0915961811427368,0.0943028548570394,0.0752935228937598,0.0540954992894897,0.0898926253626765,0.0713952298620825,0.133153931488926,0.0266165532824258
-0.00114960483697016,0.013603009218424,0.0210740321252242,0.0231982438569429,0.0249536964828297,0.0178191307917587,0.0131443420601162,0.0166796481207696,0.0266165532824258,0.0269353342480947
