10943.2294916083,0,0,0,711.295819404864,1252.46384990691,1652.27241672363,0,0,2351.59900589925,0,0,1032.51937965657,0,-267.965074327243,406.276928730283,0,0,3795.11693943628,365.157981527403,394.331396013248,378.070904185933,0,0,0,0,0,0,-215.829088565681,2794.19151309914,-922.54575662404,127.027236787301,-2091.23622327006,0,509.240292123378,0,-2421.90413686172,646.629763051297,569.733891860102,1888.82082638323,0,1751.44689116807,0,-250.172612588982,2165.96018993605,0,-605.945082871215,833.491516524082,0,1066.20141497464,-36.8854513099895,-551.140506092942,0,0,645.852850945734,0,0,0,-6.99695568598408,-198.707612783195
0,0.03488936895969,0,0,0,0,0,0,0,0,0,0,0,0,0,0,0,0,0,0,0,0,0,0,0,0,0,0,0,0,0,0,0,0,0,0,0,0,0,0,0,0,0,0,0,0,0,0,0,0,0,0,0,0,0,0,0,0,0,0
0,0,0.0142705215224162,0,0,0,0,0,0,0,0,0,0,0,0,0,0,0,0,0,0,0,0,0,0,0,0,0,0,0,0,0,0,0,0,0,0,0,0,0,0,0,0,0,0,0,0,0,0,0,0,0,0,0,0,0,0,0,0,0
0,0,0,0.0137356213771436,0,0,0,0,0,0,0,0,0,0,0,0,0,0,0,0,0,0,0,0,0,0,0,0,0,0,0,0,0,0,0,0,0,0,0,0,0,0,0,0,0,0,0,0,0,0,0,0,0,0,0,0,0,0,0,0
711.295819404864,0,0,0,10039.9541860811,2118.36764073344,-792.319551309408,0,0,-441.336481677761,0,0,185.787696767684,0,138.615901545021,-853.223140946346,0,0,149.625261764491,2245.93846236842,171.007806432302,1320.69037078865,0,0,0,0,0,0,-689.486541054597,680.698418548805,-935.326000754119,-149.595301962961,396.272338665523,0,141.863415289566,0,1659.79405827224,883.026640751395,1977.10411397925,-534.027882518621,0,1492.81489669918,0,-284.309457149917,2045.80752701652,0,-612.60043716726,-251.0229598383,0,-1029.01052317196,665.705899566287,-522.213477725825,0,0,324.955034704687,0,0,0,352.524047859905,872.216027849762
1252.46384990691,0,0,0,2118.36764073344,5808.15732249131,1539.32171977633,0,0,-1913.41681553421,0,0,430.232562013535,0,76.6898385391955,-1015.20976566704,0,0,-817.811319983511,358.411863036159,570.374219690506,-777.181303729275,0,0,0,0,0,0,-132.059971093958,109.189294101903,96.4608724848693,-1049.76278378793,-101.005006456076,0,-798.429530093489,0,-573.678552215154,672.302493729916,1879.2467654447,-89.4451053188788,0,429.771335006249,0,70.3317929351787,478.379327115425,0,964.259882707231,410.874115242694,0,953.270674285291,-50.808786236416,-96.8102707670015,0,0,-82.454764157474,0,0,0,-834.764358656418,483.903024318023
1652.27241672363,0,0,0,-792.319551309408,1539.32171977633,9697.00536897322,0,0,2136.36802543962,0,0,581.091301322904,0,-657.168700710938,374.76068712229,0,0,-132.671717869311,-1518.30618615926,3998.75897915575,952.838799378777,0,0,0,0,0,0,1107.29936803409,973.684173487587,1938.18726647224,738.65560688241,274.622854207923,0,-722.141964678152,0,-468.59148857108,612.563227714994,-988.017758458122,1352.65634628474,0,289.483877293767,0,616.053645983967,993.860313142498,0,727.633482008722,-463.373466004901,0,-356.642495073122,454.976724974658,-904.535919062669,0,0,478.882177305828,0,0,0,-25.3102547198731,-181.576612833112
0,0,0,0,0,0,0,0.0283623850254025,0,0,0,0,0,0,0,0,0,0,0,0,0,0,0,0,0,0,0,0,0,0,0,0,0,0,0,0,0,0,0,0,0,0,0,0,0,0,0,0,0,0,0,0,0,0,0,0,0,0,0,0
0,0,0,0,0,0,0,0,0.0242363197624812,0,0,0,0,0,0,0,0,0,0,0,0,0,0,0,0,0,0,0,0,0,0,0,0,0,0,0,0,0,0,0,0,0,0,0,0,0,0,0,0,0,0,0,0,0,0,0,0,0,0,0
2351.59900589925,0,0,0,-441.336481677761,-1913.41681553421,2136.36802543962,0,0,12029.1719473965,0,0,-954.879792645947,0,-33.1101011995422,2515.38941637532,0,0,487.640181044177,1376.38757586654,548.791251378323,530.108476881815,0,0,0,0,0,0,-264.929032754595,-770.763628508274,-647.328090171065,-489.29103807388,-1230.95634733666,0,1132.82647805759,0,844.31534904474,710.163837999481,222.795760093835,-301.622844465,0,-83.6227597566403,0,-26.9418476017302,816.321511352971,0,-527.365918044172,188.371095218111,0,642.119462288884,387.946362939996,243.595781746395,0,0,-771.322514480403,0,0,0,-126.560187510614,-952.605386520929
0,0,0,0,0,0,0,0,0,0,0.0420618722185145,0,0,0,0,0,0,0,0,0,0,0,0,0,0,0,0,0,0,0,0,0,0,0,0,0,0,0,0,0,0,0,0,0,0,0,0,0,0,0,0,0,0,0,0,0,0,0,0,0
0,0,0,0,0,0,0,0,0,0,0,0.0286244880239442,0,0,0,0,0,0,0,0,0,0,0,0,0,0,0,0,0,0,0,0,0,0,0,0,0,0,0,0,0,0,0,0,0,0,0,0,0,0,0,0,0,0,0,0,0,0,0,0
1032.51937965657,0,0,0,185.787696767684,430.232562013535,581.091301322904,0,0,-954.879792645947,0,0,9144.99655964688,0,-680.350865592704,-1035.15158000828,0,0,-127.427451150399,-257.093896269567,2716.89866318324,-785.265154322617,0,0,0,0,0,0,-1383.42378593493,952.795032051671,-1387.78901127696,116.39271400726,-2472.17749121819,0,460.511282188566,0,1869.50182572819,-1363.39071750107,11.3562872832459,865.901939634674,0,2042.39345586216,0,967.653253044089,-1355.92075032365,0,-114.16377282497,2098.17020187859,0,975.834185562034,190.44279584246,1226.44482783216,0,0,-479.767568739264,0,0,0,279.331963586346,44.9066408209823
0,0,0,0,0,0,0,0,0,0,0,0,0,0.0246033791004164,0,0,0,0,0,0,0,0,0,0,0,0,0,0,0,0,0,0,0,0,0,0,0,0,0,0,0,0,0,0,0,0,0,0,0,0,0,0,0,0,0,0,0,0,0,0
-267.965074327243,0,0,0,138.615901545021,76.6898385391955,-657.168700710938,0,0,-33.1101011995422,0,0,-680.350865592704,0,8451.54828566037,1233.10520964684,0,0,-1263.37437056919,1343.1325415217,939.038100056801,2509.16941333605,0,0,0,0,0,0,-2264.61900767753,-624.550089316366,1330.85389206536,-436.23273216436,-312.961202224613,0,-1226.89060362737,0,679.071467457607,1038.00599431601,-407.864377854533,55.6050648802592,0,-1393.99183918014,0,-151.791380309074,877.382309751748,0,1041.73589202384,-1154.32239450946,0,95.5866425733797,444.924797319276,-2433.71152331848,0,0,-1195.45949235824,0,0,0,-578.050769585867,49.1815116882028
406.276928730283,0,0,0,-853.223140946346,-1015.20976566704,374.76068712229,0,0,2515.38941637532,0,0,-1035.15158000828,0,1233.10520964684,10072.0629930858,0,0,-773.284281087403,3185.48411343709,1068.28590108147,-143.694337153797,0,0,0,0,0,0,1400.43471471077,-1790.41074079805,-684.966567073751,-2908.3231673729,-443.924757784243,0,449.610729442451,0,752.694474499527,1137.61185458203,137.679347201113,1002.78523879604,0,-1483.65728741381,0,729.452552207908,-137.366775064892,0,551.921566967101,-1926.51654285215,0,115.041160353886,-641.066347998053,-765.898937470125,0,0,1768.59292009873,0,0,0,-75.5696610490944,291.948487256938
0,0,0,0,0,0,0,0,0,0,0,0,0,0,0,0,0.064870745985722,0,0,0,0,0,0,0,0,0,0,0,0,0,0,0,0,0,0,0,0,0,0,0,0,0,0,0,0,0,0,0,0,0,0,0,0,0,0,0,0,0,0,0
0,0,0,0,0,0,0,0,0,0,0,0,0,0,0,0,0,0.0693442947179273,0,0,0,0,0,0,0,0,0,0,0,0,0,0,0,0,0,0,0,0,0,0,0,0,0,0,0,0,0,0,0,0,0,0,0,0,0,0,0,0,0,0
3795.11693943628,0,0,0,149.625261764491,-817.811319983511,-132.671717869311,0,0,487.640181044177,0,0,-127.427451150399,0,-1263.37437056919,-773.284281087403,0,0,16294.6007474755,-592.092737258581,1360.11034565992,1309.85226931036,0,0,0,0,0,0,3337.54764950514,2615.21630081238,-157.69005712536,1758.70548731556,-2752.05421927766,0,3617.86571271779,0,-3635.99042390731,3367.44014090124,174.932750563358,1282.76094937644,0,3347.74961175783,0,1450.05487488192,-2052.09568622596,0,130.254280779751,2820.48265204984,0,142.332685481468,83.7670129070865,154.087660376515,0,0,-2680.67435654096,0,0,0,650.770008069382,373.088365583252
365.157981527403,0,0,0,2245.93846236842,358.411863036159,-1518.30618615926,0,0,1376.38757586654,0,0,-257.093896269567,0,1343.1325415217,3185.48411343709,0,0,-592.092737258581,15743.8324820895,997.590475768879,224.21590271462,0,0,0,0,0,0,-751.724630539075,-538.783538276457,-1117.92431760816,-2482.95839509658,1157.36524030814,0,1673.17113978024,0,-179.097386072329,2384.98039708431,-97.4524931213273,-633.29090662957,0,-970.77949047526,0,720.873831638812,33.8233021165687,0,301.554109295025,-1887.70053647077,0,-133.377430418267,-1198.99038092404,1640.27075123523,0,0,-1145.93287038657,0,0,0,790.182680996965,-67.2787415472594
394.331396013248,0,0,0,171.007806432302,570.374219690506,3998.75897915575,0,0,548.791251378323,0,0,2716.89866318324,0,939.038100056801,1068.28590108147,0,0,1360.11034565992,997.590475768879,15761.6897835211,1255.1875851709,0,0,0,0,0,0,101.230898756751,-850.501344073588,2565.01738991432,-1354.65642634578,1666.43878013988,0,562.959658248638,0,1688.57289343728,-476.68546970818,-2480.05471755244,1776.18817061833,0,-160.65952698041,0,1899.28834196316,-1339.85819494237,0,768.831365929632,1463.57304503421,0,-3299.1188802728,-540.921043245277,-1583.51126957583,0,0,1676.963966187,0,0,0,290.255973713914,360.327522789455
378.070904185933,0,0,0,1320.69037078865,-777.181303729275,952.838799378777,0,0,530.108476881815,0,0,-785.265154322617,0,2509.16941333605,-143.694337153797,0,0,1309.85226931036,224.21590271462,1255.1875851709,14475.2690156733,0,0,0,0,0,0,-634.965320931734,1158.99642640654,1794.69212695766,3117.83458820034,-2540.80241628425,0,-175.162682633374,0,2336.83863779143,754.657853359077,-1120.61456798464,644.772742944225,0,-702.369043349295,0,-155.820063034157,1674.18998034159,0,-1450.96259187822,-1356.75913088423,0,677.231266985304,610.918858121329,-2047.15606889516,0,0,945.325141965852,0,0,0,630.714313654622,624.242182050035
0,0,0,0,0,0,0,0,0,0,0,0,0,0,0,0,0,0,0,0,0,0,0.0695187329375537,0,0,0,0,0,0,0,0,0,0,0,0,0,0,0,0,0,0,0,0,0,0,0,0,0,0,0,0,0,0,0,0,0,0,0,0,0
0,0,0,0,0,0,0,0,0,0,0,0,0,0,0,0,0,0,0,0,0,0,0,0.0734281268765279,0,0,0,0,0,0,0,0,0,0,0,0,0,0,0,0,0,0,0,0,0,0,0,0,0,0,0,0,0,0,0,0,0,0,0,0
0,0,0,0,0,0,0,0,0,0,0,0,0,0,0,0,0,0,0,0,0,0,0,0,0.0628906910597498,0,0,0,0,0,0,0,0,0,0,0,0,0,0,0,0,0,0,0,0,0,0,0,0,0,0,0,0,0,0,0,0,0,0,0
0,0,0,0,0,0,0,0,0,0,0,0,0,0,0,0,0,0,0,0,0,0,0,0,0,0.0708367060878367,0,0,0,0,0,0,0,0,0,0,0,0,0,0,0,0,0,0,0,0,0,0,0,0,0,0,0,0,0,0,0,0,0,0
0,0,0,0,0,0,0,0,0,0,0,0,0,0,0,0,0,0,0,0,0,0,0,0,0,0,0.071241174902915,0,0,0,0,0,0,0,0,0,0,0,0,0,0,0,0,0,0,0,0,0,0,0,0,0,0,0,0,0,0,0,0,0
0,0,0,0,0,0,0,0,0,0,0,0,0,0,0,0,0,0,0,0,0,0,0,0,0,0,0,0.0560639248441319,0,0,0,0,0,0,0,0,0,0,0,0,0,0,0,0,0,0,0,0,0,0,0,0,0,0,0,0,0,0,0,0
-215.829088565681,0,0,0,-689.486541054597,-132.059971093958,1107.29936803409,0,0,-264.929032754595,0,0,-1383.42378593493,0,-2264.61900767753,1400.43471471077,0,0,3337.54764950514,-751.724630539075,101.230898756751,-634.965320931734,0,0,0,0,0,0,15597.0573237369,-489.187003253457,2081.00365659732,-990.529025559902,1464.55251621596,0,976.894763423579,0,540.143174417881,447.128916861264,-291.04115525288,-1364.19263062162,0,1801.83442830554,0,-530.278534115756,371.581081446919,0,1256.9097890157,204.228472499665,0,-1317.38678957455,116.145628837815,-899.576247773812,0,0,1743.3418571464,0,0,0,904.618547592044,-86.5889542277678
2794.19151309914,0,0,0,680.698418548805,109.189294101903,973.684173487587,0,0,-770.763628508274,0,0,952.795032051671,0,-624.550089316365,-1790.41074079805,0,0,2615.21630081238,-538.783538276457,-850.501344073588,1158.99642640654,0,0,0,0,0,0,-489.187003253457,12904.6418020189,-3290.12777119108,870.828486184154,-504.721056317953,0,-2203.39672377441,0,-2561.48407608905,2428.04705168186,154.135995331234,-864.919461820821,0,905.107017782562,0,356.713904258899,3181.99080205381,0,-922.933958707058,-1652.38257073649,0,2720.54721141487,-458.247814594199,1653.36418008797,0,0,121.761210313149,0,0,0,-755.255265304129,-461.330129243467
-922.54575662404,0,0,0,-935.326000754119,96.4608724848693,1938.18726647224,0,0,-647.328090171065,0,0,-1387.78901127696,0,1330.85389206536,-684.966567073751,0,0,-157.69005712536,-1117.92431760816,2565.01738991432,1794.69212695766,0,0,0,0,0,0,2081.00365659732,-3290.12777119108,13121.1563390085,859.734027231298,915.753682471936,0,-848.776404324553,0,-1908.64651709298,134.11659267518,-1703.44215286809,72.1369113830769,0,-1731.39984458177,0,-185.419235230452,-599.210719951264,0,2343.5772398794,1198.61122846452,0,-1452.60187373983,1364.73617820841,-3029.8455505522,0,0,1679.7160618053,0,0,0,-386.488356017221,325.69377513545
127.027236787301,0,0,0,-149.595301962961,-1049.76278378793,738.65560688241,0,0,-489.29103807388,0,0,116.39271400726,0,-436.23273216436,-2908.3231673729,0,0,1758.70548731556,-2482.95839509658,-1354.65642634578,3117.83458820034,0,0,0,0,0,0,-990.529025559902,870.828486184154,859.734027231298,16032.1667605203,-5247.83192978102,0,948.365864066458,0,1330.7844635468,-160.188899574864,-2807.61913429508,2086.74831957335,0,2443.84771083582,0,-405.505140490222,787.627770941008,0,-706.99289311354,681.31145737129,0,1006.53679878608,-973.94772421751,1525.66238685553,0,0,-137.264743658756,0,0,0,-274.645520759032,219.814628354169
-2091.23622327006,0,0,0,396.272338665523,-101.005006456076,274.622854207923,0,0,-1230.95634733666,0,0,-2472.17749121819,0,-312.961202224613,-443.924757784243,0,0,-2752.05421927766,1157.36524030814,1666.43878013988,-2540.80241628425,0,0,0,0,0,0,1464.55251621596,-504.721056317953,915.753682471936,-5247.83192978102,14036.3189995203,0,161.633016882857,0,548.014814802368,-731.825786555824,528.661953628149,-1125.29953439066,0,-2538.91421457599,0,682.761415752765,-1134.23853266987,0,1902.85940256207,-685.538990022937,0,-2832.79203917002,-294.910397185306,-1615.52917922269,0,0,885.453615278065,0,0,0,1445.75695897728,-615.249115146133
0,0,0,0,0,0,0,0,0,0,0,0,0,0,0,0,0,0,0,0,0,0,0,0,0,0,0,0,0,0,0,0,0,0.0546701754251374,0,0,0,0,0,0,0,0,0,0,0,0,0,0,0,0,0,0,0,0,0,0,0,0,0,0
509.240292123378,0,0,0,141.863415289566,-798.429530093489,-722.141964678152,0,0,1132.82647805759,0,0,460.511282188566,0,-1226.89060362737,449.610729442451,0,0,3617.86571271779,1673.17113978024,562.959658248638,-175.162682633374,0,0,0,0,0,0,976.894763423579,-2203.39672377441,-848.776404324553,948.365864066458,161.633016882857,0,15347.5465153758,0,-2034.61333050905,1399.66470953673,-1115.88797525486,691.595293547942,0,989.621856343664,0,-118.53722560115,-1386.78830799458,0,-446.282154226782,2741.80906064429,0,-1548.31731874761,-209.477684564082,1804.14022540486,0,0,-548.984755456071,0,0,0,1717.56232024686,73.4316857745183
0,0,0,0,0,0,0,0,0,0,0,0,0,0,0,0,0,0,0,0,0,0,0,0,0,0,0,0,0,0,0,0,0,0,0,0.077528449598235,0,0,0,0,0,0,0,0,0,0,0,0,0,0,0,0,0,0,0,0,0,0,0,0
-2421.90413686172,0,0,0,1659.79405827224,-573.678552215154,-468.59148857108,0,0,844.31534904474,0,0,1869.50182572819,0,679.071467457607,752.694474499527,0,0,-3635.99042390731,-179.097386072329,1688.57289343728,2336.83863779143,0,0,0,0,0,0,540.143174417881,-2561.48407608905,-1908.64651709298,1330.7844635468,548.014814802368,0,-2034.61333050905,0,15509.9551391678,-2038.40698096901,476.12067377211,-142.580105361241,0,2972.40269387226,0,626.738759442152,-1053.82497308452,0,-688.604499971034,672.375425848312,0,-717.273753773644,501.885165072061,1504.6929302933,0,0,559.793875696513,0,0,0,824.876911442759,791.673011990071
646.629763051297,0,0,0,883.026640751395,672.302493729917,612.563227714994,0,0,710.163837999481,0,0,-1363.39071750107,0,1038.00599431601,1137.61185458203,0,0,3367.44014090124,2384.98039708431,-476.68546970818,754.657853359077,0,0,0,0,0,0,447.128916861264,2428.04705168186,134.11659267518,-160.188899574864,-731.825786555824,0,1399.66470953673,0,-2038.40698096901,10870.3122438821,399.93463389441,-1500.35658756391,0,2012.46995791215,0,97.5673910059126,2185.08189729384,0,-574.715791832539,1045.41044419522,0,352.095118299756,422.335879170183,1259.25046347354,0,0,1042.69017176881,0,0,0,1304.57633523413,-61.4041281920668
569.733891860102,0,0,0,1977.10411397925,1879.2467654447,-988.017758458122,0,0,222.795760093835,0,0,11.3562872832459,0,-407.864377854533,137.679347201113,0,0,174.932750563358,-97.4524931213272,-2480.05471755244,-1120.61456798464,0,0,0,0,0,0,-291.04115525288,154.135995331234,-1703.44215286809,-2807.61913429508,528.661953628149,0,-1115.88797525486,0,476.12067377211,399.93463389441,11611.0609366041,324.844474311485,0,1575.65340082752,0,1393.85079356254,2321.40536979313,0,-39.6608389763711,944.799922648759,0,853.989269487506,-856.57747653002,-186.216309603818,0,0,-1170.32813172027,0,0,0,-527.983120572138,-69.2473680220383
1888.82082638323,0,0,0,-534.027882518621,-89.4451053188788,1352.65634628474,0,0,-301.622844465,0,0,865.901939634674,0,55.6050648802592,1002.78523879604,0,0,1282.76094937644,-633.29090662957,1776.18817061833,644.772742944225,0,0,0,0,0,0,-1364.19263062162,-864.919461820821,72.1369113830769,2086.74831957335,-1125.29953439066,0,691.595293547942,0,-142.580105361241,-1500.35658756391,324.844474311485,8358.69278463339,0,920.253317559302,0,804.051552863686,-274.539313086178,0,-453.630462574809,-40.9699456117644,0,-943.543806410013,-512.870227474722,-157.142448612125,0,0,518.973320259194,0,0,0,-451.385706758534,156.59439899003
0,0,0,0,0,0,0,0,0,0,0,0,0,0,0,0,0,0,0,0,0,0,0,0,0,0,0,0,0,0,0,0,0,0,0,0,0,0,0,0,0.0361441553520193,0,0,0,0,0,0,0,0,0,0,0,0,0,0,0,0,0,0,0
1751.44689116807,0,0,0,1492.81489669918,429.771335006249,289.483877293767,0,0,-83.6227597566403,0,0,2042.39345586216,0,-1393.99183918014,-1483.65728741381,0,0,3347.74961175783,-970.77949047526,-160.65952698041,-702.369043349295,0,0,0,0,0,0,1801.83442830554,905.107017782562,-1731.39984458177,2443.84771083582,-2538.91421457599,0,989.621856343664,0,2972.40269387226,2012.46995791215,1575.65340082752,920.253317559302,0,8921.24918485901,0,1042.2722112448,2697.5708258648,0,-710.566796652961,2403.78117953441,0,531.816106485846,38.7046316733459,909.577105615082,0,0,-305.01030952053,0,0,0,773.66669397908,-386.803375308283
0,0,0,0,0,0,0,0,0,0,0,0,0,0,0,0,0,0,0,0,0,0,0,0,0,0,0,0,0,0,0,0,0,0,0,0,0,0,0,0,0,0,0.0235155854653584,0,0,0,0,0,0,0,0,0,0,0,0,0,0,0,0,0
-250.172612588982,0,0,0,-284.309457149917,70.3317929351787,616.053645983967,0,0,-26.9418476017302,0,0,967.653253044089,0,-151.791380309074,729.452552207908,0,0,1450.05487488192,720.873831638812,1899.28834196316,-155.820063034157,0,0,0,0,0,0,-530.278534115756,356.713904258899,-185.419235230452,-405.505140490222,682.761415752765,0,-118.53722560115,0,626.738759442152,97.5673910059126,1393.85079356254,804.051552863686,0,1042.2722112448,0,7197.41060451004,-445.632343716519,0,957.902719555216,882.933490605904,0,85.0553928768703,-586.561602764643,776.154987208153,0,0,-636.850079596521,0,0,0,712.131942619763,-352.288634578642
2165.96018993605,0,0,0,2045.80752701652,478.379327115425,993.860313142498,0,0,816.321511352971,0,0,-1355.92075032365,0,877.382309751748,-137.366775064892,0,0,-2052.09568622596,33.8233021165687,-1339.85819494237,1674.18998034159,0,0,0,0,0,0,371.581081446919,3181.99080205381,-599.210719951264,787.627770941008,-1134.23853266987,0,-1386.78830799458,0,-1053.82497308452,2185.08189729384,2321.40536979313,-274.539313086178,0,2697.5708258648,0,-445.632343716519,10228.1412388644,0,-948.073869151578,-1694.12229359956,0,1054.99104569407,359.253743697684,222.160957802358,0,0,1533.30621078546,0,0,0,182.763907079085,-408.553629622508
0,0,0,0,0,0,0,0,0,0,0,0,0,0,0,0,0,0,0,0,0,0,0,0,0,0,0,0,0,0,0,0,0,0,0,0,0,0,0,0,0,0,0,0,0,0.0296284841953693,0,0,0,0,0,0,0,0,0,0,0,0,0,0
-605.945082871215,0,0,0,-612.60043716726,964.259882707231,727.633482008722,0,0,-527.365918044172,0,0,-114.16377282497,0,1041.73589202384,551.921566967101,0,0,130.254280779751,301.554109295025,768.831365929632,-1450.96259187822,0,0,0,0,0,0,1256.9097890157,-922.933958707058,2343.5772398794,-706.99289311354,1902.85940256207,0,-446.282154226782,0,-688.604499971034,-574.715791832539,-39.6608389763711,-453.630462574809,0,-710.566796652961,0,957.902719555216,-948.073869151578,0,8748.96280211514,1.33095948104144,0,-954.613390561062,-210.075931452731,-401.840051097913,0,0,56.5449943297389,0,0,0,24.6663848039866,-923.832077654422
833.491516524082,0,0,0,-251.0229598383,410.874115242694,-463.373466004901,0,0,188.371095218111,0,0,2098.17020187859,0,-1154.32239450946,-1926.51654285215,0,0,2820.48265204984,-1887.70053647077,1463.57304503421,-1356.75913088423,0,0,0,0,0,0,204.228472499665,-1652.38257073649,1198.61122846452,681.31145737129,-685.538990022937,0,2741.80906064429,0,672.375425848312,1045.41044419522,944.799922648759,-40.9699456117644,0,2403.78117953441,0,882.933490605904,-1694.12229359956,0,1.33095948104144,8361.25026690984,0,78.7203973604679,586.197680547058,683.220167619253,0,0,294.921665551968,0,0,0,307.370942085535,-181.857380113962
0,0,0,0,0,0,0,0,0,0,0,0,0,0,0,0,0,0,0,0,0,0,0,0,0,0,0,0,0,0,0,0,0,0,0,0,0,0,0,0,0,0,0,0,0,0,0,0,0.0276079666570895,0,0,0,0,0,0,0,0,0,0,0
1066.20141497464,0,0,0,-1029.01052317196,953.270674285291,-356.642495073122,0,0,642.119462288884,0,0,975.834185562034,0,95.5866425733797,115.041160353886,0,0,142.332685481468,-133.377430418267,-3299.1188802728,677.231266985304,0,0,0,0,0,0,-1317.38678957455,2720.54721141487,-1452.60187373983,1006.53679878608,-2832.79203917001,0,-1548.31731874761,0,-717.273753773645,352.095118299756,853.989269487506,-943.543806410013,0,531.816106485847,0,85.0553928768703,1054.99104569407,0,-954.613390561062,78.7203973604679,0,8940.98122641936,824.355567292294,1981.71220531355,0,0,-1145.77457753663,0,0,0,-1591.640913893,380.722912633524
-36.8854513099895,0,0,0,665.705899566287,-50.808786236416,454.976724974658,0,0,387.946362939996,0,0,190.44279584246,0,444.924797319276,-641.066347998053,0,0,83.7670129070865,-1198.99038092404,-540.921043245277,610.918858121329,0,0,0,0,0,0,116.145628837815,-458.247814594199,1364.73617820841,-973.94772421751,-294.910397185306,0,-209.477684564082,0,501.885165072061,422.335879170183,-856.57747653002,-512.870227474721,0,38.7046316733459,0,-586.561602764643,359.253743697684,0,-210.075931452731,586.197680547058,0,824.355567292294,2340.22351583877,-322.882789650942,0,0,72.6690709135674,0,0,0,55.2978869262338,193.049239208991
-551.140506092942,0,0,0,-522.213477725825,-96.8102707670015,-904.535919062669,0,0,243.595781746395,0,0,1226.44482783216,0,-2433.71152331848,-765.898937470125,0,0,154.087660376515,1640.27075123523,-1583.51126957583,-2047.15606889516,0,0,0,0,0,0,-899.576247773812,1653.36418008797,-3029.8455505522,1525.66238685553,-1615.52917922269,0,1804.14022540486,0,1504.6929302933,1259.25046347354,-186.216309603818,-157.142448612125,0,909.577105615082,0,776.154987208153,222.160957802358,0,-401.840051097912,683.220167619253,0,1981.71220531355,-322.882789650942,8386.56980980036,0,0,642.913240823155,0,0,0,915.408652685783,-60.5150776772628
0,0,0,0,0,0,0,0,0,0,0,0,0,0,0,0,0,0,0,0,0,0,0,0,0,0,0,0,0,0,0,0,0,0,0,0,0,0,0,0,0,0,0,0,0,0,0,0,0,0,0,0,0.0282316460984445,0,0,0,0,0,0,0
0,0,0,0,0,0,0,0,0,0,0,0,0,0,0,0,0,0,0,0,0,0,0,0,0,0,0,0,0,0,0,0,0,0,0,0,0,0,0,0,0,0,0,0,0,0,0,0,0,0,0,0,0,0.0508462312424176,0,0,0,0,0,0
645.852850945734,0,0,0,324.955034704687,-82.454764157474,478.882177305828,0,0,-771.322514480403,0,0,-479.767568739264,0,-1195.45949235824,1768.59292009873,0,0,-2680.67435654096,-1145.93287038658,1676.963966187,945.325141965852,0,0,0,0,0,0,1743.3418571464,121.761210313149,1679.7160618053,-137.264743658756,885.453615278065,0,-548.984755456071,0,559.793875696513,1042.69017176881,-1170.32813172027,518.973320259194,0,-305.01030952053,0,-636.850079596521,1533.30621078546,0,56.5449943297389,294.921665551968,0,-1145.77457753663,72.6690709135674,642.913240823155,0,0,12414.9611166492,0,0,0,-343.625731375785,-583.046219790901
0,0,0,0,0,0,0,0,0,0,0,0,0,0,0,0,0,0,0,0,0,0,0,0,0,0,0,0,0,0,0,0,0,0,0,0,0,0,0,0,0,0,0,0,0,0,0,0,0,0,0,0,0,0,0,0.0141623432665536,0,0,0,0
0,0,0,0,0,0,0,0,0,0,0,0,0,0,0,0,0,0,0,0,0,0,0,0,0,0,0,0,0,0,0,0,0,0,0,0,0,0,0,0,0,0,0,0,0,0,0,0,0,0,0,0,0,0,0,0,0.0272880076948854,0,0,0
0,0,0,0,0,0,0,0,0,0,0,0,0,0,0,0,0,0,0,0,0,0,0,0,0,0,0,0,0,0,0,0,0,0,0,0,0,0,0,0,0,0,0,0,0,0,0,0,0,0,0,0,0,0,0,0,0,0.013614572610677,0,0
-6.99695568598408,0,0,0,352.524047859905,-834.764358656418,-25.3102547198731,0,0,-126.560187510614,0,0,279.331963586346,0,-578.050769585867,-75.5696610490944,0,0,650.770008069382,790.182680996965,290.255973713914,630.714313654622,0,0,0,0,0,0,904.618547592044,-755.255265304129,-386.488356017221,-274.645520759032,1445.75695897728,0,1717.56232024686,0,824.876911442759,1304.57633523413,-527.983120572138,-451.385706758534,0,773.66669397908,0,712.131942619763,182.763907079085,0,24.6663848039866,307.370942085535,0,-1591.640913893,55.2978869262338,915.408652685784,0,0,-343.625731375785,0,0,0,3682.48790131691,36.0483232938982
-198.707612783195,0,0,0,872.216027849762,483.903024318023,-181.576612833112,0,0,-952.605386520929,0,0,44.9066408209823,0,49.1815116882028,291.948487256938,0,0,373.088365583252,-67.2787415472594,360.327522789455,624.242182050035,0,0,0,0,0,0,-86.5889542277678,-461.330129243467,325.69377513545,219.814628354169,-615.249115146133,0,73.4316857745183,0,791.673011990071,-61.4041281920668,-69.2473680220383,156.59439899003,0,-386.803375308283,0,-352.288634578642,-408.553629622508,0,-923.832077654422,-181.857380113962,0,380.722912633524,193.049239208991,-60.5150776772627,0,0,-583.046219790901,0,0,0,36.0483232938982,2315.01705918092
